2.86102294921875e-06, 0.0, 0.0, 0.0
6.937980651855469e-05, 0.0, 0.0, 0.0
0.00868368148803711, 0.0, 0.0, 0.0
0.0186617374420166, 0.0, 0.0, 0.0
0.028691530227661133, 0.0, 0.0, 0.0
0.0386807918548584, 0.0, 0.0, 0.0
0.04869484901428223, 0.0, 0.0, 0.0
0.058672428131103516, 0.0, 0.0, 0.0
0.06871175765991211, 0.0, 0.0, 0.0
0.07865715026855469, 0.0, 0.0, 0.0
0.08865904808044434, 0.0, 0.0, 0.0
0.09864354133605957, 0.0, 0.0, 0.0
0.10866928100585938, 0.0, 0.0, 0.0
0.11865782737731934, 0.0, 0.0, 0.0
0.12868428230285645, 0.0, 0.0, 0.0
0.13866043090820312, 0.0, 0.0, 0.0
0.14869093894958496, 0.0, 0.0, 0.0
0.1586909294128418, 0.0, 0.0, 0.0
0.16869711875915527, 0.0, 0.0, 0.0
0.17866039276123047, 0.0, 0.0, 0.0
0.18867278099060059, 0.0, 0.0, 0.0
0.19870471954345703, 0.0, 0.0, 0.0
0.2087264060974121, 0.0, 0.0, 0.0
0.2187051773071289, 0.0, 0.0, 0.0
0.22870516777038574, 0.0, 0.0, 0.0
0.23871541023254395, 0.0, 0.0, 0.0
0.24871182441711426, 0.0, 0.0, 0.0
0.2586936950683594, 0.0, 0.0, 0.0
0.2686638832092285, 0.0, 0.0, 0.0
0.27864861488342285, 0.0, 0.0, 0.0
0.28864121437072754, 0.0, 0.0, 0.0
0.2986571788787842, 0.0, 0.0, 0.0
0.3086507320404053, 0.0, 0.0, 0.0
0.3186473846435547, 0.0, 0.0, 0.0
0.32863688468933105, 0.0, 0.0, 0.0
0.3386406898498535, 0.0, 0.0, 0.0
0.3486599922180176, 0.0, 0.0, 0.0
0.35866522789001465, 0.0, 0.0, 0.0
0.36864328384399414, 0.0, 0.0, 0.0
0.378633975982666, 0.0, 0.0, 0.0
0.38863372802734375, 0.0, 0.0, 0.0
0.3986475467681885, 0.0, 0.0, 0.0
0.4086625576019287, 0.0, 0.0, 0.0
0.4186584949493408, 0.0, 0.0, 0.0
0.4287862777709961, 0.0, 0.0, 0.0
0.43871116638183594, 0.0, 0.0, 0.0
0.448772668838501, 0.0, 0.0, 0.0
0.4587702751159668, 0.0, 0.0, 0.0
0.46880006790161133, 0.0, 0.0, 0.0
0.47877955436706543, 0.0, 0.0, 0.0
0.4888319969177246, 0.0, 0.0, 0.0
0.49884915351867676, 0.0, 0.0, 0.0
0.5088450908660889, 0.0, 0.0, 0.0
0.5188472270965576, 0.0, 0.0, 0.0
0.5287549495697021, 0.0, 0.0, 0.0
0.5387387275695801, 0.0, 0.0, 0.0
0.5487196445465088, 0.0, 0.0, 0.0
0.5586652755737305, 0.0, 0.0, 0.0
0.5686678886413574, 0.0, 0.0, 0.0
0.5786988735198975, 0.0, 0.0, 0.0
0.5886805057525635, 0.0, 0.0, 0.0
0.5987005233764648, 0.0, 0.0, 0.0
0.6086914539337158, 0.0, 0.0, 0.0
0.6187291145324707, 0.0, 0.0, 0.0
0.628746747970581, 0.0, 0.0, 0.0
0.6387054920196533, 0.0, 0.0, 0.0
0.6487531661987305, 0.0, 0.0, 0.0
0.6587059497833252, 0.0, 0.0, 0.0
0.6687338352203369, 0.0, 0.0, 0.0
0.6786618232727051, 0.0, 0.0, 0.0
0.6886909008026123, 0.0, 0.0, 0.0
0.6986865997314453, 0.0, 0.0, 0.0
0.7087697982788086, 0.0, 0.0, 0.0
0.7187511920928955, 0.0, 0.0, 0.0
0.7288331985473633, 0.0, 0.0, 0.0
0.7387773990631104, 0.0, 0.0, 0.0
0.7488269805908203, 0.0, 0.0, 0.0
0.7587621212005615, 0.0, 0.0, 0.0
0.7687361240386963, 0.0, 0.0, 0.0
0.7787280082702637, 0.0, 0.0, 0.0
0.788738489151001, 0.0, 0.0, 0.0
0.7987308502197266, 0.0, 0.0, 0.0
0.8087983131408691, 0.0, 0.0, 0.0
0.8187317848205566, 0.0, 0.0, 0.0
0.8286972045898438, 0.0, 0.0, 0.0
0.8386745452880859, 0.0, 0.0, 0.0
0.8487823009490967, 0.0, 0.0, 0.0
0.8586935997009277, 0.0, 0.0, 0.0
0.8686947822570801, 0.0, 0.0, 0.0
0.8787028789520264, 0.0, 0.0, 0.0
0.8887336254119873, 0.0, 0.0, 0.0
0.898719310760498, 0.0, 0.0, 0.0
0.9087216854095459, 0.0, 0.0, 0.0
0.9187324047088623, 0.0, 0.0, 0.0
0.9287841320037842, 0.0, 0.0, 0.0
0.9387614727020264, 0.0, 0.0, 0.0
0.9487338066101074, 0.0, 0.0, 0.0
0.9586813449859619, 0.0, 0.0, 0.0
0.968663215637207, 0.0, 0.0, 0.0
0.9786694049835205, 0.0, 0.0, 0.0
0.9886815547943115, 0.0, 0.0, 0.0
0.9986581802368164, 0.0, 0.0, 0.0
1.0086638927459717, 0.0, 0.0, 0.0
1.018691062927246, 0.0, 0.0, 0.0
1.0287017822265625, 0.0, 0.0, 0.0
1.0386631488800049, 0.0, 0.0, 0.0
1.0487596988677979, 0.0, 0.0, 0.0
1.058699131011963, 0.0, 0.0, 0.0
1.0687494277954102, 0.0, 0.0, 0.0
1.0787763595581055, 0.0, 0.0, 0.0
1.08876633644104, 0.0, 0.0, 0.0
1.0987236499786377, 0.0, 0.0, 0.0
1.1087462902069092, 0.0, 0.0, 0.0
1.1187281608581543, 0.0, 0.0, 0.0
1.1287286281585693, 0.0, 0.0, 0.0
1.1387090682983398, 0.0, 0.0, 0.0
1.148771047592163, 0.0, 0.0, 0.0
1.1587300300598145, 0.0, 0.0, 0.0
1.1687145233154297, 0.0, 0.0, 0.0
1.1787512302398682, 0.0, 0.0, 0.0
1.1887502670288086, 0.0, 0.0, 0.0
1.1986985206604004, 0.0, 0.0, 0.0
1.2087583541870117, 0.0, 0.0, 0.0
1.2186965942382812, 0.0, 0.0, 0.0
1.2287330627441406, 0.0, 0.0, 0.0
1.2387115955352783, 0.0, 0.0, 0.0
1.2487800121307373, 0.0, 0.0, 0.0
1.258735179901123, 0.0, 0.0, 0.0
1.2687640190124512, 0.0, 0.0, 0.0
1.2787320613861084, 0.0, 0.0, 0.0
1.2887742519378662, 0.0, 0.0, 0.0
1.298689842224121, 0.0, 0.0, 0.0
1.3086960315704346, 0.0, 0.0, 0.0
1.3187735080718994, 0.0, 0.0, 0.0
1.328791618347168, 0.0, 0.0, 0.0
1.3387105464935303, 0.0, 0.0, 0.0
1.3487250804901123, 0.0, 0.0, 0.0
1.3587310314178467, 0.0, 0.0, 0.0
1.3687374591827393, 0.0, 0.0, 0.0
1.378793478012085, 0.0, 0.0, 0.0
1.3888566493988037, 0.0, 0.0, 0.0
1.3987867832183838, 0.0, 0.0, 0.0
1.4088821411132812, 0.0, 0.0, 0.0
1.4188120365142822, 0.0, 0.0, 0.0
1.4288251399993896, 0.0, 0.0, 0.0
1.4387640953063965, 0.0, 0.0, 0.0
1.4488472938537598, 0.0, 0.0, 0.0
1.458765983581543, 0.0, 0.0, 0.0
1.4687769412994385, 0.0, 0.0, 0.0
1.47874116897583, 0.0, 0.0, 0.0
1.4887053966522217, 0.0, 0.0, 0.0
1.498610496520996, 0.0, 0.0, 0.0
1.5086803436279297, 0.0, 0.0, 0.0
1.5186371803283691, 0.0, 0.0, 0.0
1.5286104679107666, 0.0, 0.0, 0.0
1.5386345386505127, 0.0, 0.0, 0.0
1.5487399101257324, 0.0, 0.0, 0.0
1.5586721897125244, 0.0, 0.0, 0.0
1.5687105655670166, 0.0, 0.0, 0.0
1.5786888599395752, 0.0, 0.0, 0.0
1.5887219905853271, 0.0, 0.0, 0.0
1.5986716747283936, 0.0, 0.0, 0.0
1.6086769104003906, 0.0, 0.0, 0.0
1.6186516284942627, 0.0, 0.0, 0.0
1.6286652088165283, 0.0, 0.0, 0.0
1.6386456489562988, 0.0, 0.0, 0.0
1.648667573928833, 0.0, 0.0, 0.0
1.6586484909057617, 0.0, 0.0, 0.0
1.6686875820159912, 0.0, 0.0, 0.0
1.6786737442016602, 0.0, 0.0, 0.0
1.6886570453643799, 0.0, 0.0, 0.0
1.6986963748931885, 0.0, 0.0, 0.0
1.708693027496338, 0.0, 0.0, 0.0
1.718632698059082, 0.0, 0.0, 0.0
1.7286880016326904, 0.0, 0.0, 0.0
1.738635540008545, 0.0, 0.0, 0.0
1.7486426830291748, 0.0, 0.0, 0.0
1.7586791515350342, 0.0, 0.0, 0.0
1.7686641216278076, 0.0, 0.0, 0.0
1.7786386013031006, 0.0, 0.0, 0.0
1.788670539855957, 0.0, 0.0, 0.0
1.798680067062378, 0.0, 0.0, 0.0
1.808638334274292, 0.0, 0.0, 0.0
1.8186578750610352, 0.0, 0.0, 0.0
1.8286468982696533, 0.0, 0.0, 0.0
1.8386340141296387, 0.0, 0.0, 0.0
1.848684310913086, 0.0, 0.0, 0.0
1.8586671352386475, 0.0, 0.0, 0.0
1.8686742782592773, 0.0, 0.0, 0.0
1.8786365985870361, 0.0, 0.0, 0.0
1.8886370658874512, 0.0, 0.0, 0.0
1.8986475467681885, 0.0, 0.0, 0.0
1.908642053604126, 0.0, 0.0, 0.0
1.9186372756958008, 0.0, 0.0, 0.0
1.9286456108093262, 0.0, 0.0, 0.0
1.9386796951293945, 0.0, 0.0, 0.0
1.9486637115478516, 0.0, 0.0, 0.0
1.9586470127105713, 0.0, 0.0, 0.0
1.9687063694000244, 0.0, 0.0, 0.0
1.9786791801452637, 0.0, 0.0, 0.0
1.988680362701416, 0.0, 0.0, 0.0
1.9986674785614014, 0.0, 0.0, 0.0
2.008641004562378, 0.0, 0.0, 0.0
2.018679618835449, 0.0, 0.0, 0.0
2.028672695159912, 0.0, 0.0, 0.0
2.0386617183685303, 0.0, 0.0, 0.0
2.0486700534820557, 0.0, 0.0, 0.0
2.0586776733398438, 0.0, 0.0, 0.0
2.068666458129883, 0.0, 0.0, 0.0
2.0786592960357666, 0.0, 0.0, 0.0
2.0886731147766113, 0.0, 0.0, 0.0
2.098660707473755, 0.0, 0.0, 0.0
2.1086628437042236, 0.0, 0.0, 0.0
2.1186561584472656, 0.0, 0.0, 0.0
2.128685235977173, 0.0, 0.0, 0.0
2.1386752128601074, 0.0, 0.0, 0.0
2.1486892700195312, 0.0, 0.0, 0.0
2.1586546897888184, 0.0, 0.0, 0.0
2.16864013671875, 0.0, 0.0, 0.0
2.178633213043213, 0.0, 0.0, 0.0
2.18864107131958, 0.0, 0.0, 0.0
2.198664665222168, 0.0, 0.0, 0.0
2.2086410522460938, 0.0, 0.0, 0.0
2.218665599822998, 0.0, 0.0, 0.0
2.2286720275878906, 0.0, 0.0, 0.0
2.238673210144043, 0.0, 0.0, 0.0
2.248643398284912, 0.0, 0.0, 0.0
2.258639097213745, 0.0, 0.0, 0.0
2.2686381340026855, 0.0, 0.0, 0.0
2.278643846511841, 0.0, 0.0, 0.0
2.288691520690918, 0.0, 0.0, 0.0
2.298637628555298, 0.0, 0.0, 0.0
2.3086376190185547, 0.0, 0.0, 0.0
2.3186521530151367, 0.0, 0.0, 0.0
2.328667163848877, 0.0, 0.0, 0.0
2.3386611938476562, 0.0, 0.0, 0.0
2.3486392498016357, 0.0, 0.0, 0.0
2.3586394786834717, 0.0, 0.0, 0.0
2.368669033050537, 0.0, 0.0, 0.0
2.378659725189209, 0.0, 0.0, 0.0
2.3886656761169434, 0.0, 0.0, 0.0
2.3986732959747314, 0.0, 0.0, 0.0
2.4086790084838867, 0.0, 0.0, 0.0
2.418663740158081, 0.0, 0.0, 0.0
2.4286394119262695, 0.0, 0.0, 0.0
2.4386467933654785, 0.0, 0.0, 0.0
2.448662042617798, 0.0, 0.0, 0.0
2.4586288928985596, 0.0, 0.0, 0.0
2.468693494796753, 0.0, 0.0, 0.0
2.4786691665649414, 0.0, 0.0, 0.0
2.4887020587921143, 0.0, 0.0, 0.0
2.498634099960327, 0.0, 0.0, 0.0
2.508639097213745, 0.0, 0.0, 0.0
2.5186386108398438, 0.0, 0.0, 0.0
2.5286786556243896, 0.0, 0.0, 0.0
2.538645029067993, 0.0, 0.0, 0.0
2.5486843585968018, 0.0, 0.0, 0.0
2.5586421489715576, 0.0, 0.0, 0.0
2.5686423778533936, 0.0, 0.0, 0.0
2.578641414642334, 0.0, 0.0, 0.0
2.5886387825012207, 0.0, 0.0, 0.0
2.5986342430114746, 0.0, 0.0, 0.0
2.6086342334747314, 0.0, 0.0, 0.0
2.6186342239379883, 0.0, 0.0, 0.0
2.6286306381225586, 0.0, 0.0, 0.0
2.6386265754699707, 0.0, 0.0, 0.0
2.648646116256714, 0.0, 0.0, 0.0
2.65864896774292, 0.0, 0.0, 0.0
2.668630599975586, 0.0, 0.0, 0.0
2.6786394119262695, 0.0, 0.0, 0.0
2.688654661178589, 0.0, 0.0, 0.0
2.6986377239227295, 0.0, 0.0, 0.0
2.708667755126953, 0.0, 0.0, 0.0
2.7186663150787354, 0.0, 0.0, 0.0
2.7286365032196045, 0.0, 0.0, 0.0
2.7386724948883057, 0.0, 0.0, 0.0
2.74863862991333, 0.0, 0.0, 0.0
2.7586288452148438, 0.0, 0.0, 0.0
2.7686471939086914, 0.0, 0.0, 0.0
2.7786285877227783, 0.0, 0.0, 0.0
2.788633108139038, 0.0, 0.0, 0.0
2.798656702041626, 0.0, 0.0, 0.0
2.8086626529693604, 0.0, 0.0, 0.0
2.818632125854492, 0.0, 0.0, 0.0
2.82863187789917, 0.0, 0.0, 0.0
2.838632822036743, 0.0, 0.0, 0.0
2.8486294746398926, 0.0, 0.0, 0.0
2.8586368560791016, 0.0, 0.0, 0.0
2.8686485290527344, 0.0, 0.0, 0.0
2.878645896911621, 0.0, 0.0, 0.0
2.888695001602173, 0.0, 0.0, 0.0
2.898669719696045, 0.0, 0.0, 0.0
2.9086649417877197, 0.0, 0.0, 0.0
2.9186315536499023, 0.0, 0.0, 0.0
2.928651809692383, 0.0, 0.0, 0.0
2.9386534690856934, 0.0, 0.0, 0.0
2.948651075363159, 0.0, 0.0, 0.0
2.9586315155029297, 0.0, 0.0, 0.0
2.9686410427093506, 0.0, 0.0, 0.0
2.9786438941955566, 0.0, 0.0, 0.0
2.9886322021484375, 0.0, 0.0, 0.0
2.998643159866333, 0.0, 0.0, 0.0
3.0086936950683594, 0.0, 0.0, 0.0
3.0186665058135986, 0.0, 0.0, 0.0
3.028632640838623, 0.0, 0.0, 0.0
3.0386364459991455, 0.0, 0.0, 0.0
3.0486631393432617, 0.0, 0.0, 0.0
3.0586435794830322, 0.0, 0.0, 0.0
3.0686872005462646, 0.0, 0.0, 0.0
3.0786828994750977, 0.0, 0.0, 0.0
3.0886731147766113, 0.0, 0.0, 0.0
3.0986618995666504, 0.0, 0.0, 0.0
3.108689785003662, 0.0, 0.0, 0.0
3.1186532974243164, 0.0, 0.0, 0.0
3.128648519515991, 0.0, 0.0, 0.0
3.1386661529541016, 0.0, 0.0, 0.0
3.1486551761627197, 0.0, 0.0, 0.0
3.1586666107177734, 0.0, 0.0, 0.0
3.1686456203460693, 0.0, 0.0, 0.0
3.1786324977874756, 0.0, 0.0, 0.0
3.1886372566223145, 0.0, 0.0, 0.0
3.1986777782440186, 0.0, 0.0, 0.0
3.2086360454559326, 0.0, 0.0, 0.0
3.218676805496216, 0.0, 0.0, 0.0
3.228694200515747, 0.0, 0.0, 0.0
3.238638162612915, 0.0, 0.0, 0.0
3.2486841678619385, 0.0, 0.0, 0.0
3.258666515350342, 0.0, 0.0, 0.0
3.2686638832092285, 0.0, 0.0, 0.0
3.2786614894866943, 0.0, 0.0, 0.0
3.288647413253784, 0.0, 0.0, 0.0
3.298650026321411, 0.0, 0.0, 0.0
3.308669328689575, 0.0, 0.0, 0.0
3.3186817169189453, 0.0, 0.0, 0.0
3.3286666870117188, 0.0, 0.0, 0.0
3.338646411895752, 0.0, 0.0, 0.0
3.3487048149108887, 0.0, 0.0, 0.0
3.3586599826812744, 0.0, 0.0, 0.0
3.36867094039917, 0.0, 0.0, 0.0
3.3786680698394775, 0.0, 0.0, 0.0
3.388672113418579, 0.0, 0.0, 0.0
3.398639678955078, 0.0, 0.0, 0.0
3.408640146255493, 0.0, 0.0, 0.0
3.4186625480651855, 0.0, 0.0, 0.0
3.4286789894104004, 0.0, 0.0, 0.0
3.438668966293335, 0.0, 0.0, 0.0
3.4486396312713623, 0.0, 0.0, 0.0
3.4586615562438965, 0.0, 0.0, 0.0
3.4686412811279297, 0.0, 0.0, 0.0
3.4786548614501953, 0.0, 0.0, 0.0
3.4886889457702637, 0.0, 0.0, 0.0
3.498666286468506, 0.0, 0.0, 0.0
3.5086817741394043, 0.0, 0.0, 0.0
3.518681526184082, 0.0, 0.0, 0.0
3.528646469116211, 0.0, 0.0, 0.0
3.538658857345581, 0.0, 0.0, 0.0
3.548675775527954, 0.0, 0.0, 0.0
3.558701992034912, 0.0, 0.0, 0.0
3.568662643432617, 0.0, 0.0, 0.0
3.5786490440368652, 0.0, 0.0, 0.0
3.5886788368225098, 0.0, 0.0, 0.0
3.5986716747283936, 0.0, 0.0, 0.0
3.608675241470337, 0.0, 0.0, 0.0
3.6186368465423584, 0.0, 0.0, 0.0
3.6286487579345703, 0.0, 0.0, 0.0
3.638641834259033, 0.0, 0.0, 0.0
3.6486501693725586, 0.0, 0.0, 0.0
3.6586413383483887, 0.0, 0.0, 0.0
3.668668031692505, 0.0, 0.0, 0.0
3.678647518157959, 0.0, 0.0, 0.0
3.6887001991271973, 0.0, 0.0, 0.0
3.698662042617798, 0.0, 0.0, 0.0
3.7086706161499023, 0.0, 0.0, 0.0
3.7186760902404785, 0.0, 0.0, 0.0
3.7286651134490967, 0.0, 0.0, 0.0
3.7386693954467773, 0.0, 0.0, 0.0
3.7486631870269775, 0.0, 0.0, 0.0
3.7586405277252197, 0.0, 0.0, 0.0
3.768648862838745, 0.0, 0.0, 0.0
3.7786705493927, 0.0, 0.0, 0.0
3.7886767387390137, 0.0, 0.0, 0.0
3.7986652851104736, 0.0, 0.0, 0.0
3.808677911758423, 0.0, 0.0, 0.0
3.818643093109131, 0.0, 0.0, 0.0
3.8286759853363037, 0.0, 0.0, 0.0
3.8386409282684326, 0.0, 0.0, 0.0
3.84863543510437, 0.0, 0.0, 0.0
3.858635187149048, 0.0, 0.0, 0.0
3.8686373233795166, 0.0, 0.0, 0.0
3.878669023513794, 0.0, 0.0, 0.0
3.8886735439300537, 0.0, 0.0, 0.0
3.898641586303711, 0.0, 0.0, 0.0
3.9086341857910156, 0.0, 0.0, 0.0
3.918649435043335, 0.0, 0.0, 0.0
3.928662061691284, 0.0, 0.0, 0.0
3.938661813735962, 0.0, 0.0, 0.0
3.9486355781555176, 0.0, 0.0, 0.0
3.958635091781616, 0.0, 0.0, 0.0
3.968644857406616, 0.0, 0.0, 0.0
3.978663682937622, 0.0, 0.0, 0.0
3.988636016845703, 0.0, 0.0, 0.0
3.998648166656494, 0.0, 0.0, 0.0
4.008632659912109, 0.0, 0.0, 0.0
4.018679141998291, 0.0, 0.0, 0.0
4.0286290645599365, 0.0, 0.0, 0.0
4.038634777069092, 0.0, 0.0, 0.0
4.048639297485352, 0.0, 0.0, 0.0
4.058662414550781, 0.0, 0.0, 0.0
4.068636655807495, 0.0, 0.0, 0.0
4.078665494918823, 0.0, 0.0, 0.0
4.088669776916504, 0.0, 0.0, 0.0
4.098665714263916, 0.0, 0.0, 0.0
4.108666896820068, 0.0, 0.0, 0.0
4.118638515472412, 0.0, 0.0, 0.0
4.1286444664001465, 0.0, 0.0, 0.0
4.138669013977051, 0.0, 0.0, 0.0
4.148644208908081, 0.0, 0.0, 0.0
4.158651113510132, 0.0, 0.0, 0.0
4.168631553649902, 0.0, 0.0, 0.0
4.178696870803833, 0.0, 0.0, 0.0
4.188697576522827, 0.0, 0.0, 0.0
4.198636770248413, 0.0, 0.0, 0.0
4.208659887313843, 0.0, 0.0, 0.0
4.218695163726807, 0.0, 0.0, 0.0
4.228634834289551, 0.0, 0.0, 0.0
4.238640785217285, 0.0, 0.0, 0.0
4.248650550842285, 0.0, 0.0, 0.0
4.258643388748169, 0.0, 0.0, 0.0
4.268681049346924, 0.0, 0.0, 0.0
4.278647422790527, 0.0, 0.0, 0.0
4.28867506980896, 0.0, 0.0, 0.0
4.298644781112671, 0.0, 0.0, 0.0
4.308636903762817, 0.0, 0.0, 0.0
4.318671703338623, 0.0, 0.0, 0.0
4.328651189804077, 0.0, 0.0, 0.0
4.338647842407227, 0.0, 0.0, 0.0
4.348649024963379, 0.0, 0.0, 0.0
4.3586366176605225, 0.0, 0.0, 0.0
4.368642807006836, 0.0, 0.0, 0.0
4.3786396980285645, 0.0, 0.0, 0.0
4.388634204864502, 0.0, 0.0, 0.0
4.398638486862183, 0.0, 0.0, 0.0
4.408634424209595, 0.0, 0.0, 0.0
4.418665647506714, 0.0, 0.0, 0.0
4.428669452667236, 0.0, 0.0, 0.0
4.4386677742004395, 0.0, 0.0, 0.0
4.448633909225464, 0.0, 0.0, 0.0
4.458631992340088, 0.0, 0.0, 0.0
4.468693256378174, 0.0, 0.0, 0.0
4.478658199310303, 0.0, 0.0, 0.0
4.488649606704712, 0.0, 0.0, 0.0
4.498664617538452, 0.0, 0.0, 0.0
4.508659839630127, 0.0, 0.0, 0.0
4.518653154373169, 0.0, 0.0, 0.0
4.528674125671387, 0.0, 0.0, 0.0
4.538664102554321, 0.0, 0.0, 0.0
4.548656702041626, 0.0, 0.0, 0.0
4.558676242828369, 0.0, 0.0, 0.0
4.5686657428741455, 0.0, 0.0, 0.0
4.578658819198608, 0.0, 0.0, 0.0
4.5886619091033936, 0.0, 0.0, 0.0
4.598628520965576, 0.0, 0.0, 0.0
4.608675479888916, 0.0, 0.0, 0.0
4.618640184402466, 0.0, 0.0, 0.0
4.628665447235107, 0.0, 0.0, 0.0
4.6386964321136475, 0.0, 0.0, 0.0
4.6486663818359375, 0.0, 0.0, 0.0
4.658637046813965, 0.0, 0.0, 0.0
4.668663024902344, 0.0, 0.0, 0.0
4.67866325378418, 0.0, 0.0, 0.0
4.688647270202637, 0.0, 0.0, 0.0
4.698684930801392, 0.0, 0.0, 0.0
4.708637714385986, 0.0, 0.0, 0.0
4.718669652938843, 0.0, 0.0, 0.0
4.728637218475342, 0.0, 0.0, 0.0
4.738662481307983, 0.0, 0.0, 0.0
4.7486701011657715, 0.0, 0.0, 0.0
4.758667945861816, 0.0, 0.0, 0.0
4.768669843673706, 0.0, 0.0, 0.0
4.778672218322754, 0.0, 0.0, 0.0
4.788666486740112, 0.0, 0.0, 0.0
4.798680543899536, 0.0, 0.0, 0.0
4.808653116226196, 0.0, 0.0, 0.0
4.81865668296814, 0.0, 0.0, 0.0
4.828671216964722, 0.0, 0.0, 0.0
4.8386616706848145, 0.0, 0.0, 0.0
4.848669767379761, 0.0, 0.0, 0.0
4.858687162399292, 0.0, 0.0, 0.0
4.868690252304077, 0.0, 0.0, 0.0
4.878631591796875, 0.0, 0.0, 0.0
4.8886332511901855, 0.0, 0.0, 0.0
4.898643255233765, 0.0, 0.0, 0.0
4.908668756484985, 0.0, 0.0, 0.0
4.918668270111084, 0.0, 0.0, 0.0
4.928648233413696, 0.0, 0.0, 0.0
4.938647985458374, 0.0, 0.0, 0.0
4.948664665222168, 0.0, 0.0, 0.0
4.958639860153198, 0.0, 0.0, 0.0
4.968634843826294, 0.0, 0.0, 0.0
4.978658437728882, 0.0, 0.0, 0.0
4.98865818977356, 0.0, 0.0, 0.0
4.99868631362915, 0.0, 0.0, 0.0
5.008671283721924, 0.0, 0.0, 0.0
5.018663644790649, 0.0, 0.0, 0.0
5.028640031814575, 0.0, 0.0, 0.0
5.038660526275635, 0.0, 0.0, 0.0
5.048643350601196, 0.0, 0.0, 0.0
5.0586419105529785, 0.0, 0.0, 0.0
5.068646430969238, 0.0, 0.0, 0.0
5.078651666641235, 0.0, 0.0, 0.0
5.088690519332886, 0.0, 0.0, 0.0
5.098694324493408, 0.0, 0.0, 0.0
5.108652830123901, 0.0, 0.0, 0.0
5.118641138076782, 0.0, 0.0, 0.0
5.128647089004517, 0.0, 0.0, 0.0
5.138643741607666, 0.0, 0.0, 0.0
5.148665189743042, 0.0, 0.0, 0.0
5.15866756439209, 0.0, 0.0, 0.0
5.168679714202881, 0.0, 0.0, 0.0
5.178633689880371, 0.0, 0.0, 0.0
5.188640356063843, 0.0, 0.0, 0.0
5.198638916015625, 0.0, 0.0, 0.0
5.208647012710571, 0.0, 0.0, 0.0
5.218656301498413, 0.0, 0.0, 0.0
5.2286458015441895, 0.0, 0.0, 0.0
5.238650560379028, 0.0, 0.0, 0.0
5.248657464981079, 0.0, 0.0, 0.0
5.258656024932861, 0.0, 0.0, 0.0
5.268656253814697, 0.0, 0.0, 0.0
5.278656959533691, 0.0, 0.0, 0.0
5.288646936416626, 0.0, 0.0, 0.0
5.298698902130127, 0.0, 0.0, 0.0
5.308681488037109, 0.0, 0.0, 0.0
5.318690299987793, 0.0, 0.0, 0.0
5.328669786453247, 0.0, 0.0, 0.0
5.338637590408325, 0.0, 0.0, 0.0
5.348664283752441, 0.0, 0.0, 0.0
5.358654975891113, 0.0, 0.0, 0.0
5.368685245513916, 0.0, 0.0, 0.0
5.378658771514893, 0.0, 0.0, 0.0
5.388661861419678, 0.0, 0.0, 0.0
5.398661851882935, 0.0, 0.0, 0.0
5.40867280960083, 0.0, 0.0, 0.0
5.418642997741699, 0.0, 0.0, 0.0
5.4286720752716064, 0.0, 0.0, 0.0
5.438646078109741, 0.0, 0.0, 0.0
5.44866681098938, 0.0, 0.0, 0.0
5.45864725112915, 0.0, 0.0, 0.0
5.468653202056885, 0.0, 0.0, 0.0
5.478647232055664, 0.0, 0.0, 0.0
5.4886908531188965, 0.0, 0.0, 0.0
5.498642921447754, 0.0, 0.0, 0.0
5.508636951446533, 0.0, 0.0, 0.0
5.518658638000488, 0.0, 0.0, 0.0
5.528651237487793, 0.0, 0.0, 0.0
5.538650035858154, 0.0, 0.0, 0.0
5.548640251159668, 0.0, 0.0, 0.0
5.5586464405059814, 0.0, 0.0, 0.0
5.568639039993286, 0.0, 0.0, 0.0
5.578640460968018, 0.0, 0.0, 0.0
5.5886452198028564, 0.0, 0.0, 0.0
5.598641395568848, 0.0, 0.0, 0.0
5.6086413860321045, 0.0, 0.0, 0.0
5.6186439990997314, 0.0, 0.0, 0.0
5.628640174865723, 0.0, 0.0, 0.0
5.638664960861206, 0.0, 0.0, 0.0
5.648684024810791, 0.0, 0.0, 0.0
5.658649682998657, 0.0, 0.0, 0.0
5.668675661087036, 0.0, 0.0, 0.0
5.678680896759033, 0.0, 0.0, 0.0
5.688652992248535, 0.0, 0.0, 0.0
5.69863748550415, 0.0, 0.0, 0.0
5.708678245544434, 0.0, 0.0, 0.0
5.718656778335571, 0.0, 0.0, 0.0
5.728642225265503, 0.0, 0.0, 0.0
5.738644361495972, 0.0, 0.0, 0.0
5.748717546463013, 0.0, 0.0, 0.0
5.75867223739624, 0.0, 0.0, 0.0
5.7686426639556885, 0.0, 0.0, 0.0
5.778634071350098, 0.0, 0.0, 0.0
5.788636207580566, 0.0, 0.0, 0.0
5.7986438274383545, 0.0, 0.0, 0.0
5.80863356590271, 0.0, 0.0, 0.0
5.818642854690552, 0.0, 0.0, 0.0
5.828650236129761, 0.0, 0.0, 0.0
5.838674068450928, 0.0, 0.0, 0.0
5.848650932312012, 0.0, 0.0, 0.0
5.858661890029907, 0.0, 0.0, 0.0
5.86867356300354, 0.0, 0.0, 0.0
5.8786537647247314, 0.0, 0.0, 0.0
5.888636350631714, 0.0, 0.0, 0.0
5.898638486862183, 0.0, 0.0, 0.0
5.9086384773254395, 0.0, 0.0, 0.0
5.918640375137329, 0.0, 0.0, 0.0
5.928634881973267, 0.0, 0.0, 0.0
5.938640594482422, 0.0, 0.0, 0.0
5.948643922805786, 0.0, 0.0, 0.0
5.958672523498535, 0.0, 0.0, 0.0
5.968637704849243, 0.0, 0.0, 0.0
5.978652000427246, 0.0, 0.0, 0.0
5.988649606704712, 0.0, 0.0, 0.0
5.998646974563599, 0.0, 0.0, 0.0
6.008647203445435, 0.0, 0.0, 0.0
6.018648862838745, 0.0, 0.0, 0.0
6.02867317199707, 0.0, 0.0, 0.0
6.03864312171936, 0.0, 0.0, 0.0
6.048686265945435, 0.0, 0.0, 0.0
6.0586442947387695, 0.0, 0.0, 0.0
6.068653583526611, 0.0, 0.0, 0.0
6.0786426067352295, 0.0, 0.0, 0.0
6.0886688232421875, 0.0, 0.0, 0.0
6.0986714363098145, 0.0, 0.0, 0.0
6.108641862869263, 0.0, 0.0, 0.0
6.118669033050537, 0.0, 0.0, 0.0
6.12865424156189, 0.0, 0.0, 0.0
6.138651609420776, 0.0, 0.0, 0.0
6.148638010025024, 0.0, 0.0, 0.0
6.158665895462036, 0.0, 0.0, 0.0
6.168638467788696, 0.0, 0.0, 0.0
6.178638935089111, 0.0, 0.0, 0.0
6.188637733459473, 0.0, 0.0, 0.0
6.198707342147827, 0.0, 0.0, 0.0
6.208644151687622, 0.0, 0.0, 0.0
6.218648195266724, 0.0, 0.0, 0.0
6.228647470474243, 0.0, 0.0, 0.0
6.238665580749512, 0.0, 0.0, 0.0
6.248703479766846, 0.0, 0.0, 0.0
6.2586448192596436, 0.0, 0.0, 0.0
6.268646717071533, 0.0, 0.0, 0.0
6.278643846511841, 0.0, 0.0, 0.0
6.288635730743408, 0.0, 0.0, 0.0
6.298668384552002, 0.0, 0.0, 0.0
6.308654546737671, 0.0, 0.0, 0.0
6.31863808631897, 0.0, 0.0, 0.0
6.328667879104614, 0.0, 0.0, 0.0
6.338656663894653, 0.0, 0.0, 0.0
6.348676681518555, 0.0, 0.0, 0.0
6.3586413860321045, 0.0, 0.0, 0.0
6.368648290634155, 0.0, 0.0, 0.0
6.378649950027466, 0.0, 0.0, 0.0
6.38864278793335, 0.0, 0.0, 0.0
6.398669958114624, 0.0, 0.0, 0.0
6.408641815185547, 0.0, 0.0, 0.0
6.418673515319824, 0.0, 0.0, 0.0
6.428697347640991, 0.0, 0.0, 0.0
6.4386913776397705, 0.0, 0.0, 0.0
6.448633670806885, 0.0, 0.0, 0.0
6.458636283874512, 0.0, 0.0, 0.0
6.46865177154541, 0.0, 0.0, 0.0
6.478679656982422, 0.0, 0.0, 0.0
6.488677501678467, 0.0, 0.0, 0.0
6.498676538467407, 0.0, 0.0, 0.0
6.508656978607178, 0.0, 0.0, 0.0
6.518669366836548, 0.0, 0.0, 0.0
6.528642416000366, 0.0, 0.0, 0.0
6.538634777069092, 0.0, 0.0, 0.0
6.548657655715942, 0.0, 0.0, 0.0
6.558654546737671, 0.0, 0.0, 0.0
6.568678379058838, 0.0, 0.0, 0.0
6.578644752502441, 0.0, 0.0, 0.0
6.588666677474976, 0.0, 0.0, 0.0
6.598666667938232, 0.0, 0.0, 0.0
6.608640909194946, 0.0, 0.0, 0.0
6.61863899230957, 0.0, 0.0, 0.0
6.628637313842773, 0.0, 0.0, 0.0
6.63864803314209, 0.0, 0.0, 0.0
6.648640155792236, 0.0, 0.0, 0.0
6.658648729324341, 0.0, 0.0, 0.0
6.6686623096466064, 0.0, 0.0, 0.0
6.678642749786377, 0.0, 0.0, 0.0
6.688682794570923, 0.0, 0.0, 0.0
6.698652267456055, 0.0, 0.0, 0.0
6.708664894104004, 0.0, 0.0, 0.0
6.718644857406616, 0.0, 0.0, 0.0
6.72865104675293, 0.0, 0.0, 0.0
6.738644599914551, 0.0, 0.0, 0.0
6.748642444610596, 0.0, 0.0, 0.0
6.758655071258545, 0.0, 0.0, 0.0
6.7686686515808105, 0.0, 0.0, 0.0
6.778667688369751, 0.0, 0.0, 0.0
6.788650751113892, 0.0, 0.0, 0.0
6.798669815063477, 0.0, 0.0, 0.0
6.808672904968262, 0.0, 0.0, 0.0
6.818635940551758, 0.0, 0.0, 0.0
6.828643083572388, 0.0, 0.0, 0.0
6.838640451431274, 0.0, 0.0, 0.0
6.8486597537994385, 0.0, 0.0, 0.0
6.858665466308594, 0.0, 0.0, 0.0
6.868644952774048, 0.0, 0.0, 0.0
6.878650426864624, 0.0, 0.0, 0.0
6.888648986816406, 0.0, 0.0, 0.0
6.8986334800720215, 0.0, 0.0, 0.0
6.908672332763672, 0.0, 0.0, 0.0
6.918667793273926, 0.0, 0.0, 0.0
6.928638696670532, 0.0, 0.0, 0.0
6.938642740249634, 0.0, 0.0, 0.0
6.948682069778442, 0.0, 0.0, 0.0
6.9586756229400635, 0.0, 0.0, 0.0
6.968681335449219, 0.0, 0.0, 0.0
6.978635311126709, 0.0, 0.0, 0.0
6.988634347915649, 0.0, 0.0, 0.0
6.998641014099121, 0.0, 0.0, 0.0
7.008640766143799, 0.0, 0.0, 0.0
7.018634080886841, 0.0, 0.0, 0.0
7.028640031814575, 0.0, 0.0, 0.0
7.038631200790405, 0.0, 0.0, 0.0
7.0486509799957275, 0.0, 0.0, 0.0
7.05863881111145, 0.0, 0.0, 0.0
7.068640470504761, 0.0, 0.0, 0.0
7.078634023666382, 0.0, 0.0, 0.0
7.0886406898498535, 0.0, 0.0, 0.0
7.098657846450806, 0.0, 0.0, 0.0
7.108656644821167, 0.0, 0.0, 0.0
7.1186604499816895, 0.0, 0.0, 0.0
7.128647565841675, 0.0, 0.0, 0.0
7.138637065887451, 0.0, 0.0, 0.0
7.148662805557251, 0.0, 0.0, 0.0
7.158650636672974, 0.0, 0.0, 0.0
7.168652534484863, 0.0, 0.0, 0.0
7.178668975830078, 0.0, 0.0, 0.0
7.188716411590576, 0.0, 0.0, 0.0
7.198641300201416, 0.0, 0.0, 0.0
7.208636999130249, 0.0, 0.0, 0.0
7.218650579452515, 0.0, 0.0, 0.0
7.228643894195557, 0.0, 0.0, 0.0
7.238645553588867, 0.0, 0.0, 0.0
7.2486655712127686, 0.0, 0.0, 0.0
7.258655309677124, 0.0, 0.0, 0.0
7.268643140792847, 0.0, 0.0, 0.0
7.2786431312561035, 0.0, 0.0, 0.0
7.288634300231934, 0.0, 0.0, 0.0
7.298640251159668, 0.0, 0.0, 0.0
7.30864143371582, 0.0, 0.0, 0.0
7.318638563156128, 0.0, 0.0, 0.0
7.328639507293701, 0.0, 0.0, 0.0
7.338639259338379, 0.0, 0.0, 0.0
7.3486363887786865, 0.0, 0.0, 0.0
7.358637094497681, 0.0, 0.0, 0.0
7.368645191192627, 0.0, 0.0, 0.0
7.378664255142212, 0.0, 0.0, 0.0
7.388639450073242, 0.0, 0.0, 0.0
7.398646831512451, 0.0, 0.0, 0.0
7.408640623092651, 0.0, 0.0, 0.0
7.418668985366821, 0.0, 0.0, 0.0
7.42863655090332, 0.0, 0.0, 0.0
7.438640117645264, 0.0, 0.0, 0.0
7.448640823364258, 0.0, 0.0, 0.0
7.458632946014404, 0.0, 0.0, 0.0
7.468651056289673, 0.0, 0.0, 0.0
7.478638648986816, 0.0, 0.0, 0.0
7.488689422607422, 0.0, 0.0, 0.0
7.498673677444458, 0.0, 0.0, 0.0
7.508668661117554, 0.0, 0.0, 0.0
7.518643617630005, 0.0, 0.0, 0.0
7.528677225112915, 0.0, 0.0, 0.0
7.538683176040649, 0.0, 0.0, 0.0
7.548633337020874, 0.0, 0.0, 0.0
7.5586419105529785, 0.0, 0.0, 0.0
7.568680047988892, 0.0, 0.0, 0.0
7.578665256500244, 0.0, 0.0, 0.0
7.588641166687012, 0.0, 0.0, 0.0
7.598640203475952, 0.0, 0.0, 0.0
7.60866641998291, 0.0, 0.0, 0.0
7.618672132492065, 0.0, 0.0, 0.0
7.628682374954224, 0.0, 0.0, 0.0
7.6386377811431885, 0.0, 0.0, 0.0
7.648648500442505, 0.0, 0.0, 0.0
7.658642530441284, 0.0, 0.0, 0.0
7.668672800064087, 0.0, 0.0, 0.0
7.678671360015869, 0.0, 0.0, 0.0
7.6886491775512695, 0.0, 0.0, 0.0
7.698701620101929, 0.0, 0.0, 0.0
7.708637475967407, 0.0, 0.0, 0.0
7.7186384201049805, 0.0, 0.0, 0.0
7.72863245010376, 0.0, 0.0, 0.0
7.738667249679565, 0.0, 0.0, 0.0
7.748637914657593, 0.0, 0.0, 0.0
7.758634805679321, 0.0, 0.0, 0.0
7.768683671951294, 0.0, 0.0, 0.0
7.778634309768677, 0.0, 0.0, 0.0
7.788666248321533, 0.0, 0.0, 0.0
7.798671722412109, 0.0, 0.0, 0.0
7.80867600440979, 0.0, 0.0, 0.0
7.818632125854492, 0.0, 0.0, 0.0
7.828643798828125, 0.0, 0.0, 0.0
7.838653087615967, 0.0, 0.0, 0.0
7.84865140914917, 0.0, 0.0, 0.0
7.858668088912964, 0.0, 0.0, 0.0
7.868678569793701, 0.0, 0.0, 0.0
7.878643035888672, 0.0, 0.0, 0.0
7.888634204864502, 0.0, 0.0, 0.0
7.8986711502075195, 0.0, 0.0, 0.0
7.908669948577881, 0.0, 0.0, 0.0
7.918637037277222, 0.0, 0.0, 0.0
7.928683280944824, 0.0, 0.0, 0.0
7.938642978668213, 0.0, 0.0, 0.0
7.948640584945679, 0.0, 0.0, 0.0
7.958665370941162, 0.0, 0.0, 0.0
7.968674182891846, 0.0, 0.0, 0.0
7.978662014007568, 0.0, 0.0, 0.0
7.988672494888306, 0.0, 0.0, 0.0
7.998664379119873, 0.0, 0.0, 0.0
8.008670806884766, 0.0, 0.0, 0.0
8.018651008605957, 0.0, 0.0, 0.0
8.02866268157959, 0.0, 0.0, 0.0
8.0386803150177, 0.0, 0.0, 0.0
8.048643350601196, 0.0, 0.0, 0.0
8.058642148971558, 0.0, 0.0, 0.0
8.068674325942993, 0.0, 0.0, 0.0
8.078632354736328, 0.0, 0.0, 0.0
8.088637828826904, 0.0, 0.0, 0.0
8.09864616394043, 0.0, 0.0, 0.0
8.108681440353394, 0.0, 0.0, 0.0
8.118663549423218, 0.0, 0.0, 0.0
8.128666639328003, 0.0, 0.0, 0.0
8.13864278793335, 0.0, 0.0, 0.0
8.148654460906982, 0.0, 0.0, 0.0
8.158650875091553, 0.0, 0.0, 0.0
8.168656349182129, 0.0, 0.0, 0.0
8.178644895553589, 0.8823529481887817, 0.0, 0.0
8.18864393234253, 0.8823529481887817, 0.0, 0.0
8.198654651641846, 0.8823529481887817, 0.0, 0.0
8.208642721176147, 0.8823529481887817, 0.0, 0.0
8.218681573867798, 0.8823529481887817, 0.0, 0.0
8.228661298751831, 0.8823529481887817, 0.0, 0.0
8.238660335540771, 0.8823529481887817, 0.0, 0.0
8.248664617538452, 0.8823529481887817, 0.0, 0.0
8.258659362792969, 0.8823529481887817, 0.0, 0.0
8.268641948699951, 0.8823529481887817, 0.0, 0.0
8.278661489486694, 0.8823529481887817, 0.0, 0.0
8.288666248321533, 0.8823529481887817, 0.0, 0.0
8.298649072647095, 0.8823529481887817, 0.0, 0.0
8.308670997619629, 0.8823529481887817, 0.0, 0.0
8.3186674118042, 0.8823529481887817, 0.0, 0.0
8.328643560409546, 0.8823529481887817, 0.0, 0.0
8.338640451431274, 0.8823529481887817, 0.0, 0.0
8.348640441894531, 0.8823529481887817, 0.0, 0.0
8.358675241470337, 0.8823529481887817, 0.0, 0.0
8.368658542633057, 0.8823529481887817, 0.0, 0.0
8.37869381904602, 0.8823529481887817, 0.0, 0.0
8.38864016532898, 0.8823529481887817, 0.0, 0.0
8.398645162582397, 0.8823529481887817, 0.0, 0.0
8.408641338348389, 0.8823529481887817, 0.0, 0.0
8.418650388717651, 0.8823529481887817, 0.0, 0.0
8.42868185043335, 0.8823529481887817, 0.0, 0.0
8.438641786575317, 0.8823529481887817, 0.0, 0.0
8.448642015457153, 0.8823529481887817, 0.0, 0.0
8.458648681640625, 0.8823529481887817, 0.0, 0.0
8.468672752380371, 0.8823529481887817, 0.0, 0.0
8.478640794754028, 0.8823529481887817, 0.0, 0.0
8.48865008354187, 0.8823529481887817, 0.0, 0.0
8.498653650283813, 0.8823529481887817, 0.0, 0.0
8.50864577293396, 0.8823529481887817, 0.0, 0.0
8.518648386001587, 0.8823529481887817, 0.0, 0.0
8.528652667999268, 0.8823529481887817, 0.0, 0.0
8.538678169250488, 0.8823529481887817, 0.0, 0.0
8.548687934875488, 0.8823529481887817, 0.0, 0.0
8.558661222457886, 0.8823529481887817, 0.0, 0.0
8.568643808364868, 0.8823529481887817, 0.0, 0.0
8.578636646270752, 0.8823529481887817, 0.0, 0.0
8.588669300079346, 0.8823529481887817, 0.0, 0.0
8.59867000579834, 0.8823529481887817, 0.0, 0.0
8.608660459518433, 0.8823529481887817, 0.0, 0.0
8.618649005889893, 0.8823529481887817, 0.0, 0.0
8.628639459609985, 0.8823529481887817, 0.0, 0.0
8.638648509979248, 0.8823529481887817, 0.0, 0.0
8.648652791976929, 0.8823529481887817, 0.0, 0.0
8.658645629882812, 0.8823529481887817, 0.0, 0.0
8.668691635131836, 0.8823529481887817, 0.0, 0.0
8.678650140762329, 0.8823529481887817, 0.0, 0.0
8.688668727874756, 0.8823529481887817, 0.0, 0.0
8.6986563205719, 0.8823529481887817, 0.0, 0.0
8.708675622940063, 0.8823529481887817, 0.0, 0.0
8.718644618988037, 0.8823529481887817, 0.0, 0.0
8.728678941726685, 0.8823529481887817, 0.0, 0.0
8.73866605758667, 0.8823529481887817, 0.0, 0.0
8.748642921447754, 0.8823529481887817, 0.0, 0.0
8.758661270141602, 0.8823529481887817, 0.0, 0.0
8.768651485443115, 0.8823529481887817, 0.0, 0.0
8.778641700744629, 0.8823529481887817, 0.0, 0.0
8.78868556022644, 0.8823529481887817, 0.0, 0.0
8.798691749572754, 0.8823529481887817, 0.0, 0.0
8.808640241622925, 0.8823529481887817, 0.0, 0.0
8.818666934967041, 0.8823529481887817, 0.0, 0.0
8.8286771774292, 0.8823529481887817, 0.0, 0.0
8.8386549949646, 0.8823529481887817, 0.0, 0.0
8.848678588867188, 0.8823529481887817, 0.0, 0.0
8.858651638031006, 0.8823529481887817, 0.0, 0.0
8.868635892868042, 0.8823529481887817, 0.0, 0.0
8.878639221191406, 0.8823529481887817, 0.0, 0.0
8.888653755187988, 0.8823529481887817, 0.0, 0.0
8.898652076721191, 0.8823529481887817, 0.0, 0.0
8.908652544021606, 0.8823529481887817, 0.0, 0.0
8.918686389923096, 0.8823529481887817, 0.0, 0.0
8.928658485412598, 0.8823529481887817, 0.0, 0.0
8.938656568527222, 0.8823529481887817, 0.0, 0.0
8.94864797592163, 0.8823529481887817, 0.0, 0.0
8.958659410476685, 0.8823529481887817, 0.0, 0.0
8.968642711639404, 0.8823529481887817, 0.0, 0.0
8.978646039962769, 0.8823529481887817, 0.0, 0.0
8.988657236099243, 0.8823529481887817, 0.0, 0.0
8.998646974563599, 0.8823529481887817, 0.0, 0.0
9.008643627166748, 0.8823529481887817, 0.0, 0.0
9.018677949905396, 0.8823529481887817, 0.0, 0.0
9.028687715530396, 0.8823529481887817, 0.0, 0.0
9.038657188415527, 0.8823529481887817, 0.0, 0.0
9.04868459701538, 0.8823529481887817, 0.0, 0.0
9.058666467666626, 0.8823529481887817, 0.0, 0.0
9.068684339523315, 0.8823529481887817, 0.0, 0.0
9.078656435012817, 0.8823529481887817, 0.0, 0.0
9.088712930679321, 0.8823529481887817, 0.0, 0.0
9.098684549331665, 0.8823529481887817, 0.0, 0.0
9.108645677566528, 0.8823529481887817, 0.0, 0.0
9.118673086166382, 0.8823529481887817, 0.0, 0.0
9.128688097000122, 0.8823529481887817, 0.0, 0.0
9.1386399269104, 0.8823529481887817, 0.0, 0.0
9.148666858673096, 0.8823529481887817, 0.0, 0.0
9.158638715744019, 0.8823529481887817, 0.0, 0.0
9.168632745742798, 0.8823529481887817, 0.0, 0.0
9.178669929504395, 0.8823529481887817, 0.0, 0.0
9.188634634017944, 0.8823529481887817, 0.0, 0.0
9.198652982711792, 0.8823529481887817, 0.0, 0.0
9.208648920059204, 0.8823529481887817, 0.0, 0.0
9.218649625778198, 0.8823529481887817, 0.0, 0.0
9.22864294052124, 0.8823529481887817, 0.0, 0.0
9.23867678642273, 0.8823529481887817, 0.0, 0.0
9.248671531677246, 0.8823529481887817, 0.0, 0.0
9.258647203445435, 0.8823529481887817, 0.0, 0.0
9.268635272979736, 0.8823529481887817, 0.0, 0.0
9.278642416000366, 0.8823529481887817, 0.0, 0.0
9.288652181625366, 0.8823529481887817, 0.0, 0.0
9.298689365386963, 0.8823529481887817, 0.0, 0.0
9.308655738830566, 0.8823529481887817, 0.0, 0.0
9.318665742874146, 0.8823529481887817, 0.0, 0.0
9.328654050827026, 0.8823529481887817, 0.0, 0.0
9.33866024017334, 0.8823529481887817, 0.0, 0.0
9.348642826080322, 0.8823529481887817, 0.0, 0.0
9.35863709449768, 0.8823529481887817, 0.0, 0.0
9.368646621704102, 0.8823529481887817, 0.0, 0.0
9.37869119644165, 0.8823529481887817, 0.0, 0.0
9.388644695281982, 0.8823529481887817, 0.0, 0.0
9.398636817932129, 0.8823529481887817, 0.0, 0.0
9.40867805480957, 0.8823529481887817, 0.0, 0.0
9.41865062713623, 0.8823529481887817, 0.0, 0.0
9.428667068481445, 0.8823529481887817, 0.0, 0.0
9.438668251037598, 0.8823529481887817, 0.0, 0.0
9.448668003082275, 0.8823529481887817, 0.0, 0.0
9.458666563034058, 0.8823529481887817, 0.0, 0.0
9.468632221221924, 0.8823529481887817, 0.0, 0.0
9.47864055633545, 0.8823529481887817, 0.0, 0.0
9.488663911819458, 0.8823529481887817, 0.0, 0.0
9.498641967773438, 0.8823529481887817, 0.0, 0.0
9.508650302886963, 0.8823529481887817, 0.0, 0.0
9.518680095672607, 0.8823529481887817, 0.0, 0.0
9.528672695159912, 0.8823529481887817, 0.0, 0.0
9.538656949996948, 0.8823529481887817, 0.0, 0.0
9.548659801483154, 0.8823529481887817, 0.0, 0.0
9.558662414550781, 0.8823529481887817, 0.0, 0.0
9.568648099899292, 0.8784313797950745, 0.0, 0.0
9.578666687011719, 0.8784313797950745, 0.0, 0.0
9.5886390209198, 0.8784313797950745, 0.0, 0.0
9.598650455474854, 0.8803921341896057, 0.0, 0.0
9.608657121658325, 0.8803921341896057, 0.0, 0.0
9.61866569519043, 0.8803921341896057, 0.0, 0.0
9.628654479980469, 0.8803921341896057, 0.0, 0.0
9.638670682907104, 0.8803921341896057, 0.0, 0.0
9.648653984069824, 0.8803921341896057, 0.0, 0.0
9.658645629882812, 0.8803921341896057, 0.0, 0.0
9.668634414672852, 0.8803921341896057, 0.0, 0.0
9.678646326065063, 0.8803921341896057, 0.0, 0.0
9.688642263412476, 0.8803921341896057, 0.0, 0.0
9.698669910430908, 0.8803921341896057, 0.0, 0.0
9.708674669265747, 0.8803921341896057, 0.0, 0.0
9.718634605407715, 0.8803921341896057, 0.0, 0.0
9.728663921356201, 0.8803921341896057, 0.0, 0.0
9.73863935470581, 0.8803921341896057, 0.0, 0.0
9.74864411354065, 0.8803921341896057, 0.0, 0.0
9.758646488189697, 0.8803921341896057, 0.0, 0.0
9.768667697906494, 0.8803921341896057, 0.0, 0.0
9.778634786605835, 0.884313702583313, 0.0, 0.0
9.788654088973999, 0.884313702583313, 0.0, 0.0
9.79866361618042, 0.884313702583313, 0.0, 0.0
9.808636665344238, 0.884313702583313, 0.0, 0.0
9.818666219711304, 0.884313702583313, 0.0, 0.0
9.828638315200806, 0.884313702583313, 0.0, 0.0
9.838656902313232, 0.886274516582489, 0.0, 0.0
9.84864854812622, 0.886274516582489, 0.0, 0.0
9.858635902404785, 0.886274516582489, 0.0, 0.0
9.868640899658203, 0.886274516582489, 0.0, 0.0
9.87868857383728, 0.886274516582489, 0.0, 0.0
9.888638496398926, 0.886274516582489, 0.0, 0.0
9.898635387420654, 0.886274516582489, 0.0, 0.0
9.908680200576782, 0.886274516582489, 0.0, 0.0
9.918645143508911, 0.886274516582489, 0.0, 0.0
9.928645610809326, 0.886274516582489, 0.0, 0.0
9.938642740249634, 0.886274516582489, 0.0, 0.0
9.94865894317627, 0.886274516582489, 0.0, 0.0
9.958672523498535, 0.886274516582489, 0.0, 0.0
9.968631744384766, 0.886274516582489, 0.0, 0.0
9.978635311126709, 0.886274516582489, 0.0, 0.0
9.98868989944458, 0.886274516582489, 0.0, 0.0
9.998643159866333, 0.886274516582489, 0.0, 0.0
10.008679866790771, 0.886274516582489, 0.0, 0.0
10.018668413162231, 0.886274516582489, 0.0, 0.0
10.028643369674683, 0.886274516582489, 0.0, 0.0
10.03866457939148, 0.886274516582489, 0.0, 0.0
10.048645734786987, 0.886274516582489, 0.0, 0.0
10.058645486831665, 0.886274516582489, 0.0, 0.0
10.06865119934082, 0.886274516582489, 0.0, 0.0
10.078671216964722, 0.886274516582489, 0.0, 0.0
10.088656902313232, 0.886274516582489, 0.0, 0.0
10.098663091659546, 0.886274516582489, 0.0, 0.0
10.108665943145752, 0.886274516582489, 0.0, 0.0
10.118640422821045, 0.886274516582489, 0.0, 0.0
10.128644227981567, 0.886274516582489, 0.0, 0.0
10.138643026351929, 0.886274516582489, 0.0, 0.0
10.148637771606445, 0.884313702583313, 0.0, 0.0
10.15868353843689, 0.884313702583313, 0.0, 0.0
10.168681859970093, 0.884313702583313, 0.0, 0.0
10.1786527633667, 0.884313702583313, 0.0, 0.0
10.188692569732666, 0.884313702583313, 0.0, 0.0
10.198663234710693, 0.884313702583313, 0.0, 0.0
10.208672285079956, 0.884313702583313, 0.0, 0.0
10.218640804290771, 0.884313702583313, 0.0, 0.0
10.228707313537598, 0.884313702583313, 0.0, 0.0
10.238662004470825, 0.8823529481887817, 0.0, 0.0
10.248657941818237, 0.8823529481887817, 0.0, 0.0
10.258700132369995, 0.8823529481887817, 0.0, 0.0
10.268652439117432, 0.8823529481887817, 0.0, 0.0
10.278660774230957, 0.8823529481887817, 0.0, 0.0
10.288671731948853, 0.8823529481887817, 0.0, 0.0
10.298640251159668, 0.8823529481887817, 0.0, 0.0
10.308675050735474, 0.8823529481887817, 0.0, 0.0
10.318684816360474, 0.8823529481887817, 0.0, 0.0
10.328641653060913, 0.8823529481887817, 0.0, 0.0
10.338676691055298, 0.8823529481887817, 0.0, 0.0
10.348679065704346, 0.8823529481887817, 0.0, 0.0
10.358659505844116, 0.8823529481887817, 0.0, 0.0
10.36864161491394, 0.8823529481887817, 0.0, 0.0
10.378641366958618, 0.8823529481887817, 0.0, 0.0
10.388665437698364, 0.8823529481887817, 0.0, 0.0
10.39864730834961, 0.8823529481887817, 0.0, 0.0
10.40864896774292, 0.8823529481887817, 0.0, 0.0
10.418644189834595, 0.8823529481887817, 0.0, 0.0
10.428637027740479, 0.8823529481887817, 0.0, 0.0
10.438673734664917, 0.8823529481887817, 0.0, 0.0
10.448671579360962, 0.8823529481887817, 0.0, 0.0
10.458652257919312, 0.8823529481887817, 0.0, 0.0
10.468644618988037, 0.8764705657958984, 0.0, 0.0
10.478641510009766, 0.8764705657958984, 0.0, 0.0
10.488654851913452, 0.8764705657958984, 0.0, 0.0
10.498672723770142, 0.8764705657958984, 0.0, 0.0
10.508693218231201, 0.8764705657958984, 0.0, 0.0
10.518639087677002, 0.8764705657958984, 0.0, 0.0
10.528655767440796, 0.8764705657958984, 0.0, 0.0
10.538666486740112, 0.8764705657958984, 0.0, 0.0
10.548653364181519, 0.8764705657958984, 0.0, 0.0
10.558683395385742, 0.8764705657958984, 0.0, 0.0
10.568690776824951, 0.8764705657958984, 0.0, 0.0
10.578644514083862, 0.8764705657958984, 0.0, 0.0
10.588676691055298, 0.8764705657958984, 0.0, 0.0
10.598685264587402, 0.8764705657958984, 0.0, 0.0
10.608670473098755, 0.8764705657958984, 0.0, 0.0
10.618635892868042, 0.8764705657958984, 0.0, 0.0
10.628664493560791, 0.8705882430076599, 0.0, 0.0
10.63863468170166, 0.8705882430076599, 0.0, 0.0
10.648665428161621, 0.8705882430076599, 0.0, 0.0
10.658660888671875, 0.8705882430076599, 0.0, 0.0
10.668624877929688, 0.8705882430076599, 0.0, 0.0
10.67867112159729, 0.8705882430076599, 0.0, 0.0
10.688657283782959, 0.8705882430076599, 0.0, 0.0
10.69863486289978, 0.8705882430076599, 0.0, 0.0
10.708651781082153, 0.8705882430076599, 0.0, 0.0
10.718636512756348, 0.8686274290084839, 0.0, 0.0
10.72864031791687, 0.8686274290084839, 0.0, 0.0
10.738668441772461, 0.8686274290084839, 0.0, 0.0
10.748671054840088, 0.8686274290084839, 0.0, 0.0
10.758642196655273, 0.8686274290084839, 0.0, 0.0
10.768635749816895, 0.8686274290084839, 0.0, 0.0
10.778640747070312, 0.8686274290084839, 0.0, 0.0
10.788674592971802, 0.8686274290084839, 0.0, 0.0
10.798643827438354, 0.8686274290084839, 0.0, 0.0
10.808658838272095, 0.8686274290084839, 0.0, 0.0
10.818685293197632, 0.8686274290084839, 0.0, 0.0
10.828632593154907, 0.8686274290084839, 0.0, 0.0
10.838667631149292, 0.8686274290084839, 0.0, 0.0
10.848688125610352, 0.8686274290084839, 0.0, 0.0
10.858641147613525, 0.8647058606147766, 0.0, 0.0
10.868631839752197, 0.8647058606147766, 0.0, 0.0
10.878634452819824, 0.8647058606147766, 0.0, 0.0
10.888686895370483, 0.8647058606147766, 0.0, 0.0
10.89866828918457, 0.8647058606147766, 0.0, 0.0
10.908650875091553, 0.8647058606147766, 0.0, 0.0
10.918672800064087, 0.8647058606147766, 0.0, 0.0
10.928645133972168, 0.8647058606147766, 0.0, 0.0
10.93864631652832, 0.8647058606147766, 0.0, 0.0
10.948668479919434, 0.8647058606147766, 0.0, 0.0
10.9586763381958, 0.8647058606147766, 0.0, 0.0
10.96865725517273, 0.8647058606147766, 0.0, 0.0
10.97865891456604, 0.8647058606147766, 0.0, 0.0
10.988667011260986, 0.8647058606147766, 0.0, 0.0
10.998646020889282, 0.8647058606147766, 0.0, 0.0
11.008644104003906, 0.8647058606147766, 0.0, 0.0
11.018660068511963, 0.8647058606147766, 0.0, 0.0
11.028659343719482, 0.8647058606147766, 0.0, 0.0
11.038637399673462, 0.8647058606147766, 0.0, 0.0
11.048652410507202, 0.8647058606147766, 0.0, 0.0
11.05869722366333, 0.8647058606147766, 0.0, 0.0
11.068630695343018, 0.8647058606147766, 0.0, 0.0
11.078700304031372, 0.8647058606147766, 0.0, 0.0
11.08863639831543, 0.8647058606147766, 0.0, 0.0
11.09866213798523, 0.8647058606147766, 0.0, 0.0
11.108688354492188, 0.8647058606147766, 0.0, 0.0
11.118669271469116, 0.8647058606147766, 0.0, 0.0
11.128674030303955, 0.8647058606147766, 0.0, 0.0
11.138668298721313, 0.8647058606147766, 0.0, 0.0
11.148656368255615, 0.8647058606147766, 0.0, 0.0
11.15866470336914, 0.8647058606147766, 0.0, 0.0
11.16866397857666, 0.8647058606147766, 0.0, 0.0
11.17868161201477, 0.8647058606147766, 0.0, 0.0
11.188661575317383, 0.8647058606147766, 0.0, 0.0
11.198670148849487, 0.8647058606147766, 0.0, 0.0
11.208657264709473, 0.8647058606147766, 0.0, 0.0
11.21867322921753, 0.8647058606147766, 0.0, 0.0
11.228646039962769, 0.8647058606147766, 0.0, 0.0
11.238669157028198, 0.8647058606147766, 0.0, 0.0
11.248637914657593, 0.8647058606147766, 0.0, 0.0
11.25863790512085, 0.8647058606147766, 0.0, 0.0
11.268641948699951, 0.8647058606147766, 0.0, 0.0
11.278647899627686, 0.8647058606147766, 0.0, 0.0
11.28864598274231, 0.8647058606147766, 0.0, 0.0
11.298679113388062, 0.8647058606147766, 0.0, 0.0
11.30864405632019, 0.8647058606147766, 0.0, 0.0
11.318640947341919, 0.8647058606147766, 0.0, 0.0
11.328643798828125, 0.8647058606147766, 0.0, 0.0
11.338637113571167, 0.8647058606147766, 0.0, 0.0
11.34864068031311, 0.8647058606147766, 0.0, 0.0
11.358633279800415, 0.8647058606147766, 0.0, 0.0
11.368639469146729, 0.8647058606147766, 0.0, 0.0
11.378676891326904, 0.8647058606147766, 0.0, 0.0
11.388637065887451, 0.8647058606147766, 0.0, 0.0
11.398660898208618, 0.8647058606147766, 0.0, 0.0
11.408653974533081, 0.8647058606147766, 0.0, 0.0
11.418639659881592, 0.8647058606147766, 0.0, 0.0
11.428664684295654, 0.8647058606147766, 0.0, 0.0
11.438668727874756, 0.8647058606147766, 0.0, 0.0
11.44865107536316, 0.8647058606147766, 0.0, 0.0
11.458674192428589, 0.8647058606147766, 0.0, 0.0
11.46864128112793, 0.8647058606147766, 0.0, 0.0
11.478683233261108, 0.8647058606147766, 0.0, 0.0
11.48866081237793, 0.8647058606147766, 0.0, 0.0
11.498675346374512, 0.8647058606147766, 0.0, 0.0
11.508647918701172, 0.8647058606147766, 0.0, 0.0
11.518642902374268, 0.8647058606147766, 0.0, 0.0
11.528627634048462, 0.8647058606147766, 0.0, 0.0
11.53863525390625, 0.8647058606147766, 0.0, 0.0
11.548632860183716, 0.8647058606147766, 0.0, 0.0
11.558643341064453, 0.8647058606147766, 0.0, 0.0
11.56865644454956, 0.8647058606147766, 0.0, 0.0
11.578668355941772, 0.8647058606147766, 0.0, 0.0
11.588631868362427, 0.8647058606147766, 0.0, 0.0
11.598645687103271, 0.8647058606147766, 0.0, 0.0
11.608664274215698, 0.8647058606147766, 0.0, 0.0
11.61862850189209, 0.8647058606147766, 0.0, 0.0
11.628637552261353, 0.8647058606147766, 0.0, 0.0
11.638642072677612, 0.8647058606147766, 0.0, 0.0
11.648635864257812, 0.8647058606147766, 0.0, 0.0
11.658660888671875, 0.8647058606147766, 0.0, 0.0
11.668668031692505, 0.8647058606147766, 0.0, 0.0
11.678674936294556, 0.8647058606147766, 0.0, 0.0
11.688662052154541, 0.8647058606147766, 0.0, 0.0
11.698639392852783, 0.8647058606147766, 0.0, 0.0
11.708646774291992, 0.8647058606147766, 0.0, 0.0
11.71868634223938, 0.8647058606147766, 0.0, 0.0
11.728634595870972, 0.8647058606147766, 0.0, 0.0
11.738661766052246, 0.8647058606147766, 0.0, 0.0
11.748688697814941, 0.8647058606147766, 0.0, 0.0
11.75867247581482, 0.8647058606147766, 0.0, 0.0
11.768644332885742, 0.8647058606147766, 0.0, 0.0
11.778675079345703, 0.8647058606147766, 0.0, 0.0
11.78864598274231, 0.8647058606147766, 0.0, 0.0
11.798679113388062, 0.8647058606147766, 0.0, 0.0
11.808627605438232, 0.8647058606147766, 0.0, 0.0
11.818636178970337, 0.8647058606147766, 0.0, 0.0
11.828636884689331, 0.8647058606147766, 0.0, 0.0
11.838646173477173, 0.8647058606147766, 0.0, 0.0
11.848641633987427, 0.8647058606147766, 0.0, 0.0
11.858650922775269, 0.8647058606147766, 0.0, 0.0
11.868656873703003, 0.8647058606147766, 0.0, 0.0
11.878658771514893, 0.884313702583313, 0.0, 0.0
11.888641834259033, 0.884313702583313, 0.0, 0.0
11.898643493652344, 0.884313702583313, 0.0, 0.0
11.908681392669678, 0.884313702583313, 0.0, 0.0
11.918647527694702, 0.884313702583313, 0.0, 0.0
11.92865514755249, 0.884313702583313, 0.0, 0.0
11.938682794570923, 0.884313702583313, 0.0, 0.0
11.948667287826538, 0.884313702583313, 0.0, 0.0
11.958629131317139, 0.884313702583313, 0.0, 0.0
11.968677997589111, 0.884313702583313, 0.0, 0.0
11.978645324707031, 0.884313702583313, 0.0, 0.0
11.988638877868652, 0.884313702583313, 0.0, 0.0
11.998691320419312, 0.884313702583313, 0.0, 0.0
12.008675813674927, 0.884313702583313, 0.0, 0.0
12.018638849258423, 0.884313702583313, 0.0, 0.0
12.028685331344604, 0.884313702583313, 0.0, 0.0
12.038698673248291, 0.884313702583313, 0.0, 0.0
12.048678636550903, 0.884313702583313, 0.0, 0.0
12.05863642692566, 0.884313702583313, 0.0, 0.0
12.068658828735352, 0.884313702583313, 0.0, 0.0
12.078676223754883, 0.884313702583313, 0.0, 0.0
12.088639974594116, 0.884313702583313, 0.0, 0.0
12.098666429519653, 0.884313702583313, 0.0, 0.0
12.108651161193848, 0.884313702583313, 0.0, 0.0
12.118652820587158, 0.884313702583313, 0.0, 0.0
12.128670692443848, 0.884313702583313, 0.0, 0.0
12.13863229751587, 0.884313702583313, 0.0, 0.0
12.148672342300415, 0.884313702583313, 0.0, 0.0
12.158663749694824, 0.884313702583313, 0.0, 0.0
12.168628215789795, 0.884313702583313, 0.0, 0.0
12.178678035736084, 0.884313702583313, 0.0, 0.0
12.188641548156738, 0.884313702583313, 0.0, 0.0
12.198631763458252, 0.884313702583313, 0.0, 0.0
12.208665132522583, 0.884313702583313, 0.0, 0.0
12.218638181686401, 0.884313702583313, 0.0, 0.0
12.228647708892822, 0.884313702583313, 0.0, 0.0
12.238661527633667, 0.884313702583313, 0.0, 0.0
12.248647928237915, 0.884313702583313, 0.0, 0.0
12.258654117584229, 0.884313702583313, 0.0, 0.0
12.268690586090088, 0.884313702583313, 0.0, 0.0
12.278668403625488, 0.884313702583313, 0.0, 0.0
12.288671970367432, 0.884313702583313, 0.0, 0.0
12.298633813858032, 0.884313702583313, 0.0, 0.0
12.30864953994751, 0.884313702583313, 0.0, 0.0
12.318654537200928, 0.884313702583313, 0.0, 0.0
12.328644752502441, 0.884313702583313, 0.0, 0.0
12.33863377571106, 0.884313702583313, 0.0, 0.0
12.348632574081421, 0.884313702583313, 0.0, 0.0
12.35863208770752, 0.884313702583313, 0.0, 0.0
12.368655681610107, 0.884313702583313, 0.0, 0.0
12.378642559051514, 0.884313702583313, 0.0, 0.0
12.388647079467773, 0.884313702583313, 0.0, 0.0
12.398669242858887, 0.884313702583313, 0.0, 0.0
12.408642053604126, 0.884313702583313, 0.0, 0.0
12.41864275932312, 0.884313702583313, 0.0, 0.0
12.428655624389648, 0.884313702583313, 0.0, 0.0
12.43866229057312, 0.884313702583313, 0.0, 0.0
12.448641061782837, 0.884313702583313, 0.0, 0.0
12.458631992340088, 0.884313702583313, 0.0, 0.0
12.468638896942139, 0.884313702583313, 0.0, 0.0
12.478633403778076, 0.884313702583313, 0.0, 0.0
12.488664388656616, 0.884313702583313, 0.0, 0.0
12.49866247177124, 0.884313702583313, 0.0, 0.0
12.5086829662323, 0.884313702583313, 0.0, 0.0
12.518673419952393, 0.884313702583313, 0.0, 0.0
12.528651475906372, 0.884313702583313, 0.0, 0.0
12.538641452789307, 0.884313702583313, 0.0, 0.0
12.548703670501709, 0.884313702583313, 0.0, 0.0
12.55867314338684, 0.884313702583313, 0.0, 0.0
12.568666696548462, 0.884313702583313, 0.0, 0.0
12.578640460968018, 0.884313702583313, 0.0, 0.0
12.588648319244385, 0.884313702583313, 0.0, 0.0
12.598647356033325, 0.884313702583313, 0.0, 0.0
12.608670473098755, 0.884313702583313, 0.0, 0.0
12.618671655654907, 0.884313702583313, 0.0, 0.0
12.628655910491943, 0.884313702583313, 0.0, 0.0
12.638678312301636, 0.884313702583313, 0.0, 0.0
12.648635149002075, 0.884313702583313, 0.0, 0.0
12.658629894256592, 0.884313702583313, 0.0, 0.0
12.668632984161377, 0.884313702583313, 0.0, 0.0
12.678674697875977, 0.884313702583313, 0.0, 0.0
12.68862795829773, 0.884313702583313, 0.0, 0.0
12.69868016242981, 0.884313702583313, 0.0, 0.0
12.708688259124756, 0.884313702583313, 0.0, 0.0
12.718649625778198, 0.884313702583313, 0.0, 0.0
12.728676795959473, 0.884313702583313, 0.0, 0.0
12.738668203353882, 0.884313702583313, 0.0, 0.0
12.748639583587646, 0.884313702583313, 0.0, 0.0
12.758647918701172, 0.884313702583313, 0.0, 0.0
12.768646717071533, 0.884313702583313, 0.0, 0.0
12.77864122390747, 0.884313702583313, 0.0, 0.0
12.78864312171936, 0.884313702583313, 0.0, 0.0
12.798640966415405, 0.884313702583313, 0.0, 0.0
12.808665990829468, 0.884313702583313, 0.0, 0.0
12.818665504455566, 0.884313702583313, 0.0, 0.0
12.828640222549438, 0.884313702583313, 0.0, 0.0
12.83864140510559, 0.884313702583313, 0.0, 0.0
12.84864616394043, 0.884313702583313, 0.0, 0.0
12.858651876449585, 0.884313702583313, 0.0, 0.0
12.868640422821045, 0.884313702583313, 0.0, 0.0
12.878640174865723, 0.884313702583313, 0.0, 0.0
12.888641595840454, 0.884313702583313, 0.0, 0.0
12.898643016815186, 0.884313702583313, 0.0, 0.0
12.90864372253418, 0.884313702583313, 0.0, 0.0
12.918642044067383, 0.884313702583313, 0.0, 0.0
12.9286367893219, 0.884313702583313, 0.0, 0.0
12.93863296508789, 0.884313702583313, 0.0, 0.0
12.948630332946777, 0.884313702583313, 0.0, 0.0
12.958656311035156, 0.884313702583313, 0.0, 0.0
12.968643426895142, 0.884313702583313, 0.0, 0.0
12.978647470474243, 0.884313702583313, 0.0, 0.0
12.988647937774658, 0.884313702583313, 0.0, 0.0
12.998647451400757, 0.884313702583313, 0.0, 0.0
13.008650541305542, 0.884313702583313, 0.0, 0.0
13.018654584884644, 0.884313702583313, 0.0, 0.0
13.028642416000366, 0.884313702583313, 0.0, 0.0
13.038640975952148, 0.884313702583313, 0.0, 0.0
13.048628330230713, 0.884313702583313, 0.0, 0.0
13.05863618850708, 0.884313702583313, 0.0, 0.0
13.068648099899292, 0.884313702583313, 0.0, 0.0
13.078648090362549, 0.884313702583313, 0.0, 0.0
13.088644027709961, 0.884313702583313, 0.0, 0.0
13.098641633987427, 0.884313702583313, 0.0, 0.0
13.108638525009155, 0.884313702583313, 0.0, 0.0
13.118631839752197, 0.884313702583313, 0.0, 0.0
13.12862753868103, 0.884313702583313, 0.0, 0.0
13.138660907745361, 0.884313702583313, 0.0, 0.0
13.148687362670898, 0.884313702583313, 0.0, 0.0
13.158671617507935, 0.884313702583313, 0.0, 0.0
13.168645143508911, 0.884313702583313, 0.0, 0.0
13.178691387176514, 0.884313702583313, 0.0, 0.0
13.188687086105347, 0.884313702583313, 0.0, 0.0
13.198684692382812, 0.884313702583313, 0.0, 0.0
13.208679676055908, 0.884313702583313, 0.0, 0.0
13.21864104270935, 0.884313702583313, 0.0, 0.0
13.228675365447998, 0.884313702583313, 0.0, 0.0
13.238679885864258, 0.884313702583313, 0.0, 0.0
13.248650789260864, 0.884313702583313, 0.0, 0.0
13.25866174697876, 0.884313702583313, 0.0, 0.0
