3.814697265625e-06, 0.0, 0.0, 0.0, 0.0
9.679794311523438e-05, 0.0, 0.0, 0.0, 0.0
0.004500627517700195, 0.0, 0.0, 0.0, 0.0
0.014484405517578125, 0.0, 0.0, 0.0, 0.0
0.024543046951293945, 0.0, 0.0, 0.0, 0.0
0.03451108932495117, 0.0, 0.0, 0.0, 0.0
0.044478416442871094, 0.0, 0.0, 0.0, 0.0
0.054468631744384766, 0.0, 0.0, 0.0, 0.0
0.06455469131469727, 0.0, 0.0, 0.0, 0.0
0.07519030570983887, 0.0, 0.0, 0.0, 0.0
0.08453774452209473, 0.0, 0.0, 0.0, 0.0
0.0945134162902832, 0.0, 0.0, 0.0, 0.0
0.10453104972839355, 0.0, 0.0, 0.0, 0.0
0.11451101303100586, 0.0, 0.0, 0.0, 0.0
0.12452983856201172, 0.0, 0.0, 0.0, 0.0
0.13451886177062988, 0.0, 0.0, 0.0, 0.0
0.14451837539672852, 0.0, 0.0, 0.0, 0.0
0.15452218055725098, 0.0, 0.0, 0.0, 0.0
0.16452479362487793, 0.0, 0.0, 0.0, 0.0
0.1745140552520752, 0.0, 0.0, 0.0, 0.0
0.18452191352844238, 0.0, 0.0, 0.0, 0.0
0.19457173347473145, 0.0, 0.0, 0.0, 0.0
0.20459222793579102, 0.0, 0.0, 0.0, 0.0
0.2145986557006836, 0.0, 0.0, 0.0, 0.0
0.22464394569396973, 0.0, 0.0, 0.0, 0.0
0.23465609550476074, 0.0, 0.0, 0.0, 0.0
0.2446901798248291, 0.0, 0.0, 0.0, 0.0
0.25464510917663574, 0.0, 0.0, 0.0, 0.0
0.2646360397338867, 0.0, 0.0, 0.0, 0.0
0.2746570110321045, 0.0, 0.0, 0.0, 0.0
0.28464484214782715, 0.0, 0.0, 0.0, 0.0
0.2946195602416992, 0.0, 0.0, 0.0, 0.0
0.30455446243286133, 0.0, 0.0, 0.0, 0.0
0.3145792484283447, 0.0, 0.0, 0.0, 0.0
0.32451391220092773, 0.0, 0.0, 0.0, 0.0
0.33458375930786133, 0.0, 0.0, 0.0, 0.0
0.3445394039154053, 0.0, 0.0, 0.0, 0.0
0.3545198440551758, 0.0, 0.0, 0.0, 0.0
0.36458277702331543, 0.0, 0.0, 0.0, 0.0
0.37458062171936035, 0.0, 0.0, 0.0, 0.0
0.3845345973968506, 0.0, 0.0, 0.0, 0.0
0.39455604553222656, 0.0, 0.0, 0.0, 0.0
0.40454554557800293, 0.0, 0.0, 0.0, 0.0
0.41452717781066895, 0.0, 0.0, 0.0, 0.0
0.4245283603668213, 0.0, 0.0, 0.0, 0.0
0.43453121185302734, 0.0, 0.0, 0.0, 0.0
0.44454216957092285, 0.0, 0.0, 0.0, 0.0
0.4545137882232666, 0.0, 0.0, 0.0, 0.0
0.46457552909851074, 0.0, 0.0, 0.0, 0.0
0.4745216369628906, 0.0, 0.0, 0.0, 0.0
0.48460817337036133, 0.0, 0.0, 0.0, 0.0
0.4946482181549072, 0.0, 0.0, 0.0, 0.0
0.504643440246582, 0.0, 0.0, 0.0, 0.0
0.5145676136016846, 0.0, 0.0, 0.0, 0.0
0.5246381759643555, 0.0, 0.0, 0.0, 0.0
0.534574031829834, 0.0, 0.0, 0.0, 0.0
0.5445139408111572, 0.0, 0.0, 0.0, 0.0
0.5544862747192383, 0.0, 0.0, 0.0, 0.0
0.5645129680633545, 0.0, 0.0, 0.0, 0.0
0.574540376663208, 0.0, 0.0, 0.0, 0.0
0.5845980644226074, 0.0, 0.0, 0.0, 0.0
0.5945591926574707, 0.0, 0.0, 0.0, 0.0
0.6045503616333008, 0.0, 0.0, 0.0, 0.0
0.614504337310791, 0.0, 0.0, 0.0, 0.0
0.6244971752166748, 0.0, 0.0, 0.0, 0.0
0.634521484375, 0.0, 0.0, 0.0, 0.0
0.6445310115814209, 0.0, 0.0, 0.0, 0.0
0.6545252799987793, 0.0, 0.0, 0.0, 0.0
0.6644783020019531, 0.0, 0.0, 0.0, 0.0
0.6745245456695557, 0.0, 0.0, 0.0, 0.0
0.684485912322998, 0.0, 0.0, 0.0, 0.0
0.6945199966430664, 0.0, 0.0, 0.0, 0.0
0.704613208770752, 0.0, 0.0, 0.0, 0.0
0.7145352363586426, 0.0, 0.0, 0.0, 0.0
0.7245059013366699, 0.0, 0.0, 0.0, 0.0
0.7345540523529053, 0.0, 0.0, 0.0, 0.0
0.7445003986358643, 0.0, 0.0, 0.0, 0.0
0.7545037269592285, 0.0, 0.0, 0.0, 0.0
0.7645559310913086, 0.0, 0.0, 0.0, 0.0
0.7745778560638428, 0.0, 0.0, 0.0, 0.0
0.7845168113708496, 0.0, 0.0, 0.0, 0.0
0.794553279876709, 0.0, 0.0, 0.0, 0.0
0.8045258522033691, 0.0, 0.0, 0.0, 0.0
0.8146038055419922, 0.0, 0.0, 0.0, 0.0
0.8245646953582764, 0.0, 0.0, 0.0, 0.0
0.8346033096313477, 0.0, 0.0, 0.0, 0.0
0.8445732593536377, 0.0, 0.0, 0.0, 0.0
0.8546154499053955, 0.0, 0.0, 0.0, 0.0
0.8646061420440674, 0.0, 0.0, 0.0, 0.0
0.8746018409729004, 0.0, 0.0, 0.0, 0.0
0.8845705986022949, 0.0, 0.0, 0.0, 0.0
0.8946282863616943, 0.0, 0.0, 0.0, 0.0
0.9045259952545166, 0.0, 0.0, 0.0, 0.0
0.9145808219909668, 0.0, 0.0, 0.0, 0.0
0.9245467185974121, 0.0, 0.0, 0.0, 0.0
0.9345555305480957, 0.0, 0.0, 0.0, 0.0
0.9445927143096924, 0.0, 0.0, 0.0, 0.0
0.9545934200286865, 0.0, 0.0, 0.0, 0.0
0.9645962715148926, 0.0, 0.0, 0.0, 0.0
0.9745731353759766, 0.0, 0.0, 0.0, 0.0
0.9845221042633057, 0.0, 0.0, 0.0, 0.0
0.9945597648620605, 0.0, 0.0, 0.0, 0.0
1.0045552253723145, 0.0, 0.0, 0.0, 0.0
1.0144867897033691, 0.0, 0.0, 0.0, 0.0
1.024538516998291, 0.0, 0.0, 0.0, 0.0
1.034620761871338, 0.0, 0.0, 0.0, 0.0
1.044565200805664, 0.0, 0.0, 0.0, 0.0
1.0546152591705322, 0.0, 0.0, 0.0, 0.0
1.0645747184753418, 0.0, 0.0, 0.0, 0.0
1.0745744705200195, 0.0, 0.0, 0.0, 0.0
1.084571361541748, 0.0, 0.0, 0.0, 0.0
1.0945422649383545, 0.0, 0.0, 0.0, 0.0
1.1045851707458496, 0.0, 0.0, 0.0, 0.0
1.1146454811096191, 0.0, 0.0, 0.0, 0.0
1.1246349811553955, 0.0, 0.0, 0.0, 0.0
1.1345951557159424, 0.0, 0.0, 0.0, 0.0
1.144545316696167, 0.0, 0.0, 0.0, 0.0
1.1545772552490234, 0.0, 0.0, 0.0, 0.0
1.1645398139953613, 0.0, 0.0, 0.0, 0.0
1.1745693683624268, 0.0, 0.0, 0.0, 0.0
1.1845576763153076, 0.0, 0.0, 0.0, 0.0
1.1945433616638184, 0.0, 0.0, 0.0, 0.0
1.2045845985412598, 0.0, 0.0, 0.0, 0.0
1.2145743370056152, 0.0, 0.0, 0.0, 0.0
1.2245416641235352, 0.0, 0.0, 0.0, 0.0
1.2345647811889648, 0.0, 0.0, 0.0, 0.0
1.2445802688598633, 0.0, 0.0, 0.0, 0.0
1.2545697689056396, 0.0, 0.0, 0.0, 0.0
1.2645678520202637, 0.0, 0.0, 0.0, 0.0
1.27455472946167, 0.0, 0.0, 0.0, 0.0
1.2846081256866455, 0.0, 0.0, 0.0, 0.0
1.294618844985962, 0.0, 0.0, 0.0, 0.0
1.3045973777770996, 0.0, 0.0, 0.0, 0.0
1.3145997524261475, 0.0, 0.0, 0.0, 0.0
1.324587345123291, 0.0, 0.0, 0.0, 0.0
1.334571123123169, 0.0, 0.0, 0.0, 0.0
1.3446002006530762, 0.0, 0.0, 0.0, 0.0
1.354602336883545, 0.0, 0.0, 0.0, 0.0
1.3645920753479004, 0.0, 0.0, 0.0, 0.0
1.3745527267456055, 0.0, 0.0, 0.0, 0.0
1.3845815658569336, 0.0, 0.0, 0.0, 0.0
1.3945772647857666, 0.0, 0.0, 0.0, 0.0
1.4046106338500977, 0.0, 0.0, 0.0, 0.0
1.41463303565979, 0.0, 0.0, 0.0, 0.0
1.4246010780334473, 0.0, 0.0, 0.0, 0.0
1.4346044063568115, 0.0, 0.0, 0.0, 0.0
1.4446237087249756, 0.0, 0.0, 0.0, 0.0
1.4545855522155762, 0.0, 0.0, 0.0, 0.0
1.464571475982666, 0.0, 0.0, 0.0, 0.0
1.4745087623596191, 0.0, 0.0, 0.0, 0.0
1.4844727516174316, 0.0, 0.0, 0.0, 0.0
1.494513750076294, 0.0, 0.0, 0.0, 0.0
1.5045835971832275, 0.0, 0.0, 0.0, 0.0
1.5145025253295898, 0.0, 0.0, 0.0, 0.0
1.5244743824005127, 0.0, 0.0, 0.0, 0.0
1.5345585346221924, 0.0, 0.0, 0.0, 0.0
1.5445587635040283, 0.0, 0.0, 0.0, 0.0
1.5545403957366943, 0.0, 0.0, 0.0, 0.0
1.5645499229431152, 0.0, 0.0, 0.0, 0.0
1.5745658874511719, 0.0, 0.0, 0.0, 0.0
1.5845482349395752, 0.0, 0.0, 0.0, 0.0
1.594465732574463, 0.0, 0.0, 0.0, 0.0
1.604511022567749, 0.0, 0.0, 0.0, 0.0
1.6144828796386719, 0.0, 0.0, 0.0, 0.0
1.6245183944702148, 0.0, 0.0, 0.0, 0.0
1.6344783306121826, 0.0, 0.0, 0.0, 0.0
1.6445653438568115, 0.0, 0.0, 0.0, 0.0
1.6545088291168213, 0.0, 0.0, 0.0, 0.0
1.6645383834838867, 0.0, 0.0, 0.0, 0.0
1.6745283603668213, 0.0, 0.0, 0.0, 0.0
1.6844849586486816, 0.0, 0.0, 0.0, 0.0
1.6944818496704102, 0.0, 0.0, 0.0, 0.0
1.7044813632965088, 0.0, 0.0, 0.0, 0.0
1.7144720554351807, 0.9363475441932678, 0.0, 0.0, 0.0
1.7245070934295654, 0.9373577833175659, 0.0, 0.0, 0.0
1.7345094680786133, 0.9369078874588013, 0.0, 0.0, 0.0
1.7444639205932617, 0.9371474981307983, 0.0, 0.0, 0.0
1.754469871520996, 0.9371516108512878, 0.0, 0.0, 0.0
1.7644715309143066, 0.9358019232749939, 0.0, 0.0, 0.0
1.774472713470459, 0.9316747784614563, 0.0, 0.0, 0.0
1.784458875656128, 0.9370073080062866, 0.0, 0.0, 0.0
1.794466495513916, 0.9366910457611084, 0.0, 0.0, 0.0
1.8044860363006592, 0.9365848898887634, 0.0, 0.0, 0.0
1.8144803047180176, 0.9370457530021667, 0.0, 0.0, 0.0
1.8245015144348145, 0.9384647607803345, 0.0, 0.0, 0.0
1.8344686031341553, 0.9375865459442139, 0.0, 0.0, 0.0
1.8444676399230957, 0.9321594834327698, 0.0, 0.0, 0.0
1.8544695377349854, 0.936764657497406, 0.0, 0.0, 0.0
1.864518404006958, 0.9308225512504578, 0.0, 0.0, 0.0
1.8744862079620361, 0.9428430795669556, 0.0, 0.0, 0.0
1.884497880935669, 0.9339856505393982, 0.0, 0.0, 0.0
1.8945338726043701, 0.9407352209091187, 0.0, 0.0, 0.0
1.904470682144165, 0.9447503089904785, 0.0, 0.0, 0.0
1.914475440979004, 0.9389075040817261, 0.0, 0.0, 0.0
1.9244792461395264, 0.9376029968261719, 0.0, 0.0, 0.0
1.934481143951416, 0.9374241828918457, 0.0, 0.0, 0.0
1.9444668292999268, 0.8744680881500244, 0.0, 0.0, 0.0
1.9545259475708008, 0.9410764575004578, 0.0, 0.0, 0.0
1.9645044803619385, 0.9397706389427185, 0.0, 0.0, 0.0
1.974477767944336, 0.9403660297393799, 0.0, 0.0, 0.0
1.9844701290130615, 0.9361981749534607, 0.0, 0.0, 0.0
1.9944798946380615, 0.9409355521202087, 0.0, 0.0, 0.0
2.0044760704040527, 0.9389815330505371, 0.0, 0.0, 0.0
2.0144877433776855, 0.9399842619895935, 0.0, 0.0, 0.0
2.0245041847229004, 0.9395440220832825, 0.0, 0.0, 0.0
2.034501791000366, 0.9393314719200134, 0.0, 0.0, 0.0
2.0445127487182617, 0.9398403167724609, 0.0, 0.0, 0.0
2.054459810256958, 0.9395316243171692, 0.0, 0.0, 0.0
2.064465284347534, 0.9402409195899963, 0.0, 0.0, 0.0
2.0744717121124268, 0.9401344656944275, 0.0, 0.0, 0.0
2.0844924449920654, 0.9355847239494324, 0.0, 0.0, 0.0
2.094463348388672, 0.9391806721687317, 0.0, 0.0, 0.0
2.104501962661743, 0.9332013726234436, 0.0, 0.0, 0.0
2.1145074367523193, 0.9306690692901611, 0.0, 0.0, 0.0
2.1244730949401855, 0.9322526454925537, 0.0, 0.0, 0.0
2.134481191635132, 0.9302483797073364, 0.0, 0.0, 0.0
2.144479990005493, 0.9310251474380493, 0.0, 0.0, 0.0
2.1544992923736572, 0.9310251474380493, 0.0, 0.0, 0.0
2.1644697189331055, 0.926607608795166, 0.0, 0.0, 0.0
2.174480676651001, 0.9259154796600342, 0.0, 0.0, 0.0
2.1845126152038574, 0.9258258938789368, 0.0, 0.0, 0.0
2.1945090293884277, 0.9269452691078186, 0.0, 0.0, 0.0
2.2044894695281982, 0.9250256419181824, 0.0, 0.0, 0.0
2.2144978046417236, 0.92376309633255, 0.0, 0.0, 0.0
2.2244718074798584, 0.9241893887519836, 0.0, 0.0, 0.0
2.2345006465911865, 0.9242836833000183, 0.0, 0.0, 0.0
2.244459867477417, 0.925007700920105, 0.0, 0.0, 0.0
2.254464864730835, 0.9235327243804932, 0.0, 0.0, 0.0
2.2644665241241455, 0.9074303507804871, 0.0, 0.0, 0.0
2.27449107170105, 0.9065210819244385, 0.0, 0.0, 0.0
2.2845070362091064, 0.9067116975784302, 0.0, 0.0, 0.0
2.2944693565368652, 0.90773606300354, 0.0, 0.0, 0.0
2.3044755458831787, 0.904234766960144, 0.0, 0.0, 0.0
2.3144943714141846, 0.9068987965583801, 0.0, 0.0, 0.0
2.3244714736938477, 0.9091749787330627, 0.0, 0.0, 0.0
2.334487199783325, 0.9165565967559814, 0.0, 0.0, 0.0
2.3444652557373047, 0.9034483432769775, 0.0, 0.0, 0.0
2.3544921875, 0.9044002294540405, 0.0, 0.0, 0.0
2.364525318145752, 0.9158133864402771, 0.0, 0.0, 0.0
2.3744688034057617, 0.9039021730422974, 0.0, 0.0, 0.0
2.384505033493042, 0.9139767289161682, 0.0, 0.0, 0.0
2.3945324420928955, 0.9041070342063904, 0.0, 0.0, 0.0
2.404513120651245, 0.9025702476501465, 0.0, 0.0, 0.0
2.4145150184631348, 0.9178925156593323, 0.0, 0.0, 0.0
2.4244656562805176, 0.7597760558128357, 0.0, 0.0, 0.0
2.4345099925994873, 0.9189041256904602, 0.0, 0.0, 0.0
2.444471836090088, 0.9182971119880676, 0.0, 0.0, 0.0
2.4544663429260254, 0.9167649149894714, 0.0, 0.0, 0.0
2.4645047187805176, 0.9276599884033203, 0.0, 0.0, 0.0
2.4744393825531006, 0.9287077188491821, 0.0, 0.0, 0.0
2.484484910964966, 0.9174080491065979, 0.0, 0.0, 0.0
2.4944710731506348, 0.9148313403129578, 0.0, 0.0, 0.0
2.504484176635742, 0.9165198802947998, 0.0, 0.0, 0.0
2.514517068862915, 0.9177656769752502, 0.0, 0.0, 0.0
2.524482250213623, 0.915778398513794, 0.0, 0.0, 0.0
2.5344958305358887, 0.7661734819412231, 0.0, 0.0, 0.0
2.544502019882202, 0.7663071155548096, 0.0, 0.0, 0.0
2.5545079708099365, 0.9188159704208374, 0.0, 0.0, 0.0
2.564465284347534, 0.7668001055717468, 0.0, 0.0, 0.0
2.5745034217834473, 0.9127449989318848, 0.0, 0.0, 0.0
2.5845530033111572, 0.9159247875213623, 0.0, 0.0, 0.0
2.594547986984253, 0.9164355397224426, 0.0, 0.0, 0.0
2.6044764518737793, 0.9157689809799194, 0.0, 0.0, 0.0
2.614494800567627, 0.9166726469993591, 0.0, 0.0, 0.0
2.6244688034057617, 0.9144514203071594, 0.0, 0.0, 0.0
2.6344966888427734, 0.8744680881500244, 0.0, 0.0, 0.0
2.6444668769836426, 0.9126164317131042, 0.0, 0.0, 0.0
2.6545000076293945, 0.7664880156517029, 0.0, 0.0, 0.0
2.6645166873931885, 0.9168887734413147, 0.0, 0.0, 0.0
2.674471139907837, 0.7640395164489746, 0.0, 0.0, 0.0
2.6844990253448486, 0.7675583958625793, 0.0, 0.0, 0.0
2.6944780349731445, 0.913159966468811, 0.0, 0.0, 0.0
2.7045159339904785, 0.9167068600654602, 0.0, 0.0, 0.0
2.714473247528076, 0.767984926700592, 0.0, 0.0, 0.0
2.7244629859924316, 0.7643579244613647, 0.0, 0.0, 0.0
2.7344632148742676, 0.918067991733551, 0.0, 0.0, 0.0
2.7444703578948975, 0.9119729995727539, 0.0, 0.0, 0.0
2.754469156265259, 0.9163984060287476, 0.0, 0.0, 0.0
2.764486312866211, 0.7668141722679138, 0.0, 0.0, 0.0
2.7745072841644287, 0.9151180386543274, 0.0, 0.0, 0.0
2.7844603061676025, 0.9273983240127563, 0.0, 0.0, 0.0
2.7944700717926025, 0.9154641628265381, 0.0, 0.0, 0.0
2.804466962814331, 0.9152014255523682, 0.0, 0.0, 0.0
2.814466953277588, 0.9167445302009583, 0.0, 0.0, 0.0
2.824498176574707, 0.9145147204399109, 0.0, 0.0, 0.0
2.8344786167144775, 0.7679269909858704, 0.0, 0.0, 0.0
2.844529151916504, 0.9149360060691833, 0.0, 0.0, 0.0
2.854463577270508, 0.7618350982666016, 0.0, 0.0, 0.0
2.864464521408081, 0.9142102599143982, 0.0, 0.0, 0.0
2.8744819164276123, 0.9158426523208618, 0.0, 0.0, 0.0
2.884483575820923, 0.9142629504203796, 0.0, 0.0, 0.0
2.894458293914795, 0.9143130779266357, 0.0, 0.0, 0.0
2.904491901397705, 0.9159340858459473, 0.0, 0.0, 0.0
2.9144811630249023, 0.761195182800293, 0.0, 0.0, 0.0
2.9244964122772217, 0.7614324688911438, 0.0, 0.0, 0.0
2.934471845626831, 0.760776937007904, 0.0, 0.0, 0.0
2.9444642066955566, 0.7612074613571167, 0.0, 0.0, 0.0
2.954511880874634, 0.7616621255874634, 0.0, 0.0, 0.0
2.9644715785980225, 0.9259935617446899, 0.0, 0.0, 0.0
2.974501132965088, 0.7619258761405945, 0.0, 0.0, 0.0
2.984471559524536, 0.9003774523735046, 0.0, 0.0, 0.0
2.9944746494293213, 0.9006542563438416, 0.0, 0.0, 0.0
3.0044682025909424, 0.7606580257415771, 0.0, 0.0, 0.0
3.0144968032836914, 0.7603616118431091, 0.0, 0.0, 0.0
3.024461507797241, 0.7611758708953857, 0.0, 0.0, 0.0
3.0344619750976562, 0.7609018087387085, 0.0, 0.0, 0.0
3.0445070266723633, 0.900452733039856, 0.0, 0.0, 0.0
3.054483413696289, 0.7608224153518677, 0.0, 0.0, 0.0
3.064511299133301, 0.915349006652832, 0.0, 0.0, 0.0
3.0744707584381104, 0.9149034023284912, 0.0, 0.0, 0.0
3.0844767093658447, 0.7608631253242493, 0.0, 0.0, 0.0
3.0944712162017822, 0.9247329831123352, 0.0, 0.0, 0.0
3.1044769287109375, 0.9018608927726746, 0.0, 0.0, 0.0
3.1144769191741943, 0.9146737456321716, 0.0, 0.0, 0.0
3.1244757175445557, 0.7609293460845947, 0.0, 0.0, 0.0
3.1344990730285645, 0.9001059532165527, 0.0, 0.0, 0.0
3.144508123397827, 0.9000402688980103, 0.0, 0.0, 0.0
3.154503107070923, 0.8996129035949707, 0.0, 0.0, 0.0
3.164494752883911, 0.9104489684104919, 0.0, 0.0, 0.0
3.174461603164673, 0.9101239442825317, 0.0, 0.0, 0.0
3.18446683883667, 0.8976209759712219, 0.0, 0.0, 0.0
3.194467067718506, 0.9009617567062378, 0.0, 0.0, 0.0
3.204483985900879, 0.8744680881500244, 0.0, 0.0, 0.0
3.2144689559936523, 0.900177001953125, 0.0, 0.0, 0.0
3.224463701248169, 0.910717248916626, 0.0, 0.0, 0.0
3.2344677448272705, 0.901496171951294, 0.0, 0.0, 0.0
3.2444710731506348, 0.9026362895965576, 0.0, 0.0, 0.0
3.254467248916626, 0.8954569101333618, 0.0, 0.0, 0.0
3.264474868774414, 0.9126713871955872, 0.0, 0.0, 0.0
3.2744736671447754, 0.9019791483879089, 0.0, 0.0, 0.0
3.2844765186309814, 0.9020107388496399, 0.0, 0.0, 0.0
3.2944657802581787, 0.7635226845741272, 0.0, 0.0, 0.0
3.3044676780700684, 0.9004130959510803, 0.0, 0.0, 0.0
3.3144617080688477, 0.8997611403465271, 0.0, 0.0, 0.0
3.324465036392212, 0.8995344638824463, 0.0, 0.0, 0.0
3.3344686031341553, 0.8969136476516724, 0.0, 0.0, 0.0
3.3444793224334717, 0.9065133333206177, 0.0, 0.0, 0.0
3.3544740676879883, 0.9152129292488098, 0.0, 0.0, 0.0
3.3645079135894775, 0.9208600521087646, 0.0, 0.0, 0.0
3.374499559402466, 0.9137194156646729, 0.0, 0.0, 0.0
3.3845033645629883, 0.9169833660125732, 0.0, 0.0, 0.0
3.394554376602173, 0.8997191190719604, 0.0, 0.0, 0.0
3.4044735431671143, 0.8977174758911133, 0.0, 0.0, 0.0
3.4144644737243652, 0.913480281829834, 0.0, 0.0, 0.0
3.4244837760925293, 0.9116821885108948, 0.0, 0.0, 0.0
3.434464693069458, 0.9140052199363708, 0.0, 0.0, 0.0
3.4444785118103027, 0.8983709216117859, 0.0, 0.0, 0.0
3.4545116424560547, 0.9098237156867981, 0.0, 0.0, 0.0
3.4644689559936523, 0.8974056839942932, 0.0, 0.0, 0.0
3.4744603633880615, 0.8981839418411255, 0.0, 0.0, 0.0
3.4845495223999023, 0.9095059037208557, 0.0, 0.0, 0.0
3.494490623474121, 0.9095910787582397, 0.0, 0.0, 0.0
3.5045228004455566, 0.9106099009513855, 0.0, 0.0, 0.0
3.5144741535186768, 0.8970913290977478, 0.0, 0.0, 0.0
3.524465322494507, 0.9135286211967468, 0.0, 0.0, 0.0
3.5345077514648438, 0.9126037359237671, 0.0, 0.0, 0.0
3.5444746017456055, 0.7772771120071411, 0.0, 0.0, 0.0
3.554518222808838, 0.9101529717445374, 0.0, 0.0, 0.0
3.564507007598877, 0.7782876491546631, 0.0, 0.0, 0.0
3.5744988918304443, 0.9112107753753662, 0.0, 0.0, 0.0
3.584460735321045, 0.7804253697395325, 0.0, 0.0, 0.0
3.5945003032684326, 0.911866307258606, 0.0, 0.0, 0.0
3.6044669151306152, 0.9122848510742188, 0.0, 0.0, 0.0
3.6144657135009766, 0.9152958989143372, 0.0, 0.0, 0.0
3.6244924068450928, 0.9097964763641357, 0.0, 0.0, 0.0
3.6344664096832275, 0.9119210243225098, 0.0, 0.0, 0.0
3.6444711685180664, 0.912728488445282, 0.0, 0.0, 0.0
3.654500961303711, 0.7748041749000549, 0.0, 0.0, 0.0
3.664487838745117, 0.9119445085525513, 0.0, 0.0, 0.0
3.6744801998138428, 0.9116583466529846, 0.0, 0.0, 0.0
3.6844677925109863, 0.912448525428772, 0.0, 0.0, 0.0
3.694464921951294, 0.9147855639457703, 0.0, 0.0, 0.0
3.7044711112976074, 0.9150480628013611, 0.0, 0.0, 0.0
3.7144935131073, 0.9161173701286316, 0.0, 0.0, 0.0
3.7244632244110107, 0.918973445892334, 0.0, 0.0, 0.0
3.734501600265503, 0.913188636302948, 0.0, 0.0, 0.0
3.7445003986358643, 0.767726719379425, 0.0, 0.0, 0.0
3.754495859146118, 0.9224358201026917, 0.0, 0.0, 0.0
3.7645039558410645, 0.9177277684211731, 0.0, 0.0, 0.0
3.774463176727295, 0.9180497527122498, 0.0, 0.0, 0.0
3.784471035003662, 0.9173339605331421, 0.0, 0.0, 0.0
3.7944655418395996, 0.9169732928276062, 0.0, 0.0, 0.0
3.8045437335968018, 0.8744680881500244, 0.0, 0.0, 0.0
3.8144614696502686, 0.7697579860687256, 0.0, 0.0, 0.0
3.8245129585266113, 0.9118295311927795, 0.0, 0.0, 0.0
3.8345084190368652, 0.7693705558776855, 0.0, 0.0, 0.0
3.8444621562957764, 0.9130316376686096, 0.0, 0.0, 0.0
3.854499340057373, 0.9158878326416016, 0.0, 0.0, 0.0
3.8644790649414062, 0.7651248574256897, 0.0, 0.0, 0.0
3.874490261077881, 0.9219376444816589, 0.0, 0.0, 0.0
3.884495258331299, 0.9125881195068359, 0.0, 0.0, 0.0
3.8945024013519287, 0.9163286089897156, 0.0, 0.0, 0.0
3.904466390609741, 0.9197644591331482, 0.0, 0.0, 0.0
3.9144630432128906, 0.9153097867965698, 0.0, 0.0, 0.0
3.924506902694702, 0.9155659675598145, 0.0, 0.0, 0.0
3.934507369995117, 0.9210231900215149, 0.0, 0.0, 0.0
3.9444775581359863, 0.9210410714149475, 0.0, 0.0, 0.0
3.954465627670288, 0.9209902882575989, 0.0, 0.0, 0.0
3.964473247528076, 0.9193864464759827, 0.0, 0.0, 0.0
3.974478006362915, 0.9212009310722351, 0.0, 0.0, 0.0
3.984506607055664, 0.9211412072181702, 0.0, 0.0, 0.0
3.9944679737091064, 0.9231440424919128, 0.0, 0.0, 0.0
4.004506826400757, 0.9220112562179565, 0.0, 0.0, 0.0
4.014477014541626, 0.9184865951538086, 0.0, 0.0, 0.0
4.024514675140381, 0.9220913052558899, 0.0, 0.0, 0.0
4.034493923187256, 0.9208942651748657, 0.0, 0.0, 0.0
4.044468402862549, 0.9211630821228027, 0.0, 0.0, 0.0
4.054468870162964, 0.9173429608345032, 0.0, 0.0, 0.0
4.064475774765015, 0.9182559847831726, 0.0, 0.0, 0.0
4.074493885040283, 0.7787037491798401, 0.0, 0.0, 0.0
4.084469795227051, 0.9193711280822754, 0.0, 0.0, 0.0
4.094473361968994, 0.9194736480712891, 0.0, 0.0, 0.0
4.104483604431152, 0.9152873158454895, 0.0, 0.0, 0.0
4.114462614059448, 0.915215015411377, 0.0, 0.0, 0.0
4.1245129108428955, 0.9144876003265381, 0.0, 0.0, 0.0
4.134507179260254, 0.9143216609954834, 0.0, 0.0, 0.0
4.144466161727905, 0.9123202562332153, 0.0, 0.0, 0.0
4.154474973678589, 0.9143896102905273, 0.0, 0.0, 0.0
4.164481163024902, 0.9095415472984314, 0.0, 0.0, 0.0
4.174457550048828, 0.9132643938064575, 0.0, 0.0, 0.0
4.184509515762329, 0.9124099612236023, 0.0, 0.0, 0.0
4.19449257850647, 0.9095191955566406, 0.0, 0.0, 0.0
4.204506874084473, 0.9112473726272583, 0.0, 0.0, 0.0
4.214475393295288, 0.909989595413208, 0.0, 0.0, 0.0
4.2244696617126465, 0.908910870552063, 0.0, 0.0, 0.0
4.234462738037109, 0.9096227884292603, 0.0, 0.0, 0.0
4.244464874267578, 0.9096540808677673, 0.0, 0.0, 0.0
4.254483938217163, 0.910833477973938, 0.0, 0.0, 0.0
4.264472007751465, 0.9095094799995422, 0.0, 0.0, 0.0
4.2744762897491455, 0.914925754070282, 0.0, 0.0, 0.0
4.284464597702026, 0.9096373319625854, 0.0, 0.0, 0.0
4.2944910526275635, 0.914720892906189, 0.0, 0.0, 0.0
4.304471015930176, 0.9088689684867859, 0.0, 0.0, 0.0
4.314467430114746, 0.9144352078437805, 0.0, 0.0, 0.0
4.3244709968566895, 0.9147796034812927, 0.0, 0.0, 0.0
4.3345046043396, 0.9139070510864258, 0.0, 0.0, 0.0
4.344521760940552, 0.9147467017173767, 0.0, 0.0, 0.0
4.354469299316406, 0.9137857556343079, 0.0, 0.0, 0.0
4.36449122428894, 0.9146664142608643, 0.0, 0.0, 0.0
4.374507427215576, 0.9131313562393188, 0.0, 0.0, 0.0
4.384497404098511, 0.912712037563324, 0.0, 0.0, 0.0
4.394463777542114, 0.912874162197113, 0.0, 0.0, 0.0
4.4044694900512695, 0.9155557155609131, 0.0, 0.0, 0.0
4.41447639465332, 0.9124889969825745, 0.0, 0.0, 0.0
4.424473524093628, 0.9129778742790222, 0.0, 0.0, 0.0
4.434472322463989, 0.911689043045044, 0.0, 0.0, 0.0
4.444469928741455, 0.9132248759269714, 0.0, 0.0, 0.0
4.454463243484497, 0.9129128456115723, 0.0, 0.0, 0.0
4.464486122131348, 0.912539541721344, 0.0, 0.0, 0.0
4.474469423294067, 0.9140183329582214, 0.0, 0.0, 0.0
4.4844810962677, 0.912592887878418, 0.0, 0.0, 0.0
4.4944751262664795, 0.9134695529937744, 0.0, 0.0, 0.0
4.504487037658691, 0.9123737215995789, 0.0, 0.0, 0.0
4.5144572257995605, 0.9113839268684387, 0.0, 0.0, 0.0
4.524498224258423, 0.9129191637039185, 0.0, 0.0, 0.0
4.534439563751221, 0.9119471907615662, 0.0, 0.0, 0.0
4.5444629192352295, 0.9113309979438782, 0.0, 0.0, 0.0
4.554466247558594, 0.9129591584205627, 0.0, 0.0, 0.0
4.5644755363464355, 0.9131326079368591, 0.0, 0.0, 0.0
4.57450008392334, 0.9142672419548035, 0.0, 0.0, 0.0
4.584501028060913, 0.9066696166992188, 0.0, 0.0, 0.0
4.594472408294678, 0.9140675663948059, 0.0, 0.0, 0.0
4.6044793128967285, 0.9132288694381714, 0.0, 0.0, 0.0
4.614498853683472, 0.9132328033447266, 0.0, 0.0, 0.0
4.624473571777344, 0.9128339290618896, 0.0, 0.0, 0.0
4.634476661682129, 0.9128876328468323, 0.0, 0.0, 0.0
4.644500494003296, 0.9114841222763062, 0.0, 0.0, 0.0
4.65448522567749, 0.9108441472053528, 0.0, 0.0, 0.0
4.664531946182251, 0.912519097328186, 0.0, 0.0, 0.0
4.67446756362915, 0.9131050109863281, 0.0, 0.0, 0.0
4.684476613998413, 0.9130915999412537, 0.0, 0.0, 0.0
4.694469213485718, 0.9120375514030457, 0.0, 0.0, 0.0
4.704473257064819, 0.910626232624054, 0.0, 0.0, 0.0
4.714481592178345, 0.9104267358779907, 0.0, 0.0, 0.0
4.724468469619751, 0.9130349159240723, 0.0, 0.0, 0.0
4.734465837478638, 0.9130635261535645, 0.0, 0.0, 0.0
4.744474649429321, 0.9120007753372192, 0.0, 0.0, 0.0
4.754517078399658, 0.8744680881500244, 0.0, 0.0, 0.0
4.76446270942688, 0.9066866636276245, 0.0, 0.0, 0.0
4.774461030960083, 0.9133791327476501, 0.0, 0.0, 0.0
4.784498453140259, 0.9122667908668518, 0.0, 0.0, 0.0
4.794503927230835, 0.9128904938697815, 0.0, 0.0, 0.0
4.804516553878784, 0.9131948351860046, 0.0, 0.0, 0.0
4.814466238021851, 0.9096658825874329, 0.0, 0.0, 0.0
4.824474334716797, 0.9117156863212585, 0.0, 0.0, 0.0
4.834469318389893, 0.912239670753479, 0.0, 0.0, 0.0
4.844501256942749, 0.8744680881500244, 0.0, 0.0, 0.0
4.854466199874878, 0.9125539064407349, 0.0, 0.0, 0.0
4.864457607269287, 0.9144694805145264, 0.0, 0.0, 0.0
4.874493598937988, 0.9138489365577698, 0.0, 0.0, 0.0
4.884488105773926, 0.9080596566200256, 0.0, 0.0, 0.0
4.894514083862305, 0.907788872718811, 0.0, 0.0, 0.0
4.904484987258911, 0.9128813147544861, 0.0, 0.0, 0.0
4.914512395858765, 0.9074652791023254, 0.0, 0.0, 0.0
4.9245312213897705, 0.9070456624031067, 0.0, 0.0, 0.0
4.934508323669434, 0.9090670943260193, 0.0, 0.0, 0.0
4.9444739818573, 0.9139244556427002, 0.0, 0.0, 0.0
4.954501628875732, 0.9084608554840088, 0.0, 0.0, 0.0
4.964468955993652, 0.9089638590812683, 0.0, 0.0, 0.0
4.974560737609863, 0.9136702418327332, 0.0, 0.0, 0.0
4.9844810962677, 0.9086282253265381, 0.0, 0.0, 0.0
4.994497299194336, 0.9120215773582458, 0.0, 0.0, 0.0
5.004529237747192, 0.908308207988739, 0.0, 0.0, 0.0
5.014483213424683, 0.9086447954177856, 0.0, 0.0, 0.0
5.0245020389556885, 0.9086906313896179, 0.0, 0.0, 0.0
5.034505844116211, 0.9089543223381042, 0.0, 0.0, 0.0
5.044520378112793, 0.9127517938613892, 0.0, 0.0, 0.0
5.054529190063477, 0.9094210863113403, 0.0, 0.0, 0.0
5.0644690990448, 0.9077814817428589, 0.0, 0.0, 0.0
5.074499845504761, 0.9107387661933899, 0.0, 0.0, 0.0
5.084514379501343, 0.8744680881500244, 0.0, 0.0, 0.0
5.094480991363525, 0.9122786521911621, 0.0, 0.0, 0.0
5.104496479034424, 0.9107939600944519, 0.0, 0.0, 0.0
5.114466428756714, 0.9124104976654053, 0.0, 0.0, 0.0
5.124505281448364, 0.9113337993621826, 0.0, 0.0, 0.0
5.134602308273315, 0.9110574722290039, 0.0, 0.0, 0.0
5.144461154937744, 0.9114783406257629, 0.0, 0.0, 0.0
5.154486894607544, 0.9085367321968079, 0.0, 0.0, 0.0
5.1644651889801025, 0.9069700837135315, 0.0, 0.0, 0.0
5.1745007038116455, 0.911010205745697, 0.0, 0.0, 0.0
5.184487342834473, 0.9135646820068359, 0.0, 0.0, 0.0
5.194510221481323, 0.9127931594848633, 0.0, 0.0, 0.0
5.20450496673584, 0.9127002358436584, 0.0, 0.0, 0.0
5.214491367340088, 0.913201630115509, 0.0, 0.0, 0.0
5.224471569061279, 0.9115541577339172, 0.0, 0.0, 0.0
5.234524250030518, 0.9124550223350525, 0.0, 0.0, 0.0
5.244476795196533, 0.9131710529327393, 0.0, 0.0, 0.0
5.254502058029175, 0.9179142713546753, 0.0, 0.0, 0.0
5.264501094818115, 0.9081248641014099, 0.0, 0.0, 0.0
5.274480581283569, 0.9174865484237671, 0.0, 0.0, 0.0
5.284490585327148, 0.9168350696563721, 0.0, 0.0, 0.0
5.294508218765259, 0.9153621196746826, 0.0, 0.0, 0.0
5.304470539093018, 0.9146319031715393, 0.0, 0.0, 0.0
5.3144755363464355, 0.9124168753623962, 0.0, 0.0, 0.0
5.324461460113525, 0.9235241413116455, 0.0, 0.0, 0.0
5.334508895874023, 0.9185231924057007, 0.0, 0.0, 0.0
5.344498634338379, 0.9192909598350525, 0.0, 0.0, 0.0
5.354460000991821, 0.9160714149475098, 0.0, 0.0, 0.0
5.36447286605835, 0.7628612518310547, 0.0, 0.0, 0.0
5.374472618103027, 0.9204915761947632, 0.0, 0.0, 0.0
5.384474039077759, 0.9194924831390381, 0.0, 0.0, 0.0
5.394495010375977, 0.9181067943572998, 0.0, 0.0, 0.0
5.404507875442505, 0.9158163666725159, 0.0, 0.0, 0.0
5.414459228515625, 0.9130785465240479, 0.0, 0.0, 0.0
5.424461603164673, 0.9135342836380005, 0.0, 0.0, 0.0
5.4344704151153564, 0.9182995557785034, 0.0, 0.0, 0.0
5.444459915161133, 0.918928861618042, 0.0, 0.0, 0.0
5.454476833343506, 0.9130769371986389, 0.0, 0.0, 0.0
5.464508533477783, 0.9167910814285278, 0.0, 0.0, 0.0
5.474475622177124, 0.915869414806366, 0.0, 0.0, 0.0
5.4844746589660645, 0.9128869771957397, 0.0, 0.0, 0.0
5.494463205337524, 0.9115504026412964, 0.0, 0.0, 0.0
5.5044660568237305, 0.9130973815917969, 0.0, 0.0, 0.0
5.514511346817017, 0.9103338718414307, 0.0, 0.0, 0.0
5.524474620819092, 0.9124546051025391, 0.0, 0.0, 0.0
5.534465789794922, 0.9139488339424133, 0.0, 0.0, 0.0
5.544507265090942, 0.8744680881500244, 0.0, 0.0, 0.0
5.5544655323028564, 0.9143357276916504, 0.0, 0.0, 0.0
5.564490079879761, 0.9125774502754211, 0.0, 0.0, 0.0
5.574504375457764, 0.910512387752533, 0.0, 0.0, 0.0
5.584469795227051, 0.9180117249488831, 0.0, 0.0, 0.0
5.594470500946045, 0.9134294986724854, 0.0, 0.0, 0.0
5.604489326477051, 0.9117177724838257, 0.0, 0.0, 0.0
5.614485263824463, 0.9115039706230164, 0.0, 0.0, 0.0
5.6244707107543945, 0.9132803678512573, 0.0, 0.0, 0.0
5.634479761123657, 0.9129352569580078, 0.0, 0.0, 0.0
5.644488573074341, 0.9108447432518005, 0.0, 0.0, 0.0
5.6545140743255615, 0.914700984954834, 0.0, 0.0, 0.0
5.664485931396484, 0.9135284423828125, 0.0, 0.0, 0.0
5.674464702606201, 0.9147111773490906, 0.0, 0.0, 0.0
5.6844682693481445, 0.913574755191803, 0.0, 0.0, 0.0
5.694490909576416, 0.9141452312469482, 0.0, 0.0, 0.0
5.704496622085571, 0.918624222278595, 0.0, 0.0, 0.0
5.714480638504028, 0.9143430590629578, 0.0, 0.0, 0.0
5.724472761154175, 0.9133661389350891, 0.0, 0.0, 0.0
5.734469890594482, 0.9197605848312378, 0.0, 0.0, 0.0
5.744504690170288, 0.919215738773346, 0.0, 0.0, 0.0
5.754471063613892, 0.9189529418945312, 0.0, 0.0, 0.0
5.764497995376587, 0.7669177651405334, 0.0, 0.0, 0.0
5.7744996547698975, 0.7679136991500854, 0.0, 0.0, 0.0
5.784491539001465, 0.914821207523346, 0.0, 0.0, 0.0
5.7944817543029785, 0.9143104553222656, 0.0, 0.0, 0.0
5.8044984340667725, 0.9125393629074097, 0.0, 0.0, 0.0
5.814517021179199, 0.920869767665863, 0.0, 0.0, 0.0
5.824465751647949, 0.912312388420105, 0.0, 0.0, 0.0
5.834474563598633, 0.9193077087402344, 0.0, 0.0, 0.0
5.844466686248779, 0.9193288683891296, 0.0, 0.0, 0.0
5.854459762573242, 0.9147771596908569, 0.0, 0.0, 0.0
5.864468574523926, 0.9148558378219604, 0.0, 0.0, 0.0
5.874469757080078, 0.9206273555755615, 0.0, 0.0, 0.0
5.88446044921875, 0.9143363833427429, 0.0, 0.0, 0.0
5.8944573402404785, 0.9204136729240417, 0.0, 0.0, 0.0
5.904466867446899, 0.921512246131897, 0.0, 0.0, 0.0
5.914468288421631, 0.9157711267471313, 0.0, 0.0, 0.0
5.9244678020477295, 0.9151436686515808, 0.0, 0.0, 0.0
5.934470891952515, 0.9183635711669922, 0.0, 0.0, 0.0
5.944461822509766, 0.9156685471534729, 0.0, 0.0, 0.0
5.954481840133667, 0.9153136014938354, 0.0, 0.0, 0.0
5.964518070220947, 0.9164389371871948, 0.0, 0.0, 0.0
5.97446870803833, 0.9197568297386169, 0.0, 0.0, 0.0
5.984468221664429, 0.9216389060020447, 0.0, 0.0, 0.0
5.994471549987793, 0.9146546721458435, 0.0, 0.0, 0.0
6.00447154045105, 0.9135147333145142, 0.0, 0.0, 0.0
6.014470338821411, 0.913662850856781, 0.0, 0.0, 0.0
6.024467468261719, 0.9134563207626343, 0.0, 0.0, 0.0
6.034477710723877, 0.9199341535568237, 0.0, 0.0, 0.0
6.0444724559783936, 0.919003963470459, 0.0, 0.0, 0.0
6.05447244644165, 0.9241676926612854, 0.0, 0.0, 0.0
6.0644800662994385, 0.921057939529419, 0.0, 0.0, 0.0
6.074476480484009, 0.9226377606391907, 0.0, 0.0, 0.0
6.084475994110107, 0.9191010594367981, 0.0, 0.0, 0.0
6.094488620758057, 0.9189697504043579, 0.0, 0.0, 0.0
6.104479789733887, 0.9192245006561279, 0.0, 0.0, 0.0
6.114468097686768, 0.9217137694358826, 0.0, 0.0, 0.0
6.1244957447052, 0.9217310547828674, 0.0, 0.0, 0.0
6.134496450424194, 0.919609546661377, 0.0, 0.0, 0.0
6.144498348236084, 0.9212353229522705, 0.0, 0.0, 0.0
6.154467344284058, 0.918009877204895, 0.0, 0.0, 0.0
6.164499998092651, 0.9221494793891907, 0.0, 0.0, 0.0
6.174461603164673, 0.922612190246582, 0.0, 0.0, 0.0
6.184467554092407, 0.9195153713226318, 0.0, 0.0, 0.0
6.194473028182983, 0.9211665391921997, 0.0, 0.0, 0.0
6.2044594287872314, 0.920140266418457, 0.0, 0.0, 0.0
6.2144975662231445, 0.8744680881500244, 0.0, 0.0, 0.0
6.224503040313721, 0.9196495413780212, 0.0, 0.0, 0.0
6.2344970703125, 0.9177367687225342, 0.0, 0.0, 0.0
6.244464635848999, 0.9199098944664001, 0.0, 0.0, 0.0
6.254475355148315, 0.9200809597969055, 0.0, 0.0, 0.0
6.264481782913208, 0.9249112606048584, 0.0, 0.0, 0.0
6.274484395980835, 0.9205016493797302, 0.0, 0.0, 0.0
6.284464597702026, 0.9221166372299194, 0.0, 0.0, 0.0
6.294466018676758, 0.9213641285896301, 0.0, 0.0, 0.0
6.304470777511597, 0.9224454760551453, 0.0, 0.0, 0.0
6.3144731521606445, 0.922528088092804, 0.0, 0.0, 0.0
6.324503660202026, 0.9200479984283447, 0.0, 0.0, 0.0
6.334485769271851, 0.9227438569068909, 0.0, 0.0, 0.0
6.344484090805054, 0.9202305674552917, 0.0, 0.0, 0.0
6.354513883590698, 0.9230440258979797, 0.0, 0.0, 0.0
6.364506244659424, 0.9222927093505859, 0.0, 0.0, 0.0
6.375131130218506, 0.9212381839752197, 0.0, 0.0, 0.0
6.384509086608887, 0.9207091331481934, 0.0, 0.0, 0.0
6.394486904144287, 0.9209048748016357, 0.0, 0.0, 0.0
6.404529809951782, 0.9197462201118469, 0.0, 0.0, 0.0
6.414492130279541, 0.9209157228469849, 0.0, 0.0, 0.0
6.424539566040039, 0.9207867980003357, 0.0, 0.0, 0.0
6.434521436691284, 0.9211205840110779, 0.0, 0.0, 0.0
6.444470405578613, 0.9229664206504822, 0.0, 0.0, 0.0
6.4544689655303955, 0.9215768575668335, 0.0, 0.0, 0.0
6.464510440826416, 0.92156982421875, 0.0, 0.0, 0.0
6.474470138549805, 0.9207872152328491, 0.0, 0.0, 0.0
6.484469652175903, 0.9239071607589722, 0.0, 0.0, 0.0
6.4945068359375, 0.9217013120651245, 0.0, 0.0, 0.0
6.504509687423706, 0.9233450293540955, 0.0, 0.0, 0.0
6.514481544494629, 0.9205706119537354, 0.0, 0.0, 0.0
6.524484634399414, 0.9244362711906433, 0.0, 0.0, 0.0
6.534480571746826, 0.9236604571342468, 0.0, 0.0, 0.0
6.544514894485474, 0.9242532253265381, 0.0, 0.0, 0.0
6.554495811462402, 0.9231052994728088, 0.0, 0.0, 0.0
6.564502477645874, 0.9212900996208191, 0.0, 0.0, 0.0
6.574482679367065, 0.8744680881500244, 0.0, 0.0, 0.0
6.5845184326171875, 0.9234761595726013, 0.0, 0.0, 0.0
6.59453558921814, 0.9187313914299011, 0.0, 0.0, 0.0
6.604510068893433, 0.9230371117591858, 0.0, 0.0, 0.0
6.614461898803711, 0.7676676511764526, 0.0, 0.0, 0.0
6.624473571777344, 0.7678203582763672, 0.0, 0.0, 0.0
6.634473085403442, 0.9246605634689331, 0.0, 0.0, 0.0
6.64449405670166, 0.8744680881500244, 0.0, 0.0, 0.0
6.654464483261108, 0.9250776767730713, 0.0, 0.0, 0.0
6.664483070373535, 0.7658103108406067, 0.0, 0.0, 0.0
6.6744866371154785, 0.7650043368339539, 0.0, 0.0, 0.0
6.684512376785278, 0.925636887550354, 0.0, 0.0, 0.0
6.694502830505371, 0.7664738297462463, 0.0, 0.0, 0.0
6.704469919204712, 0.7640933394432068, 0.0, 0.0, 0.0
6.714515686035156, 0.7645448446273804, 0.0, 0.0, 0.0
6.724472999572754, 0.7646705508232117, 0.0, 0.0, 0.0
6.734497785568237, 0.7643473148345947, 0.0, 0.0, 0.0
6.744456052780151, 0.7649884223937988, 0.0, 0.0, 0.0
6.754471778869629, 0.7643296122550964, 0.0, 0.0, 0.0
6.764493942260742, 0.9173760414123535, 0.0, 0.0, 0.0
6.774479866027832, 0.9168345928192139, 0.0, 0.0, 0.0
6.784506559371948, 0.7639350295066833, 0.0, 0.0, 0.0
6.794506072998047, 0.7640504837036133, 0.0, 0.0, 0.0
6.804511785507202, 0.7686858177185059, 0.0, 0.0, 0.0
6.81447172164917, 0.916909396648407, 0.0, 0.0, 0.0
6.824472427368164, 0.9173642992973328, 0.0, 0.0, 0.0
6.8344645500183105, 0.9144166707992554, 0.0, 0.0, 0.0
6.844508647918701, 0.7678142189979553, 0.0, 0.0, 0.0
6.854491233825684, 0.9157872796058655, 0.0, 0.0, 0.0
6.86446475982666, 0.916231632232666, 0.0, 0.0, 0.0
6.87447452545166, 0.9157266020774841, 0.0, 0.0, 0.0
6.884486675262451, 0.9162278771400452, 0.0, 0.0, 0.0
6.894484996795654, 0.916918933391571, 0.0, 0.0, 0.0
6.9045069217681885, 0.9165912866592407, 0.0, 0.0, 0.0
6.914462327957153, 0.9026541709899902, 0.0, 0.0, 0.0
6.924469709396362, 0.9019151926040649, 0.0, 0.0, 0.0
6.934464693069458, 0.9168832898139954, 0.0, 0.0, 0.0
6.944476842880249, 0.9038278460502625, 0.0, 0.0, 0.0
6.9544713497161865, 0.9053341746330261, 0.0, 0.0, 0.0
6.964462518692017, 0.9132763147354126, 0.0, 0.0, 0.0
6.974489212036133, 0.9043170809745789, 0.0, 0.0, 0.0
6.984511852264404, 0.9063932299613953, 0.0, 0.0, 0.0
6.994469404220581, 0.9190772771835327, 0.0, 0.0, 0.0
7.004484176635742, 0.9228790402412415, 0.0, 0.0, 0.0
7.0144689083099365, 0.9237345457077026, 0.0, 0.0, 0.0
7.0245041847229, 0.9233056306838989, 0.0, 0.0, 0.0
7.034462213516235, 0.9225252866744995, 0.0, 0.0, 0.0
7.04448938369751, 0.9245343208312988, 0.0, 0.0, 0.0
7.054509162902832, 0.9241977334022522, 0.0, 0.0, 0.0
7.064510822296143, 0.9245207905769348, 0.0, 0.0, 0.0
7.074463605880737, 0.9226616621017456, 0.0, 0.0, 0.0
7.084472179412842, 0.9281801581382751, 0.0, 0.0, 0.0
7.094459295272827, 0.9267652034759521, 0.0, 0.0, 0.0
7.104494333267212, 0.926302969455719, 0.0, 0.0, 0.0
7.114485502243042, 0.9242451786994934, 0.0, 0.0, 0.0
7.124486684799194, 0.9357420802116394, 0.0, 0.0, 0.0
7.134490013122559, 0.9357002973556519, 0.0, 0.0, 0.0
7.144471645355225, 0.933759868144989, 0.0, 0.0, 0.0
7.154478549957275, 0.9392155408859253, 0.0, 0.0, 0.0
7.164472341537476, 0.9394978284835815, 0.0, 0.0, 0.0
7.174474716186523, 0.9367304444313049, 0.0, 0.0, 0.0
7.184497356414795, 0.9386278390884399, 0.0, 0.0, 0.0
7.1944684982299805, 0.9391061067581177, 0.0, 0.0, 0.0
7.204465389251709, 0.9389092326164246, 0.0, 0.0, 0.0
7.214478254318237, 0.9363336563110352, 0.0, 0.0, 0.0
7.224498510360718, 0.9354842305183411, 0.0, 0.0, 0.0
7.234457969665527, 0.9356716275215149, 0.0, 0.0, 0.0
7.244508743286133, 0.9468182921409607, 0.0, 0.0, 0.0
7.254487752914429, 0.9333080053329468, 0.0, 0.0, 0.0
7.264475107192993, 0.93519526720047, 0.0, 0.0, 0.0
7.274467706680298, 0.9315232634544373, 0.0, 0.0, 0.0
7.2844836711883545, 0.9356130361557007, 0.0, 0.0, 0.0
7.294507265090942, 0.9391059875488281, 0.0, 0.0, 0.0
7.304511070251465, 0.9318731427192688, 0.0, 0.0, 0.0
7.3145081996917725, 0.9352882504463196, 0.0, 0.0, 0.0
7.324541330337524, 0.9324495196342468, 0.0, 0.0, 0.0
7.334505081176758, 0.9304541349411011, 0.0, 0.0, 0.0
7.344470977783203, 0.9327806830406189, 0.0, 0.0, 0.0
7.354458808898926, 0.9400225877761841, 0.0, 0.0, 0.0
7.36446475982666, 0.9335177540779114, 0.0, 0.0, 0.0
7.374471426010132, 0.9365671277046204, 0.0, 0.0, 0.0
7.384464979171753, 0.9376634359359741, 0.0, 0.0, 0.0
7.394506216049194, 0.936637818813324, 0.0, 0.0, 0.0
7.4045116901397705, 0.8744680881500244, 0.0, 0.0, 0.0
7.4144604206085205, 0.9345172047615051, 0.0, 0.0, 0.0
7.4244749546051025, 0.9354769587516785, 0.0, 0.0, 0.0
7.434503555297852, 0.9368758797645569, 0.0, 0.0, 0.0
7.444472312927246, 0.9367294907569885, 0.0, 0.0, 0.0
7.4544806480407715, 0.9370443820953369, 0.0, 0.0, 0.0
7.464461088180542, 0.9371452927589417, 0.0, 0.0, 0.0
7.474467992782593, 0.9358899593353271, 0.0, 0.0, 0.0
7.4845030307769775, 0.9368906021118164, 0.0, 0.0, 0.0
7.4944775104522705, 0.9370211958885193, 0.0, 0.0, 0.0
7.504499912261963, 0.9364221692085266, 0.0, 0.0, 0.0
7.514504671096802, 0.9363004565238953, 0.0, 0.0, 0.0
7.524460315704346, 0.937061607837677, 0.0, 0.0, 0.0
7.534463405609131, 0.9368505477905273, 0.0, 0.0, 0.0
7.544508695602417, 0.9360188841819763, 0.0, 0.0, 0.0
7.5544822216033936, 0.9377081990242004, 0.0, 0.0, 0.0
7.564465284347534, 0.9353693127632141, 0.0, 0.0, 0.0
7.574461221694946, 0.9350342154502869, 0.0, 0.0, 0.0
7.584494590759277, 0.9356815814971924, 0.0, 0.0, 0.0
7.594473600387573, 0.9399013519287109, 0.0, 0.0, 0.0
7.6044769287109375, 0.9350395202636719, 0.0, 0.0, 0.0
7.614503622055054, 0.9348230957984924, 0.0, 0.0, 0.0
7.624463081359863, 0.9359637498855591, 0.0, 0.0, 0.0
7.634509325027466, 0.9405730962753296, 0.0, 0.0, 0.0
7.644507169723511, 0.9355254173278809, 0.0, 0.0, 0.0
7.6544694900512695, 0.9358670115470886, 0.0, 0.0, 0.0
7.664460182189941, 0.9439845681190491, 0.0, 0.0, 0.0
7.674462795257568, 0.9412153959274292, 0.0, 0.0, 0.0
7.684494972229004, 0.9403281211853027, 0.0, 0.0, 0.0
7.694467306137085, 0.940553605556488, 0.0, 0.0, 0.0
7.70452880859375, 0.9401214718818665, 0.0, 0.0, 0.0
7.714460372924805, 0.9364935159683228, 0.0, 0.0, 0.0
7.724470376968384, 0.9445604681968689, 0.0, 0.0, 0.0
7.734462738037109, 0.9369691014289856, 0.0, 0.0, 0.0
7.744516849517822, 0.9416031837463379, 0.0, 0.0, 0.0
7.754512310028076, 0.9351649880409241, 0.0, 0.0, 0.0
7.764479160308838, 0.9450235962867737, 0.0, 0.0, 0.0
7.774463415145874, 0.9449244737625122, 0.0, 0.0, 0.0
7.784467935562134, 0.9412411451339722, 0.0, 0.0, 0.0
7.7944629192352295, 0.9468235969543457, 0.0, 0.0, 0.0
7.804487705230713, 0.9418029189109802, 0.0, 0.0, 0.0
7.814472198486328, 0.9432805776596069, 0.0, 0.0, 0.0
7.824472188949585, 0.9463601112365723, 0.0, 0.0, 0.0
7.8345019817352295, 0.9470230937004089, 0.0, 0.0, 0.0
7.844468355178833, 0.9413365721702576, 0.0, 0.0, 0.0
7.854469299316406, 0.9428311586380005, 0.0, 0.0, 0.0
7.864474058151245, 0.9409909844398499, 0.0, 0.0, 0.0
7.8744797706604, 0.9428941607475281, 0.0, 0.0, 0.0
7.884476900100708, 0.9396061897277832, 0.0, 0.0, 0.0
7.894486665725708, 0.9436805248260498, 0.0, 0.0, 0.0
7.90452766418457, 0.9395171999931335, 0.0, 0.0, 0.0
7.914482593536377, 0.9377616047859192, 0.0, 0.0, 0.0
7.924466133117676, 0.9345417022705078, 0.0, 0.0, 0.0
7.934491872787476, 0.8744680881500244, 0.0, 0.0, 0.0
7.94446873664856, 0.9396222829818726, 0.0, 0.0, 0.0
7.954483270645142, 0.9409888386726379, 0.0, 0.0, 0.0
7.964511871337891, 0.9407843351364136, 0.0, 0.0, 0.0
7.974498271942139, 0.9410262107849121, 0.0, 0.0, 0.0
7.98452353477478, 0.9430490732192993, 0.0, 0.0, 0.0
7.994466781616211, 0.940214216709137, 0.0, 0.0, 0.0
8.00449252128601, 0.942101240158081, 0.0, 0.0, 0.0
8.014660596847534, 0.9416327476501465, 0.0, 0.0, 0.0
8.024474143981934, 0.9447603821754456, 0.0, 0.0, 0.0
8.034472227096558, 0.9432494044303894, 0.0, 0.0, 0.0
8.044467687606812, 0.9482432007789612, 0.0, 0.0, 0.0
8.054577589035034, 0.944241464138031, 0.0, 0.0, 0.0
8.064502716064453, 0.9450703263282776, 0.0, 0.0, 0.0
8.074470281600952, 0.9504098892211914, 0.0, 0.0, 0.0
8.08446979522705, 0.9400978088378906, 0.0, 0.0, 0.0
8.094460248947144, 0.9466636180877686, 0.0, 0.0, 0.0
8.104462146759033, 0.9469205737113953, 0.0, 0.0, 0.0
8.11447811126709, 0.9498900175094604, 0.0, 0.0, 0.0
8.124475717544556, 0.9519744515419006, 0.0, 0.0, 0.0
8.13447380065918, 0.9484834671020508, 0.0, 0.0, 0.0
8.144469499588013, 0.9522664546966553, 0.0, 0.0, 0.0
8.154489517211914, 0.9534484148025513, 0.0, 0.0, 0.0
8.164461851119995, 0.9519345760345459, 0.0, 0.0, 0.0
8.174499034881592, 0.9501568078994751, 0.0, 0.0, 0.0
8.1845223903656, 0.9462981224060059, 0.0, 0.0, 0.0
8.194457769393921, 0.9508891105651855, 0.0, 0.0, 0.0
8.204524040222168, 0.9549697637557983, 0.0, 0.0, 0.0
8.214477062225342, 0.9511860013008118, 0.0, 0.0, 0.0
8.22447156906128, 0.956142246723175, 0.0, 0.0, 0.0
8.23447299003601, 0.957587480545044, 0.0, 0.0, 0.0
8.244471549987793, 0.9578269124031067, 0.0, 0.0, 0.0
8.25450873374939, 0.9566651582717896, 0.0, 0.0, 0.0
8.264524698257446, 0.9540944695472717, 0.0, 0.0, 0.0
8.274470329284668, 0.9549351930618286, 0.0, 0.0, 0.0
8.28446912765503, 0.9565607905387878, 0.0, 0.0, 0.0
8.294466257095337, 0.9565753936767578, 0.0, 0.0, 0.0
8.304531335830688, 0.9589446187019348, 0.0, 0.0, 0.0
8.314510822296143, 0.9563624858856201, 0.0, 0.0, 0.0
8.324461221694946, 0.9539445638656616, 0.0, 0.0, 0.0
8.334471940994263, 0.9598070383071899, 0.0, 0.0, 0.0
8.344468355178833, 0.9607539772987366, 0.0, 0.0, 0.0
8.354485988616943, 0.9584154486656189, 0.0, 0.0, 0.0
8.364476203918457, 0.956721305847168, 0.0, 0.0, 0.0
8.374510765075684, 0.9570448398590088, 0.0, 0.0, 0.0
8.384505033493042, 0.9560624361038208, 0.0, 0.0, 0.0
8.39447569847107, 0.9599032402038574, 0.0, 0.0, 0.0
8.404526233673096, 0.9535115361213684, 0.0, 0.0, 0.0
8.4144868850708, 0.9589401483535767, 0.0, 0.0, 0.0
8.424471139907837, 0.957854151725769, 0.0, 0.0, 0.0
8.434463024139404, 0.9627673625946045, 0.0, 0.0, 0.0
8.444489479064941, 0.960385799407959, 0.0, 0.0, 0.0
8.454469442367554, 0.9619733095169067, 0.0, 0.0, 0.0
8.464507818222046, 0.963886022567749, 0.0, 0.0, 0.0
8.474465131759644, 0.9637908935546875, 0.0, 0.0, 0.0
8.484463453292847, 0.9644578695297241, 0.0, 0.0, 0.0
8.494465827941895, 0.9653825163841248, 0.0, 0.0, 0.0
8.504510164260864, 0.9642400145530701, 0.0, 0.0, 0.0
8.514507055282593, 0.9484777450561523, 0.0, 0.0, 0.0
8.524498224258423, 0.9638348817825317, 0.0, 0.0, 0.0
8.534460067749023, 0.9638636708259583, 0.0, 0.0, 0.0
8.544463396072388, 0.948465883731842, 0.0, 0.0, 0.0
8.554466247558594, 0.9438843131065369, 0.0, 0.0, 0.0
8.564481496810913, 0.9505284428596497, 0.0, 0.0, 0.0
8.574471712112427, 0.956779956817627, 0.0, 0.0, 0.0
8.58446192741394, 0.9628992676734924, 0.0, 0.0, 0.0
8.594471454620361, 0.9520898461341858, 0.0, 0.0, 0.0
8.604478120803833, 0.961836040019989, 0.0, 0.0, 0.0
8.614520788192749, 0.8744680881500244, 0.0, 0.0, 0.0
8.624466180801392, 0.9473298788070679, 0.0, 0.0, 0.0
8.634469747543335, 0.9484504461288452, 0.0, 0.0, 0.0
8.644518613815308, 0.9505784511566162, 0.0, 0.0, 0.0
8.654465913772583, 0.9433558583259583, 0.0, 0.0, 0.0
8.664467811584473, 0.9437077641487122, 0.0, 0.0, 0.0
8.674499750137329, 0.9478068947792053, 0.0, 0.0, 0.0
8.684462547302246, 0.9470117688179016, 0.0, 0.0, 0.0
8.694462299346924, 0.8744680881500244, 0.0, 0.0, 0.0
8.704481363296509, 0.9479000568389893, 0.0, 0.0, 0.0
8.714473724365234, 0.9489770531654358, 0.0, 0.0, 0.0
8.724469661712646, 0.9443482160568237, 0.0, 0.0, 0.0
8.734474658966064, 0.9595413208007812, 0.0, 0.0, 0.0
8.744527816772461, 0.9627214670181274, 0.0, 0.0, 0.0
8.754614353179932, 0.9588097929954529, 0.0, 0.0, 0.0
8.764472723007202, 0.951858401298523, 0.0, 0.0, 0.0
8.774486303329468, 0.9631059169769287, 0.0, 0.0, 0.0
8.784499168395996, 0.962779700756073, 0.0, 0.0, 0.0
8.794467210769653, 0.9638077616691589, 0.0, 0.0, 0.0
8.804518938064575, 0.9634565711021423, 0.0, 0.0, 0.0
8.814471960067749, 0.9625241756439209, 0.0, 0.0, 0.0
8.824498176574707, 0.9625242948532104, 0.0, 0.0, 0.0
8.834472894668579, 0.961213231086731, 0.0, 0.0, 0.0
8.844512462615967, 0.9642753601074219, 0.0, 0.0, 0.0
8.85447883605957, 0.9592830538749695, 0.0, 0.0, 0.0
8.86446475982666, 0.9529444575309753, 0.0, 0.0, 0.0
8.874475717544556, 0.9587671160697937, 0.0, 0.0, 0.0
8.884467840194702, 0.9707372188568115, 0.0, 0.0, 0.0
8.894472360610962, 0.9599562287330627, 0.0, 0.0, 0.0
8.904464721679688, 0.9630176424980164, 0.0, 0.0, 0.0
8.91449522972107, 0.9686780571937561, 0.0, 0.0, 0.0
8.92446231842041, 0.9645233154296875, 0.0, 0.0, 0.0
8.934455394744873, 0.9673783183097839, 0.0, 0.0, 0.0
8.944469451904297, 0.9656968116760254, 0.0, 0.0, 0.0
8.954476356506348, 0.9607532024383545, 0.0, 0.0, 0.0
8.964462518692017, 0.9660440683364868, 0.0, 0.0, 0.0
8.974495649337769, 0.963900625705719, 0.0, 0.0, 0.0
8.98446273803711, 0.9653184413909912, 0.0, 0.0, 0.0
8.994502067565918, 0.9652841091156006, 0.0, 0.0, 0.0
9.004502773284912, 0.9652424454689026, 0.0, 0.0, 0.0
9.014508485794067, 0.9687081575393677, 0.0, 0.0, 0.0
9.02449345588684, 0.9693534970283508, 0.0, 0.0, 0.0
9.03447437286377, 0.9637970328330994, 0.0, 0.0, 0.0
9.044469356536865, 0.9623239040374756, 0.0, 0.0, 0.0
9.054526805877686, 0.9658761620521545, 0.0, 0.0, 0.0
9.064499139785767, 0.9663550853729248, 0.0, 0.0, 0.0
9.074510097503662, 0.9670558571815491, 0.0, 0.0, 0.0
9.084492206573486, 0.9669443964958191, 0.0, 0.0, 0.0
9.094468832015991, 0.9734289050102234, 0.0, 0.0, 0.0
9.104476928710938, 0.9652689099311829, 0.0, 0.0, 0.0
9.114460229873657, 0.9715360403060913, 0.0, 0.0, 0.0
9.12447214126587, 0.965355634689331, 0.0, 0.0, 0.0
9.134462118148804, 0.9692686200141907, 0.0, 0.0, 0.0
9.144476890563965, 0.9702816605567932, 0.0, 0.0, 0.0
9.154466152191162, 0.9716565012931824, 0.0, 0.0, 0.0
9.164462566375732, 0.9667648673057556, 0.0, 0.0, 0.0
9.174444913864136, 0.9706060886383057, 0.0, 0.0, 0.0
9.184459447860718, 0.9724985957145691, 0.0, 0.0, 0.0
9.194517135620117, 0.9711012244224548, 0.0, 0.0, 0.0
9.204476833343506, 0.9716980457305908, 0.0, 0.0, 0.0
9.214471578598022, 0.977818489074707, 0.0, 0.0, 0.0
9.224478960037231, 0.9781428575515747, 0.0, 0.0, 0.0
9.234474897384644, 0.9789556860923767, 0.0, 0.0, 0.0
9.244471549987793, 0.9786943793296814, 0.0, 0.0, 0.0
9.254468441009521, 0.9770328402519226, 0.0, 0.0, 0.0
9.264464139938354, 0.9804049134254456, 0.0, 0.0, 0.0
9.274463653564453, 0.9761781692504883, 0.0, 0.0, 0.0
9.28447151184082, 0.9785298705101013, 0.0, 0.0, 0.0
9.294460535049438, 0.9772716164588928, 0.0, 0.0, 0.0
9.304497480392456, 0.9791516661643982, 0.0, 0.0, 0.0
9.314489364624023, 0.9784911274909973, 0.0, 0.0, 0.0
9.324512004852295, 0.9801111817359924, 0.0, 0.0, 0.0
9.334467887878418, 0.9806171655654907, 0.0, 0.0, 0.0
9.344502449035645, 0.9812606573104858, 0.0, 0.0, 0.0
9.35459566116333, 0.9789860248565674, 0.0, 0.0, 0.0
9.364472389221191, 0.9698066711425781, 0.0, 0.0, 0.0
9.37449049949646, 0.9801881313323975, 0.0, 0.0, 0.0
9.384510278701782, 0.9770514965057373, 0.0, 0.0, 0.0
9.394555807113647, 0.9803157448768616, 0.0, 0.0, 0.0
9.404475927352905, 0.9850603342056274, 0.0, 0.0, 0.0
9.414476156234741, 0.9707546830177307, 0.0, 0.0, 0.0
9.424467325210571, 0.9810206890106201, 0.0, 0.0, 0.0
9.434484004974365, 0.9812147617340088, 0.0, 0.0, 0.0
9.444467544555664, 0.981715202331543, 0.0, 0.0, 0.0
9.45447564125061, 0.9852439165115356, 0.0, 0.0, 0.0
9.464471817016602, 0.9743168950080872, 0.0, 0.0, 0.0
9.474465608596802, 0.9813859462738037, 0.0, 0.0, 0.0
9.484462976455688, 0.9809499979019165, 0.0, 0.0, 0.0
9.494465112686157, 0.9751583337783813, 0.0, 0.0, 0.0
9.504470109939575, 0.9753307700157166, 0.0, 0.0, 0.0
9.514477014541626, 0.9841046929359436, 0.0, 0.0, 0.0
9.524463891983032, 0.9755157232284546, 0.0, 0.0, 0.0
9.534499883651733, 0.8744680881500244, 0.0, 0.0, 0.0
9.544508457183838, 0.9799544811248779, 0.0, 0.0, 0.0
9.554497957229614, 0.9794187545776367, 0.0, 0.0, 0.0
9.564480543136597, 0.9789609313011169, 0.0, 0.0, 0.0
9.57448410987854, 0.9850693345069885, 0.0, 0.0, 0.0
9.584489107131958, 0.9798754453659058, 0.0, 0.0, 0.0
9.594470262527466, 0.9798280596733093, 0.0, 0.0, 0.0
9.604515552520752, 0.9818419218063354, 0.0, 0.0, 0.0
9.614514112472534, 0.9791204929351807, 0.0, 0.0, 0.0
9.624475002288818, 0.9790597558021545, 0.0, 0.0, 0.0
9.634464263916016, 0.982123851776123, 0.0, 0.0, 0.0
9.6444833278656, 0.9819396138191223, 0.0, 0.0, 0.0
9.654504537582397, 0.9822672009468079, 0.0, 0.0, 0.0
9.66451096534729, 0.9806203842163086, 0.0, 0.0, 0.0
9.67446255683899, 0.9815059304237366, 0.0, 0.0, 0.0
9.68446159362793, 0.9690428972244263, 0.0, 0.0, 0.0
9.694477319717407, 0.9838966131210327, 0.0, 0.0, 0.0
9.704471588134766, 0.9814687967300415, 0.0, 0.0, 0.0
9.71449589729309, 0.9823561906814575, 0.0, 0.0, 0.0
9.724478244781494, 0.9823853373527527, 0.0, 0.0, 0.0
9.73450756072998, 0.9839434027671814, 0.0, 0.0, 0.0
9.74447250366211, 0.9839897751808167, 0.0, 0.0, 0.0
9.754496335983276, 0.9840793013572693, 0.0, 0.0, 0.0
9.764517545700073, 0.9831891059875488, 0.0, 0.0, 0.0
9.774499416351318, 0.9715065360069275, 0.0, 0.0, 0.0
9.78446650505066, 0.9824742078781128, 0.0, 0.0, 0.0
9.794487237930298, 0.9712445139884949, 0.0, 0.0, 0.0
9.804512977600098, 0.9711515307426453, 0.0, 0.0, 0.0
9.814496755599976, 0.9838725924491882, 0.0, 0.0, 0.0
9.824464559555054, 0.9711949229240417, 0.0, 0.0, 0.0
9.834475755691528, 0.9851647615432739, 0.0, 0.0, 0.0
9.84448528289795, 0.9718312621116638, 0.0, 0.0, 0.0
9.854491472244263, 0.9846816658973694, 0.0, 0.0, 0.0
9.8644700050354, 0.9718905091285706, 0.0, 0.0, 0.0
9.874465227127075, 0.9727542400360107, 0.0, 0.0, 0.0
9.8844735622406, 0.9719558954238892, 0.0, 0.0, 0.0
9.894469261169434, 0.9843981266021729, 0.0, 0.0, 0.0
9.904492139816284, 0.98490309715271, 0.0, 0.0, 0.0
9.914474248886108, 0.9844975471496582, 0.0, 0.0, 0.0
9.924469232559204, 0.9721682071685791, 0.0, 0.0, 0.0
9.934464454650879, 0.9848575592041016, 0.0, 0.0, 0.0
9.944466829299927, 0.9725899696350098, 0.0, 0.0, 0.0
9.954503774642944, 0.9849980473518372, 0.0, 0.0, 0.0
9.964492321014404, 0.9725843071937561, 0.0, 0.0, 0.0
9.974504232406616, 0.9725857973098755, 0.0, 0.0, 0.0
9.984493494033813, 0.9726032614707947, 0.0, 0.0, 0.0
9.994471311569214, 0.9855152368545532, 0.0, 0.0, 0.0
10.004491567611694, 0.9747869372367859, 0.0, 0.0, 0.0
10.014496803283691, 0.973019540309906, 0.0, 0.0, 0.0
10.024497032165527, 0.9730285406112671, 0.0, 0.0, 0.0
10.034511089324951, 0.973675012588501, 0.0, 0.0, 0.0
10.04450273513794, 0.974456787109375, 0.0, 0.0, 0.0
10.054481744766235, 0.9874441623687744, 0.0, 0.0, 0.0
10.06450080871582, 0.980104923248291, 0.0, 0.0, 0.0
10.074470520019531, 0.9931257963180542, 0.0, 0.0, 0.0
10.084469318389893, 0.9785451889038086, 0.0, 0.0, 0.0
10.094489097595215, 0.9876851439476013, 0.0, 0.0, 0.0
10.104469060897827, 0.9873278737068176, 0.0, 0.0, 0.0
10.114482164382935, 0.985209047794342, 0.0, 0.0, 0.0
10.124489307403564, 0.8723404407501221, 0.0, 0.0, 0.0
10.134488582611084, 0.9748990535736084, 0.0, 0.0, 0.0
10.14451265335083, 0.9800500869750977, 0.0, 0.0, 0.0
10.154502630233765, 0.9935421347618103, 0.0, 0.0, 0.0
10.164470672607422, 0.9752631783485413, 0.0, 0.0, 0.0
10.174466371536255, 0.9827096462249756, 0.0, 0.0, 0.0
10.18446135520935, 0.9795114398002625, 0.0, 0.0, 0.0
10.194469451904297, 0.9969682693481445, 0.0, 0.0, 0.0
10.204471588134766, 0.997842013835907, 0.0, 0.0, 0.0
10.214465618133545, 0.9978699088096619, 0.0, 0.0, 0.0
10.224467992782593, 0.9864642024040222, 0.0, 0.0, 0.0
10.23449969291687, 0.9948551654815674, 0.0, 0.0, 0.0
10.244498252868652, 0.9971181154251099, 0.0, 0.0, 0.0
10.254465818405151, 0.9864152669906616, 0.0, 0.0, 0.0
10.264463663101196, 0.996120035648346, 0.0, 0.0, 0.0
10.274500608444214, 0.9972718954086304, 0.0, 0.0, 0.0
10.284466981887817, 0.9971005320549011, 0.0, 0.0, 0.0
10.29448652267456, 0.9939092993736267, 0.0, 0.0, 0.0
10.304474592208862, 0.9862118363380432, 0.0, 0.0, 0.0
10.314456939697266, 0.9992326498031616, 0.0, 0.0, 0.0
10.324475049972534, 0.9947301149368286, 0.0, 0.0, 0.0
10.334475994110107, 0.9990608096122742, 0.0, 0.0, 0.0
10.344466209411621, 1.0002105236053467, 0.0, 0.0, 0.0
10.354458808898926, 0.9948252439498901, 0.0, 0.0, 0.0
10.364478826522827, 0.9871171712875366, 0.0, 0.0, 0.0
10.374468326568604, 0.9819044470787048, 0.0, 0.0, 0.0
10.38447093963623, 0.9999566078186035, 0.0, 0.0, 0.0
10.3944730758667, 1.0004600286483765, 0.0, 0.0, 0.0
10.404487133026123, 1.0004225969314575, 0.0, 0.0, 0.0
10.414464950561523, 1.0001695156097412, 0.0, 0.0, 0.0
10.42449688911438, 0.9954341053962708, 0.0, 0.0, 0.0
10.434489965438843, 0.9963899254798889, 0.0, 0.0, 0.0
10.444508075714111, 0.998900830745697, 0.0, 0.0, 0.0
10.454462051391602, 0.9822792410850525, 0.0, 0.0, 0.0
10.46446442604065, 0.9867746829986572, 0.0, 0.0, 0.0
10.474504709243774, 0.9997483491897583, 0.0, 0.0, 0.0
10.484504222869873, 1.0000758171081543, 0.0, 0.0, 0.0
10.494478940963745, 0.9991974234580994, 0.0, 0.0, 0.0
10.50449514389038, 1.000733733177185, 0.0, 0.0, 0.0
10.51445984840393, 0.9886916875839233, 0.0, 0.0, 0.0
10.52447772026062, 0.9958000183105469, 0.0, 0.0, 0.0
10.534475088119507, 0.9838964343070984, 0.0, 0.0, 0.0
10.544506311416626, 1.0011942386627197, 0.0, 0.0, 0.0
10.55446982383728, 0.9956228733062744, 0.0, 0.0, 0.0
10.564492225646973, 0.9825881719589233, 0.0, 0.0, 0.0
10.574507713317871, 1.0006372928619385, 0.0, 0.0, 0.0
10.584474086761475, 0.9907815456390381, 0.0, 0.0, 0.0
10.594471454620361, 1.0008658170700073, 0.0, 0.0, 0.0
10.60448431968689, 0.9959527850151062, 0.0, 0.0, 0.0
10.614464521408081, 0.986844003200531, 0.0, 0.0, 0.0
10.62447714805603, 0.9848597049713135, 0.0, 0.0, 0.0
10.634474515914917, 0.9909610152244568, 0.0, 0.0, 0.0
10.644474506378174, 0.9835396409034729, 0.0, 0.0, 0.0
10.65450382232666, 0.9880472421646118, 0.0, 0.0, 0.0
10.664470195770264, 0.9880118370056152, 0.0, 0.0, 0.0
10.674474477767944, 0.987843930721283, 0.0, 0.0, 0.0
10.68449330329895, 0.9881125092506409, 0.0, 0.0, 0.0
10.694493055343628, 0.9876902103424072, 0.0, 0.0, 0.0
10.704508304595947, 0.9881891012191772, 0.0, 0.0, 0.0
10.714503526687622, 0.9885565638542175, 0.0, 0.0, 0.0
10.724609136581421, 0.9844323992729187, 0.0, 0.0, 0.0
10.734495878219604, 0.9883856773376465, 0.0, 0.0, 0.0
10.744465827941895, 0.9832708835601807, 0.0, 0.0, 0.0
10.754501819610596, 0.9901988506317139, 0.0, 0.0, 0.0
10.764462947845459, 0.9875277280807495, 0.0, 0.0, 0.0
10.774459838867188, 0.9852790236473083, 0.0, 0.0, 0.0
10.784488916397095, 0.9882681369781494, 0.0, 0.0, 0.0
10.794496297836304, 0.9854822158813477, 0.0, 0.0, 0.0
10.80448293685913, 0.987810492515564, 0.0, 0.0, 0.0
10.814503192901611, 0.9835734367370605, 0.0, 0.0, 0.0
10.824503183364868, 0.9835365414619446, 0.0, 0.0, 0.0
10.834476232528687, 0.9861918687820435, 0.0, 0.0, 0.0
10.844479084014893, 0.981277346611023, 0.0, 0.0, 0.0
10.854507446289062, 0.9830008149147034, 0.0, 0.0, 0.0
10.86447525024414, 0.9835591316223145, 0.0, 0.0, 0.0
10.87449860572815, 0.9847132563591003, 0.0, 0.0, 0.0
10.884480476379395, 0.9859942197799683, 0.0, 0.0, 0.0
10.89446496963501, 0.9763567447662354, 0.0, 0.0, 0.0
10.904512405395508, 0.9857874512672424, 0.0, 0.0, 0.0
10.914503812789917, 0.9864976406097412, 0.0, 0.0, 0.0
10.924491882324219, 0.9861781001091003, 0.0, 0.0, 0.0
10.934462070465088, 0.9822418093681335, 0.0, 0.0, 0.0
10.944485664367676, 0.980017900466919, 0.0, 0.0, 0.0
10.95450735092163, 0.9764397144317627, 0.0, 0.0, 0.0
10.96449875831604, 0.9800817966461182, 0.0, 0.0, 0.0
10.974496603012085, 0.9805726408958435, 0.0, 0.0, 0.0
10.984487771987915, 0.976680338382721, 0.0, 0.0, 0.0
10.994493007659912, 0.9848152995109558, 0.0, 0.0, 0.0
11.004471063613892, 0.9796385169029236, 0.0, 0.0, 0.0
11.014491081237793, 0.9801081418991089, 0.0, 0.0, 0.0
11.024460554122925, 0.9761574864387512, 0.0, 0.0, 0.0
11.034456253051758, 0.9756666421890259, 0.0, 0.0, 0.0
11.044508934020996, 0.9751283526420593, 0.0, 0.0, 0.0
11.054482460021973, 0.9755653738975525, 0.0, 0.0, 0.0
11.064465284347534, 0.9759426116943359, 0.0, 0.0, 0.0
11.074475049972534, 0.9769705533981323, 0.0, 0.0, 0.0
11.08446455001831, 0.9753943085670471, 0.0, 0.0, 0.0
11.09446096420288, 0.9752727150917053, 0.0, 0.0, 0.0
11.104513883590698, 0.9757161140441895, 0.0, 0.0, 0.0
11.114462614059448, 0.9753044843673706, 0.0, 0.0, 0.0
11.124465942382812, 0.9827803373336792, 0.0, 0.0, 0.0
11.134461641311646, 0.9754090905189514, 0.0, 0.0, 0.0
11.144566774368286, 0.8744680881500244, 0.0, 0.0, 0.0
11.154463052749634, 0.9759621620178223, 0.0, 0.0, 0.0
11.164466619491577, 0.97430819272995, 0.0, 0.0, 0.0
11.174501895904541, 0.9787347912788391, 0.0, 0.0, 0.0
11.184502363204956, 0.974448561668396, 0.0, 0.0, 0.0
11.19449496269226, 0.9765568971633911, 0.0, 0.0, 0.0
11.204500913619995, 0.9764423966407776, 0.0, 0.0, 0.0
11.214467763900757, 0.9713248610496521, 0.0, 0.0, 0.0
11.224468231201172, 0.9843834042549133, 0.0, 0.0, 0.0
11.234506130218506, 0.9720339775085449, 0.0, 0.0, 0.0
11.244509220123291, 0.9753577709197998, 0.0, 0.0, 0.0
11.254492044448853, 0.9751870632171631, 0.0, 0.0, 0.0
11.264482498168945, 0.983781099319458, 0.0, 0.0, 0.0
11.274505138397217, 0.9803574085235596, 0.0, 0.0, 0.0
11.28447437286377, 0.9813105463981628, 0.0, 0.0, 0.0
11.294493913650513, 0.9734901189804077, 0.0, 0.0, 0.0
11.304475784301758, 0.9719739556312561, 0.0, 0.0, 0.0
11.314466714859009, 0.9816245436668396, 0.0, 0.0, 0.0
11.324467420578003, 0.9743879437446594, 0.0, 0.0, 0.0
11.334519147872925, 0.9838130474090576, 0.0, 0.0, 0.0
11.344528198242188, 0.9808804392814636, 0.0, 0.0, 0.0
11.354471445083618, 0.9839175343513489, 0.0, 0.0, 0.0
11.36450457572937, 0.9810291528701782, 0.0, 0.0, 0.0
11.374496698379517, 0.974856436252594, 0.0, 0.0, 0.0
11.384506702423096, 0.9786904454231262, 0.0, 0.0, 0.0
11.394475936889648, 0.9748739004135132, 0.0, 0.0, 0.0
11.404469728469849, 0.9839944839477539, 0.0, 0.0, 0.0
11.414475917816162, 0.9708760976791382, 0.0, 0.0, 0.0
11.424496173858643, 0.9776756167411804, 0.0, 0.0, 0.0
11.434466123580933, 0.9744534492492676, 0.0, 0.0, 0.0
11.44447636604309, 0.9780051112174988, 0.0, 0.0, 0.0
11.45447850227356, 0.976732611656189, 0.0, 0.0, 0.0
11.464476108551025, 0.9777196049690247, 0.0, 0.0, 0.0
11.474465370178223, 0.9763768911361694, 0.0, 0.0, 0.0
11.484471559524536, 0.9775564074516296, 0.0, 0.0, 0.0
11.494508504867554, 0.9810298085212708, 0.0, 0.0, 0.0
11.504481792449951, 0.9790999889373779, 0.0, 0.0, 0.0
11.514496326446533, 0.97634357213974, 0.0, 0.0, 0.0
11.524476289749146, 0.9786224365234375, 0.0, 0.0, 0.0
11.534477233886719, 0.9750788807868958, 0.0, 0.0, 0.0
11.544468402862549, 0.9790438413619995, 0.0, 0.0, 0.0
11.554483890533447, 0.982577919960022, 0.0, 0.0, 0.0
11.564496994018555, 0.9764096736907959, 0.0, 0.0, 0.0
11.574486494064331, 0.9789237380027771, 0.0, 0.0, 0.0
11.58451533317566, 0.9730654358863831, 0.0, 0.0, 0.0
11.594466924667358, 0.9766578674316406, 0.0, 0.0, 0.0
11.60447072982788, 0.972608745098114, 0.0, 0.0, 0.0
11.614479303359985, 0.9727615714073181, 0.0, 0.0, 0.0
11.624468803405762, 0.9686340093612671, 0.0, 0.0, 0.0
11.634509325027466, 0.9767633676528931, 0.0, 0.0, 0.0
11.64449667930603, 0.9764316082000732, 0.0, 0.0, 0.0
11.654476881027222, 0.9750407934188843, 0.0, 0.0, 0.0
11.66449236869812, 0.9724480509757996, 0.0, 0.0, 0.0
11.674464464187622, 0.9756791591644287, 0.0, 0.0, 0.0
11.684509992599487, 0.9724864959716797, 0.0, 0.0, 0.0
11.6944899559021, 0.9753032326698303, 0.0, 0.0, 0.0
11.704497337341309, 0.9763686060905457, 0.0, 0.0, 0.0
11.714487075805664, 0.9755944609642029, 0.0, 0.0, 0.0
11.72450041770935, 0.9708519577980042, 0.0, 0.0, 0.0
11.734469413757324, 0.9766400456428528, 0.0, 0.0, 0.0
11.74446415901184, 0.9718048572540283, 0.0, 0.0, 0.0
11.754467487335205, 0.9735396504402161, 0.0, 0.0, 0.0
11.764503717422485, 0.9710472822189331, 0.0, 0.0, 0.0
11.774471044540405, 0.9714434742927551, 0.0, 0.0, 0.0
11.784472465515137, 0.9698452353477478, 0.0, 0.0, 0.0
11.794463396072388, 0.9716594815254211, 0.0, 0.0, 0.0
11.8044593334198, 0.9725106954574585, 0.0, 0.0, 0.0
11.814461946487427, 0.9737073183059692, 0.0, 0.0, 0.0
11.824458360671997, 0.9703665971755981, 0.0, 0.0, 0.0
11.834495782852173, 0.9729290008544922, 0.0, 0.0, 0.0
11.844496488571167, 0.9701364040374756, 0.0, 0.0, 0.0
11.854471683502197, 0.9709654450416565, 0.0, 0.0, 0.0
11.86446499824524, 0.9709479808807373, 0.0, 0.0, 0.0
11.874463558197021, 0.9746781587600708, 0.0, 0.0, 0.0
11.88446307182312, 0.971050500869751, 0.0, 0.0, 0.0
11.894472360610962, 0.9730860590934753, 0.0, 0.0, 0.0
11.90449047088623, 0.972684919834137, 0.0, 0.0, 0.0
11.914456605911255, 0.9720883369445801, 0.0, 0.0, 0.0
11.92447543144226, 0.9721533060073853, 0.0, 0.0, 0.0
11.934468269348145, 0.9725753664970398, 0.0, 0.0, 0.0
11.94447922706604, 0.9744502902030945, 0.0, 0.0, 0.0
11.954504489898682, 0.9721230268478394, 0.0, 0.0, 0.0
11.96448040008545, 0.9745282530784607, 0.0, 0.0, 0.0
11.974467277526855, 0.9730009436607361, 0.0, 0.0, 0.0
11.984460592269897, 0.9729065299034119, 0.0, 0.0, 0.0
11.994502544403076, 0.9735535383224487, 0.0, 0.0, 0.0
12.004510164260864, 0.9724980592727661, 0.0, 0.0, 0.0
12.0144624710083, 0.9859758615493774, 0.0, 0.0, 0.0
12.02447509765625, 0.9734028577804565, 0.0, 0.0, 0.0
12.034467220306396, 0.9856307506561279, 0.0, 0.0, 0.0
12.044507265090942, 0.986360490322113, 0.0, 0.0, 0.0
12.054490089416504, 0.9853085279464722, 0.0, 0.0, 0.0
12.06446647644043, 0.9864456653594971, 0.0, 0.0, 0.0
12.074469327926636, 0.9739394187927246, 0.0, 0.0, 0.0
12.084482431411743, 0.9906742572784424, 0.0, 0.0, 0.0
12.094468116760254, 0.9855039715766907, 0.0, 0.0, 0.0
12.104505062103271, 0.9803359508514404, 0.0, 0.0, 0.0
12.114458084106445, 0.9859844446182251, 0.0, 0.0, 0.0
12.124464273452759, 0.9897070527076721, 0.0, 0.0, 0.0
12.134471416473389, 0.9891603589057922, 0.0, 0.0, 0.0
12.144476652145386, 0.9901783466339111, 0.0, 0.0, 0.0
12.154475212097168, 0.9848717451095581, 0.0, 0.0, 0.0
12.16446328163147, 0.9941479563713074, 0.0, 0.0, 0.0
12.174456596374512, 0.9900984168052673, 0.0, 0.0, 0.0
12.184473514556885, 0.9862968921661377, 0.0, 0.0, 0.0
12.194473028182983, 0.9857836961746216, 0.0, 0.0, 0.0
12.204470872879028, 0.9861822724342346, 0.0, 0.0, 0.0
12.214502334594727, 0.985781192779541, 0.0, 0.0, 0.0
12.22448205947876, 0.9891114830970764, 0.0, 0.0, 0.0
12.234513521194458, 0.9858205318450928, 0.0, 0.0, 0.0
12.244461059570312, 0.988659679889679, 0.0, 0.0, 0.0
12.254492282867432, 0.9870866537094116, 0.0, 0.0, 0.0
12.264511346817017, 0.9883812069892883, 0.0, 0.0, 0.0
12.274497985839844, 0.9877185225486755, 0.0, 0.0, 0.0
12.28449559211731, 0.984281063079834, 0.0, 0.0, 0.0
12.294463396072388, 0.9847806096076965, 0.0, 0.0, 0.0
12.304498434066772, 0.8744680881500244, 0.0, 0.0, 0.0
12.314518213272095, 0.9932630658149719, 0.0, 0.0, 0.0
12.324469327926636, 0.8744680881500244, 0.0, 0.0, 0.0
12.33448600769043, 0.9888070821762085, 0.0, 0.0, 0.0
12.34447956085205, 0.9885179996490479, 0.0, 0.0, 0.0
