3.5762786865234375e-06, 0.0, 0.0, 0.0
7.128715515136719e-05, 0.0, 0.0, 0.0
0.009773492813110352, 0.0, 0.0, 0.0
0.019748687744140625, 0.0, 0.0, 0.0
0.029764413833618164, 0.0, 0.0, 0.0
0.03972744941711426, 0.0, 0.0, 0.0
0.049750566482543945, 0.0, 0.0, 0.0
0.0597834587097168, 0.0, 0.0, 0.0
0.06974244117736816, 0.0, 0.0, 0.0
0.07973909378051758, 0.0, 0.0, 0.0
0.0897207260131836, 0.0, 0.0, 0.0
0.09977126121520996, 0.0, 0.0, 0.0
0.10978960990905762, 0.0, 0.0, 0.0
0.11975979804992676, 0.0, 0.0, 0.0
0.1297743320465088, 0.0, 0.0, 0.0
0.13972091674804688, 0.0, 0.0, 0.0
0.14978361129760742, 0.0, 0.0, 0.0
0.15976333618164062, 0.0, 0.0, 0.0
0.16974258422851562, 0.0, 0.0, 0.0
0.17973613739013672, 0.0, 0.0, 0.0
0.18978500366210938, 0.0, 0.0, 0.0
0.19975566864013672, 0.0, 0.0, 0.0
0.20974159240722656, 0.0, 0.0, 0.0
0.2197260856628418, 0.0, 0.0, 0.0
0.22976446151733398, 0.0, 0.0, 0.0
0.23984980583190918, 0.0, 0.0, 0.0
0.24983644485473633, 0.0, 0.0, 0.0
0.25980639457702637, 0.0, 0.0, 0.0
0.2698349952697754, 0.0, 0.0, 0.0
0.27988672256469727, 0.0, 0.0, 0.0
0.2898898124694824, 0.0, 0.0, 0.0
0.29990124702453613, 0.0, 0.0, 0.0
0.31012940406799316, 0.0, 0.0, 0.0
0.31981635093688965, 0.0, 0.0, 0.0
0.32977986335754395, 0.0, 0.0, 0.0
0.33993077278137207, 0.0, 0.0, 0.0
0.3497803211212158, 0.0, 0.0, 0.0
0.35979652404785156, 0.0, 0.0, 0.0
0.3698446750640869, 0.0, 0.0, 0.0
0.37978243827819824, 0.0, 0.0, 0.0
0.3897402286529541, 0.0, 0.0, 0.0
0.39977383613586426, 0.0, 0.0, 0.0
0.409787654876709, 0.0, 0.0, 0.0
0.4198017120361328, 0.0, 0.0, 0.0
0.4298436641693115, 0.0, 0.0, 0.0
0.43979763984680176, 0.0, 0.0, 0.0
0.4498147964477539, 0.0, 0.0, 0.0
0.4598121643066406, 0.0, 0.0, 0.0
0.46974945068359375, 0.0, 0.0, 0.0
0.47986459732055664, 0.0, 0.0, 0.0
0.48990750312805176, 0.0, 0.0, 0.0
0.4998035430908203, 0.0, 0.0, 0.0
0.5097882747650146, 0.0, 0.0, 0.0
0.519801139831543, 0.0, 0.0, 0.0
0.5298311710357666, 0.0, 0.0, 0.0
0.5398335456848145, 0.0, 0.0, 0.0
0.5498223304748535, 0.0, 0.0, 0.0
0.5598704814910889, 0.0, 0.0, 0.0
0.5698809623718262, 0.0, 0.0, 0.0
0.5797479152679443, 0.0, 0.0, 0.0
0.5898153781890869, 0.0, 0.0, 0.0
0.5997354984283447, 0.0, 0.0, 0.0
0.6097354888916016, 0.0, 0.0, 0.0
0.6197717189788818, 0.0, 0.0, 0.0
0.6298120021820068, 0.0, 0.0, 0.0
0.6397778987884521, 0.0, 0.0, 0.0
0.649763822555542, 0.0, 0.0, 0.0
0.6597058773040771, 0.0, 0.0, 0.0
0.6697499752044678, 0.0, 0.0, 0.0
0.6797256469726562, 0.0, 0.0, 0.0
0.6897995471954346, 0.0, 0.0, 0.0
0.6997365951538086, 0.0, 0.0, 0.0
0.7097501754760742, 0.0, 0.0, 0.0
0.7197239398956299, 0.0, 0.0, 0.0
0.7297244071960449, 0.0, 0.0, 0.0
0.7397615909576416, 0.0, 0.0, 0.0
0.7497365474700928, 0.0, 0.0, 0.0
0.7597568035125732, 0.0, 0.0, 0.0
0.7697451114654541, 0.0, 0.0, 0.0
0.7797496318817139, 0.0, 0.0, 0.0
0.7897427082061768, 0.0, 0.0, 0.0
0.7997753620147705, 0.0, 0.0, 0.0
0.809800386428833, 0.0, 0.0, 0.0
0.8198442459106445, 0.0, 0.0, 0.0
0.8298163414001465, 0.0, 0.0, 0.0
0.8397912979125977, 0.0, 0.0, 0.0
0.8498198986053467, 0.0, 0.0, 0.0
0.8598456382751465, 0.0, 0.0, 0.0
0.8697688579559326, 0.0, 0.0, 0.0
0.8797099590301514, 0.0, 0.0, 0.0
0.8897428512573242, 0.0, 0.0, 0.0
0.8997664451599121, 0.0, 0.0, 0.0
0.9097027778625488, 0.0, 0.0, 0.0
0.919745922088623, 0.0, 0.0, 0.0
0.9297125339508057, 0.0, 0.0, 0.0
0.9397628307342529, 0.0, 0.0, 0.0
0.9497628211975098, 0.0, 0.0, 0.0
0.9597878456115723, 0.0, 0.0, 0.0
0.9697434902191162, 0.0, 0.0, 0.0
0.9797861576080322, 0.0, 0.0, 0.0
0.989799976348877, 0.0, 0.0, 0.0
0.9997506141662598, 0.0, 0.0, 0.0
1.0097239017486572, 0.0, 0.0, 0.0
1.0197820663452148, 0.0, 0.0, 0.0
1.0297245979309082, 0.0, 0.0, 0.0
1.0397536754608154, 0.0, 0.0, 0.0
1.0497870445251465, 0.0, 0.0, 0.0
1.059800386428833, 0.0, 0.0, 0.0
1.069751501083374, 0.0, 0.0, 0.0
1.0797688961029053, 0.0, 0.0, 0.0
1.0897817611694336, 0.0, 0.0, 0.0
1.0998053550720215, 0.0, 0.0, 0.0
1.1098811626434326, 0.0, 0.0, 0.0
1.1198325157165527, 0.0, 0.0, 0.0
1.1298880577087402, 0.0, 0.0, 0.0
1.1398086547851562, 0.0, 0.0, 0.0
1.1498279571533203, 0.0, 0.0, 0.0
1.159841775894165, 0.0, 0.0, 0.0
1.1698241233825684, 0.0, 0.0, 0.0
1.1797614097595215, 0.0, 0.0, 0.0
1.1897239685058594, 0.0, 0.0, 0.0
1.1997947692871094, 0.0, 0.0, 0.0
1.2097606658935547, 0.0, 0.0, 0.0
1.219756841659546, 0.0, 0.0, 0.0
1.2298061847686768, 0.0, 0.0, 0.0
1.2398028373718262, 0.0, 0.0, 0.0
1.2497360706329346, 0.0, 0.0, 0.0
1.2597947120666504, 0.0, 0.0, 0.0
1.2697827816009521, 0.0, 0.0, 0.0
1.2798099517822266, 0.0, 0.0, 0.0
1.289811134338379, 0.0, 0.0, 0.0
1.2998332977294922, 0.0, 0.0, 0.0
1.3098266124725342, 0.0, 0.0, 0.0
1.3197245597839355, 0.0, 0.0, 0.0
1.3297984600067139, 0.0, 0.0, 0.0
1.3397390842437744, 0.0, 0.0, 0.0
1.3497939109802246, 0.0, 0.0, 0.0
1.3597123622894287, 0.0, 0.0, 0.0
1.3697705268859863, 0.0, 0.0, 0.0
1.379709243774414, 0.0, 0.0, 0.0
1.3897321224212646, 0.0, 0.0, 0.0
1.3997747898101807, 0.0, 0.0, 0.0
1.4097418785095215, 0.0, 0.0, 0.0
1.4198026657104492, 0.0, 0.0, 0.0
1.4298555850982666, 0.0, 0.0, 0.0
1.4397680759429932, 0.0, 0.0, 0.0
1.4497973918914795, 0.0, 0.0, 0.0
1.4598042964935303, 0.0, 0.0, 0.0
1.4697775840759277, 0.0, 0.0, 0.0
1.4797277450561523, 0.0, 0.0, 0.0
1.4897792339324951, 0.0, 0.0, 0.0
1.499737024307251, 0.0, 0.0, 0.0
1.5097630023956299, 0.0, 0.0, 0.0
1.5197534561157227, 0.0, 0.0, 0.0
1.529773235321045, 0.0, 0.0, 0.0
1.5397939682006836, 0.0, 0.0, 0.0
1.5497355461120605, 0.0, 0.0, 0.0
1.5597624778747559, 0.0, 0.0, 0.0
1.5697758197784424, 0.0, 0.0, 0.0
1.5797269344329834, 0.0, 0.0, 0.0
1.5897877216339111, 0.0, 0.0, 0.0
1.5997612476348877, 0.0, 0.0, 0.0
1.6097476482391357, 0.0, 0.0, 0.0
1.6197295188903809, 0.7935484051704407, 0.0, 0.0
1.629734754562378, 0.7956989407539368, 0.0, 0.0
1.6397147178649902, 0.7978494763374329, 0.0, 0.0
1.6497337818145752, 0.800000011920929, 0.0, 0.0
1.6597380638122559, 0.802150547504425, 0.0, 0.0
1.669727087020874, 0.8043010830879211, 0.0, 0.0
1.679732322692871, 0.8086021542549133, 0.0, 0.0
1.6897189617156982, 0.8107526898384094, 0.0, 0.0
1.699768304824829, 0.8150537610054016, 0.0, 0.0
1.7097282409667969, 0.8172042965888977, 0.0, 0.0
1.7197141647338867, 0.8215053677558899, 0.0, 0.0
1.7296981811523438, 0.8258064389228821, 0.0, 0.0
1.7397098541259766, 0.8279569745063782, 0.0, 0.0
1.7497053146362305, 0.8322580456733704, 0.0, 0.0
1.7597103118896484, 0.8344085812568665, 0.0, 0.0
1.7697255611419678, 0.8365591168403625, 0.0, 0.0
1.7797162532806396, 0.8387096524238586, 0.0, 0.0
1.7897014617919922, 0.8430107235908508, 0.0, 0.0
1.7997419834136963, 0.8451613187789917, 0.0, 0.0
1.8097190856933594, 0.8473118543624878, 0.0, 0.0
1.8197073936462402, 0.8494623899459839, 0.0, 0.0
1.829698085784912, 0.85161292552948, 0.0, 0.0
1.8396966457366943, 0.8537634611129761, 0.0, 0.0
1.8497347831726074, 0.8559139966964722, 0.0, 0.0
1.859738826751709, 0.8580645322799683, 0.0, 0.0
1.8697011470794678, 0.8580645322799683, 0.0, 0.0
1.8797006607055664, 0.8623656034469604, 0.0, 0.0
1.889714241027832, 0.8623656034469604, 0.0, 0.0
1.8997063636779785, 0.8645161390304565, 0.0, 0.0
1.9097158908843994, 0.8666666746139526, 0.0, 0.0
1.9197361469268799, 0.8688172101974487, 0.0, 0.0
1.9296927452087402, 0.8709677457809448, 0.0, 0.0
1.9397010803222656, 0.8731182813644409, 0.0, 0.0
1.9496958255767822, 0.875268816947937, 0.0, 0.0
1.9597010612487793, 0.8774193525314331, 0.0, 0.0
1.9697275161743164, 0.8795698881149292, 0.0, 0.0
1.979717493057251, 0.8817204236984253, 0.0, 0.0
1.9897019863128662, 0.8838709592819214, 0.0, 0.0
1.9997100830078125, 0.8838709592819214, 0.0, 0.0
2.0097784996032715, 0.8881720304489136, 0.0, 0.0
2.019724130630493, 0.8881720304489136, 0.0, 0.0
2.029736280441284, 0.8924731016159058, 0.0, 0.0
2.039710760116577, 0.8924731016159058, 0.0, 0.0
2.049701452255249, 0.8946236371994019, 0.0, 0.0
2.059708833694458, 0.8946236371994019, 0.0, 0.0
2.069708824157715, 0.8946236371994019, 0.0, 0.0
2.079710006713867, 0.8946236371994019, 0.0, 0.0
2.0897722244262695, 0.8903225660324097, 0.0, 0.0
2.0997302532196045, 0.8881720304489136, 0.0, 0.0
2.1097493171691895, 0.8881720304489136, 0.0, 0.0
2.119748115539551, 0.8860214948654175, 0.0, 0.0
2.1297109127044678, 0.8838709592819214, 0.0, 0.0
2.1397156715393066, 0.8838709592819214, 0.0, 0.0
2.1497652530670166, 0.8838709592819214, 0.0, 0.0
2.159761905670166, 0.8838709592819214, 0.0, 0.0
2.169694662094116, 0.8838709592819214, 0.0, 0.0
2.1797094345092773, 0.8860214948654175, 0.0, 0.0
2.189725875854492, 0.8860214948654175, 0.0, 0.0
2.1997182369232178, 0.8860214948654175, 0.0, 0.0
2.209737539291382, 0.8838709592819214, 0.0, 0.0
2.2197446823120117, 0.8838709592819214, 0.0, 0.0
2.2297415733337402, 0.8838709592819214, 0.0, 0.0
2.23972749710083, 0.8838709592819214, 0.0, 0.0
2.2499115467071533, 0.8838709592819214, 0.0, 0.0
2.2597222328186035, 0.8838709592819214, 0.0, 0.0
2.2697019577026367, 0.8860214948654175, 0.0, 0.0
2.2797441482543945, 0.8860214948654175, 0.0, 0.0
2.2897469997406006, 0.8860214948654175, 0.0, 0.0
2.299733877182007, 0.8860214948654175, 0.0, 0.0
2.309736728668213, 0.8838709592819214, 0.0, 0.0
2.3197336196899414, 0.8838709592819214, 0.0, 0.0
2.329721212387085, 0.8838709592819214, 0.0, 0.0
2.339749813079834, 0.8838709592819214, 0.0, 0.0
2.3496992588043213, 0.8860214948654175, 0.0, 0.0
2.3597052097320557, 0.8860214948654175, 0.0, 0.0
2.369704246520996, 0.8838709592819214, 0.0, 0.0
2.379701852798462, 0.8838709592819214, 0.0, 0.0
2.389711618423462, 0.8838709592819214, 0.0, 0.0
2.3996965885162354, 0.8838709592819214, 0.0, 0.0
2.409702777862549, 0.8838709592819214, 0.0, 0.0
2.4197113513946533, 0.8838709592819214, 0.0, 0.0
2.4297163486480713, 0.8838709592819214, 0.0, 0.0
2.439744234085083, 0.8838709592819214, 0.0, 0.0
2.449719190597534, 0.8838709592819214, 0.0, 0.0
2.4597041606903076, 0.8838709592819214, 0.0, 0.0
2.4696927070617676, 0.8838709592819214, 0.0, 0.0
2.479727029800415, 0.8838709592819214, 0.0, 0.0
2.4898107051849365, 0.8838709592819214, 0.0, 0.0
2.499703884124756, 0.8838709592819214, 0.0, 0.0
2.5096993446350098, 0.8838709592819214, 0.0, 0.0
2.519690990447998, 0.8838709592819214, 0.0, 0.0
2.5297019481658936, 0.8838709592819214, 0.0, 0.0
2.5397439002990723, 0.8838709592819214, 0.0, 0.0
2.549741744995117, 0.8838709592819214, 0.0, 0.0
2.5597407817840576, 0.8838709592819214, 0.0, 0.0
2.5697357654571533, 0.8838709592819214, 0.0, 0.0
2.5797336101531982, 0.8817204236984253, 0.0, 0.0
2.589691400527954, 0.8817204236984253, 0.0, 0.0
2.599703311920166, 0.8817204236984253, 0.0, 0.0
2.609713315963745, 0.8817204236984253, 0.0, 0.0
2.619725227355957, 0.8817204236984253, 0.0, 0.0
2.629711389541626, 0.8817204236984253, 0.0, 0.0
2.6397032737731934, 0.8817204236984253, 0.0, 0.0
2.6497113704681396, 0.8817204236984253, 0.0, 0.0
2.659801483154297, 0.8817204236984253, 0.0, 0.0
2.6697113513946533, 0.8817204236984253, 0.0, 0.0
2.6797327995300293, 0.8817204236984253, 0.0, 0.0
2.689744710922241, 0.8817204236984253, 0.0, 0.0
2.6997127532958984, 0.8817204236984253, 0.0, 0.0
2.7097432613372803, 0.8817204236984253, 0.0, 0.0
2.719705581665039, 0.8817204236984253, 0.0, 0.0
2.7297260761260986, 0.8817204236984253, 0.0, 0.0
2.739727020263672, 0.8817204236984253, 0.0, 0.0
2.74979829788208, 0.8817204236984253, 0.0, 0.0
2.759735345840454, 0.8817204236984253, 0.0, 0.0
2.7697391510009766, 0.8817204236984253, 0.0, 0.0
2.7797162532806396, 0.8817204236984253, 0.0, 0.0
2.7897086143493652, 0.8817204236984253, 0.0, 0.0
2.799762725830078, 0.8817204236984253, 0.0, 0.0
2.8097000122070312, 0.8817204236984253, 0.0, 0.0
2.8197693824768066, 0.8817204236984253, 0.0, 0.0
2.829716205596924, 0.8817204236984253, 0.0, 0.0
2.8397409915924072, 0.8817204236984253, 0.0, 0.0
2.8497347831726074, 0.8817204236984253, 0.0, 0.0
2.8597536087036133, 0.8817204236984253, 0.0, 0.0
2.8697381019592285, 0.8817204236984253, 0.0, 0.0
2.8797106742858887, 0.8817204236984253, 0.0, 0.0
2.889711856842041, 0.8817204236984253, 0.0, 0.0
2.8997154235839844, 0.8817204236984253, 0.0, 0.0
2.9097254276275635, 0.8817204236984253, 0.0, 0.0
2.9197466373443604, 0.8817204236984253, 0.0, 0.0
2.9297728538513184, 0.8838709592819214, 0.0, 0.0
2.9397218227386475, 0.8838709592819214, 0.0, 0.0
2.9497196674346924, 0.8838709592819214, 0.0, 0.0
2.9597737789154053, 0.8838709592819214, 0.0, 0.0
2.9697844982147217, 0.8838709592819214, 0.0, 0.0
2.9797608852386475, 0.8838709592819214, 0.0, 0.0
2.9897100925445557, 0.8838709592819214, 0.0, 0.0
2.999723196029663, 0.8838709592819214, 0.0, 0.0
3.0097286701202393, 0.8838709592819214, 0.0, 0.0
3.0197365283966064, 0.8838709592819214, 0.0, 0.0
3.029771089553833, 0.8838709592819214, 0.0, 0.0
3.0396974086761475, 0.8838709592819214, 0.0, 0.0
3.049736499786377, 0.8838709592819214, 0.0, 0.0
3.0597317218780518, 0.8838709592819214, 0.0, 0.0
3.069722890853882, 0.8838709592819214, 0.0, 0.0
3.0797195434570312, 0.8838709592819214, 0.0, 0.0
3.08971905708313, 0.8838709592819214, 0.0, 0.0
3.099762439727783, 0.8860214948654175, 0.0, 0.0
3.10971736907959, 0.8860214948654175, 0.0, 0.0
3.119736433029175, 0.8860214948654175, 0.0, 0.0
3.1297199726104736, 0.8860214948654175, 0.0, 0.0
3.1397151947021484, 0.8860214948654175, 0.0, 0.0
3.1497161388397217, 0.8860214948654175, 0.0, 0.0
3.159719705581665, 0.8860214948654175, 0.0, 0.0
3.1696951389312744, 0.8860214948654175, 0.0, 0.0
3.179702043533325, 0.8860214948654175, 0.0, 0.0
3.189701795578003, 0.8860214948654175, 0.0, 0.0
3.1997063159942627, 0.8860214948654175, 0.0, 0.0
3.209728717803955, 0.8860214948654175, 0.0, 0.0
3.2197115421295166, 0.8860214948654175, 0.0, 0.0
3.2297027111053467, 0.8860214948654175, 0.0, 0.0
3.2397313117980957, 0.8860214948654175, 0.0, 0.0
3.249728202819824, 0.8881720304489136, 0.0, 0.0
3.259733200073242, 0.8881720304489136, 0.0, 0.0
3.269693374633789, 0.8881720304489136, 0.0, 0.0
3.279738664627075, 0.8881720304489136, 0.0, 0.0
3.2897231578826904, 0.8881720304489136, 0.0, 0.0
3.299722909927368, 0.8881720304489136, 0.0, 0.0
3.309695243835449, 0.8881720304489136, 0.0, 0.0
3.3196985721588135, 0.8881720304489136, 0.0, 0.0
3.3297042846679688, 0.8881720304489136, 0.0, 0.0
3.33975887298584, 0.8881720304489136, 0.0, 0.0
3.349720001220703, 0.8881720304489136, 0.0, 0.0
3.3597123622894287, 0.8881720304489136, 0.0, 0.0
3.369715452194214, 0.8881720304489136, 0.0, 0.0
3.3797523975372314, 0.8881720304489136, 0.0, 0.0
3.389740228652954, 0.8881720304489136, 0.0, 0.0
3.399714946746826, 0.8881720304489136, 0.0, 0.0
3.409700393676758, 0.8881720304489136, 0.0, 0.0
3.419710397720337, 0.8881720304489136, 0.0, 0.0
3.4297125339508057, 0.8881720304489136, 0.0, 0.0
3.439713954925537, 0.8881720304489136, 0.0, 0.0
3.449702262878418, 0.8881720304489136, 0.0, 0.0
3.4597060680389404, 0.8881720304489136, 0.0, 0.0
3.469712734222412, 0.8881720304489136, 0.0, 0.0
3.479767322540283, 0.8881720304489136, 0.0, 0.0
3.489705801010132, 0.8881720304489136, 0.0, 0.0
3.4997193813323975, 0.8881720304489136, 0.0, 0.0
3.5097248554229736, 0.8881720304489136, 0.0, 0.0
3.5197134017944336, 0.8881720304489136, 0.0, 0.0
3.5297088623046875, 0.8881720304489136, 0.0, 0.0
3.539724111557007, 0.8881720304489136, 0.0, 0.0
3.5497143268585205, 0.8881720304489136, 0.0, 0.0
3.559748411178589, 0.8881720304489136, 0.0, 0.0
3.569727659225464, 0.8881720304489136, 0.0, 0.0
3.5797548294067383, 0.8881720304489136, 0.0, 0.0
3.589695692062378, 0.8881720304489136, 0.0, 0.0
3.5997140407562256, 0.8881720304489136, 0.0, 0.0
3.6097025871276855, 0.8881720304489136, 0.0, 0.0
3.6197526454925537, 0.8881720304489136, 0.0, 0.0
3.629734754562378, 0.8881720304489136, 0.0, 0.0
3.6397197246551514, 0.8881720304489136, 0.0, 0.0
3.6497204303741455, 0.8881720304489136, 0.0, 0.0
3.659759759902954, 0.8881720304489136, 0.0, 0.0
3.669734001159668, 0.8881720304489136, 0.0, 0.0
3.6797051429748535, 0.8881720304489136, 0.0, 0.0
3.6897330284118652, 0.8881720304489136, 0.0, 0.0
3.6997230052948, 0.8881720304489136, 0.0, 0.0
3.7097411155700684, 0.8881720304489136, 0.0, 0.0
3.7197341918945312, 0.8881720304489136, 0.0, 0.0
3.7297163009643555, 0.8881720304489136, 0.0, 0.0
3.739745616912842, 0.8881720304489136, 0.0, 0.0
3.749704122543335, 0.8881720304489136, 0.0, 0.0
3.7597134113311768, 0.8881720304489136, 0.0, 0.0
3.769731283187866, 0.8881720304489136, 0.0, 0.0
3.779757261276245, 0.8881720304489136, 0.0, 0.0
3.7897400856018066, 0.8881720304489136, 0.0, 0.0
3.7997398376464844, 0.8860214948654175, 0.0, 0.0
3.8097004890441895, 0.8881720304489136, 0.0, 0.0
3.819714307785034, 0.8860214948654175, 0.0, 0.0
3.829728126525879, 0.8860214948654175, 0.0, 0.0
3.8397185802459717, 0.8881720304489136, 0.0, 0.0
3.8497424125671387, 0.8881720304489136, 0.0, 0.0
3.859724521636963, 0.8881720304489136, 0.0, 0.0
3.8697445392608643, 0.8860214948654175, 0.0, 0.0
3.8797645568847656, 0.8860214948654175, 0.0, 0.0
3.8897359371185303, 0.8860214948654175, 0.0, 0.0
3.8997249603271484, 0.8860214948654175, 0.0, 0.0
3.909735918045044, 0.8860214948654175, 0.0, 0.0
3.9197423458099365, 0.8860214948654175, 0.0, 0.0
3.929750442504883, 0.8860214948654175, 0.0, 0.0
3.939718723297119, 0.8860214948654175, 0.0, 0.0
3.9497110843658447, 0.8860214948654175, 0.0, 0.0
3.9597396850585938, 0.8860214948654175, 0.0, 0.0
3.9697070121765137, 0.8860214948654175, 0.0, 0.0
3.979703903198242, 0.8860214948654175, 0.0, 0.0
3.9897170066833496, 0.8860214948654175, 0.0, 0.0
3.9997429847717285, 0.8860214948654175, 0.0, 0.0
4.009719133377075, 0.8860214948654175, 0.0, 0.0
4.0197319984436035, 0.8860214948654175, 0.0, 0.0
4.029699087142944, 0.8860214948654175, 0.0, 0.0
4.039713382720947, 0.8860214948654175, 0.0, 0.0
4.049700736999512, 0.8860214948654175, 0.0, 0.0
4.059704303741455, 0.8860214948654175, 0.0, 0.0
4.069700241088867, 0.8860214948654175, 0.0, 0.0
4.079751014709473, 0.8860214948654175, 0.0, 0.0
4.089738130569458, 0.8860214948654175, 0.0, 0.0
4.099744081497192, 0.8860214948654175, 0.0, 0.0
4.109739780426025, 0.8860214948654175, 0.0, 0.0
4.119709491729736, 0.8860214948654175, 0.0, 0.0
4.129711627960205, 0.8860214948654175, 0.0, 0.0
4.139723062515259, 0.8860214948654175, 0.0, 0.0
4.149701118469238, 0.8860214948654175, 0.0, 0.0
4.159722805023193, 0.8860214948654175, 0.0, 0.0
4.169730186462402, 0.8860214948654175, 0.0, 0.0
4.179698467254639, 0.8860214948654175, 0.0, 0.0
4.189708232879639, 0.8860214948654175, 0.0, 0.0
4.199737787246704, 0.8860214948654175, 0.0, 0.0
4.209715843200684, 0.8860214948654175, 0.0, 0.0
4.2196948528289795, 0.8860214948654175, 0.0, 0.0
4.229722023010254, 0.8860214948654175, 0.0, 0.0
4.239745378494263, 0.8860214948654175, 0.0, 0.0
4.249698638916016, 0.8860214948654175, 0.0, 0.0
4.259697198867798, 0.8860214948654175, 0.0, 0.0
4.2697436809539795, 0.8860214948654175, 0.0, 0.0
4.279711008071899, 0.8860214948654175, 0.0, 0.0
4.289701461791992, 0.8860214948654175, 0.0, 0.0
4.299756288528442, 0.8860214948654175, 0.0, 0.0
4.309762954711914, 0.8860214948654175, 0.0, 0.0
4.3196961879730225, 0.8860214948654175, 0.0, 0.0
4.329739332199097, 0.8860214948654175, 0.0, 0.0
4.339720010757446, 0.8838709592819214, 0.0, 0.0
4.349713087081909, 0.8838709592819214, 0.0, 0.0
4.359730958938599, 0.8838709592819214, 0.0, 0.0
4.369738340377808, 0.8838709592819214, 0.0, 0.0
4.379746675491333, 0.8838709592819214, 0.0, 0.0
4.3897318840026855, 0.8838709592819214, 0.0, 0.0
4.399712324142456, 0.8838709592819214, 0.0, 0.0
4.409689664840698, 0.8838709592819214, 0.0, 0.0
4.419705152511597, 0.8838709592819214, 0.0, 0.0
4.429731369018555, 0.8838709592819214, 0.0, 0.0
4.43971061706543, 0.8838709592819214, 0.0, 0.0
4.449705362319946, 0.8838709592819214, 0.0, 0.0
4.4597015380859375, 0.8838709592819214, 0.0, 0.0
4.469730854034424, 0.8838709592819214, 0.0, 0.0
4.479735612869263, 0.8838709592819214, 0.0, 0.0
4.489742755889893, 0.8838709592819214, 0.0, 0.0
4.499711036682129, 0.8838709592819214, 0.0, 0.0
4.5097105503082275, 0.8838709592819214, 0.0, 0.0
4.519733428955078, 0.8817204236984253, 0.0, 0.0
4.52970814704895, 0.8817204236984253, 0.0, 0.0
4.539754867553711, 0.8817204236984253, 0.0, 0.0
4.5497145652771, 0.8817204236984253, 0.0, 0.0
4.559748411178589, 0.8817204236984253, 0.0, 0.0
4.569737195968628, 0.8817204236984253, 0.0, 0.0
4.579751253128052, 0.8817204236984253, 0.0, 0.0
4.5897276401519775, 0.8817204236984253, 0.0, 0.0
4.599732398986816, 0.8817204236984253, 0.0, 0.0
4.6096954345703125, 0.8817204236984253, 0.0, 0.0
4.619699716567993, 0.8817204236984253, 0.0, 0.0
4.629706382751465, 0.8817204236984253, 0.0, 0.0
4.6397154331207275, 0.8817204236984253, 0.0, 0.0
4.649717092514038, 0.8817204236984253, 0.0, 0.0
4.659710884094238, 0.8817204236984253, 0.0, 0.0
4.669720411300659, 0.8817204236984253, 0.0, 0.0
4.679719924926758, 0.8817204236984253, 0.0, 0.0
4.689710855484009, 0.8817204236984253, 0.0, 0.0
4.699738025665283, 0.8817204236984253, 0.0, 0.0
4.709874391555786, 0.8817204236984253, 0.0, 0.0
4.7196996212005615, 0.8817204236984253, 0.0, 0.0
4.729712963104248, 0.8817204236984253, 0.0, 0.0
4.739706754684448, 0.8817204236984253, 0.0, 0.0
4.7497053146362305, 0.8817204236984253, 0.0, 0.0
4.759799242019653, 0.8817204236984253, 0.0, 0.0
4.7697038650512695, 0.8817204236984253, 0.0, 0.0
4.779752016067505, 0.8817204236984253, 0.0, 0.0
4.789765119552612, 0.8817204236984253, 0.0, 0.0
4.799712181091309, 0.8795698881149292, 0.0, 0.0
4.8097333908081055, 0.8817204236984253, 0.0, 0.0
4.819706439971924, 0.8817204236984253, 0.0, 0.0
4.829701662063599, 0.8817204236984253, 0.0, 0.0
4.839708089828491, 0.8817204236984253, 0.0, 0.0
4.849704027175903, 0.8817204236984253, 0.0, 0.0
4.859709739685059, 0.8817204236984253, 0.0, 0.0
4.869724273681641, 0.8817204236984253, 0.0, 0.0
4.879748821258545, 0.8817204236984253, 0.0, 0.0
4.8897035121917725, 0.8817204236984253, 0.0, 0.0
4.899709701538086, 0.8817204236984253, 0.0, 0.0
4.909719228744507, 0.8817204236984253, 0.0, 0.0
4.9197704792022705, 0.8817204236984253, 0.0, 0.0
4.929702520370483, 0.8817204236984253, 0.0, 0.0
4.9397132396698, 0.8817204236984253, 0.0, 0.0
4.949733018875122, 0.8817204236984253, 0.0, 0.0
4.959748029708862, 0.8817204236984253, 0.0, 0.0
4.9696972370147705, 0.8817204236984253, 0.0, 0.0
4.979739189147949, 0.8817204236984253, 0.0, 0.0
4.989738941192627, 0.8817204236984253, 0.0, 0.0
4.9997031688690186, 0.8817204236984253, 0.0, 0.0
5.0097150802612305, 0.8817204236984253, 0.0, 0.0
5.0197131633758545, 0.8817204236984253, 0.0, 0.0
5.02974009513855, 0.8817204236984253, 0.0, 0.0
5.039705753326416, 0.8817204236984253, 0.0, 0.0
5.049693584442139, 0.8838709592819214, 0.0, 0.0
5.059708118438721, 0.8838709592819214, 0.0, 0.0
5.069697380065918, 0.8838709592819214, 0.0, 0.0
5.0797038078308105, 0.8838709592819214, 0.0, 0.0
5.089709043502808, 0.8838709592819214, 0.0, 0.0
5.099708557128906, 0.8838709592819214, 0.0, 0.0
5.109706878662109, 0.8838709592819214, 0.0, 0.0
5.119713306427002, 0.8838709592819214, 0.0, 0.0
5.129749059677124, 0.8838709592819214, 0.0, 0.0
5.1397175788879395, 0.8838709592819214, 0.0, 0.0
5.149738311767578, 0.8838709592819214, 0.0, 0.0
5.15975284576416, 0.8838709592819214, 0.0, 0.0
5.16969633102417, 0.8838709592819214, 0.0, 0.0
5.179731607437134, 0.8860214948654175, 0.0, 0.0
5.189748287200928, 0.8860214948654175, 0.0, 0.0
5.199709177017212, 0.8860214948654175, 0.0, 0.0
5.209706544876099, 0.8860214948654175, 0.0, 0.0
5.219742298126221, 0.8860214948654175, 0.0, 0.0
5.229716539382935, 0.8860214948654175, 0.0, 0.0
5.239727973937988, 0.8860214948654175, 0.0, 0.0
5.249715328216553, 0.8860214948654175, 0.0, 0.0
5.259718418121338, 0.8860214948654175, 0.0, 0.0
5.269713878631592, 0.8860214948654175, 0.0, 0.0
5.279741048812866, 0.8860214948654175, 0.0, 0.0
5.289701223373413, 0.8860214948654175, 0.0, 0.0
5.299718856811523, 0.8860214948654175, 0.0, 0.0
5.309709548950195, 0.8860214948654175, 0.0, 0.0
5.319737911224365, 0.8860214948654175, 0.0, 0.0
5.329710245132446, 0.8860214948654175, 0.0, 0.0
5.339722633361816, 0.8860214948654175, 0.0, 0.0
5.349722862243652, 0.8860214948654175, 0.0, 0.0
5.359718561172485, 0.8881720304489136, 0.0, 0.0
5.36970329284668, 0.8860214948654175, 0.0, 0.0
5.379749059677124, 0.8860214948654175, 0.0, 0.0
5.3897340297698975, 0.8860214948654175, 0.0, 0.0
5.39972448348999, 0.8881720304489136, 0.0, 0.0
5.409693956375122, 0.8881720304489136, 0.0, 0.0
5.419741868972778, 0.8881720304489136, 0.0, 0.0
5.4297449588775635, 0.8881720304489136, 0.0, 0.0
5.439711570739746, 0.8881720304489136, 0.0, 0.0
5.449711084365845, 0.8881720304489136, 0.0, 0.0
5.45972204208374, 0.8881720304489136, 0.0, 0.0
5.469734191894531, 0.8881720304489136, 0.0, 0.0
5.479710817337036, 0.8881720304489136, 0.0, 0.0
5.489704608917236, 0.8881720304489136, 0.0, 0.0
5.499712705612183, 0.8881720304489136, 0.0, 0.0
5.509747505187988, 0.8881720304489136, 0.0, 0.0
5.5197365283966064, 0.8881720304489136, 0.0, 0.0
5.529709339141846, 0.8881720304489136, 0.0, 0.0
5.539713144302368, 0.8881720304489136, 0.0, 0.0
5.549693822860718, 0.8881720304489136, 0.0, 0.0
5.559705495834351, 0.8881720304489136, 0.0, 0.0
5.569727182388306, 0.8881720304489136, 0.0, 0.0
5.5797247886657715, 0.8881720304489136, 0.0, 0.0
5.589704275131226, 0.8881720304489136, 0.0, 0.0
5.599698781967163, 0.8881720304489136, 0.0, 0.0
5.609701156616211, 0.8881720304489136, 0.0, 0.0
5.6197052001953125, 0.8881720304489136, 0.0, 0.0
5.629740476608276, 0.8881720304489136, 0.0, 0.0
5.639753341674805, 0.8881720304489136, 0.0, 0.0
5.649700403213501, 0.8881720304489136, 0.0, 0.0
5.65970516204834, 0.8860214948654175, 0.0, 0.0
5.669697999954224, 0.8881720304489136, 0.0, 0.0
5.679738283157349, 0.8860214948654175, 0.0, 0.0
5.689777612686157, 0.8881720304489136, 0.0, 0.0
5.6997764110565186, 0.8860214948654175, 0.0, 0.0
5.709714412689209, 0.8860214948654175, 0.0, 0.0
5.7197511196136475, 0.8881720304489136, 0.0, 0.0
5.729698896408081, 0.8860214948654175, 0.0, 0.0
5.739732503890991, 0.8860214948654175, 0.0, 0.0
5.749714374542236, 0.8860214948654175, 0.0, 0.0
5.7597901821136475, 0.8860214948654175, 0.0, 0.0
5.7697248458862305, 0.8860214948654175, 0.0, 0.0
5.77976655960083, 0.8860214948654175, 0.0, 0.0
5.789705991744995, 0.8860214948654175, 0.0, 0.0
5.7997448444366455, 0.8860214948654175, 0.0, 0.0
5.809743165969849, 0.8860214948654175, 0.0, 0.0
5.819742918014526, 0.8860214948654175, 0.0, 0.0
5.829711675643921, 0.8860214948654175, 0.0, 0.0
5.83973503112793, 0.8860214948654175, 0.0, 0.0
5.84974479675293, 0.8860214948654175, 0.0, 0.0
5.8597092628479, 0.8860214948654175, 0.0, 0.0
5.869730472564697, 0.8860214948654175, 0.0, 0.0
5.879742622375488, 0.8860214948654175, 0.0, 0.0
5.889733552932739, 0.8860214948654175, 0.0, 0.0
5.899756669998169, 0.8860214948654175, 0.0, 0.0
5.909746885299683, 0.8860214948654175, 0.0, 0.0
5.91973876953125, 0.8860214948654175, 0.0, 0.0
5.929702520370483, 0.8860214948654175, 0.0, 0.0
5.939710855484009, 0.8860214948654175, 0.0, 0.0
5.9497504234313965, 0.8860214948654175, 0.0, 0.0
5.959709167480469, 0.8860214948654175, 0.0, 0.0
5.969809055328369, 0.8860214948654175, 0.0, 0.0
5.9797043800354, 0.8860214948654175, 0.0, 0.0
5.989740371704102, 0.8860214948654175, 0.0, 0.0
5.999722957611084, 0.8860214948654175, 0.0, 0.0
6.009729862213135, 0.8860214948654175, 0.0, 0.0
6.019711494445801, 0.8860214948654175, 0.0, 0.0
6.0297346115112305, 0.8860214948654175, 0.0, 0.0
6.039711236953735, 0.8860214948654175, 0.0, 0.0
6.049742698669434, 0.8860214948654175, 0.0, 0.0
6.059715270996094, 0.8860214948654175, 0.0, 0.0
6.069711446762085, 0.8838709592819214, 0.0, 0.0
6.079758405685425, 0.8838709592819214, 0.0, 0.0
6.089698553085327, 0.8860214948654175, 0.0, 0.0
6.099733352661133, 0.8838709592819214, 0.0, 0.0
6.1097047328948975, 0.8838709592819214, 0.0, 0.0
6.119732856750488, 0.8838709592819214, 0.0, 0.0
6.129692792892456, 0.8838709592819214, 0.0, 0.0
6.139694452285767, 0.8838709592819214, 0.0, 0.0
6.149702072143555, 0.8838709592819214, 0.0, 0.0
6.159699440002441, 0.8838709592819214, 0.0, 0.0
6.169731140136719, 0.8838709592819214, 0.0, 0.0
6.1797120571136475, 0.8838709592819214, 0.0, 0.0
6.189733028411865, 0.8838709592819214, 0.0, 0.0
6.199754238128662, 0.8838709592819214, 0.0, 0.0
6.209721803665161, 0.8838709592819214, 0.0, 0.0
6.219707250595093, 0.8838709592819214, 0.0, 0.0
6.2297163009643555, 0.8838709592819214, 0.0, 0.0
6.239727020263672, 0.8838709592819214, 0.0, 0.0
6.249722003936768, 0.8838709592819214, 0.0, 0.0
6.2597198486328125, 0.8838709592819214, 0.0, 0.0
6.269744157791138, 0.8838709592819214, 0.0, 0.0
6.279717922210693, 0.8838709592819214, 0.0, 0.0
6.289734601974487, 0.8838709592819214, 0.0, 0.0
6.299718141555786, 0.8838709592819214, 0.0, 0.0
6.3098156452178955, 0.8817204236984253, 0.0, 0.0
6.319727420806885, 0.8817204236984253, 0.0, 0.0
6.329696416854858, 0.8817204236984253, 0.0, 0.0
6.339701175689697, 0.8817204236984253, 0.0, 0.0
6.349730730056763, 0.8817204236984253, 0.0, 0.0
6.359728813171387, 0.8838709592819214, 0.0, 0.0
6.369746685028076, 0.8817204236984253, 0.0, 0.0
6.379711866378784, 0.8817204236984253, 0.0, 0.0
6.389747142791748, 0.8817204236984253, 0.0, 0.0
6.399752855300903, 0.8817204236984253, 0.0, 0.0
6.409724950790405, 0.8817204236984253, 0.0, 0.0
6.41975998878479, 0.8817204236984253, 0.0, 0.0
6.42970871925354, 0.8817204236984253, 0.0, 0.0
6.439733028411865, 0.8817204236984253, 0.0, 0.0
6.449700355529785, 0.8817204236984253, 0.0, 0.0
6.45970344543457, 0.8817204236984253, 0.0, 0.0
6.469868898391724, 0.8817204236984253, 0.0, 0.0
6.479714870452881, 0.8817204236984253, 0.0, 0.0
6.4897284507751465, 0.8817204236984253, 0.0, 0.0
6.499724388122559, 0.8817204236984253, 0.0, 0.0
6.509737014770508, 0.8817204236984253, 0.0, 0.0
6.519759654998779, 0.8817204236984253, 0.0, 0.0
6.52974271774292, 0.8817204236984253, 0.0, 0.0
6.539760112762451, 0.8817204236984253, 0.0, 0.0
6.549710750579834, 0.8817204236984253, 0.0, 0.0
6.559748411178589, 0.8817204236984253, 0.0, 0.0
6.5697181224823, 0.8817204236984253, 0.0, 0.0
6.5797648429870605, 0.8817204236984253, 0.0, 0.0
6.589725017547607, 0.8817204236984253, 0.0, 0.0
6.599772930145264, 0.8817204236984253, 0.0, 0.0
6.609726905822754, 0.8817204236984253, 0.0, 0.0
6.619739055633545, 0.8817204236984253, 0.0, 0.0
6.629703998565674, 0.8817204236984253, 0.0, 0.0
6.639737129211426, 0.8817204236984253, 0.0, 0.0
6.649712324142456, 0.8817204236984253, 0.0, 0.0
6.65971040725708, 0.8817204236984253, 0.0, 0.0
6.669721603393555, 0.8817204236984253, 0.0, 0.0
6.679707765579224, 0.8817204236984253, 0.0, 0.0
6.689718008041382, 0.8817204236984253, 0.0, 0.0
6.699750661849976, 0.8817204236984253, 0.0, 0.0
6.709737539291382, 0.8817204236984253, 0.0, 0.0
6.7197346687316895, 0.8817204236984253, 0.0, 0.0
6.729746341705322, 0.8817204236984253, 0.0, 0.0
6.739741086959839, 0.8817204236984253, 0.0, 0.0
6.749765872955322, 0.8817204236984253, 0.0, 0.0
6.759738206863403, 0.8817204236984253, 0.0, 0.0
6.769729852676392, 0.8817204236984253, 0.0, 0.0
6.77971076965332, 0.8817204236984253, 0.0, 0.0
6.789708614349365, 0.8817204236984253, 0.0, 0.0
6.799712419509888, 0.8817204236984253, 0.0, 0.0
6.809767246246338, 0.8817204236984253, 0.0, 0.0
6.8197126388549805, 0.8817204236984253, 0.0, 0.0
6.829712390899658, 0.8817204236984253, 0.0, 0.0
6.839750528335571, 0.8817204236984253, 0.0, 0.0
6.8497209548950195, 0.8817204236984253, 0.0, 0.0
6.859710931777954, 0.8817204236984253, 0.0, 0.0
6.86970591545105, 0.8817204236984253, 0.0, 0.0
6.879743576049805, 0.8817204236984253, 0.0, 0.0
6.889700651168823, 0.8817204236984253, 0.0, 0.0
6.89974045753479, 0.8817204236984253, 0.0, 0.0
6.909730672836304, 0.8817204236984253, 0.0, 0.0
6.919738292694092, 0.8817204236984253, 0.0, 0.0
6.9297285079956055, 0.8817204236984253, 0.0, 0.0
6.9397430419921875, 0.8817204236984253, 0.0, 0.0
6.9497363567352295, 0.8817204236984253, 0.0, 0.0
6.959730625152588, 0.8817204236984253, 0.0, 0.0
6.96973729133606, 0.8817204236984253, 0.0, 0.0
6.979723930358887, 0.8817204236984253, 0.0, 0.0
6.989743232727051, 0.8817204236984253, 0.0, 0.0
6.999743223190308, 0.8817204236984253, 0.0, 0.0
7.009732484817505, 0.8817204236984253, 0.0, 0.0
7.019734621047974, 0.8817204236984253, 0.0, 0.0
7.02973484992981, 0.8817204236984253, 0.0, 0.0
7.039773464202881, 0.8817204236984253, 0.0, 0.0
7.049730539321899, 0.8817204236984253, 0.0, 0.0
7.059712648391724, 0.8817204236984253, 0.0, 0.0
7.0697081089019775, 0.8817204236984253, 0.0, 0.0
7.079749822616577, 0.8817204236984253, 0.0, 0.0
7.089719533920288, 0.8817204236984253, 0.0, 0.0
7.0996997356414795, 0.8817204236984253, 0.0, 0.0
7.109713554382324, 0.8817204236984253, 0.0, 0.0
7.119746208190918, 0.8817204236984253, 0.0, 0.0
7.129703521728516, 0.8817204236984253, 0.0, 0.0
7.139707326889038, 0.8817204236984253, 0.0, 0.0
7.149805307388306, 0.8817204236984253, 0.0, 0.0
7.1597888469696045, 0.8817204236984253, 0.0, 0.0
7.169703006744385, 0.8817204236984253, 0.0, 0.0
7.179710865020752, 0.8817204236984253, 0.0, 0.0
7.18971586227417, 0.8817204236984253, 0.0, 0.0
7.199718713760376, 0.8817204236984253, 0.0, 0.0
7.209739685058594, 0.8817204236984253, 0.0, 0.0
7.219738483428955, 0.8817204236984253, 0.0, 0.0
7.229743480682373, 0.8817204236984253, 0.0, 0.0
7.2397141456604, 0.8817204236984253, 0.0, 0.0
7.24973726272583, 0.8817204236984253, 0.0, 0.0
7.2597362995147705, 0.8817204236984253, 0.0, 0.0
7.269739866256714, 0.8817204236984253, 0.0, 0.0
7.279730319976807, 0.8817204236984253, 0.0, 0.0
7.289729833602905, 0.8817204236984253, 0.0, 0.0
7.299740552902222, 0.8817204236984253, 0.0, 0.0
7.30971884727478, 0.8817204236984253, 0.0, 0.0
7.319720506668091, 0.8817204236984253, 0.0, 0.0
7.329735040664673, 0.8817204236984253, 0.0, 0.0
7.339711666107178, 0.8817204236984253, 0.0, 0.0
7.349727392196655, 0.8817204236984253, 0.0, 0.0
7.359712839126587, 1.178125023841858, 0.0, 0.0
7.3697028160095215, 1.178125023841858, 0.0, 0.0
7.379728078842163, 1.181249976158142, 0.0, 0.0
7.389715909957886, 1.181249976158142, 0.0, 0.0
7.399733066558838, 1.181249976158142, 0.0, 0.0
7.409720182418823, 1.181249976158142, 0.0, 0.0
7.419732332229614, 1.181249976158142, 0.0, 0.0
7.429742097854614, 1.181249976158142, 0.0, 0.0
7.439737558364868, 1.1843750476837158, 0.0, 0.0
7.449719190597534, 1.1843750476837158, 0.0, 0.0
7.459733247756958, 1.1843750476837158, 0.0, 0.0
7.46974778175354, 1.1843750476837158, 0.0, 0.0
7.479737043380737, 1.1843750476837158, 0.0, 0.0
7.489734411239624, 1.1843750476837158, 0.0, 0.0
7.4997406005859375, 1.1843750476837158, 0.0, 0.0
7.509738922119141, 1.1843750476837158, 0.0, 0.0
7.519744396209717, 1.1875, 0.0, 0.0
7.529726266860962, 1.1875, 0.0, 0.0
7.539723873138428, 1.1875, 0.0, 0.0
7.549750089645386, 1.1875, 0.0, 0.0
7.559724569320679, 1.1875, 0.0, 0.0
7.569727659225464, 1.1875, 0.0, 0.0
7.5797178745269775, 1.1875, 0.0, 0.0
7.589704275131226, 1.1875, 0.0, 0.0
7.5997631549835205, 1.1875, 0.0, 0.0
7.609713554382324, 1.1875, 0.0, 0.0
7.619835376739502, 1.1906249523162842, 0.0, 0.0
7.629738092422485, 1.1906249523162842, 0.0, 0.0
7.639740705490112, 1.1906249523162842, 0.0, 0.0
7.6497156620025635, 1.1906249523162842, 0.0, 0.0
7.659780502319336, 1.1906249523162842, 0.0, 0.0
7.669717788696289, 1.1906249523162842, 0.0, 0.0
7.679725408554077, 1.1906249523162842, 0.0, 0.0
7.6897196769714355, 1.1906249523162842, 0.0, 0.0
7.6997387409210205, 1.1906249523162842, 0.0, 0.0
7.7097084522247314, 1.1906249523162842, 0.0, 0.0
7.719743728637695, 1.193750023841858, 0.0, 0.0
7.729899168014526, 1.193750023841858, 0.0, 0.0
7.739776849746704, 1.193750023841858, 0.0, 0.0
7.749709129333496, 1.193750023841858, 0.0, 0.0
7.759714365005493, 1.193750023841858, 0.0, 0.0
7.76971960067749, 1.193750023841858, 0.0, 0.0
7.779720306396484, 1.193750023841858, 0.0, 0.0
7.789721250534058, 1.193750023841858, 0.0, 0.0
7.799753665924072, 1.193750023841858, 0.0, 0.0
7.809703826904297, 1.193750023841858, 0.0, 0.0
7.819751024246216, 1.193750023841858, 0.0, 0.0
7.829750299453735, 1.193750023841858, 0.0, 0.0
7.839717388153076, 1.193750023841858, 0.0, 0.0
7.849720239639282, 1.193750023841858, 0.0, 0.0
7.859742641448975, 1.193750023841858, 0.0, 0.0
7.869777679443359, 1.193750023841858, 0.0, 0.0
7.879749059677124, 1.193750023841858, 0.0, 0.0
7.889771223068237, 1.193750023841858, 0.0, 0.0
7.8997416496276855, 1.193750023841858, 0.0, 0.0
7.909741640090942, 1.193750023841858, 0.0, 0.0
7.919708013534546, 1.193750023841858, 0.0, 0.0
7.929715633392334, 1.193750023841858, 0.0, 0.0
7.9397337436676025, 1.193750023841858, 0.0, 0.0
7.949750185012817, 1.193750023841858, 0.0, 0.0
7.959718227386475, 1.193750023841858, 0.0, 0.0
7.9697325229644775, 1.193750023841858, 0.0, 0.0
7.979734182357788, 1.193750023841858, 0.0, 0.0
7.989702224731445, 1.193750023841858, 0.0, 0.0
7.99971604347229, 1.1906249523162842, 0.0, 0.0
8.009740829467773, 1.1906249523162842, 0.0, 0.0
8.019732475280762, 1.1906249523162842, 0.0, 0.0
8.029736995697021, 1.1906249523162842, 0.0, 0.0
8.03973913192749, 1.1906249523162842, 0.0, 0.0
8.04971194267273, 1.1906249523162842, 0.0, 0.0
8.059733390808105, 1.1906249523162842, 0.0, 0.0
8.069734334945679, 1.1906249523162842, 0.0, 0.0
8.079724311828613, 1.1906249523162842, 0.0, 0.0
8.08972716331482, 1.1906249523162842, 0.0, 0.0
8.09973931312561, 1.1906249523162842, 0.0, 0.0
8.109765529632568, 1.1906249523162842, 0.0, 0.0
8.119728326797485, 1.1906249523162842, 0.0, 0.0
8.129743337631226, 1.1906249523162842, 0.0, 0.0
8.139739513397217, 1.1906249523162842, 0.0, 0.0
8.149736642837524, 1.1906249523162842, 0.0, 0.0
8.159726619720459, 1.1906249523162842, 0.0, 0.0
8.16972041130066, 1.1875, 0.0, 0.0
8.17976427078247, 1.1875, 0.0, 0.0
8.18971300125122, 1.1875, 0.0, 0.0
8.199973106384277, 1.1875, 0.0, 0.0
8.209711790084839, 1.1875, 0.0, 0.0
8.21970820426941, 1.1875, 0.0, 0.0
8.229712724685669, 1.1875, 0.0, 0.0
8.2397141456604, 1.1875, 0.0, 0.0
8.249749660491943, 1.1875, 0.0, 0.0
8.25972580909729, 1.1843750476837158, 0.0, 0.0
8.269722938537598, 1.1843750476837158, 0.0, 0.0
8.279732465744019, 1.1843750476837158, 0.0, 0.0
8.289724111557007, 1.1843750476837158, 0.0, 0.0
8.299734115600586, 1.1843750476837158, 0.0, 0.0
8.309740543365479, 1.1843750476837158, 0.0, 0.0
8.319707155227661, 1.1843750476837158, 0.0, 0.0
8.329700469970703, 1.1843750476837158, 0.0, 0.0
8.339732646942139, 1.1843750476837158, 0.0, 0.0
8.349724292755127, 1.1843750476837158, 0.0, 0.0
8.359735488891602, 1.1843750476837158, 0.0, 0.0
8.369712591171265, 1.1843750476837158, 0.0, 0.0
8.379751682281494, 1.1843750476837158, 0.0, 0.0
8.389713525772095, 1.1843750476837158, 0.0, 0.0
8.39970588684082, 1.1843750476837158, 0.0, 0.0
8.409712791442871, 1.1843750476837158, 0.0, 0.0
8.419712781906128, 1.1843750476837158, 0.0, 0.0
8.429719924926758, 1.1843750476837158, 0.0, 0.0
8.439717292785645, 1.1843750476837158, 0.0, 0.0
8.449702978134155, 1.1843750476837158, 0.0, 0.0
8.459725618362427, 1.1843750476837158, 0.0, 0.0
8.469698905944824, 1.1843750476837158, 0.0, 0.0
8.47973084449768, 1.1843750476837158, 0.0, 0.0
8.4896981716156, 1.1843750476837158, 0.0, 0.0
8.499713897705078, 1.1843750476837158, 0.0, 0.0
8.509718179702759, 1.1843750476837158, 0.0, 0.0
8.519721269607544, 1.1843750476837158, 0.0, 0.0
8.529727935791016, 1.1843750476837158, 0.0, 0.0
8.539719343185425, 1.1843750476837158, 0.0, 0.0
8.549736738204956, 1.1843750476837158, 0.0, 0.0
8.559748411178589, 1.1843750476837158, 0.0, 0.0
8.569736003875732, 1.1843750476837158, 0.0, 0.0
8.579754829406738, 1.1843750476837158, 0.0, 0.0
8.58972692489624, 1.1843750476837158, 0.0, 0.0
8.599741458892822, 1.1843750476837158, 0.0, 0.0
8.60969066619873, 1.1843750476837158, 0.0, 0.0
8.61972188949585, 1.1843750476837158, 0.0, 0.0
8.629724979400635, 1.1843750476837158, 0.0, 0.0
8.63974142074585, 1.1843750476837158, 0.0, 0.0
8.649725675582886, 1.1843750476837158, 0.0, 0.0
8.659755945205688, 1.1843750476837158, 0.0, 0.0
8.669741153717041, 1.1843750476837158, 0.0, 0.0
8.679741621017456, 1.1843750476837158, 0.0, 0.0
8.689712524414062, 1.1843750476837158, 0.0, 0.0
8.699743032455444, 1.1843750476837158, 0.0, 0.0
8.709703922271729, 1.1843750476837158, 0.0, 0.0
8.71969985961914, 1.1843750476837158, 0.0, 0.0
8.729749202728271, 1.1843750476837158, 0.0, 0.0
8.739727258682251, 1.1843750476837158, 0.0, 0.0
8.749725341796875, 1.1843750476837158, 0.0, 0.0
8.759716033935547, 1.1843750476837158, 0.0, 0.0
8.76969861984253, 1.1843750476837158, 0.0, 0.0
8.779700517654419, 1.1843750476837158, 0.0, 0.0
8.789710760116577, 1.1843750476837158, 0.0, 0.0
8.799702882766724, 1.1843750476837158, 0.0, 0.0
8.809711694717407, 1.1843750476837158, 0.0, 0.0
8.819709300994873, 1.1843750476837158, 0.0, 0.0
8.829704523086548, 1.1843750476837158, 0.0, 0.0
8.839697360992432, 1.1843750476837158, 0.0, 0.0
8.84972620010376, 1.1843750476837158, 0.0, 0.0
8.859712362289429, 1.1843750476837158, 0.0, 0.0
8.8697350025177, 1.1843750476837158, 0.0, 0.0
8.879751682281494, 1.1843750476837158, 0.0, 0.0
8.889704942703247, 1.1843750476837158, 0.0, 0.0
8.89969801902771, 1.1843750476837158, 0.0, 0.0
8.909713983535767, 1.1843750476837158, 0.0, 0.0
8.919754028320312, 1.1843750476837158, 0.0, 0.0
8.929724216461182, 1.1843750476837158, 0.0, 0.0
8.939749002456665, 1.1843750476837158, 0.0, 0.0
8.949703454971313, 1.1843750476837158, 0.0, 0.0
8.959717273712158, 1.1843750476837158, 0.0, 0.0
8.969707250595093, 1.1843750476837158, 0.0, 0.0
8.979711532592773, 1.1843750476837158, 0.0, 0.0
8.98972773551941, 1.1843750476837158, 0.0, 0.0
8.999711036682129, 1.1843750476837158, 0.0, 0.0
9.009796619415283, 1.1843750476837158, 0.0, 0.0
9.019697904586792, 1.1843750476837158, 0.0, 0.0
9.029730081558228, 1.1843750476837158, 0.0, 0.0
9.039717674255371, 1.1843750476837158, 0.0, 0.0
9.049729108810425, 1.1843750476837158, 0.0, 0.0
9.059795618057251, 1.1843750476837158, 0.0, 0.0
9.06977915763855, 1.1843750476837158, 0.0, 0.0
9.0797278881073, 1.1843750476837158, 0.0, 0.0
9.089735984802246, 1.1843750476837158, 0.0, 0.0
9.099746704101562, 1.1843750476837158, 0.0, 0.0
9.109744787216187, 1.1843750476837158, 0.0, 0.0
9.11972165107727, 1.1843750476837158, 0.0, 0.0
9.129710674285889, 1.1843750476837158, 0.0, 0.0
9.139764547348022, 1.1843750476837158, 0.0, 0.0
9.14978551864624, 1.1843750476837158, 0.0, 0.0
9.159741878509521, 1.1843750476837158, 0.0, 0.0
9.169721364974976, 1.1843750476837158, 0.0, 0.0
9.179752826690674, 1.1843750476837158, 0.0, 0.0
9.189715385437012, 1.1843750476837158, 0.0, 0.0
9.199753522872925, 1.1843750476837158, 0.0, 0.0
9.209710121154785, 1.1843750476837158, 0.0, 0.0
9.219738721847534, 1.1843750476837158, 0.0, 0.0
9.22976303100586, 1.1843750476837158, 0.0, 0.0
9.23972201347351, 1.1843750476837158, 0.0, 0.0
9.249789476394653, 1.1843750476837158, 0.0, 0.0
9.25975513458252, 1.1843750476837158, 0.0, 0.0
9.269718885421753, 1.1843750476837158, 0.0, 0.0
9.279714107513428, 1.1843750476837158, 0.0, 0.0
9.289717197418213, 1.1843750476837158, 0.0, 0.0
9.299798965454102, 1.1843750476837158, 0.0, 0.0
9.309722900390625, 1.1843750476837158, 0.0, 0.0
9.319744348526001, 1.1843750476837158, 0.0, 0.0
9.329747200012207, 1.1843750476837158, 0.0, 0.0
9.339730978012085, 1.1843750476837158, 0.0, 0.0
9.34973955154419, 1.1843750476837158, 0.0, 0.0
9.359726905822754, 1.178125023841858, 0.0, 0.0
9.36971139907837, 1.178125023841858, 0.0, 0.0
9.379727363586426, 1.181249976158142, 0.0, 0.0
9.389695882797241, 1.181249976158142, 0.0, 0.0
9.399703741073608, 1.181249976158142, 0.0, 0.0
9.40974497795105, 1.181249976158142, 0.0, 0.0
9.419726610183716, 1.181249976158142, 0.0, 0.0
9.429736614227295, 1.181249976158142, 0.0, 0.0
9.439707517623901, 1.181249976158142, 0.0, 0.0
9.449711799621582, 1.181249976158142, 0.0, 0.0
9.459721326828003, 1.1843750476837158, 0.0, 0.0
9.46970820426941, 1.1843750476837158, 0.0, 0.0
9.479734182357788, 1.1843750476837158, 0.0, 0.0
9.4897301197052, 1.1843750476837158, 0.0, 0.0
9.499738454818726, 1.1843750476837158, 0.0, 0.0
9.50972604751587, 1.1843750476837158, 0.0, 0.0
9.519711017608643, 1.1843750476837158, 0.0, 0.0
9.529712438583374, 1.1875, 0.0, 0.0
9.539698839187622, 1.1875, 0.0, 0.0
9.549700498580933, 1.1875, 0.0, 0.0
9.55975341796875, 1.1875, 0.0, 0.0
9.569746017456055, 1.1875, 0.0, 0.0
9.57970905303955, 1.1875, 0.0, 0.0
9.589762210845947, 1.1875, 0.0, 0.0
9.599701404571533, 1.1875, 0.0, 0.0
9.60970163345337, 1.1875, 0.0, 0.0
9.619722843170166, 1.1875, 0.0, 0.0
9.629699945449829, 1.1906249523162842, 0.0, 0.0
9.639739990234375, 1.1906249523162842, 0.0, 0.0
9.649717569351196, 1.1906249523162842, 0.0, 0.0
9.659711599349976, 1.1906249523162842, 0.0, 0.0
9.669753074645996, 1.1906249523162842, 0.0, 0.0
9.679760217666626, 1.1906249523162842, 0.0, 0.0
9.689722537994385, 1.1906249523162842, 0.0, 0.0
9.699737071990967, 1.1906249523162842, 0.0, 0.0
9.709701776504517, 1.1906249523162842, 0.0, 0.0
9.719703435897827, 1.1906249523162842, 0.0, 0.0
9.729709386825562, 1.1906249523162842, 0.0, 0.0
9.739739656448364, 1.1906249523162842, 0.0, 0.0
9.749746561050415, 1.1906249523162842, 0.0, 0.0
9.759737014770508, 1.1906249523162842, 0.0, 0.0
9.76975417137146, 1.1906249523162842, 0.0, 0.0
9.77975082397461, 1.1906249523162842, 0.0, 0.0
9.789740324020386, 1.1906249523162842, 0.0, 0.0
9.799761533737183, 1.193750023841858, 0.0, 0.0
9.809717655181885, 1.193750023841858, 0.0, 0.0
9.819746255874634, 1.1906249523162842, 0.0, 0.0
9.82972502708435, 1.193750023841858, 0.0, 0.0
9.839721918106079, 1.193750023841858, 0.0, 0.0
9.849716663360596, 1.193750023841858, 0.0, 0.0
9.859723329544067, 1.193750023841858, 0.0, 0.0
9.869717836380005, 1.193750023841858, 0.0, 0.0
9.879712104797363, 1.193750023841858, 0.0, 0.0
9.889749765396118, 1.193750023841858, 0.0, 0.0
9.899763584136963, 1.193750023841858, 0.0, 0.0
9.909723281860352, 1.193750023841858, 0.0, 0.0
9.919737100601196, 1.193750023841858, 0.0, 0.0
9.929733753204346, 1.193750023841858, 0.0, 0.0
9.939736604690552, 1.193750023841858, 0.0, 0.0
9.949738264083862, 1.193750023841858, 0.0, 0.0
9.959725141525269, 1.193750023841858, 0.0, 0.0
9.969741344451904, 1.193750023841858, 0.0, 0.0
9.979717254638672, 1.193750023841858, 0.0, 0.0
9.98970103263855, 1.193750023841858, 0.0, 0.0
9.999706983566284, 1.1906249523162842, 0.0, 0.0
10.009706020355225, 1.193750023841858, 0.0, 0.0
10.01974105834961, 1.1906249523162842, 0.0, 0.0
10.029713153839111, 1.1906249523162842, 0.0, 0.0
10.03974461555481, 1.1906249523162842, 0.0, 0.0
10.049733400344849, 1.1906249523162842, 0.0, 0.0
10.059724569320679, 1.1906249523162842, 0.0, 0.0
10.069725275039673, 1.1906249523162842, 0.0, 0.0
10.079747438430786, 1.1906249523162842, 0.0, 0.0
10.089725971221924, 1.1906249523162842, 0.0, 0.0
10.099807739257812, 1.1906249523162842, 0.0, 0.0
10.109727144241333, 1.1906249523162842, 0.0, 0.0
10.119750022888184, 1.1906249523162842, 0.0, 0.0
10.129738569259644, 1.1906249523162842, 0.0, 0.0
10.13970947265625, 1.1906249523162842, 0.0, 0.0
10.149742603302002, 1.1906249523162842, 0.0, 0.0
10.159741640090942, 1.1906249523162842, 0.0, 0.0
10.16976547241211, 1.1906249523162842, 0.0, 0.0
10.179702281951904, 1.1875, 0.0, 0.0
10.189696550369263, 1.1875, 0.0, 0.0
10.199700593948364, 1.1875, 0.0, 0.0
10.209709405899048, 1.1875, 0.0, 0.0
10.21971082687378, 1.1875, 0.0, 0.0
10.229701042175293, 1.1875, 0.0, 0.0
10.23969578742981, 1.1875, 0.0, 0.0
10.249692440032959, 1.1875, 0.0, 0.0
10.259722709655762, 1.1875, 0.0, 0.0
10.269726753234863, 1.1843750476837158, 0.0, 0.0
10.27972936630249, 1.1843750476837158, 0.0, 0.0
10.289714336395264, 1.1843750476837158, 0.0, 0.0
10.299702882766724, 1.1843750476837158, 0.0, 0.0
10.309702634811401, 1.1843750476837158, 0.0, 0.0
10.319729328155518, 1.1843750476837158, 0.0, 0.0
10.329721689224243, 1.1843750476837158, 0.0, 0.0
10.33973240852356, 1.1843750476837158, 0.0, 0.0
10.349722862243652, 1.181249976158142, 0.0, 0.0
10.359739780426025, 1.181249976158142, 0.0, 0.0
10.369729042053223, 1.181249976158142, 0.0, 0.0
10.37972640991211, 1.181249976158142, 0.0, 0.0
10.389737129211426, 1.181249976158142, 0.0, 0.0
10.399707794189453, 1.181249976158142, 0.0, 0.0
10.409744024276733, 1.181249976158142, 0.0, 0.0
10.419713735580444, 1.181249976158142, 0.0, 0.0
10.429713010787964, 1.181249976158142, 0.0, 0.0
10.439725160598755, 1.181249976158142, 0.0, 0.0
10.449733257293701, 1.181249976158142, 0.0, 0.0
10.45975136756897, 1.181249976158142, 0.0, 0.0
10.469727039337158, 1.181249976158142, 0.0, 0.0
10.479737281799316, 1.181249976158142, 0.0, 0.0
10.489712715148926, 1.181249976158142, 0.0, 0.0
10.499743700027466, 1.181249976158142, 0.0, 0.0
10.50972318649292, 1.181249976158142, 0.0, 0.0
10.51971173286438, 1.181249976158142, 0.0, 0.0
10.529709577560425, 1.181249976158142, 0.0, 0.0
10.539702415466309, 1.181249976158142, 0.0, 0.0
10.549723386764526, 1.181249976158142, 0.0, 0.0
10.559720993041992, 1.181249976158142, 0.0, 0.0
10.569708585739136, 1.181249976158142, 0.0, 0.0
10.579768180847168, 1.181249976158142, 0.0, 0.0
10.589722156524658, 1.181249976158142, 0.0, 0.0
10.599714994430542, 1.181249976158142, 0.0, 0.0
10.609725713729858, 1.181249976158142, 0.0, 0.0
10.619762420654297, 1.181249976158142, 0.0, 0.0
10.629704236984253, 1.181249976158142, 0.0, 0.0
10.639695882797241, 1.181249976158142, 0.0, 0.0
10.649696826934814, 1.181249976158142, 0.0, 0.0
10.659697532653809, 1.181249976158142, 0.0, 0.0
10.669710636138916, 1.181249976158142, 0.0, 0.0
10.679717540740967, 1.181249976158142, 0.0, 0.0
10.689702987670898, 1.181249976158142, 0.0, 0.0
10.6997389793396, 1.181249976158142, 0.0, 0.0
10.70970606803894, 1.181249976158142, 0.0, 0.0
10.719727754592896, 1.181249976158142, 0.0, 0.0
10.729746580123901, 1.181249976158142, 0.0, 0.0
10.739715576171875, 1.181249976158142, 0.0, 0.0
10.749743700027466, 1.181249976158142, 0.0, 0.0
10.759737014770508, 1.181249976158142, 0.0, 0.0
10.769697904586792, 1.181249976158142, 0.0, 0.0
10.779720544815063, 1.181249976158142, 0.0, 0.0
10.78969407081604, 1.181249976158142, 0.0, 0.0
10.799718379974365, 1.181249976158142, 0.0, 0.0
10.809712886810303, 1.181249976158142, 0.0, 0.0
10.819719791412354, 1.181249976158142, 0.0, 0.0
10.829692602157593, 1.181249976158142, 0.0, 0.0
10.839696884155273, 1.181249976158142, 0.0, 0.0
10.849705934524536, 1.181249976158142, 0.0, 0.0
10.859728336334229, 1.181249976158142, 0.0, 0.0
10.869712591171265, 1.181249976158142, 0.0, 0.0
10.879721879959106, 1.181249976158142, 0.0, 0.0
10.889728546142578, 1.181249976158142, 0.0, 0.0
10.899703979492188, 1.181249976158142, 0.0, 0.0
10.909703493118286, 1.181249976158142, 0.0, 0.0
10.91970419883728, 1.181249976158142, 0.0, 0.0
10.92973017692566, 1.181249976158142, 0.0, 0.0
10.939700603485107, 1.181249976158142, 0.0, 0.0
10.94972014427185, 1.181249976158142, 0.0, 0.0
10.959728717803955, 1.181249976158142, 0.0, 0.0
10.96972942352295, 1.181249976158142, 0.0, 0.0
10.979703426361084, 1.181249976158142, 0.0, 0.0
10.989695310592651, 1.181249976158142, 0.0, 0.0
10.999691724777222, 1.181249976158142, 0.0, 0.0
11.009703636169434, 1.181249976158142, 0.0, 0.0
11.019713163375854, 1.181249976158142, 0.0, 0.0
11.029709100723267, 1.181249976158142, 0.0, 0.0
11.039714336395264, 1.181249976158142, 0.0, 0.0
11.049676895141602, 1.181249976158142, 0.0, 0.0
11.059702396392822, 1.181249976158142, 0.0, 0.0
11.069701910018921, 1.181249976158142, 0.0, 0.0
11.07973837852478, 1.181249976158142, 0.0, 0.0
11.08975338935852, 1.181249976158142, 0.0, 0.0
11.099742412567139, 1.181249976158142, 0.0, 0.0
11.10971188545227, 1.181249976158142, 0.0, 0.0
11.119724035263062, 1.181249976158142, 0.0, 0.0
11.129719972610474, 1.181249976158142, 0.0, 0.0
11.139709711074829, 1.181249976158142, 0.0, 0.0
11.14974594116211, 1.181249976158142, 0.0, 0.0
11.159729719161987, 1.181249976158142, 0.0, 0.0
11.169737815856934, 1.181249976158142, 0.0, 0.0
11.179700374603271, 1.181249976158142, 0.0, 0.0
11.189729690551758, 1.181249976158142, 0.0, 0.0
11.199753761291504, 1.181249976158142, 0.0, 0.0
11.209705591201782, 1.181249976158142, 0.0, 0.0
11.219706773757935, 1.181249976158142, 0.0, 0.0
11.229710102081299, 1.181249976158142, 0.0, 0.0
11.239726781845093, 0.8838709592819214, 0.0, 0.0
11.249768495559692, 0.8838709592819214, 0.0, 0.0
11.259712934494019, 0.8838709592819214, 0.0, 0.0
11.269709348678589, 0.8838709592819214, 0.0, 0.0
11.279727220535278, 0.8838709592819214, 0.0, 0.0
11.289701223373413, 0.8838709592819214, 0.0, 0.0
11.299724578857422, 0.8838709592819214, 0.0, 0.0
11.30971097946167, 0.8838709592819214, 0.0, 0.0
11.319747924804688, 0.8838709592819214, 0.0, 0.0
11.329789161682129, 0.8838709592819214, 0.0, 0.0
11.339707374572754, 0.8838709592819214, 0.0, 0.0
11.349714279174805, 0.8838709592819214, 0.0, 0.0
11.359737634658813, 0.8860214948654175, 0.0, 0.0
11.36972951889038, 0.8860214948654175, 0.0, 0.0
11.379749059677124, 0.8860214948654175, 0.0, 0.0
11.389724016189575, 0.8860214948654175, 0.0, 0.0
11.399766683578491, 0.8860214948654175, 0.0, 0.0
11.409714460372925, 0.8860214948654175, 0.0, 0.0
11.41970682144165, 0.8860214948654175, 0.0, 0.0
11.429714441299438, 0.8860214948654175, 0.0, 0.0
11.439732313156128, 0.8860214948654175, 0.0, 0.0
11.449718713760376, 0.8860214948654175, 0.0, 0.0
11.459693193435669, 0.8860214948654175, 0.0, 0.0
11.46969985961914, 0.8860214948654175, 0.0, 0.0
11.479689121246338, 0.8860214948654175, 0.0, 0.0
11.48968505859375, 0.8860214948654175, 0.0, 0.0
11.499704599380493, 0.8860214948654175, 0.0, 0.0
11.509705066680908, 0.8860214948654175, 0.0, 0.0
11.519730567932129, 0.8860214948654175, 0.0, 0.0
11.529732465744019, 0.8881720304489136, 0.0, 0.0
11.539713859558105, 0.8860214948654175, 0.0, 0.0
11.549699068069458, 0.8860214948654175, 0.0, 0.0
11.559720516204834, 0.8860214948654175, 0.0, 0.0
11.5697021484375, 0.8860214948654175, 0.0, 0.0
11.579699516296387, 0.8860214948654175, 0.0, 0.0
11.589704275131226, 0.8860214948654175, 0.0, 0.0
11.599730730056763, 0.8860214948654175, 0.0, 0.0
11.609733819961548, 0.8860214948654175, 0.0, 0.0
11.61970829963684, 0.8860214948654175, 0.0, 0.0
11.62969183921814, 0.8860214948654175, 0.0, 0.0
11.639695644378662, 0.8860214948654175, 0.0, 0.0
11.64972996711731, 0.8860214948654175, 0.0, 0.0
11.65973162651062, 0.8860214948654175, 0.0, 0.0
11.669716596603394, 0.8860214948654175, 0.0, 0.0
11.679712533950806, 0.8860214948654175, 0.0, 0.0
11.689698696136475, 0.8860214948654175, 0.0, 0.0
11.699701309204102, 0.8881720304489136, 0.0, 0.0
11.709699392318726, 0.8860214948654175, 0.0, 0.0
11.719719886779785, 0.8860214948654175, 0.0, 0.0
11.729734897613525, 0.8860214948654175, 0.0, 0.0
11.73972773551941, 0.8860214948654175, 0.0, 0.0
11.749732971191406, 0.8860214948654175, 0.0, 0.0
11.759702205657959, 0.8860214948654175, 0.0, 0.0
11.769737720489502, 0.8860214948654175, 0.0, 0.0
11.779701232910156, 0.8860214948654175, 0.0, 0.0
11.789721250534058, 0.8860214948654175, 0.0, 0.0
11.799726724624634, 0.8860214948654175, 0.0, 0.0
11.809696674346924, 0.8860214948654175, 0.0, 0.0
11.819706439971924, 0.8860214948654175, 0.0, 0.0
11.829689502716064, 0.8860214948654175, 0.0, 0.0
11.839697360992432, 0.8860214948654175, 0.0, 0.0
11.849699258804321, 0.8860214948654175, 0.0, 0.0
11.8597092628479, 0.8860214948654175, 0.0, 0.0
11.869691371917725, 0.8860214948654175, 0.0, 0.0
11.879706144332886, 0.8860214948654175, 0.0, 0.0
11.889723062515259, 0.8860214948654175, 0.0, 0.0
11.899712324142456, 0.8860214948654175, 0.0, 0.0
11.909702777862549, 0.8860214948654175, 0.0, 0.0
11.919700622558594, 0.8860214948654175, 0.0, 0.0
11.929726839065552, 0.8860214948654175, 0.0, 0.0
11.93972110748291, 0.8860214948654175, 0.0, 0.0
11.949702978134155, 0.8860214948654175, 0.0, 0.0
11.959736824035645, 0.8860214948654175, 0.0, 0.0
11.969702005386353, 0.8860214948654175, 0.0, 0.0
11.979696273803711, 0.8860214948654175, 0.0, 0.0
11.989747762680054, 0.8860214948654175, 0.0, 0.0
11.999704360961914, 0.8860214948654175, 0.0, 0.0
12.009698867797852, 0.8860214948654175, 0.0, 0.0
12.01970386505127, 0.8860214948654175, 0.0, 0.0
12.02971863746643, 0.8860214948654175, 0.0, 0.0
12.039706707000732, 0.8860214948654175, 0.0, 0.0
12.049898386001587, 0.8860214948654175, 0.0, 0.0
12.059714555740356, 0.8860214948654175, 0.0, 0.0
12.069695234298706, 0.8860214948654175, 0.0, 0.0
12.079711675643921, 0.8860214948654175, 0.0, 0.0
12.089700698852539, 0.8860214948654175, 0.0, 0.0
12.099696397781372, 0.8860214948654175, 0.0, 0.0
12.109699487686157, 0.8860214948654175, 0.0, 0.0
12.119696140289307, 0.8860214948654175, 0.0, 0.0
12.129723072052002, 0.8860214948654175, 0.0, 0.0
12.13974905014038, 0.8860214948654175, 0.0, 0.0
12.149728536605835, 0.8860214948654175, 0.0, 0.0
12.159701108932495, 0.8838709592819214, 0.0, 0.0
12.169686317443848, 0.8860214948654175, 0.0, 0.0
12.179701328277588, 0.8838709592819214, 0.0, 0.0
12.189716577529907, 0.8860214948654175, 0.0, 0.0
12.199692487716675, 0.8838709592819214, 0.0, 0.0
12.209727764129639, 0.8860214948654175, 0.0, 0.0
12.21972918510437, 0.8838709592819214, 0.0, 0.0
12.22971487045288, 0.8838709592819214, 0.0, 0.0
12.239693403244019, 0.8860214948654175, 0.0, 0.0
12.249704360961914, 0.8838709592819214, 0.0, 0.0
12.259755373001099, 0.8838709592819214, 0.0, 0.0
12.269729375839233, 0.8838709592819214, 0.0, 0.0
12.2797212600708, 0.8838709592819214, 0.0, 0.0
12.289709091186523, 0.8838709592819214, 0.0, 0.0
12.299743175506592, 0.8838709592819214, 0.0, 0.0
12.309753656387329, 0.8838709592819214, 0.0, 0.0
12.319705486297607, 0.8838709592819214, 0.0, 0.0
12.329714059829712, 0.8838709592819214, 0.0, 0.0
12.339770317077637, 0.8838709592819214, 0.0, 0.0
12.349703550338745, 0.8838709592819214, 0.0, 0.0
12.359700918197632, 0.8838709592819214, 0.0, 0.0
12.369725704193115, 0.8838709592819214, 0.0, 0.0
12.379712581634521, 0.8838709592819214, 0.0, 0.0
12.389696836471558, 0.8838709592819214, 0.0, 0.0
12.399699449539185, 0.8838709592819214, 0.0, 0.0
12.409695386886597, 0.8838709592819214, 0.0, 0.0
12.41970419883728, 0.8838709592819214, 0.0, 0.0
12.429707288742065, 0.8838709592819214, 0.0, 0.0
12.439706802368164, 0.8838709592819214, 0.0, 0.0
12.449691534042358, 0.8838709592819214, 0.0, 0.0
12.459710359573364, 0.8838709592819214, 0.0, 0.0
12.469706773757935, 0.8838709592819214, 0.0, 0.0
12.479727268218994, 0.8838709592819214, 0.0, 0.0
12.489732027053833, 0.8838709592819214, 0.0, 0.0
12.499735116958618, 0.8838709592819214, 0.0, 0.0
12.509692192077637, 0.8838709592819214, 0.0, 0.0
12.51969575881958, 0.8838709592819214, 0.0, 0.0
12.529694080352783, 0.8838709592819214, 0.0, 0.0
12.539704084396362, 0.8817204236984253, 0.0, 0.0
12.549710750579834, 0.8817204236984253, 0.0, 0.0
12.5597083568573, 0.8817204236984253, 0.0, 0.0
12.569705486297607, 0.8817204236984253, 0.0, 0.0
12.579699516296387, 0.8817204236984253, 0.0, 0.0
12.589771270751953, 0.8817204236984253, 0.0, 0.0
12.59974980354309, 0.8817204236984253, 0.0, 0.0
12.609700441360474, 0.8817204236984253, 0.0, 0.0
12.619701862335205, 0.8817204236984253, 0.0, 0.0
12.629709959030151, 0.8817204236984253, 0.0, 0.0
12.639710903167725, 0.8817204236984253, 0.0, 0.0
12.649731397628784, 0.8817204236984253, 0.0, 0.0
12.659729242324829, 0.8817204236984253, 0.0, 0.0
12.669768333435059, 0.8817204236984253, 0.0, 0.0
12.679699182510376, 0.8817204236984253, 0.0, 0.0
12.689711570739746, 0.8817204236984253, 0.0, 0.0
12.699735164642334, 0.8817204236984253, 0.0, 0.0
12.709731340408325, 0.8817204236984253, 0.0, 0.0
12.719738245010376, 0.8817204236984253, 0.0, 0.0
12.729718208312988, 0.8817204236984253, 0.0, 0.0
12.739699602127075, 0.8817204236984253, 0.0, 0.0
12.749695777893066, 0.8817204236984253, 0.0, 0.0
12.759832620620728, 0.8817204236984253, 0.0, 0.0
12.769712686538696, 0.8817204236984253, 0.0, 0.0
12.7797212600708, 0.8817204236984253, 0.0, 0.0
12.789726495742798, 0.8817204236984253, 0.0, 0.0
12.799707174301147, 0.8817204236984253, 0.0, 0.0
12.809706687927246, 0.8817204236984253, 0.0, 0.0
12.819729804992676, 0.8817204236984253, 0.0, 0.0
12.829697847366333, 0.8817204236984253, 0.0, 0.0
12.83974027633667, 0.8817204236984253, 0.0, 0.0
12.84972620010376, 0.8817204236984253, 0.0, 0.0
12.85973834991455, 0.8817204236984253, 0.0, 0.0
12.869695901870728, 0.8817204236984253, 0.0, 0.0
12.879697799682617, 0.8817204236984253, 0.0, 0.0
12.889720916748047, 0.8817204236984253, 0.0, 0.0
12.899703979492188, 0.8817204236984253, 0.0, 0.0
12.909710168838501, 0.8817204236984253, 0.0, 0.0
12.919729709625244, 0.8817204236984253, 0.0, 0.0
12.929737091064453, 0.8817204236984253, 0.0, 0.0
12.939703226089478, 0.8817204236984253, 0.0, 0.0
12.949788570404053, 0.8817204236984253, 0.0, 0.0
12.959733963012695, 0.8817204236984253, 0.0, 0.0
12.969713926315308, 0.8817204236984253, 0.0, 0.0
12.979690551757812, 0.8817204236984253, 0.0, 0.0
12.989703893661499, 0.8817204236984253, 0.0, 0.0
12.999717235565186, 0.8817204236984253, 0.0, 0.0
13.00971007347107, 0.8817204236984253, 0.0, 0.0
13.019710063934326, 0.8817204236984253, 0.0, 0.0
13.029742956161499, 0.8817204236984253, 0.0, 0.0
13.039742469787598, 0.8817204236984253, 0.0, 0.0
13.049724102020264, 0.8817204236984253, 0.0, 0.0
13.059726476669312, 0.8838709592819214, 0.0, 0.0
13.0697021484375, 0.8817204236984253, 0.0, 0.0
13.079726219177246, 0.8838709592819214, 0.0, 0.0
13.089746236801147, 0.8838709592819214, 0.0, 0.0
13.099754810333252, 0.8838709592819214, 0.0, 0.0
13.109692811965942, 0.8838709592819214, 0.0, 0.0
13.119768857955933, 0.8838709592819214, 0.0, 0.0
13.129703521728516, 0.8838709592819214, 0.0, 0.0
13.139760971069336, 0.8838709592819214, 0.0, 0.0
13.149699211120605, 0.8838709592819214, 0.0, 0.0
