3.814697265625e-06, 0.0, 0.0, 0.0, 0.0, 0.0, 0.0
6.866455078125e-05, 0.0, 0.0, 0.0, 0.0, 0.0, 0.0
0.004904270172119141, 0.0, 0.0, 0.0, 0.0, 0.0, 0.0
0.014921903610229492, 0.0, 0.0, 0.0, 0.0, 0.0, 0.0
0.02492523193359375, 0.0, 0.0, 0.0, 0.0, 0.0, 0.0
0.0349421501159668, 0.0, 0.0, 0.0, 0.0, 0.0, 0.0
0.04488873481750488, 0.0, 0.0, 0.0, 0.0, 0.0, 0.0
0.05490422248840332, 0.0, 0.0, 0.0, 0.0, 0.0, 0.0
0.06491684913635254, 0.0, 0.0, 0.0, 0.0, 0.0, 0.0
0.07491779327392578, 0.0, 0.0, 0.0, 0.0, 0.0, 0.0
0.08491635322570801, 0.0, 0.0, 0.0, 0.0, 0.0, 0.0
0.09491682052612305, 0.0, 0.0, 0.0, 0.0, 0.0, 0.0
0.1049504280090332, 0.0, 0.0, 0.0, 0.0, 0.0, 0.0
0.11493158340454102, 0.0, 0.0, 0.0, 0.0, 0.0, 0.0
0.12492132186889648, 0.0, 0.0, 0.0, 0.0, 0.0, 0.0
0.13492465019226074, 0.0, 0.0, 0.0, 0.0, 0.0, 0.0
0.14490103721618652, 0.0, 0.0, 0.0, 0.0, 0.0, 0.0
0.1549379825592041, 0.0, 0.0, 0.0, 0.0, 0.0, 0.0
0.16492676734924316, 0.0, 0.0, 0.0, 0.0, 0.0, 0.0
0.17490839958190918, 0.0, 0.0, 0.0, 0.0, 0.0, 0.0
0.1849217414855957, 0.0, 0.0, 0.0, 0.0, 0.0, 0.0
0.19491291046142578, 0.0, 0.0, 0.0, 0.0, 0.0, 0.0
0.20493817329406738, 0.0, 0.0, 0.0, 0.0, 0.0, 0.0
0.2149362564086914, 0.0, 0.0, 0.0, 0.0, 0.0, 0.0
0.22498011589050293, 0.0, 0.0, 0.0, 0.0, 0.0, 0.0
0.23495054244995117, 0.0, 0.0, 0.0, 0.0, 0.0, 0.0
0.2449960708618164, 0.0, 0.0, 0.0, 0.0, 0.0, 0.0
0.2550029754638672, 0.0, 0.0, 0.0, 0.0, 0.0, 0.0
0.26511263847351074, 0.0, 0.0, 0.0, 0.0, 0.0, 0.0
0.2749812602996826, 0.0, 0.0, 0.0, 0.0, 0.0, 0.0
0.2850775718688965, 0.0, 0.0, 0.0, 0.0, 0.0, 0.0
0.29500269889831543, 0.0, 0.0, 0.0, 0.0, 0.0, 0.0
0.30509114265441895, 0.0, 0.0, 0.0, 0.0, 0.0, 0.0
0.3149685859680176, 0.0, 0.0, 0.0, 0.0, 0.0, 0.0
0.3249382972717285, 0.0, 0.0, 0.0, 0.0, 0.0, 0.0
0.3349483013153076, 0.0, 0.0, 0.0, 0.0, 0.0, 0.0
0.3449103832244873, 0.0, 0.0, 0.0, 0.0, 0.0, 0.0
0.3549082279205322, 0.0, 0.0, 0.0, 0.0, 0.0, 0.0
0.3649466037750244, 0.0, 0.0, 0.0, 0.0, 0.0, 0.0
0.3749504089355469, 0.0, 0.0, 0.0, 0.0, 0.0, 0.0
0.3849611282348633, 0.0, 0.0, 0.0, 0.0, 0.0, 0.0
0.39495038986206055, 0.0, 0.0, 0.0, 0.0, 0.0, 0.0
0.40494608879089355, 0.0, 0.0, 0.0, 0.0, 0.0, 0.0
0.41496777534484863, 0.0, 0.0, 0.0, 0.0, 0.0, 0.0
0.42497706413269043, 0.0, 0.0, 0.0, 0.0, 0.0, 0.0
0.4349708557128906, 0.0, 0.0, 0.0, 0.0, 0.0, 0.0
0.444962739944458, 0.0, 0.0, 0.0, 0.0, 0.0, 0.0
0.4549374580383301, 0.0, 0.0, 0.0, 0.0, 0.0, 0.0
0.4649546146392822, 0.0, 0.0, 0.0, 0.0, 0.0, 0.0
0.47492265701293945, 0.0, 0.0, 0.0, 0.0, 0.0, 0.0
0.48494577407836914, 0.0, 0.0, 0.0, 0.0, 0.0, 0.0
0.49500560760498047, 0.0, 0.0, 0.0, 0.0, 0.0, 0.0
0.5050413608551025, 0.0, 0.0, 0.0, 0.0, 0.0, 0.0
0.5149872303009033, 0.0, 0.0, 0.0, 0.0, 0.0, 0.0
0.5250215530395508, 0.0, 0.0, 0.0, 0.0, 0.0, 0.0
0.5349805355072021, 0.0, 0.0, 0.0, 0.0, 0.0, 0.0
0.5450811386108398, 0.0, 0.0, 0.0, 0.0, 0.0, 0.0
0.5549449920654297, 0.0, 0.0, 0.0, 0.0, 0.0, 0.0
0.5650084018707275, 0.0, 0.0, 0.0, 0.0, 0.0, 0.0
0.5749955177307129, 0.0, 0.0, 0.0, 0.0, 0.0, 0.0
0.5849754810333252, 0.0, 0.0, 0.0, 0.0, 0.0, 0.0
0.5949492454528809, 0.0, 0.0, 0.0, 0.0, 0.0, 0.0
0.6049270629882812, 0.0, 0.0, 0.0, 0.0, 0.0, 0.0
0.6149497032165527, 0.0, 0.0, 0.0, 0.0, 0.0, 0.0
0.6249651908874512, 0.0, 0.0, 0.0, 0.0, 0.0, 0.0
0.6349680423736572, 0.0, 0.0, 0.0, 0.0, 0.0, 0.0
0.6450221538543701, 0.0, 0.0, 0.0, 0.0, 0.0, 0.0
0.6549577713012695, 0.0, 0.0, 0.0, 0.0, 0.0, 0.0
0.6649396419525146, 0.0, 0.0, 0.0, 0.0, 0.0, 0.0
0.6749441623687744, 0.0, 0.0, 0.0, 0.0, 0.0, 0.0
0.6849257946014404, 0.0, 0.0, 0.0, 0.0, 0.0, 0.0
0.6949517726898193, 0.0, 0.0, 0.0, 0.0, 0.0, 0.0
0.704949140548706, 0.0, 0.0, 0.0, 0.0, 0.0, 0.0
0.7149665355682373, 0.0, 0.0, 0.0, 0.0, 0.0, 0.0
0.7249171733856201, 0.0, 0.0, 0.0, 0.0, 0.0, 0.0
0.7349255084991455, 0.0, 0.0, 0.0, 0.0, 0.0, 0.0
0.7449257373809814, 0.0, 0.0, 0.0, 0.0, 0.0, 0.0
0.7549347877502441, 0.0, 0.0, 0.0, 0.0, 0.0, 0.0
0.76493239402771, 0.0, 0.0, 0.0, 0.0, 0.0, 0.0
0.7749145030975342, 0.0, 0.0, 0.0, 0.0, 0.0, 0.0
0.7849328517913818, 0.0, 0.0, 0.0, 0.0, 0.0, 0.0
0.794898271560669, 0.0, 0.0, 0.0, 0.0, 0.0, 0.0
0.8049349784851074, 0.0, 0.0, 0.0, 0.0, 0.0, 0.0
0.8149125576019287, 0.0, 0.0, 0.0, 0.0, 0.0, 0.0
0.8249573707580566, 0.0, 0.0, 0.0, 0.0, 0.0, 0.0
0.8350057601928711, 0.0, 0.0, 0.0, 0.0, 0.0, 0.0
0.8449459075927734, 0.0, 0.0, 0.0, 0.0, 0.0, 0.0
0.8549385070800781, 0.0, 0.0, 0.0, 0.0, 0.0, 0.0
0.864973783493042, 0.0, 0.0, 0.0, 0.0, 0.0, 0.0
0.8749775886535645, 0.0, 0.0, 0.0, 0.0, 0.0, 0.0
0.8849763870239258, 0.0, 0.0, 0.0, 0.0, 0.0, 0.0
0.895003080368042, 0.0, 0.0, 0.0, 0.0, 0.0, 0.0
0.9049923419952393, 0.0, 0.0, 0.0, 0.0, 0.0, 0.0
0.9149551391601562, 0.0, 0.0, 0.0, 0.0, 0.0, 0.0
0.9249880313873291, 0.0, 0.0, 0.0, 0.0, 0.0, 0.0
0.935034990310669, 0.0, 0.0, 0.0, 0.0, 0.0, 0.0
0.9449589252471924, 0.0, 0.0, 0.0, 0.0, 0.0, 0.0
0.9549567699432373, 0.0, 0.0, 0.0, 0.0, 0.0, 0.0
0.9649686813354492, 0.0, 0.0, 0.0, 0.0, 0.0, 0.0
0.9749784469604492, 0.0, 0.0, 0.0, 0.0, 0.0, 0.0
0.9850103855133057, 0.0, 0.0, 0.0, 0.0, 0.0, 0.0
0.9949750900268555, 0.0, 0.0, 0.0, 0.0, 0.0, 0.0
1.0049958229064941, 0.0, 0.0, 0.0, 0.0, 0.0, 0.0
1.0149710178375244, 0.0, 0.0, 0.0, 0.0, 0.0, 0.0
1.0249922275543213, 0.0, 0.0, 0.0, 0.0, 0.0, 0.0
1.0349845886230469, 0.0, 0.0, 0.0, 0.0, 0.0, 0.0
1.044980525970459, 0.0, 0.0, 0.0, 0.0, 0.0, 0.0
1.0549933910369873, 0.0, 0.0, 0.0, 0.0, 0.0, 0.0
1.0649750232696533, 0.0, 0.0, 0.0, 0.0, 0.0, 0.0
1.0750105381011963, 0.0, 0.0, 0.0, 0.0, 0.0, 0.0
1.0849952697753906, 0.0, 0.0, 0.0, 0.0, 0.0, 0.0
1.0950231552124023, 0.0, 0.0, 0.0, 0.0, 0.0, 0.0
1.1050975322723389, 0.0, 0.0, 0.0, 0.0, 0.0, 0.0
1.1150035858154297, 0.0, 0.0, 0.0, 0.0, 0.0, 0.0
1.1249849796295166, 0.0, 0.0, 0.0, 0.0, 0.0, 0.0
1.1349966526031494, 0.0, 0.0, 0.0, 0.0, 0.0, 0.0
1.1450910568237305, 0.0, 0.0, 0.0, 0.0, 0.0, 0.0
1.15498948097229, 0.0, 0.0, 0.0, 0.0, 0.0, 0.0
1.164963722229004, 0.0, 0.0, 0.0, 0.0, 0.0, 0.0
1.1749839782714844, 0.0, 0.0, 0.0, 0.0, 0.0, 0.0
1.185011863708496, 0.0, 0.0, 0.0, 0.0, 0.0, 0.0
1.1949775218963623, 0.0, 0.0, 0.0, 0.0, 0.0, 0.0
1.2049939632415771, 0.0, 0.0, 0.0, 0.0, 0.0, 0.0
1.2149999141693115, 0.0, 0.0, 0.0, 0.0, 0.0, 0.0
1.2249813079833984, 0.0, 0.0, 0.0, 0.0, 0.0, 0.0
1.2349720001220703, 0.0, 0.0, 0.0, 0.0, 0.0, 0.0
1.2449543476104736, 0.0, 0.0, 0.0, 0.0, 0.0, 0.0
1.2549445629119873, 0.0, 0.0, 0.0, 0.0, 0.0, 0.0
1.2649898529052734, 0.0, 0.0, 0.0, 0.0, 0.0, 0.0
1.274972915649414, 0.0, 0.0, 0.0, 0.0, 0.0, 0.0
1.2850477695465088, 0.0, 0.0, 0.0, 0.0, 0.0, 0.0
1.2949984073638916, 0.0, 0.0, 0.0, 0.0, 0.0, 0.0
1.3050367832183838, 0.0, 0.0, 0.0, 0.0, 0.0, 0.0
1.3150253295898438, 0.0, 0.0, 0.0, 0.0, 0.0, 0.0
1.3249611854553223, 0.0, 0.0, 0.0, 0.0, 0.0, 0.0
1.3350012302398682, 0.0, 0.0, 0.0, 0.0, 0.0, 0.0
1.3450400829315186, 0.0, 0.0, 0.0, 0.0, 0.0, 0.0
1.354992389678955, 0.0, 0.0, 0.0, 0.0, 0.0, 0.0
1.3649749755859375, 0.0, 0.0, 0.0, 0.0, 0.0, 0.0
1.3749732971191406, 0.0, 0.0, 0.0, 0.0, 0.0, 0.0
1.385028600692749, 0.0, 0.0, 0.0, 0.0, 0.0, 0.0
1.3949885368347168, 0.0, 0.0, 0.0, 0.0, 0.0, 0.0
1.4050025939941406, 0.0, 0.0, 0.0, 0.0, 0.0, 0.0
1.4149982929229736, 0.0, 0.0, 0.0, 0.0, 0.0, 0.0
1.4249911308288574, 0.0, 0.0, 0.0, 0.0, 0.0, 0.0
1.434993028640747, 0.0, 0.0, 0.0, 0.0, 0.0, 0.0
1.444993019104004, 0.0, 0.0, 0.0, 0.0, 0.0, 0.0
1.4549682140350342, 0.0, 0.0, 0.0, 0.0, 0.0, 0.0
1.465087652206421, 0.0, 0.0, 0.0, 0.0, 0.0, 0.0
1.4749832153320312, 0.0, 0.0, 0.0, 0.0, 0.0, 0.0
1.4850423336029053, 0.0, 0.0, 0.0, 0.0, 0.0, 0.0
1.495027780532837, 0.0, 0.0, 0.0, 0.0, 0.0, 0.0
1.505101203918457, 0.0, 0.0, 0.0, 0.0, 0.0, 0.0
1.5150728225708008, 0.0, 0.0, 0.0, 0.0, 0.0, 0.0
1.5249745845794678, 0.0, 0.0, 0.0, 0.0, 0.0, 0.0
1.534963846206665, 0.0, 0.0, 0.0, 0.0, 0.0, 0.0
1.544959545135498, 0.0, 0.0, 0.0, 0.0, 0.0, 0.0
1.5550754070281982, 0.0, 0.0, 0.0, 0.0, 0.0, 0.0
1.5650477409362793, 0.0, 0.0, 0.0, 0.0, 0.0, 0.0
1.575011968612671, 0.0, 0.0, 0.0, 0.0, 0.0, 0.0
1.5850954055786133, 0.0, 0.0, 0.0, 0.0, 0.0, 0.0
1.5950045585632324, 0.0, 0.0, 0.0, 0.0, 0.0, 0.0
1.6050901412963867, 0.0, 0.0, 0.0, 0.0, 0.0, 0.0
1.6150884628295898, 0.0, 0.0, 0.0, 0.0, 0.0, 0.0
1.625065803527832, 0.0, 0.0, 0.0, 0.0, 0.0, 0.0
1.6349706649780273, 0.0, 0.0, 0.0, 0.0, 0.0, 0.0
1.645054817199707, 0.0, 0.0, 0.0, 0.0, 0.0, 0.0
1.6550440788269043, 0.0, 0.0, 0.0, 0.0, 0.0, 0.0
1.665048360824585, 0.0, 0.0, 0.0, 0.0, 0.0, 0.0
1.6750566959381104, 0.0, 0.0, 0.0, 0.0, 0.0, 0.0
1.685084581375122, 0.0, 0.0, 0.0, 0.0, 0.0, 0.0
1.6950700283050537, 0.0, 0.0, 0.0, 0.0, 0.0, 0.0
1.7050578594207764, 0.0, 0.0, 0.0, 0.0, 0.0, 0.0
1.7150366306304932, 0.0, 0.0, 0.0, 0.0, 0.0, 0.0
1.7249751091003418, 0.0, 0.0, 0.0, 0.0, 0.0, 0.0
1.7349872589111328, 0.0, 0.0, 0.0, 0.0, 0.0, 0.0
1.7449650764465332, 0.0, 0.0, 0.0, 0.0, 0.0, 0.0
1.7549893856048584, 0.0, 0.0, 0.0, 0.0, 0.0, 0.0
1.7650072574615479, 0.0, 0.0, 0.0, 0.0, 0.0, 0.0
1.7749519348144531, 0.0, 0.0, 0.0, 0.0, 0.0, 0.0
1.7849740982055664, 0.0, 0.0, 0.0, 0.0, 0.0, 0.0
1.79494309425354, 0.0, 0.0, 0.0, 0.0, 0.0, 0.0
1.8049662113189697, 0.0, 0.0, 0.0, 0.0, 0.0, 0.0
1.8149316310882568, 0.0, 0.0, 0.0, 0.0, 0.0, 0.0
1.824908971786499, 0.0, 0.0, 0.0, 0.0, 0.0, 0.0
1.8349099159240723, 0.0, 0.0, 0.0, 0.0, 0.0, 0.0
1.8449084758758545, 0.0, 0.0, 0.0, 0.0, 0.0, 0.0
1.8549237251281738, 0.0, 0.0, 0.0, 0.0, 0.0, 0.0
1.8649060726165771, 0.0, 0.0, 0.0, 0.0, 0.0, 0.0
1.8749892711639404, 0.0, 0.0, 0.0, 0.0, 0.0, 0.0
1.8850014209747314, 0.0, 0.0, 0.0, 0.0, 0.0, 0.0
1.8949947357177734, 0.0, 0.0, 0.0, 0.0, 0.0, 0.0
1.9050524234771729, 0.0, 0.0, 0.0, 0.0, 0.0, 0.0
1.915013074874878, 0.0, 0.0, 0.0, 0.0, 0.0, 0.0
1.924992322921753, 0.0, 0.0, 0.0, 0.0, 0.0, 0.0
1.9349653720855713, 0.0, 0.0, 0.0, 0.0, 0.0, 0.0
1.9449806213378906, 0.0, 0.0, 0.0, 0.0, 0.0, 0.0
1.9550089836120605, 0.0, 0.0, 0.0, 0.0, 0.0, 0.0
1.9650044441223145, 0.0, 0.0, 0.0, 0.0, 0.0, 0.0
1.9749958515167236, 0.0, 0.0, 0.0, 0.0, 0.0, 0.0
1.9850966930389404, 0.0, 0.0, 0.0, 0.0, 0.0, 0.0
1.9950106143951416, 0.0, 0.0, 0.0, 0.0, 0.0, 0.0
2.0049972534179688, 0.0, 0.0, 0.0, 0.0, 0.0, 0.0
2.0149972438812256, 0.0, 0.0, 0.0, 0.0, 0.0, 0.0
2.024975061416626, 0.0, 0.0, 0.0, 0.0, 0.0, 0.0
2.0349934101104736, 0.0, 0.0, 0.0, 0.0, 0.0, 0.0
2.0449953079223633, 0.0, 0.0, 0.0, 0.0, 0.0, 0.0
2.054994821548462, 0.0, 0.0, 0.0, 0.0, 0.0, 0.0
2.064980983734131, 0.0, 0.0, 0.0, 0.0, 0.0, 0.0
2.0749423503875732, 0.0, 0.0, 0.0, 0.0, 0.0, 0.0
2.08495831489563, 0.0, 0.0, 0.0, 0.0, 0.0, 0.0
2.094951868057251, 0.0, 0.0, 0.0, 0.0, 0.0, 0.0
2.104947805404663, 0.0, 0.0, 0.0, 0.0, 0.0, 0.0
2.114946126937866, 0.0, 0.0, 0.0, 0.0, 0.0, 0.0
2.1249194145202637, 0.0, 0.0, 0.0, 0.0, 0.0, 0.0
2.1349260807037354, 0.0, 0.0, 0.0, 0.0, 0.0, 0.0
2.144904136657715, 0.0, 0.0, 0.0, 0.0, 0.0, 0.0
2.154902219772339, 0.0, 0.0, 0.0, 0.0, 0.0, 0.0
2.164910316467285, 0.0, 0.0, 0.0, 0.0, 0.0, 0.0
2.1748669147491455, 0.0, 0.0, 0.0, 0.0, 0.0, 0.0
2.1848952770233154, 0.0, 0.0, 0.0, 0.0, 0.0, 0.0
2.194913387298584, 0.0, 0.0, 0.0, 0.0, 0.0, 0.0
2.2048676013946533, 0.0, 0.0, 0.0, 0.0, 0.0, 0.0
2.214909791946411, 0.0, 0.0, 0.0, 0.0, 0.0, 0.0
2.224903106689453, 0.0, 0.0, 0.0, 0.0, 0.0, 0.0
2.2349095344543457, 0.0, 0.0, 0.0, 0.0, 0.0, 0.0
2.2449090480804443, 0.0, 0.0, 0.0, 0.0, 0.0, 0.0
2.2549092769622803, 0.0, 0.0, 0.0, 0.0, 0.0, 0.0
2.264894962310791, 0.0, 0.0, 0.0, 0.0, 0.0, 0.0
2.2749013900756836, 0.0, 0.0, 0.0, 0.0, 0.0, 0.0
2.28488826751709, 0.0, 0.0, 0.0, 0.0, 0.0, 0.0
2.294905424118042, 0.0, 0.0, 0.0, 0.0, 0.0, 0.0
2.304884672164917, 0.0, 0.0, 0.0, 0.0, 0.0, 0.0
2.31490159034729, 0.0, 0.0, 0.0, 0.0, 0.0, 0.0
2.324885129928589, 0.0, 0.0, 0.0, 0.0, 0.0, 0.0
2.3348989486694336, 0.0, 0.0, 0.0, 0.0, 0.0, 0.0
2.344890594482422, 0.0, 0.0, 0.0, 0.0, 0.0, 0.0
2.3548858165740967, 0.0, 0.0, 0.0, 0.0, 0.0, 0.0
2.364917516708374, 0.0, 0.0, 0.0, 0.0, 0.0, 0.0
2.3749496936798096, 0.0, 0.0, 0.0, 0.0, 0.0, 0.0
2.3849360942840576, 0.0, 0.0, 0.0, 0.0, 0.0, 0.0
2.3949525356292725, 0.0, 0.0, 0.0, 0.0, 0.0, 0.0
2.404912233352661, 0.0, 0.0, 0.0, 0.0, 0.0, 0.0
2.4149134159088135, 0.0, 0.0, 0.0, 0.0, 0.0, 0.0
2.4249045848846436, 0.0, 0.0, 0.0, 0.0, 0.0, 0.0
2.434900999069214, 0.0, 0.0, 0.0, 0.0, 0.0, 0.0
2.4449269771575928, 0.0, 0.0, 0.0, 0.0, 0.0, 0.0
2.4549062252044678, 0.0, 0.0, 0.0, 0.0, 0.0, 0.0
2.464986801147461, 0.0, 0.0, 0.0, 0.0, 0.0, 0.0
2.474968433380127, 0.0, 0.0, 0.0, 0.0, 0.0, 0.0
2.484973669052124, 0.0, 0.0, 0.0, 0.0, 0.0, 0.0
2.495018482208252, 0.0, 0.0, 0.0, 0.0, 0.0, 0.0
2.50498366355896, 0.0, 0.0, 0.0, 0.0, 0.0, 0.0
2.5149998664855957, 0.0, 0.0, 0.0, 0.0, 0.0, 0.0
2.5249264240264893, 0.0, 0.0, 0.0, 0.0, 0.0, 0.0
2.5350024700164795, 0.0, 0.0, 0.0, 0.0, 0.0, 0.0
2.5450193881988525, 0.0, 0.0, 0.0, 0.0, 0.0, 0.0
2.555011749267578, 0.0, 0.0, 0.0, 0.0, 0.0, 0.0
2.564954996109009, 0.0, 0.0, 0.0, 0.0, 0.0, 0.0
2.5749199390411377, 0.0, 0.0, 0.0, 0.0, 0.0, 0.0
2.5849361419677734, 0.0, 0.0, 0.0, 0.0, 0.0, 0.0
2.59490966796875, 0.0, 0.0, 0.0, 0.0, 0.0, 0.0
2.6049492359161377, 0.0, 0.0, 0.0, 0.0, 0.0, 0.0
2.6149418354034424, 0.0, 0.0, 0.0, 0.0, 0.0, 0.0
2.624950885772705, 0.0, 0.0, 0.0, 0.0, 0.0, 0.0
2.6349573135375977, 0.0, 0.0, 0.0, 0.0, 0.0, 0.0
2.644960880279541, 0.0, 0.0, 0.0, 0.0, 0.0, 0.0
2.6549484729766846, 0.0, 0.0, 0.0, 0.0, 0.0, 0.0
2.664961338043213, 0.0, 0.0, 0.0, 0.0, 0.0, 0.0
2.6749839782714844, 0.0, 0.0, 0.0, 0.0, 0.0, 0.0
2.6850478649139404, 0.0, 0.0, 0.0, 0.0, 0.0, 0.0
2.6949880123138428, 0.0, 0.0, 0.0, 0.0, 0.0, 0.0
2.7050437927246094, 0.0, 0.0, 0.0, 0.0, 0.0, 0.0
2.714986562728882, 0.0, 0.0, 0.0, 0.0, 0.0, 0.0
2.724977970123291, 0.0, 0.0, 0.0, 0.0, 0.0, 0.0
2.734980344772339, 0.0, 0.0, 0.0, 0.0, 0.0, 0.0
2.7450945377349854, 0.0, 0.0, 0.0, 0.0, 0.0, 0.0
2.755018949508667, 0.0, 0.0, 0.0, 0.0, 0.0, 0.0
2.7650668621063232, 0.0, 0.0, 0.0, 0.0, 0.0, 0.0
2.774993419647217, 0.0, 0.0, 0.0, 0.0, 0.0, 0.0
2.784958600997925, 0.0, 0.0, 0.0, 0.0, 0.0, 0.0
2.795079469680786, 0.0, 0.0, 0.0, 0.0, 0.0, 0.0
2.804965019226074, 0.0, 0.0, 0.0, 0.0, 0.0, 0.0
2.8149659633636475, 0.0, 0.0, 0.0, 0.0, 0.0, 0.0
2.8249447345733643, 0.0, 0.0, 0.0, 0.0, 0.0, 0.0
2.8349900245666504, 0.0, 0.0, 0.0, 0.0, 0.0, 0.0
2.844970703125, 0.0, 0.0, 0.0, 0.0, 0.0, 0.0
2.8550214767456055, 0.0, 0.0, 0.0, 0.0, 0.0, 0.0
2.8650002479553223, 0.0, 0.0, 0.0, 0.0, 0.0, 0.0
2.874950885772705, 0.0, 0.0, 0.0, 0.0, 0.0, 0.0
2.8849687576293945, 0.0, 0.0, 0.0, 0.0, 0.0, 0.0
2.8949825763702393, 0.0, 0.0, 0.0, 0.0, 0.0, 0.0
2.904977798461914, 0.0, 0.0, 0.0, 0.0, 0.0, 0.0
2.9149863719940186, 0.0, 0.0, 0.0, 0.0, 0.0, 0.0
2.9249773025512695, 0.0, 0.0, 0.0, 0.0, 0.0, 0.0
2.934993028640747, 0.0, 0.0, 0.0, 0.0, 0.0, 0.0
2.944959878921509, 0.0, 0.0, 0.0, 0.0, 0.0, 0.0
2.954927682876587, 0.0, 0.0, 0.0, 0.0, 0.0, 0.0
2.9649722576141357, 0.0, 0.0, 0.0, 0.0, 0.0, 0.0
2.9749462604522705, 0.0, 0.0, 0.0, 0.0, 0.0, 0.0
2.985041379928589, 0.0, 0.0, 0.0, 0.0, 0.0, 0.0
2.9950239658355713, 0.0, 0.0, 0.0, 0.0, 0.0, 0.0
3.005061388015747, 0.0, 0.0, 0.0, 0.0, 0.0, 0.0
3.01499605178833, 0.0, 0.0, 0.0, 0.0, 0.0, 0.0
3.0249853134155273, 0.0, 0.0, 0.0, 0.0, 0.0, 0.0
3.0350568294525146, 0.0, 0.0, 0.0, 0.0, 0.0, 0.0
3.044997453689575, 0.0, 0.0, 0.0, 0.0, 0.0, 0.0
3.054997682571411, 0.0, 0.0, 0.0, 0.0, 0.0, 0.0
3.064974784851074, 0.0, 0.0, 0.0, 0.0, 0.0, 0.0
3.074976921081543, 0.0, 0.0, 0.0, 0.0, 0.0, 0.0
3.085059881210327, 0.0, 0.0, 0.0, 0.0, 0.0, 0.0
3.0949771404266357, 0.0, 0.0, 0.0, 0.0, 0.0, 0.0
3.105048418045044, 0.0, 0.0, 0.0, 0.0, 0.0, 0.0
3.115004539489746, 0.0, 0.0, 0.0, 0.0, 0.0, 0.0
3.1250030994415283, 0.0, 0.0, 0.0, 0.0, 0.0, 0.0
3.1349947452545166, 0.0, 0.0, 0.0, 0.0, 0.0, 0.0
3.145015239715576, 0.0, 0.0, 0.0, 0.0, 0.0, 0.0
3.155012369155884, 0.0, 0.0, 0.0, 0.0, 0.0, 0.0
3.1650822162628174, 0.0, 0.0, 0.0, 0.0, 0.0, 0.0
3.1749775409698486, 0.0, 0.0, 0.0, 0.0, 0.0, 0.0
3.185037136077881, 0.0, 0.0, 0.0, 0.0, 0.0, 0.0
3.1949777603149414, 0.0, 0.0, 0.0, 0.0, 0.0, 0.0
3.205033302307129, 0.0, 0.0, 0.0, 0.0, 0.0, 0.0
3.215026617050171, 0.0, 0.0, 0.0, 0.0, 0.0, 0.0
3.224994659423828, 0.0, 0.0, 0.0, 0.0, 0.0, 0.0
3.2349929809570312, 0.0, 0.0, 0.0, 0.0, 0.0, 0.0
3.244980573654175, 0.0, 0.0, 0.0, 0.0, 0.0, 0.0
3.2549917697906494, 0.0, 0.0, 0.0, 0.0, 0.0, 0.0
3.265042304992676, 0.0, 0.0, 0.0, 0.0, 0.0, 0.0
3.2750179767608643, 0.0, 0.0, 0.0, 0.0, 0.0, 0.0
3.2850160598754883, 0.0, 0.0, 0.0, 0.0, 0.0, 0.0
3.2949955463409424, 0.0, 0.0, 0.0, 0.0, 0.0, 0.0
3.3050003051757812, 0.0, 0.0, 0.0, 0.0, 0.0, 0.0
3.314995050430298, 0.0, 0.0, 0.0, 0.0, 0.0, 0.0
3.3249988555908203, 0.0, 0.0, 0.0, 0.0, 0.0, 0.0
3.334991455078125, 0.0, 0.0, 0.0, 0.0, 0.0, 0.0
3.345004081726074, 0.0, 0.0, 0.0, 0.0, 0.0, 0.0
3.355006694793701, 0.0, 0.0, 0.0, 0.0, 0.0, 0.0
3.365000009536743, 0.0, 0.0, 0.0, 0.0, 0.0, 0.0
3.3750100135803223, 0.0, 0.0, 0.0, 0.0, 0.0, 0.0
3.385009288787842, 0.0, 0.0, 0.0, 0.0, 0.0, 0.0
3.39497709274292, 0.0, 0.0, 0.0, 0.0, 0.0, 0.0
3.4050538539886475, 0.0, 0.0, 0.0, 0.0, 0.0, 0.0
3.4150166511535645, 0.0, 0.0, 0.0, 0.0, 0.0, 0.0
3.42506742477417, 0.0, 0.0, 0.0, 0.0, 0.0, 0.0
3.434979200363159, 0.0, 0.0, 0.0, 0.0, 0.0, 0.0
3.445007085800171, 0.0, 0.0, 0.0, 0.0, 0.0, 0.0
3.4550070762634277, 0.0, 0.0, 0.0, 0.0, 0.0, 0.0
3.464984655380249, 0.0, 0.0, 0.0, 0.0, 0.0, 0.0
3.4749951362609863, 0.0, 0.0, 0.0, 0.0, 0.0, 0.0
3.4851152896881104, 0.0, 0.0, 0.0, 0.0, 0.0, 0.0
3.4949896335601807, 0.0, 0.0, 0.0, 0.0, 0.0, 0.0
3.504986524581909, 0.0, 0.0, 0.0, 0.0, 0.0, 0.0
3.5149972438812256, 0.0, 0.0, 0.0, 0.0, 0.0, 0.0
3.5249900817871094, 0.0, 0.0, 0.0, 0.0, 0.0, 0.0
3.534980535507202, 0.0, 0.0, 0.0, 0.0, 0.0, 0.0
3.544990062713623, 0.0, 0.0, 0.0, 0.0, 0.0, 0.0
3.554990530014038, 0.0, 0.0, 0.0, 0.0, 0.0, 0.0
3.564962148666382, 0.0, 0.0, 0.0, 0.0, 0.0, 0.0
3.574978828430176, 0.0, 0.0, 0.0, 0.0, 0.0, 0.0
3.584980010986328, 0.0, 0.0, 0.0, 0.0, 0.0, 0.0
3.594958543777466, 0.0, 0.0, 0.0, 0.0, 0.0, 0.0
3.6049766540527344, 0.0, 0.0, 0.0, 0.0, 0.0, 0.0
3.614964723587036, 0.0, 0.0, 0.0, 0.0, 0.0, 0.0
3.624987840652466, 0.0, 0.0, 0.0, 0.0, 0.0, 0.0
3.6349992752075195, 0.0, 0.0, 0.0, 0.0, 0.0, 0.0
3.644958257675171, 0.0, 0.0, 0.0, 0.0, 0.0, 0.0
3.6549599170684814, 0.0, 0.0, 0.0, 0.0, 0.0, 0.0
3.6649508476257324, 0.0, 0.0, 0.0, 0.0, 0.0, 0.0
3.6749520301818848, 0.0, 0.0, 0.0, 0.0, 0.0, 0.0
3.6849465370178223, 0.0, 0.0, 0.0, 0.0, 0.0, 0.0
3.694974660873413, 0.0, 0.0, 0.0, 0.0, 0.0, 0.0
3.7049803733825684, 0.0, 0.0, 0.0, 0.0, 0.0, 0.0
3.7149980068206787, 0.0, 0.0, 0.0, 0.0, 0.0, 0.0
3.7249755859375, 0.0, 0.0, 0.0, 0.0, 0.0, 0.0
3.734964609146118, 0.0, 0.0, 0.0, 0.0, 0.0, 0.0
3.744960069656372, 0.0, 0.0, 0.0, 0.0, 0.0, 0.0
3.7549545764923096, 0.0, 0.0, 0.0, 0.0, 0.0, 0.0
3.7649974822998047, 0.0, 0.0, 0.0, 0.0, 0.0, 0.0
3.7749829292297363, 0.0, 0.0, 0.0, 0.0, 0.0, 0.0
3.7849695682525635, 0.0, 0.0, 0.0, 0.0, 0.0, 0.0
3.794954538345337, 0.0, 0.0, 0.0, 0.0, 0.0, 0.0
3.805006504058838, 0.0, 0.0, 0.0, 0.0, 0.0, 0.0
3.8149781227111816, 0.0, 0.0, 0.0, 0.0, 0.0, 0.0
3.824991464614868, 0.0, 0.0, 0.0, 0.0, 0.0, 0.0
3.83499813079834, 0.0, 0.0, 0.0, 0.0, 0.0, 0.0
3.8450124263763428, 0.0, 0.0, 0.0, 0.0, 0.0, 0.0
3.8549811840057373, 0.0, 0.0, 0.0, 0.0, 0.0, 0.0
3.865060329437256, 0.0, 0.0, 0.0, 0.0, 0.0, 0.0
3.8749642372131348, 0.0, 0.0, 0.0, 0.0, 0.0, 0.0
3.8850748538970947, 0.0, 0.0, 0.0, 0.0, 0.0, 0.0
3.8950183391571045, 0.0, 0.0, 0.0, 0.0, 0.0, 0.0
3.9049854278564453, 0.0, 0.0, 0.0, 0.0, 0.0, 0.0
3.9149892330169678, 0.0, 0.0, 0.0, 0.0, 0.0, 0.0
3.925041913986206, 0.0, 0.0, 0.0, 0.0, 0.0, 0.0
3.934985876083374, 0.0, 0.0, 0.0, 0.0, 0.0, 0.0
3.9449942111968994, 0.0, 0.0, 0.0, 0.0, 0.0, 0.0
3.954979658126831, 0.0, 0.0, 0.0, 0.0, 0.0, 0.0
3.9649698734283447, 0.0, 0.0, 0.0, 0.0, 0.0, 0.0
3.974961519241333, 0.0, 0.0, 0.0, 0.0, 0.0, 0.0
3.9849507808685303, 0.0, 0.0, 0.0, 0.0, 0.0, 0.0
3.9949355125427246, 0.0, 0.0, 0.0, 0.0, 0.0, 0.0
4.004930019378662, 0.0, 0.0, 0.0, 0.0, 0.0, 0.0
4.014926433563232, 0.0, 0.0, 0.0, 0.0, 0.0, 0.0
4.024924039840698, 0.0, 0.0, 0.0, 0.0, 0.0, 0.0
4.034945011138916, 0.0, 0.0, 0.0, 0.0, 0.0, 0.0
4.044950723648071, 0.0, 0.0, 0.0, 0.0, 0.0, 0.0
4.054941415786743, 0.0, 0.0, 0.0, 0.0, 0.0, 0.0
4.064939975738525, 0.0, 0.0, 0.0, 0.0, 0.0, 0.0
4.074923753738403, 0.0, 0.0, 0.0, 0.0, 0.0, 0.0
4.084905385971069, 0.0, 0.0, 0.0, 0.0, 0.0, 0.0
4.0949132442474365, 0.0, 0.0, 0.0, 0.0, 0.0, 0.0
4.104978322982788, 0.0, 0.0, 0.0, 0.0, 0.0, 0.0
4.1149702072143555, 0.0, 0.0, 0.0, 0.0, 0.0, 0.0
4.124932289123535, 0.0, 0.0, 0.0, 0.0, 0.0, 0.0
4.134960889816284, 0.0, 0.0, 0.0, 0.0, 0.0, 0.0
4.144972085952759, 0.0, 0.0, 0.0, 0.0, 0.0, 0.0
4.154972314834595, 0.0, 0.0, 0.0, 0.0, 0.0, 0.0
4.165099382400513, 0.0, 0.0, 0.0, 0.0, 0.0, 0.0
4.175000905990601, 0.0, 0.0, 0.0, 0.0, 0.0, 0.0
4.184981107711792, 0.0, 0.0, 0.0, 0.0, 0.0, 0.0
4.194993495941162, 0.0, 0.0, 0.0, 0.0, 0.0, 0.0
4.204995393753052, 0.0, 0.0, 0.0, 0.0, 0.0, 0.0
4.2149622440338135, 0.0, 0.0, 0.0, 0.0, 0.0, 0.0
4.224980115890503, 0.0, 0.0, 0.0, 0.0, 0.0, 0.0
4.23497748374939, 0.0, 0.0, 0.0, 0.0, 0.0, 0.0
4.244983434677124, 0.0, 0.0, 0.0, 0.0, 0.0, 0.0
4.254966735839844, 0.0, 0.0, 0.0, 0.0, 0.0, 0.0
4.264967441558838, 0.0, 0.0, 0.0, 0.0, 0.0, 0.0
4.274968385696411, 0.0, 0.0, 0.0, 0.0, 0.0, 0.0
4.285017967224121, 0.0, 0.0, 0.0, 0.0, 0.0, 0.0
4.295026063919067, 0.0, 0.0, 0.0, 0.0, 0.0, 0.0
4.304989337921143, 0.0, 0.0, 0.0, 0.0, 0.0, 0.0
4.314967155456543, 0.0, 0.0, 0.0, 0.0, 0.0, 0.0
4.32495379447937, 0.0, 0.0, 0.0, 0.0, 0.0, 0.0
4.334985017776489, 0.0, 0.0, 0.0, 0.0, 0.0, 0.0
4.344977617263794, 0.0, 0.0, 0.0, 0.0, 0.0, 0.0
4.354999780654907, 0.0, 0.0, 0.0, 0.0, 0.0, 0.0
4.364975690841675, 0.0, 0.0, 0.0, 0.0, 0.0, 0.0
4.374985933303833, 0.0, 0.0, 0.0, 0.0, 0.0, 0.0
4.385001182556152, 0.0, 0.0, 0.0, 0.0, 0.0, 0.0
4.394999027252197, 0.0, 0.0, 0.0, 0.0, 0.0, 0.0
4.40497350692749, 0.0, 0.0, 0.0, 0.0, 0.0, 0.0
4.414954423904419, 0.0, 0.0, 0.0, 0.0, 0.0, 0.0
4.424996852874756, 0.0, 0.0, 0.0, 0.0, 0.0, 0.0
4.43499755859375, 0.0, 0.0, 0.0, 0.0, 0.0, 0.0
4.444966554641724, 0.0, 0.0, 0.0, 0.0, 0.0, 0.0
4.454967737197876, 0.0, 0.0, 0.0, 0.0, 0.0, 0.0
4.464996099472046, 0.0, 0.0, 0.0, 0.0, 0.0, 0.0
4.4749791622161865, 0.0, 0.0, 0.0, 0.0, 0.0, 0.0
4.485087871551514, 0.0, 0.0, 0.0, 0.0, 0.0, 0.0
4.494989633560181, 0.0, 0.0, 0.0, 0.0, 0.0, 0.0
4.504971027374268, 0.0, 0.0, 0.0, 0.0, 0.0, 0.0
4.515007972717285, 0.0, 0.0, 0.0, 0.0, 0.0, 0.0
4.524972915649414, 0.0, 0.0, 0.0, 0.0, 0.0, 0.0
4.534982204437256, 0.0, 0.0, 0.0, 0.0, 0.0, 0.0
4.544994831085205, 0.0, 0.0, 0.0, 0.0, 0.0, 0.0
4.554991006851196, 0.0, 0.0, 0.0, 0.0, 0.0, 0.0
4.565074443817139, 0.0, 0.0, 0.0, 0.0, 0.0, 0.0
4.574986934661865, 0.0, 0.0, 0.0, 0.0, 0.0, 0.0
4.584989786148071, 0.0, 0.0, 0.0, 0.0, 0.0, 0.0
4.594989538192749, 0.0, 0.0, 0.0, 0.0, 0.0, 0.0
4.604982852935791, 0.0, 0.0, 0.0, 0.0, 0.0, 0.0
4.6149702072143555, 0.0, 0.0, 0.0, 0.0, 0.0, 0.0
4.625006675720215, 0.0, 0.0, 0.0, 0.0, 0.0, 0.0
4.634973049163818, 0.0, 0.0, 0.0, 0.0, 0.0, 0.0
4.6449925899505615, 0.0, 0.0, 0.0, 0.0, 0.0, 0.0
4.6549906730651855, 0.0, 0.0, 0.0, 0.0, 0.0, 0.0
4.664997816085815, 0.0, 0.0, 0.0, 0.0, 0.0, 0.0
4.674972057342529, 0.0, 0.0, 0.0, 0.0, 0.0, 0.0
4.685094594955444, 0.0, 0.0, 0.0, 0.0, 0.0, 0.0
4.695008993148804, 0.0, 0.0, 0.0, 0.0, 0.0, 0.0
4.7050511837005615, 0.0, 0.0, 0.0, 0.0, 0.0, 0.0
4.715008020401001, 0.0, 0.0, 0.0, 0.0, 0.0, 0.0
4.725001573562622, 0.0, 0.0, 0.0, 0.0, 0.0, 0.0
4.735008239746094, 0.0, 0.0, 0.0, 0.0, 0.0, 0.0
4.744990110397339, 0.0, 0.0, 0.0, 0.0, 0.0, 0.0
4.755018472671509, 0.0, 0.0, 0.0, 0.0, 0.0, 0.0
4.764981508255005, 0.0, 0.0, 0.0, 0.0, 0.0, 0.0
4.774987697601318, 0.0, 0.0, 0.0, 0.0, 0.0, 0.0
4.785081148147583, 0.0, 0.0, 0.0, 0.0, 0.0, 0.0
4.794983386993408, 0.0, 0.0, 0.0, 0.0, 0.0, 0.0
4.80508279800415, 0.0, 0.0, 0.0, 0.0, 0.0, 0.0
4.814992189407349, 0.0, 0.0, 0.0, 0.0, 0.0, 0.0
4.824978828430176, 0.0, 0.0, 0.0, 0.0, 0.0, 0.0
4.834993362426758, 0.0, 0.0, 0.0, 0.0, 0.0, 0.0
4.844984531402588, 0.0, 0.0, 0.0, 0.0, 0.0, 0.0
4.854990005493164, 0.0, 0.0, 0.0, 0.0, 0.0, 0.0
4.864973783493042, 0.0, 0.0, 0.0, 0.0, 0.0, 0.0
4.8749895095825195, 0.0, 0.0, 0.0, 0.0, 0.0, 0.0
4.885072469711304, 0.0, 0.0, 0.0, 0.0, 0.0, 0.0
4.895014047622681, 0.0, 0.0, 0.0, 0.0, 0.0, 0.0
4.905067443847656, 0.0, 0.0, 0.0, 0.0, 0.0, 0.0
4.915002822875977, 0.0, 0.0, 0.0, 0.0, 0.0, 0.0
4.9250452518463135, 0.0, 0.0, 0.0, 0.0, 0.0, 0.0
4.934991359710693, 0.0, 0.0, 0.0, 0.0, 0.0, 0.0
4.945032596588135, 0.0, 0.0, 0.0, 0.0, 0.0, 0.0
4.955006837844849, 0.0, 0.0, 0.0, 0.0, 0.0, 0.0
4.965063095092773, 0.0, 0.0, 0.0, 0.0, 0.0, 0.0
4.9749932289123535, 0.0, 0.0, 0.0, 0.0, 0.0, 0.0
4.985079765319824, 0.0, 0.0, 0.0, 0.0, 0.0, 0.0
4.994986057281494, 0.0, 0.0, 0.0, 0.0, 0.0, 0.0
5.004995584487915, 0.0, 0.0, 0.0, 0.0, 0.0, 0.0
5.015000820159912, 0.0, 0.0, 0.0, 0.0, 0.0, 0.0
5.025007247924805, 0.0, 0.0, 0.0, 0.0, 0.0, 0.0
5.035012245178223, 0.0, 0.0, 0.0, 0.0, 0.0, 0.0
5.045002222061157, 0.0, 0.0, 0.0, 0.0, 0.0, 0.0
5.054995059967041, 0.0, 0.0, 0.0, 0.0, 0.0, 0.0
5.065049409866333, 0.0, 0.0, 0.0, 0.0, 0.0, 0.0
5.07501220703125, 0.0, 0.0, 0.0, 0.0, 0.0, 0.0
5.085042238235474, 0.0, 0.0, 0.0, 0.0, 0.0, 0.0
5.0949883460998535, 0.0, 0.0, 0.0, 0.0, 0.0, 0.0
5.105088949203491, 0.0, 0.0, 0.0, 0.0, 0.0, 0.0
5.115000247955322, 0.0, 0.0, 0.0, 0.0, 0.0, 0.0
5.125000715255737, 0.0, 0.0, 0.0, 0.0, 0.0, 0.0
5.135028123855591, 0.0, 0.0, 0.0, 0.0, 0.0, 0.0
5.145035028457642, 0.0, 0.0, 0.0, 0.0, 0.0, 0.0
5.154992341995239, 0.0, 0.0, 0.0, 0.0, 0.0, 0.0
