3.337860107421875e-06, 0.0, 0.0, 0.0, 0.0, 0.0, 0.0
6.651878356933594e-05, 0.0, 0.0, 0.0, 0.0, 0.0, 0.0
0.006036996841430664, 0.0, 0.0, 0.0, 0.0, 0.0, 0.0
0.016057968139648438, 0.0, 0.0, 0.0, 0.0, 0.0, 0.0
0.02605724334716797, 0.0, 0.0, 0.0, 0.0, 0.0, 0.0
0.03606224060058594, 0.0, 0.0, 0.0, 0.0, 0.0, 0.0
0.04602813720703125, 0.0, 0.0, 0.0, 0.0, 0.0, 0.0
0.05608391761779785, 0.0, 0.0, 0.0, 0.0, 0.0, 0.0
0.06611037254333496, 0.0, 0.0, 0.0, 0.0, 0.0, 0.0
0.07608151435852051, 0.0, 0.0, 0.0, 0.0, 0.0, 0.0
0.08607792854309082, 0.0, 0.0, 0.0, 0.0, 0.0, 0.0
0.09605669975280762, 0.0, 0.0, 0.0, 0.0, 0.0, 0.0
0.10605502128601074, 0.0, 0.0, 0.0, 0.0, 0.0, 0.0
0.11606144905090332, 0.0, 0.0, 0.0, 0.0, 0.0, 0.0
0.12605547904968262, 0.0, 0.0, 0.0, 0.0, 0.0, 0.0
0.13605237007141113, 0.0, 0.0, 0.0, 0.0, 0.0, 0.0
0.14605331420898438, 0.0, 0.0, 0.0, 0.0, 0.0, 0.0
0.15607905387878418, 0.0, 0.0, 0.0, 0.0, 0.0, 0.0
0.16606712341308594, 0.0, 0.0, 0.0, 0.0, 0.0, 0.0
0.17606067657470703, 0.0, 0.0, 0.0, 0.0, 0.0, 0.0
0.18604469299316406, 0.0, 0.0, 0.0, 0.0, 0.0, 0.0
0.19606614112854004, 0.0, 0.0, 0.0, 0.0, 0.0, 0.0
0.20606088638305664, 0.0, 0.0, 0.0, 0.0, 0.0, 0.0
0.2160787582397461, 0.0, 0.0, 0.0, 0.0, 0.0, 0.0
0.22611594200134277, 0.0, 0.0, 0.0, 0.0, 0.0, 0.0
0.2361621856689453, 0.0, 0.0, 0.0, 0.0, 0.0, 0.0
0.24619340896606445, 0.0, 0.0, 0.0, 0.0, 0.0, 0.0
0.2561485767364502, 0.0, 0.0, 0.0, 0.0, 0.0, 0.0
0.2661902904510498, 0.0, 0.0, 0.0, 0.0, 0.0, 0.0
0.2761111259460449, 0.0, 0.0, 0.0, 0.0, 0.0, 0.0
0.286210298538208, 0.0, 0.0, 0.0, 0.0, 0.0, 0.0
0.2962503433227539, 0.0, 0.0, 0.0, 0.0, 0.0, 0.0
0.3061792850494385, 0.0, 0.0, 0.0, 0.0, 0.0, 0.0
0.31619906425476074, 0.0, 0.0, 0.0, 0.0, 0.0, 0.0
0.3261690139770508, 0.0, 0.0, 0.0, 0.0, 0.0, 0.0
0.33613133430480957, 0.0, 0.0, 0.0, 0.0, 0.0, 0.0
0.3461441993713379, 0.0, 0.0, 0.0, 0.0, 0.0, 0.0
0.35608863830566406, 0.0, 0.0, 0.0, 0.0, 0.0, 0.0
0.36605024337768555, 0.0, 0.0, 0.0, 0.0, 0.0, 0.0
0.3760378360748291, 0.0, 0.0, 0.0, 0.0, 0.0, 0.0
0.386106014251709, 0.0, 0.0, 0.0, 0.0, 0.0, 0.0
0.3961021900177002, 0.0, 0.0, 0.0, 0.0, 0.0, 0.0
0.4061143398284912, 0.0, 0.0, 0.0, 0.0, 0.0, 0.0
0.4161078929901123, 0.0, 0.0, 0.0, 0.0, 0.0, 0.0
0.4261174201965332, 0.0, 0.0, 0.0, 0.0, 0.0, 0.0
0.43610548973083496, 0.0, 0.0, 0.0, 0.0, 0.0, 0.0
0.4461026191711426, 0.0, 0.0, 0.0, 0.0, 0.0, 0.0
0.4560525417327881, 0.0, 0.0, 0.0, 0.0, 0.0, 0.0
0.46605491638183594, 0.0, 0.0, 0.0, 0.0, 0.0, 0.0
0.47606325149536133, 0.0, 0.0, 0.0, 0.0, 0.0, 0.0
0.48612523078918457, 0.0, 0.0, 0.0, 0.0, 0.0, 0.0
0.4961528778076172, 0.0, 0.0, 0.0, 0.0, 0.0, 0.0
0.5061962604522705, 0.0, 0.0, 0.0, 0.0, 0.0, 0.0
0.5162289142608643, 0.0, 0.0, 0.0, 0.0, 0.0, 0.0
0.5261716842651367, 0.0, 0.0, 0.0, 0.0, 0.0, 0.0
0.5361490249633789, 0.0, 0.0, 0.0, 0.0, 0.0, 0.0
0.5460939407348633, 0.0, 0.0, 0.0, 0.0, 0.0, 0.0
0.5562851428985596, 0.0, 0.0, 0.0, 0.0, 0.0, 0.0
0.5661098957061768, 0.0, 0.0, 0.0, 0.0, 0.0, 0.0
0.5760717391967773, 0.0, 0.0, 0.0, 0.0, 0.0, 0.0
0.5860397815704346, 0.0, 0.0, 0.0, 0.0, 0.0, 0.0
0.5960562229156494, 0.0, 0.0, 0.0, 0.0, 0.0, 0.0
0.6060843467712402, 0.0, 0.0, 0.0, 0.0, 0.0, 0.0
0.6161131858825684, 0.0, 0.0, 0.0, 0.0, 0.0, 0.0
0.6261270046234131, 0.0, 0.0, 0.0, 0.0, 0.0, 0.0
0.6361465454101562, 0.0, 0.0, 0.0, 0.0, 0.0, 0.0
0.6460661888122559, 0.0, 0.0, 0.0, 0.0, 0.0, 0.0
0.6560494899749756, 0.0, 0.0, 0.0, 0.0, 0.0, 0.0
0.666067361831665, 0.0, 0.0, 0.0, 0.0, 0.0, 0.0
0.676069974899292, 0.0, 0.0, 0.0, 0.0, 0.0, 0.0
0.686049222946167, 0.0, 0.0, 0.0, 0.0, 0.0, 0.0
0.6961016654968262, 0.0, 0.0, 0.0, 0.0, 0.0, 0.0
0.7060415744781494, 0.0, 0.0, 0.0, 0.0, 0.0, 0.0
0.71608567237854, 0.0, 0.0, 0.0, 0.0, 0.0, 0.0
0.7260518074035645, 0.0, 0.0, 0.0, 0.0, 0.0, 0.0
0.7360672950744629, 0.0, 0.0, 0.0, 0.0, 0.0, 0.0
0.7460694313049316, 0.0, 0.0, 0.0, 0.0, 0.0, 0.0
0.7560644149780273, 0.0, 0.0, 0.0, 0.0, 0.0, 0.0
0.7660613059997559, 0.0, 0.0, 0.0, 0.0, 0.0, 0.0
0.7760641574859619, 0.0, 0.0, 0.0, 0.0, 0.0, 0.0
0.7860639095306396, 0.0, 0.0, 0.0, 0.0, 0.0, 0.0
0.7962334156036377, 0.0, 0.0, 0.0, 0.0, 0.0, 0.0
0.8061423301696777, 0.0, 0.0, 0.0, 0.0, 0.0, 0.0
0.8161823749542236, 0.0, 0.0, 0.0, 0.0, 0.0, 0.0
0.8261332511901855, 0.0, 0.0, 0.0, 0.0, 0.0, 0.0
0.8361167907714844, 0.0, 0.0, 0.0, 0.0, 0.0, 0.0
0.8461227416992188, 0.0, 0.0, 0.0, 0.0, 0.0, 0.0
0.8560926914215088, 0.0, 0.0, 0.0, 0.0, 0.0, 0.0
0.8661539554595947, 0.0, 0.0, 0.0, 0.0, 0.0, 0.0
0.876126766204834, 0.0, 0.0, 0.0, 0.0, 0.0, 0.0
0.8861536979675293, 0.0, 0.0, 0.0, 0.0, 0.0, 0.0
0.8961670398712158, 0.0, 0.0, 0.0, 0.0, 0.0, 0.0
0.9060947895050049, 0.0, 0.0, 0.0, 0.0, 0.0, 0.0
0.9161200523376465, 0.0, 0.0, 0.0, 0.0, 0.0, 0.0
0.9262056350708008, 0.0, 0.0, 0.0, 0.0, 0.0, 0.0
0.9361128807067871, 0.0, 0.0, 0.0, 0.0, 0.0, 0.0
0.9461705684661865, 0.0, 0.0, 0.0, 0.0, 0.0, 0.0
0.9560990333557129, 0.0, 0.0, 0.0, 0.0, 0.0, 0.0
0.9661171436309814, 0.0, 0.0, 0.0, 0.0, 0.0, 0.0
0.9762213230133057, 0.0, 0.0, 0.0, 0.0, 0.0, 0.0
0.9861276149749756, 0.0, 0.0, 0.0, 0.0, 0.0, 0.0
0.9962682723999023, 0.0, 0.0, 0.0, 0.0, 0.0, 0.0
1.006129503250122, 0.0, 0.0, 0.0, 0.0, 0.0, 0.0
1.0161190032958984, 0.0, 0.0, 0.0, 0.0, 0.0, 0.0
1.0262081623077393, 0.0, 0.0, 0.0, 0.0, 0.0, 0.0
1.036144495010376, 0.0, 0.0, 0.0, 0.0, 0.0, 0.0
1.0461342334747314, 0.0, 0.0, 0.0, 0.0, 0.0, 0.0
1.0561068058013916, 0.0, 0.0, 0.0, 0.0, 0.0, 0.0
1.0661280155181885, 0.0, 0.0, 0.0, 0.0, 0.0, 0.0
1.0761113166809082, 0.0, 0.0, 0.0, 0.0, 0.0, 0.0
1.0862045288085938, 0.0, 0.0, 0.0, 0.0, 0.0, 0.0
1.0961575508117676, 0.0, 0.0, 0.0, 0.0, 0.0, 0.0
1.1062214374542236, 0.0, 0.0, 0.0, 0.0, 0.0, 0.0
1.1162235736846924, 0.0, 0.0, 0.0, 0.0, 0.0, 0.0
1.1261990070343018, 0.0, 0.0, 0.0, 0.0, 0.0, 0.0
1.1362428665161133, 0.0, 0.0, 0.0, 0.0, 0.0, 0.0
1.146209478378296, 0.0, 0.0, 0.0, 0.0, 0.0, 0.0
1.156188726425171, 0.0, 0.0, 0.0, 0.0, 0.0, 0.0
1.166215181350708, 0.0, 0.0, 0.0, 0.0, 0.0, 0.0
1.1761853694915771, 0.0, 0.0, 0.0, 0.0, 0.0, 0.0
1.186166763305664, 0.0, 0.0, 0.0, 0.0, 0.0, 0.0
1.1962683200836182, 0.0, 0.0, 0.0, 0.0, 0.0, 0.0
1.206160545349121, 0.0, 0.0, 0.0, 0.0, 0.0, 0.0
1.2161865234375, 0.0, 0.0, 0.0, 0.0, 0.0, 0.0
1.2261252403259277, 0.0, 0.0, 0.0, 0.0, 0.0, 0.0
1.2361245155334473, 0.0, 0.0, 0.0, 0.0, 0.0, 0.0
1.2461926937103271, 0.0, 0.0, 0.0, 0.0, 0.0, 0.0
1.2562134265899658, 0.0, 0.0, 0.0, 0.0, 0.0, 0.0
1.2662296295166016, 0.0, 0.0, 0.0, 0.0, 0.0, 0.0
1.2761986255645752, 0.0, 0.0, 0.0, 0.0, 0.0, 0.0
1.2862827777862549, 0.0, 0.0, 0.0, 0.0, 0.0, 0.0
1.2961301803588867, 0.0, 0.0, 0.0, 0.0, 0.0, 0.0
1.3061349391937256, 0.0, 0.0, 0.0, 0.0, 0.0, 0.0
1.316112995147705, 0.0, 0.0, 0.0, 0.0, 0.0, 0.0
1.3261480331420898, 0.0, 0.0, 0.0, 0.0, 0.0, 0.0
1.3360846042633057, 0.0, 0.0, 0.0, 0.0, 0.0, 0.0
1.346043586730957, 0.0, 0.0, 0.0, 0.0, 0.0, 0.0
1.356044054031372, 0.0, 0.0, 0.0, 0.0, 0.0, 0.0
1.3660056591033936, 0.0, 0.0, 0.0, 0.0, 0.0, 0.0
1.375988245010376, 0.0, 0.0, 0.0, 0.0, 0.0, 0.0
1.3859963417053223, 0.0, 0.0, 0.0, 0.0, 0.0, 0.0
1.3960168361663818, 0.0, 0.0, 0.0, 0.0, 0.0, 0.0
1.405984878540039, 0.0, 0.0, 0.0, 0.0, 0.0, 0.0
1.4160149097442627, 0.0, 0.0, 0.0, 0.0, 0.0, 0.0
1.4260735511779785, 0.0, 0.0, 0.0, 0.0, 0.0, 0.0
1.4361019134521484, 0.0, 0.0, 0.0, 0.0, 0.0, 0.0
1.4461126327514648, 0.0, 0.0, 0.0, 0.0, 0.0, 0.0
1.456085205078125, 0.0, 0.0, 0.0, 0.0, 0.0, 0.0
1.4660711288452148, 0.0, 0.0, 0.0, 0.0, 0.0, 0.0
1.4760501384735107, 0.0, 0.0, 0.0, 0.0, 0.0, 0.0
1.4860336780548096, 0.0, 0.0, 0.0, 0.0, 0.0, 0.0
1.4960260391235352, 0.0, 0.0, 0.0, 0.0, 0.0, 0.0
1.5060243606567383, 0.0, 0.0, 0.0, 0.0, 0.0, 0.0
1.516021490097046, 0.0, 0.0, 0.0, 0.0, 0.0, 0.0
1.5260157585144043, 0.0, 0.0, 0.0, 0.0, 0.0, 0.0
1.5360546112060547, 0.0, 0.0, 0.0, 0.0, 0.0, 0.0
1.5460612773895264, 0.0, 0.0, 0.0, 0.0, 0.0, 0.0
1.5560362339019775, 0.0, 0.0, 0.0, 0.0, 0.0, 0.0
1.5660765171051025, 0.0, 0.0, 0.0, 0.0, 0.0, 0.0
1.576037883758545, 0.0, 0.0, 0.0, 0.0, 0.0, 0.0
1.5860683917999268, 0.0, 0.0, 0.0, 0.0, 0.0, 0.0
1.596034288406372, 0.8765957355499268, 0.5494500879907036, 0.0, 0.0, 0.0, 0.0
1.6060426235198975, 0.8765957355499268, 0.5494500879907036, 0.0, 0.0, 0.0, 0.0
1.616028070449829, 0.8765957355499268, 0.5494500879907036, 0.0, 0.0, 0.0, 0.0
1.6260981559753418, 0.8765957355499268, 0.5494500879907036, 0.0, 0.0, 0.0, 0.0
1.636068344116211, 0.8765957355499268, 0.5494500879907036, 0.0, 0.0, 0.0, 0.0
1.6460630893707275, 0.8765957355499268, 0.5494500879907036, 0.0, 0.0, 0.0, 0.0
1.6560401916503906, 0.8765957355499268, 0.5494500879907036, 0.0, 0.0, 0.0, 0.0
1.666038990020752, 0.8765957355499268, 0.5494500879907036, 0.0, 0.0, 0.0, 0.0
1.6760244369506836, 0.8765957355499268, 0.5494500879907036, 0.0, 0.0, 0.0, 0.0
1.686020851135254, 0.8765957355499268, 0.5494500879907036, 0.0, 0.0, 0.0, 0.0
1.6960258483886719, 0.8765957355499268, 0.5494500879907036, 0.0, 0.0, 0.0, 0.0
1.7060291767120361, 0.8765957355499268, 0.5494500879907036, 0.0, 0.0, 0.0, 0.0
1.7160303592681885, 0.8765957355499268, 0.5494500879907036, 0.0, 0.0, 0.0, 0.0
1.7260918617248535, 0.8765957355499268, 0.5494500879907036, 0.0, 0.0, 0.0, 0.0
1.7361104488372803, 0.8765957355499268, 0.5494500879907036, 0.0, 0.0, 0.0, 0.0
1.7461071014404297, 0.8765957355499268, 0.5494500879907036, 0.0, 0.0, 0.0, 0.0
1.7561266422271729, 0.8765957355499268, 0.5494500879907036, 0.0, 0.0, 0.0, 0.0
1.7660911083221436, 0.8765957355499268, 0.5494500879907036, 0.0, 0.0, 0.0, 0.0
1.7761096954345703, 0.8765957355499268, 0.5494500879907036, 0.0, 0.0, 0.0, 0.0
1.786156415939331, 0.8765957355499268, 0.5494500879907036, 0.0, 0.0, 0.0, 0.0
1.796091079711914, 0.8765957355499268, 0.5494500879907036, 0.0, 0.0, 0.0, 0.0
1.8061041831970215, 0.8765957355499268, 0.5494500879907036, 0.0, 0.0, 0.0, 0.0
1.8161287307739258, 0.8765957355499268, 0.5494500879907036, 0.0, 0.0, 0.0, 0.0
1.8261191844940186, 0.8765957355499268, 0.5494500879907036, 0.0, 0.0, 0.0, 0.0
1.8361258506774902, 0.8765957355499268, 0.5494500879907036, 0.0, 0.0, 0.0, 0.0
1.8461296558380127, 0.8765957355499268, 0.5494500879907036, 0.0, 0.0, 0.0, 0.0
1.8560795783996582, 0.8765957355499268, 0.5494500879907036, 0.0, 0.0, 0.0, 0.0
1.8660545349121094, 0.8765957355499268, 0.5494500879907036, 0.0, 0.0, 0.0, 0.0
1.8760809898376465, 0.8765957355499268, 0.5494500879907036, 0.0, 0.0, 0.0, 0.0
1.8860695362091064, 0.8765957355499268, 0.5494500879907036, 0.0, 0.0, 0.0, 0.0
1.8960785865783691, 0.8765957355499268, 0.5494500879907036, 0.0, 0.0, 0.0, 0.0
1.9060404300689697, 0.8765957355499268, 0.5494500879907036, 0.0, 0.0, 0.0, 0.0
1.9160244464874268, 0.8765957355499268, 0.5494500879907036, 0.0, 0.0, 0.0, 0.0
1.9260566234588623, 0.8765957355499268, 0.5494500879907036, 0.0, 0.0, 0.0, 0.0
1.9360949993133545, 0.8765957355499268, 0.5494500879907036, 0.0, 0.0, 0.0, 0.0
1.9460842609405518, 0.8765957355499268, 0.5494500879907036, 0.0, 0.0, 0.0, 0.0
1.9561364650726318, 0.8765957355499268, 0.5494500879907036, 0.0, 0.0, 0.0, 0.0
1.9660937786102295, 0.8765957355499268, 0.5494500879907036, 0.0, 0.0, 0.0, 0.0
1.9760732650756836, 0.8765957355499268, 0.5494500879907036, 0.0, 0.0, 0.0, 0.0
1.9860894680023193, 0.8765957355499268, 0.5494500879907036, 0.0, 0.0, 0.0, 0.0
1.9960894584655762, 0.8765957355499268, 0.5494500879907036, 0.0, 0.0, 0.0, 0.0
2.0061352252960205, 0.8765957355499268, 0.5494500879907036, 0.0, 0.0, 0.0, 0.0
2.016101360321045, 0.8765957355499268, 0.5494500879907036, 0.0, 0.0, 0.0, 0.0
2.0261216163635254, 0.8765957355499268, 0.5494500879907036, 0.0, 0.0, 0.0, 0.0
2.0362050533294678, 0.8765957355499268, 0.5494500879907036, 0.0, 0.0, 0.0, 0.0
2.046154260635376, 0.8765957355499268, 0.5494500879907036, 0.0, 0.0, 0.0, 0.0
2.0561649799346924, 0.8765957355499268, 0.5494500879907036, 0.0, 0.0, 0.0, 0.0
2.0661351680755615, 0.8765957355499268, 0.5494500879907036, 0.0, 0.0, 0.0, 0.0
2.0760996341705322, 0.8765957355499268, 0.5494500879907036, 0.0, 0.0, 0.0, 0.0
2.0861175060272217, 0.8765957355499268, 0.5494500879907036, 0.0, 0.0, 0.0, 0.0
2.0960772037506104, 0.8765957355499268, 0.5494500879907036, 0.0, 0.0, 0.0, 0.0
2.1060988903045654, 0.8765957355499268, 0.5494500879907036, 0.0, 0.0, 0.0, 0.0
2.1161186695098877, 0.8765957355499268, 0.5494500879907036, 0.0, 0.0, 0.0, 0.0
2.126164197921753, 0.8765957355499268, 0.5494500879907036, 0.0, 0.0, 0.0, 0.0
2.1361522674560547, 0.8765957355499268, 0.5494500879907036, 0.0, 0.0, 0.0, 0.0
2.1461455821990967, 0.8765957355499268, 0.5494500879907036, 0.0, 0.0, 0.0, 0.0
2.156151294708252, 0.8765957355499268, 0.5494500879907036, 0.0, 0.0, 0.0, 0.0
2.1661887168884277, 0.8765957355499268, 0.5494500879907036, 0.0, 0.0, 0.0, 0.0
2.1761155128479004, 0.8765957355499268, 0.5494500879907036, 0.0, 0.0, 0.0, 0.0
2.186225175857544, 0.8765957355499268, 0.5494500879907036, 0.0, 0.0, 0.0, 0.0
2.1961097717285156, 0.8765957355499268, 0.5494500879907036, 0.0, 0.0, 0.0, 0.0
2.206110954284668, 0.8765957355499268, 0.5494500879907036, 0.0, 0.0, 0.0, 0.0
2.216064929962158, 0.8765957355499268, 0.5494500879907036, 0.0, 0.0, 0.0, 0.0
2.226079225540161, 0.8765957355499268, 0.5494500879907036, 0.0, 0.0, 0.0, 0.0
2.2361068725585938, 0.8765957355499268, 0.5494500879907036, 0.0, 0.0, 0.0, 0.0
2.2461228370666504, 0.8765957355499268, 0.5494500879907036, 0.0, 0.0, 0.0, 0.0
2.2561161518096924, 0.8765957355499268, 0.5494500879907036, 0.0, 0.0, 0.0, 0.0
2.266174554824829, 0.8765957355499268, 0.5494500879907036, 0.0, 0.0, 0.0, 0.0
2.2761449813842773, 0.8765957355499268, 0.5494500879907036, 0.0, 0.0, 0.0, 0.0
2.2860727310180664, 0.8765957355499268, 0.5494500879907036, 0.0, 0.0, 0.0, 0.0
2.2960829734802246, 0.8765957355499268, 0.5494500879907036, 0.0, 0.0, 0.0, 0.0
2.3061225414276123, 0.8765957355499268, 0.5494500879907036, 0.0, 0.0, 0.0, 0.0
2.316145658493042, 0.8765957355499268, 0.5494500879907036, 0.0, 0.0, 0.0, 0.0
2.3262200355529785, 0.8765957355499268, 0.5494500879907036, 0.0, 0.0, 0.0, 0.0
2.3361072540283203, 0.8765957355499268, 0.5494500879907036, 0.0, 0.0, 0.0, 0.0
2.3461403846740723, 0.8765957355499268, 0.5494500879907036, 0.0, 0.0, 0.0, 0.0
2.3560714721679688, 0.8765957355499268, 0.5494500879907036, 0.0, 0.0, 0.0, 0.0
2.3661482334136963, 0.8765957355499268, 0.5494500879907036, 0.0, 0.0, 0.0, 0.0
2.3761422634124756, 0.8765957355499268, 0.5494500879907036, 0.0, 0.0, 0.0, 0.0
2.3861985206604004, 0.8765957355499268, 0.5494500879907036, 0.0, 0.0, 0.0, 0.0
2.396221876144409, 0.8765957355499268, 0.5494500879907036, 0.0, 0.0, 0.0, 0.0
2.4062108993530273, 0.8765957355499268, 0.5494500879907036, 0.0, 0.0, 0.0, 0.0
2.416234016418457, 0.8765957355499268, 0.5494500879907036, 0.0, 0.0, 0.0, 0.0
2.426194906234741, 0.8765957355499268, 0.5494500879907036, 0.0, 0.0, 0.0, 0.0
2.43624210357666, 0.8765957355499268, 0.5494500879907036, 0.0, 0.0, 0.0, 0.0
2.4461915493011475, 0.8765957355499268, 0.5494500879907036, 0.0, 0.0, 0.0, 0.0
2.4561424255371094, 0.8765957355499268, 0.5494500879907036, 0.0, 0.0, 0.0, 0.0
2.4662084579467773, 0.8765957355499268, 0.5494500879907036, 0.0, 0.0, 0.0, 0.0
2.476268768310547, 0.8765957355499268, 0.5494500879907036, 0.0, 0.0, 0.0, 0.0
2.4861562252044678, 0.8765957355499268, 0.5494500879907036, 0.0, 0.0, 0.0, 0.0
2.496232032775879, 0.8765957355499268, 0.5494500879907036, 0.0, 0.0, 0.0, 0.0
2.506195545196533, 0.8765957355499268, 0.5494500879907036, 0.0, 0.0, 0.0, 0.0
2.5162506103515625, 0.8765957355499268, 0.5494500879907036, 0.0, 0.0, 0.0, 0.0
2.526209831237793, 0.8765957355499268, 0.5494500879907036, 0.0, 0.0, 0.0, 0.0
2.5361487865448, 0.8765957355499268, 0.5494500879907036, 0.0, 0.0, 0.0, 0.0
2.5462124347686768, 0.8765957355499268, 0.5494500879907036, 0.0, 0.0, 0.0, 0.0
2.556236743927002, 0.8765957355499268, 0.5494500879907036, 0.0, 0.0, 0.0, 0.0
2.5661468505859375, 0.8765957355499268, 0.5494500879907036, 0.0, 0.0, 0.0, 0.0
2.576218605041504, 0.8765957355499268, 0.5494500879907036, 0.0, 0.0, 0.0, 0.0
2.586207866668701, 0.8765957355499268, 0.5494500879907036, 0.0, 0.0, 0.0, 0.0
2.596142530441284, 0.8765957355499268, 0.5494500879907036, 0.0, 0.0, 0.0, 0.0
2.606146812438965, 0.8765957355499268, 0.5494500879907036, 0.0, 0.0, 0.0, 0.0
2.6162269115448, 0.8765957355499268, 0.5494500879907036, 0.0, 0.0, 0.0, 0.0
2.626163959503174, 0.8765957355499268, 0.5494500879907036, 0.0, 0.0, 0.0, 0.0
2.6362133026123047, 0.8765957355499268, 0.5494500879907036, 0.0, 0.0, 0.0, 0.0
2.6461966037750244, 0.8765957355499268, 0.5494500879907036, 0.0, 0.0, 0.0, 0.0
2.6561379432678223, 0.8765957355499268, 0.5494500879907036, 0.0, 0.0, 0.0, 0.0
2.6662025451660156, 0.8765957355499268, 0.5494500879907036, 0.0, 0.0, 0.0, 0.0
2.676272392272949, 0.8765957355499268, 0.5494500879907036, 0.0, 0.0, 0.0, 0.0
2.6861860752105713, 0.8765957355499268, 0.5494500879907036, 0.0, 0.0, 0.0, 0.0
2.6961863040924072, 0.8765957355499268, 0.5494500879907036, 0.0, 0.0, 0.0, 0.0
2.706275224685669, 0.8765957355499268, 0.5494500879907036, 0.0, 0.0, 0.0, 0.0
2.716127634048462, 0.8765957355499268, 0.5494500879907036, 0.0, 0.0, 0.0, 0.0
2.726240873336792, 0.8765957355499268, 0.5494500879907036, 0.0, 0.0, 0.0, 0.0
2.736204147338867, 0.8765957355499268, 0.5494500879907036, 0.0, 0.0, 0.0, 0.0
2.7462425231933594, 0.8765957355499268, 0.5494500879907036, 0.0, 0.0, 0.0, 0.0
2.7562737464904785, 0.8765957355499268, 0.5494500879907036, 0.0, 0.0, 0.0, 0.0
2.7662532329559326, 0.8765957355499268, 0.5494500879907036, 0.0, 0.0, 0.0, 0.0
2.776146411895752, 0.8765957355499268, 0.5494500879907036, 0.0, 0.0, 0.0, 0.0
2.786206007003784, 0.8765957355499268, 0.5494500879907036, 0.0, 0.0, 0.0, 0.0
2.7962324619293213, 0.8765957355499268, 0.5494500879907036, 0.0, 0.0, 0.0, 0.0
2.8061397075653076, 0.8765957355499268, 0.5494500879907036, 0.0, 0.0, 0.0, 0.0
2.8161227703094482, 0.8765957355499268, 0.5494500879907036, 0.0, 0.0, 0.0, 0.0
2.8261871337890625, 0.8765957355499268, 0.5494500879907036, 0.0, 0.0, 0.0, 0.0
2.8361520767211914, 0.8765957355499268, 0.5494500879907036, 0.0, 0.0, 0.0, 0.0
2.846146821975708, 0.8765957355499268, 0.5494500879907036, 0.0, 0.0, 0.0, 0.0
2.856114625930786, 0.8765957355499268, 0.5494500879907036, 0.0, 0.0, 0.0, 0.0
2.866187810897827, 0.8765957355499268, 0.5494500879907036, 0.0, 0.0, 0.0, 0.0
2.876215696334839, 0.8765957355499268, 0.5494500879907036, 0.0, 0.0, 0.0, 0.0
2.886173963546753, 0.8765957355499268, 0.5494500879907036, 0.0, 0.0, 0.0, 0.0
2.8962109088897705, 0.8765957355499268, 0.5494500879907036, 0.0, 0.0, 0.0, 0.0
2.906172513961792, 0.8765957355499268, 0.5494500879907036, 0.0, 0.0, 0.0, 0.0
2.9161880016326904, 0.8765957355499268, 0.5494500879907036, 0.0, 0.0, 0.0, 0.0
2.9261083602905273, 0.8765957355499268, 0.5494500879907036, 0.0, 0.0, 0.0, 0.0
2.936107873916626, 0.8765957355499268, 0.5494500879907036, 0.0, 0.0, 0.0, 0.0
2.9461538791656494, 0.8765957355499268, 0.5494500879907036, 0.0, 0.0, 0.0, 0.0
2.9561245441436768, 0.8765957355499268, 0.5494500879907036, 0.0, 0.0, 0.0, 0.0
2.9661550521850586, 0.8765957355499268, 0.5494500879907036, 0.0, 0.0, 0.0, 0.0
2.9761834144592285, 0.8765957355499268, 0.5494500879907036, 0.0, 0.0, 0.0, 0.0
2.98620867729187, 0.8765957355499268, 0.5494500879907036, 0.0, 0.0, 0.0, 0.0
2.996147871017456, 0.8765957355499268, 0.5494500879907036, 0.0, 0.0, 0.0, 0.0
3.0062174797058105, 0.8765957355499268, 0.5494500879907036, 0.0, 0.0, 0.0, 0.0
3.016226291656494, 0.8765957355499268, 0.5494500879907036, 0.0, 0.0, 0.0, 0.0
3.0261356830596924, 0.8765957355499268, 0.5494500879907036, 0.0, 0.0, 0.0, 0.0
3.036241054534912, 0.8765957355499268, 0.5494500879907036, 0.0, 0.0, 0.0, 0.0
3.0462260246276855, 0.8765957355499268, 0.5494500879907036, 0.0, 0.0, 0.0, 0.0
3.0561580657958984, 0.8765957355499268, 0.5494500879907036, 0.0, 0.0, 0.0, 0.0
3.066152334213257, 0.8765957355499268, 0.5494500879907036, 0.0, 0.0, 0.0, 0.0
3.0762457847595215, 0.8765957355499268, 0.5494500879907036, 0.0, 0.0, 0.0, 0.0
3.086207389831543, 0.8765957355499268, 0.5494500879907036, 0.0, 0.0, 0.0, 0.0
3.09621262550354, 0.8765957355499268, 0.5494500879907036, 0.0, 0.0, 0.0, 0.0
3.1061887741088867, 0.8765957355499268, 0.5494500879907036, 0.0, 0.0, 0.0, 0.0
3.116211175918579, 0.8765957355499268, 0.5494500879907036, 0.0, 0.0, 0.0, 0.0
3.126128673553467, 0.8765957355499268, 0.5494500879907036, 0.0, 0.0, 0.0, 0.0
3.1362390518188477, 0.8765957355499268, 0.5494500879907036, 0.0, 0.0, 0.0, 0.0
3.1461260318756104, 0.8765957355499268, 0.5494500879907036, 0.0, 0.0, 0.0, 0.0
3.1562154293060303, 0.8765957355499268, 0.5494500879907036, 0.0, 0.0, 0.0, 0.0
3.1662237644195557, 0.8765957355499268, 0.5494500879907036, 0.0, 0.0, 0.0, 0.0
3.1761913299560547, 0.8765957355499268, 0.5494500879907036, 0.0, 0.0, 0.0, 0.0
3.1862094402313232, 0.8765957355499268, 0.5494500879907036, 0.0, 0.0, 0.0, 0.0
3.1961965560913086, 0.8765957355499268, 0.5494500879907036, 0.0, 0.0, 0.0, 0.0
3.20613169670105, 0.8765957355499268, 0.5494500879907036, 0.0, 0.0, 0.0, 0.0
3.2162294387817383, 0.8765957355499268, 0.5494500879907036, 0.0, 0.0, 0.0, 0.0
3.226209878921509, 0.8765957355499268, 0.5494500879907036, 0.0, 0.0, 0.0, 0.0
3.236231803894043, 0.8765957355499268, 0.5494500879907036, 0.0, 0.0, 0.0, 0.0
3.246225595474243, 0.8765957355499268, 0.5494500879907036, 0.0, 0.0, 0.0, 0.0
3.2562050819396973, 0.8765957355499268, 0.5494500879907036, 0.0, 0.0, 0.0, 0.0
3.26617431640625, 0.8765957355499268, 0.5494500879907036, 0.0, 0.0, 0.0, 0.0
3.2762293815612793, 0.8765957355499268, 0.5494500879907036, 0.0, 0.0, 0.0, 0.0
3.2861857414245605, 0.8765957355499268, 0.5494500879907036, 0.0, 0.0, 0.0, 0.0
3.2962400913238525, 0.8765957355499268, 0.5494500879907036, 0.0, 0.0, 0.0, 0.0
3.3062145709991455, 0.8765957355499268, 0.5494500879907036, 0.0, 0.0, 0.0, 0.0
3.316232919692993, 0.8765957355499268, 0.5494500879907036, 0.0, 0.0, 0.0, 0.0
3.326141119003296, 0.8765957355499268, 0.5494500879907036, 0.0, 0.0, 0.0, 0.0
3.3362181186676025, 0.8765957355499268, 0.5494500879907036, 0.0, 0.0, 0.0, 0.0
3.3462085723876953, 0.8765957355499268, 0.5494500879907036, 0.0, 0.0, 0.0, 0.0
3.356132745742798, 0.8765957355499268, 0.5494500879907036, 0.0, 0.0, 0.0, 0.0
3.3662078380584717, 0.8765957355499268, 0.5494500879907036, 0.0, 0.0, 0.0, 0.0
3.376218557357788, 0.8765957355499268, 0.5494500879907036, 0.0, 0.0, 0.0, 0.0
3.386209487915039, 0.8765957355499268, 0.5494500879907036, 0.0, 0.0, 0.0, 0.0
3.396252393722534, 0.8765957355499268, 0.5494500879907036, 0.0, 0.0, 0.0, 0.0
3.4061827659606934, 0.8765957355499268, 0.5494500879907036, 0.0, 0.0, 0.0, 0.0
3.4162042140960693, 0.8765957355499268, 0.5494500879907036, 0.0, 0.0, 0.0, 0.0
3.4262380599975586, 0.8765957355499268, 0.5494500879907036, 0.0, 0.0, 0.0, 0.0
3.436136484146118, 0.8765957355499268, 0.5494500879907036, 0.0, 0.0, 0.0, 0.0
3.4461889266967773, 0.8765957355499268, 0.5494500879907036, 0.0, 0.0, 0.0, 0.0
3.456240177154541, 0.8765957355499268, 0.5494500879907036, 0.0, 0.0, 0.0, 0.0
3.4661405086517334, 0.8765957355499268, 0.5494500879907036, 0.0, 0.0, 0.0, 0.0
3.476205825805664, 0.8765957355499268, 0.5494500879907036, 0.0, 0.0, 0.0, 0.0
3.4862213134765625, 0.8765957355499268, 0.5494500879907036, 0.0, 0.0, 0.0, 0.0
3.496154308319092, 0.8765957355499268, 0.5494500879907036, 0.0, 0.0, 0.0, 0.0
3.506160020828247, 0.8765957355499268, 0.5494500879907036, 0.0, 0.0, 0.0, 0.0
3.516221523284912, 0.8765957355499268, 0.5494500879907036, 0.0, 0.0, 0.0, 0.0
3.526214361190796, 0.8765957355499268, 0.5494500879907036, 0.0, 0.0, 0.0, 0.0
3.536231517791748, 0.8765957355499268, 0.5494500879907036, 0.0, 0.0, 0.0, 0.0
3.546189308166504, 0.8765957355499268, 0.5494500879907036, 0.0, 0.0, 0.0, 0.0
3.556229829788208, 0.8765957355499268, 0.5494500879907036, 0.0, 0.0, 0.0, 0.0
3.566211700439453, 0.8765957355499268, 0.5494500879907036, 0.0, 0.0, 0.0, 0.0
3.5762314796447754, 0.8765957355499268, 0.5494500879907036, 0.0, 0.0, 0.0, 0.0
3.5862088203430176, 0.8765957355499268, 0.5494500879907036, 0.0, 0.0, 0.0, 0.0
3.596134901046753, 0.8765957355499268, 0.5494500879907036, 0.0, 0.0, 0.0, 0.0
3.606206178665161, 0.8765957355499268, 0.5494500879907036, 0.0, 0.0, 0.0, 0.0
3.6162314414978027, 0.8765957355499268, 0.5494500879907036, 0.0, 0.0, 0.0, 0.0
3.6261374950408936, 0.8765957355499268, 0.5494500879907036, 0.0, 0.0, 0.0, 0.0
3.63612699508667, 0.8765957355499268, 0.5494500879907036, 0.0, 0.0, 0.0, 0.0
3.6461215019226074, 0.8765957355499268, 0.5494500879907036, 0.0, 0.0, 0.0, 0.0
3.6562249660491943, 0.8765957355499268, 0.5494500879907036, 0.0, 0.0, 0.0, 0.0
3.6662087440490723, 0.8765957355499268, 0.5494500879907036, 0.0, 0.0, 0.0, 0.0
3.676239490509033, 0.8765957355499268, 0.5494500879907036, 0.0, 0.0, 0.0, 0.0
3.6861209869384766, 0.8765957355499268, 0.5494500879907036, 0.0, 0.0, 0.0, 0.0
3.6961562633514404, 0.8765957355499268, 0.5494500879907036, 0.0, 0.0, 0.0, 0.0
3.7061922550201416, 0.8765957355499268, 0.5494500879907036, 0.0, 0.0, 0.0, 0.0
3.7161269187927246, 0.8765957355499268, 0.5494500879907036, 0.0, 0.0, 0.0, 0.0
3.7262582778930664, 0.8765957355499268, 0.5494500879907036, 0.0, 0.0, 0.0, 0.0
3.7362115383148193, 0.8765957355499268, 0.5494500879907036, 0.0, 0.0, 0.0, 0.0
3.746123790740967, 0.8765957355499268, 0.5494500879907036, 0.0, 0.0, 0.0, 0.0
3.7562382221221924, 0.8765957355499268, 0.5494500879907036, 0.0, 0.0, 0.0, 0.0
3.7661898136138916, 0.8765957355499268, 0.5494500879907036, 0.0, 0.0, 0.0, 0.0
3.7762444019317627, 0.8765957355499268, 0.5494500879907036, 0.0, 0.0, 0.0, 0.0
3.786214828491211, 0.8765957355499268, 0.5494500879907036, 0.0, 0.0, 0.0, 0.0
3.796208381652832, 0.8765957355499268, 0.5494500879907036, 0.0, 0.0, 0.0, 0.0
3.8062233924865723, 0.8765957355499268, 0.5494500879907036, 0.0, 0.0, 0.0, 0.0
3.8162238597869873, 0.8765957355499268, 0.5494500879907036, 0.0, 0.0, 0.0, 0.0
3.8261055946350098, 0.8765957355499268, 0.5494500879907036, 0.0, 0.0, 0.0, 0.0
3.8362488746643066, 0.8765957355499268, 0.5494500879907036, 0.0, 0.0, 0.0, 0.0
3.846203565597534, 0.8765957355499268, 0.5494500879907036, 0.0, 0.0, 0.0, 0.0
3.85613751411438, 0.8765957355499268, 0.5494500879907036, 0.0, 0.0, 0.0, 0.0
3.8661956787109375, 0.8765957355499268, 0.5494500879907036, 0.0, 0.0, 0.0, 0.0
3.876225233078003, 0.8765957355499268, 0.5494500879907036, 0.0, 0.0, 0.0, 0.0
3.8861286640167236, 0.8765957355499268, 0.5494500879907036, 0.0, 0.0, 0.0, 0.0
3.896125316619873, 0.8765957355499268, 0.5494500879907036, 0.0, 0.0, 0.0, 0.0
3.906125068664551, 0.8765957355499268, 0.5494500879907036, 0.0, 0.0, 0.0, 0.0
3.916184186935425, 0.8765957355499268, 0.5494500879907036, 0.0, 0.0, 0.0, 0.0
3.9261932373046875, 0.8765957355499268, 0.5494500879907036, 0.0, 0.0, 0.0, 0.0
3.936262607574463, 0.8765957355499268, 0.5494500879907036, 0.0, 0.0, 0.0, 0.0
3.946131467819214, 0.8765957355499268, 0.5494500879907036, 0.0, 0.0, 0.0, 0.0
3.956233501434326, 0.8765957355499268, 0.5494500879907036, 0.0, 0.0, 0.0, 0.0
3.966221570968628, 0.8765957355499268, 0.5494500879907036, 0.0, 0.0, 0.0, 0.0
3.9761157035827637, 0.8765957355499268, 0.5494500879907036, 0.0, 0.0, 0.0, 0.0
3.986217737197876, 0.8765957355499268, 0.5494500879907036, 0.0, 0.0, 0.0, 0.0
3.9962639808654785, 0.8765957355499268, 0.5494500879907036, 0.0, 0.0, 0.0, 0.0
4.006234407424927, 0.8765957355499268, 0.5494500879907036, 0.0, 0.0, 0.0, 0.0
4.0161216259002686, 0.8765957355499268, 0.5494500879907036, 0.0, 0.0, 0.0, 0.0
4.026204824447632, 0.8765957355499268, 0.5494500879907036, 0.0, 0.0, 0.0, 0.0
4.036227464675903, 0.8765957355499268, 0.5494500879907036, 0.0, 0.0, 0.0, 0.0
4.046219110488892, 0.8765957355499268, 0.5494500879907036, 0.0, 0.0, 0.0, 0.0
4.056194543838501, 0.8765957355499268, 0.5494500879907036, 0.0, 0.0, 0.0, 0.0
4.06622052192688, 0.8765957355499268, 0.5494500879907036, 0.0, 0.0, 0.0, 0.0
4.076229572296143, 0.8765957355499268, 0.5494500879907036, 0.0, 0.0, 0.0, 0.0
4.086191415786743, 0.8765957355499268, 0.5494500879907036, 0.0, 0.0, 0.0, 0.0
4.096233129501343, 0.8765957355499268, 0.5494500879907036, 0.0, 0.0, 0.0, 0.0
4.10620903968811, 0.8765957355499268, 0.5494500879907036, 0.0, 0.0, 0.0, 0.0
4.116131067276001, 0.8765957355499268, 0.5494500879907036, 0.0, 0.0, 0.0, 0.0
4.126216888427734, 0.8765957355499268, 0.5494500879907036, 0.0, 0.0, 0.0, 0.0
4.1362059116363525, 0.8765957355499268, 0.5494500879907036, 0.0, 0.0, 0.0, 0.0
4.1461310386657715, 0.8765957355499268, 0.5494500879907036, 0.0, 0.0, 0.0, 0.0
4.15622091293335, 0.8765957355499268, 0.5494500879907036, 0.0, 0.0, 0.0, 0.0
4.1661317348480225, 0.8765957355499268, 0.5494500879907036, 0.0, 0.0, 0.0, 0.0
4.176157236099243, 0.8765957355499268, 0.5494500879907036, 0.0, 0.0, 0.0, 0.0
4.18619441986084, 0.8765957355499268, 0.5494500879907036, 0.0, 0.0, 0.0, 0.0
4.1962220668792725, 0.8765957355499268, 0.5494500879907036, 0.0, 0.0, 0.0, 0.0
4.206155776977539, 0.8765957355499268, 0.5494500879907036, 0.0, 0.0, 0.0, 0.0
4.2162346839904785, 0.8765957355499268, 0.5494500879907036, 0.0, 0.0, 0.0, 0.0
4.226121664047241, 0.8765957355499268, 0.5494500879907036, 0.0, 0.0, 0.0, 0.0
4.236224174499512, 0.8765957355499268, 0.5494500879907036, 0.0, 0.0, 0.0, 0.0
4.246136426925659, 0.8765957355499268, 0.5494500879907036, 0.0, 0.0, 0.0, 0.0
4.256137847900391, 0.8765957355499268, 0.5494500879907036, 0.0, 0.0, 0.0, 0.0
4.266211748123169, 0.8765957355499268, 0.5494500879907036, 0.0, 0.0, 0.0, 0.0
4.276199102401733, 0.8765957355499268, 0.5494500879907036, 0.0, 0.0, 0.0, 0.0
4.2861714363098145, 0.8765957355499268, 0.5494500879907036, 0.0, 0.0, 0.0, 0.0
4.2961649894714355, 0.8765957355499268, 0.5494500879907036, 0.0, 0.0, 0.0, 0.0
4.306235313415527, 0.8765957355499268, 0.5494500879907036, 0.0, 0.0, 0.0, 0.0
4.31626033782959, 0.8765957355499268, 0.5494500879907036, 0.0, 0.0, 0.0, 0.0
4.326200485229492, 0.8765957355499268, 0.5494500879907036, 0.0, 0.0, 0.0, 0.0
4.336190938949585, 0.8765957355499268, 0.5494500879907036, 0.0, 0.0, 0.0, 0.0
4.346187114715576, 0.8765957355499268, 0.5494500879907036, 0.0, 0.0, 0.0, 0.0
4.356247663497925, 0.8765957355499268, 0.5494500879907036, 0.0, 0.0, 0.0, 0.0
4.36619234085083, 0.8765957355499268, 0.5494500879907036, 0.0, 0.0, 0.0, 0.0
4.3762123584747314, 0.8765957355499268, 0.5494500879907036, 0.0, 0.0, 0.0, 0.0
4.386222839355469, 0.8765957355499268, 0.5494500879907036, 0.0, 0.0, 0.0, 0.0
4.3962578773498535, 0.8765957355499268, 0.5494500879907036, 0.0, 0.0, 0.0, 0.0
4.406219720840454, 0.8765957355499268, 0.5494500879907036, 0.0, 0.0, 0.0, 0.0
4.416243553161621, 0.8765957355499268, 0.5494500879907036, 0.0, 0.0, 0.0, 0.0
4.426208734512329, 0.8765957355499268, 0.5494500879907036, 0.0, 0.0, 0.0, 0.0
4.436140537261963, 0.8765957355499268, 0.5494500879907036, 0.0, 0.0, 0.0, 0.0
4.446208953857422, 0.8765957355499268, 0.5494500879907036, 0.0, 0.0, 0.0, 0.0
4.456226348876953, 0.8765957355499268, 0.5494500879907036, 0.0, 0.0, 0.0, 0.0
4.466229438781738, 0.8765957355499268, 0.5494500879907036, 0.0, 0.0, 0.0, 0.0
4.4762351512908936, 0.8765957355499268, 0.5494500879907036, 0.0, 0.0, 0.0, 0.0
4.486206769943237, 0.8765957355499268, 0.5494500879907036, 0.0, 0.0, 0.0, 0.0
4.496243953704834, 0.8765957355499268, 0.5494500879907036, 0.0, 0.0, 0.0, 0.0
4.506211519241333, 0.8765957355499268, 0.5494500879907036, 0.0, 0.0, 0.0, 0.0
4.516153812408447, 0.8765957355499268, 0.5494500879907036, 0.0, 0.0, 0.0, 0.0
4.526215553283691, 0.8765957355499268, 0.5494500879907036, 0.0, 0.0, 0.0, 0.0
4.536221981048584, 0.8765957355499268, 0.5494500879907036, 0.0, 0.0, 0.0, 0.0
4.546207427978516, 0.8765957355499268, 0.5494500879907036, 0.0, 0.0, 0.0, 0.0
4.556201457977295, 0.8765957355499268, 0.5494500879907036, 0.0, 0.0, 0.0, 0.0
4.566213846206665, 0.8765957355499268, 0.5494500879907036, 0.0, 0.0, 0.0, 0.0
4.576146841049194, 0.8765957355499268, 0.5494500879907036, 0.0, 0.0, 0.0, 0.0
4.586181163787842, 0.8765957355499268, 0.5494500879907036, 0.0, 0.0, 0.0, 0.0
4.596246004104614, 0.8765957355499268, 0.5494500879907036, 0.0, 0.0, 0.0, 0.0
4.606200933456421, 0.8765957355499268, 0.5494500879907036, 0.0, 0.0, 0.0, 0.0
4.616205215454102, 0.8765957355499268, 0.5494500879907036, 0.0, 0.0, 0.0, 0.0
4.626209497451782, 0.8765957355499268, 0.5494500879907036, 0.0, 0.0, 0.0, 0.0
4.636141777038574, 0.8765957355499268, 0.5494500879907036, 0.0, 0.0, 0.0, 0.0
4.646219253540039, 0.8765957355499268, 0.5494500879907036, 0.0, 0.0, 0.0, 0.0
4.656260251998901, 0.8765957355499268, 0.5494500879907036, 0.0, 0.0, 0.0, 0.0
4.666184425354004, 0.8765957355499268, 0.5494500879907036, 0.0, 0.0, 0.0, 0.0
4.676233530044556, 0.8765957355499268, 0.5494500879907036, 0.0, 0.0, 0.0, 0.0
4.6862030029296875, 0.8765957355499268, 0.5494500879907036, 0.0, 0.0, 0.0, 0.0
4.696258544921875, 0.8765957355499268, 0.5494500879907036, 0.0, 0.0, 0.0, 0.0
4.706233978271484, 0.8765957355499268, 0.5494500879907036, 0.0, 0.0, 0.0, 0.0
4.7161407470703125, 0.8765957355499268, 0.5494500879907036, 0.0, 0.0, 0.0, 0.0
4.726178407669067, 0.8765957355499268, 0.5494500879907036, 0.0, 0.0, 0.0, 0.0
4.736228704452515, 0.8765957355499268, 0.5494500879907036, 0.0, 0.0, 0.0, 0.0
4.746129512786865, 0.8765957355499268, 0.5494500879907036, 0.0, 0.0, 0.0, 0.0
4.75623631477356, 0.8765957355499268, 0.5494500879907036, 0.0, 0.0, 0.0, 0.0
4.766196250915527, 0.8765957355499268, 0.5494500879907036, 0.0, 0.0, 0.0, 0.0
4.776238203048706, 0.8765957355499268, 0.5494500879907036, 0.0, 0.0, 0.0, 0.0
4.786213397979736, 0.8765957355499268, 0.5494500879907036, 0.0, 0.0, 0.0, 0.0
4.796221017837524, 0.8765957355499268, 0.5494500879907036, 0.0, 0.0, 0.0, 0.0
4.806203126907349, 0.8765957355499268, 0.5494500879907036, 0.0, 0.0, 0.0, 0.0
4.816241502761841, 0.8765957355499268, 0.5494500879907036, 0.0, 0.0, 0.0, 0.0
4.8262128829956055, 0.8765957355499268, 0.5494500879907036, 0.0, 0.0, 0.0, 0.0
4.836150169372559, 0.8765957355499268, 0.5494500879907036, 0.0, 0.0, 0.0, 0.0
4.846211194992065, 0.8765957355499268, 0.5494500879907036, 0.0, 0.0, 0.0, 0.0
4.856226682662964, 0.8765957355499268, 0.5494500879907036, 0.0, 0.0, 0.0, 0.0
4.8661627769470215, 0.8765957355499268, 0.5494500879907036, 0.0, 0.0, 0.0, 0.0
4.876193284988403, 0.8765957355499268, 0.5494500879907036, 0.0, 0.0, 0.0, 0.0
4.886213541030884, 0.8765957355499268, 0.5494500879907036, 0.0, 0.0, 0.0, 0.0
4.896147727966309, 0.8765957355499268, 0.5494500879907036, 0.0, 0.0, 0.0, 0.0
4.906210422515869, 0.8765957355499268, 0.5494500879907036, 0.0, 0.0, 0.0, 0.0
4.916285037994385, 0.8765957355499268, 0.5494500879907036, 0.0, 0.0, 0.0, 0.0
4.926173210144043, 0.8765957355499268, 0.5494500879907036, 0.0, 0.0, 0.0, 0.0
4.936237812042236, 0.8765957355499268, 0.5494500879907036, 0.0, 0.0, 0.0, 0.0
4.946171045303345, 0.8765957355499268, 0.5494500879907036, 0.0, 0.0, 0.0, 0.0
4.956278324127197, 0.8765957355499268, 0.5494500879907036, 0.0, 0.0, 0.0, 0.0
4.966236114501953, 0.8765957355499268, 0.5494500879907036, 0.0, 0.0, 0.0, 0.0
4.976132392883301, 0.8765957355499268, 0.5494500879907036, 0.0, 0.0, 0.0, 0.0
4.986126184463501, 0.8765957355499268, 0.5494500879907036, 0.0, 0.0, 0.0, 0.0
4.996262788772583, 0.8765957355499268, 0.5494500879907036, 0.0, 0.0, 0.0, 0.0
5.006226539611816, 0.8765957355499268, 0.5494500879907036, 0.0, 0.0, 0.0, 0.0
5.016145467758179, 0.8765957355499268, 0.5494500879907036, 0.0, 0.0, 0.0, 0.0
5.026227235794067, 0.8765957355499268, 0.5494500879907036, 0.0, 0.0, 0.0, 0.0
5.036218881607056, 0.8765957355499268, 0.5494500879907036, 0.0, 0.0, 0.0, 0.0
5.04613184928894, 0.8765957355499268, 0.5494500879907036, 0.0, 0.0, 0.0, 0.0
5.056256532669067, 0.8765957355499268, 0.5494500879907036, 0.0, 0.0, 0.0, 0.0
5.066234350204468, 0.8765957355499268, 0.5494500879907036, 0.0, 0.0, 0.0, 0.0
5.076104402542114, 0.8765957355499268, 0.5494500879907036, 0.0, 0.0, 0.0, 0.0
5.086217403411865, 0.8765957355499268, 0.5494500879907036, 0.0, 0.0, 0.0, 0.0
5.096247673034668, 0.8765957355499268, 0.5494500879907036, 0.0, 0.0, 0.0, 0.0
5.106133699417114, 0.8765957355499268, 0.5494500879907036, 0.0, 0.0, 0.0, 0.0
5.116206884384155, 0.8765957355499268, 0.5494500879907036, 0.0, 0.0, 0.0, 0.0
5.126211643218994, 0.8765957355499268, 0.5494500879907036, 0.0, 0.0, 0.0, 0.0
5.136135578155518, 0.8765957355499268, 0.5494500879907036, 0.0, 0.0, 0.0, 0.0
5.146191835403442, 0.8765957355499268, 0.5494500879907036, 0.0, 0.0, 0.0, 0.0
5.156251907348633, 0.8765957355499268, 0.5494500879907036, 0.0, 0.0, 0.0, 0.0
5.166139125823975, 0.8765957355499268, 0.5494500879907036, 0.0, 0.0, 0.0, 0.0
5.176276922225952, 0.8765957355499268, 0.5494500879907036, 0.0, 0.0, 0.0, 0.0
5.186204433441162, 0.8765957355499268, 0.5494500879907036, 0.0, 0.0, 0.0, 0.0
5.196154832839966, 0.8765957355499268, 0.5494500879907036, 0.0, 0.0, 0.0, 0.0
5.206202507019043, 0.8765957355499268, 0.5494500879907036, 0.0, 0.0, 0.0, 0.0
5.216263771057129, 0.8765957355499268, 0.5494500879907036, 0.0, 0.0, 0.0, 0.0
5.22613787651062, 0.8765957355499268, 0.5494500879907036, 0.0, 0.0, 0.0, 0.0
5.236219167709351, 0.8765957355499268, 0.5494500879907036, 0.0, 0.0, 0.0, 0.0
5.246218681335449, 0.8765957355499268, 0.5494500879907036, 0.0, 0.0, 0.0, 0.0
5.256152153015137, 0.8765957355499268, 0.5494500879907036, 0.0, 0.0, 0.0, 0.0
5.266217231750488, 0.8765957355499268, 0.5494500879907036, 0.0, 0.0, 0.0, 0.0
5.27623987197876, 0.8765957355499268, 0.5494500879907036, 0.0, 0.0, 0.0, 0.0
5.286128997802734, 0.8765957355499268, 0.5494500879907036, 0.0, 0.0, 0.0, 0.0
5.296233654022217, 0.8765957355499268, 0.5494500879907036, 0.0, 0.0, 0.0, 0.0
5.306228399276733, 0.8765957355499268, 0.5494500879907036, 0.0, 0.0, 0.0, 0.0
5.316127777099609, 0.8765957355499268, 0.5494500879907036, 0.0, 0.0, 0.0, 0.0
5.32622766494751, 0.8765957355499268, 0.5494500879907036, 0.0, 0.0, 0.0, 0.0
5.336236000061035, 0.8765957355499268, 0.5494500879907036, 0.0, 0.0, 0.0, 0.0
5.346180438995361, 0.8765957355499268, 0.5494500879907036, 0.0, 0.0, 0.0, 0.0
5.356161117553711, 0.8765957355499268, 0.5494500879907036, 0.0, 0.0, 0.0, 0.0
5.366191387176514, 0.8765957355499268, 0.5494500879907036, 0.0, 0.0, 0.0, 0.0
5.376191854476929, 0.8765957355499268, 0.5494500879907036, 0.0, 0.0, 0.0, 0.0
5.386225461959839, 0.8765957355499268, 0.5494500879907036, 0.0, 0.0, 0.0, 0.0
5.396224737167358, 0.8765957355499268, 0.5494500879907036, 0.0, 0.0, 0.0, 0.0
5.406201362609863, 0.8765957355499268, 0.5494500879907036, 0.0, 0.0, 0.0, 0.0
5.416260480880737, 0.8765957355499268, 0.5494500879907036, 0.0, 0.0, 0.0, 0.0
5.42622447013855, 0.8765957355499268, 0.5494500879907036, 0.0, 0.0, 0.0, 0.0
5.436137914657593, 0.8765957355499268, 0.5494500879907036, 0.0, 0.0, 0.0, 0.0
5.44619345664978, 0.8765957355499268, 0.5494500879907036, 0.0, 0.0, 0.0, 0.0
5.45624303817749, 0.8765957355499268, 0.5494500879907036, 0.0, 0.0, 0.0, 0.0
5.466166973114014, 0.8765957355499268, 0.5494500879907036, 0.0, 0.0, 0.0, 0.0
5.476189613342285, 0.8765957355499268, 0.5494500879907036, 0.0, 0.0, 0.0, 0.0
5.486223459243774, 0.8765957355499268, 0.5494500879907036, 0.0, 0.0, 0.0, 0.0
5.49614405632019, 0.8765957355499268, 0.5494500879907036, 0.0, 0.0, 0.0, 0.0
5.5062220096588135, 0.8765957355499268, 0.5494500879907036, 0.0, 0.0, 0.0, 0.0
5.516281604766846, 0.8765957355499268, 0.5494500879907036, 0.0, 0.0, 0.0, 0.0
5.526204347610474, 0.8765957355499268, 0.5494500879907036, 0.0, 0.0, 0.0, 0.0
5.5362229347229, 0.8765957355499268, 0.5494500879907036, 0.0, 0.0, 0.0, 0.0
5.546200275421143, 0.8765957355499268, 0.5494500879907036, 0.0, 0.0, 0.0, 0.0
5.556220531463623, 0.8765957355499268, 0.5494500879907036, 0.0, 0.0, 0.0, 0.0
5.566212892532349, 0.8765957355499268, 0.5494500879907036, 0.0, 0.0, 0.0, 0.0
5.576231479644775, 0.8765957355499268, 0.5494500879907036, 0.0, 0.0, 0.0, 0.0
5.586172819137573, 0.8765957355499268, 0.5494500879907036, 0.0, 0.0, 0.0, 0.0
5.59622859954834, 0.8765957355499268, 0.5494500879907036, 0.0, 0.0, 0.0, 0.0
5.606227159500122, 0.8765957355499268, 0.5494500879907036, 0.0, 0.0, 0.0, 0.0
5.616157293319702, 0.8765957355499268, 0.5494500879907036, 0.0, 0.0, 0.0, 0.0
5.626220464706421, 0.8765957355499268, 0.5494500879907036, 0.0, 0.0, 0.0, 0.0
5.636243581771851, 0.8765957355499268, 0.5494500879907036, 0.0, 0.0, 0.0, 0.0
5.646177530288696, 0.8765957355499268, 0.5494500879907036, 0.0, 0.0, 0.0, 0.0
5.656197786331177, 0.8765957355499268, 0.5494500879907036, 0.0, 0.0, 0.0, 0.0
5.666215896606445, 0.8765957355499268, 0.5494500879907036, 0.0, 0.0, 0.0, 0.0
5.676188707351685, 0.8765957355499268, 0.5494500879907036, 0.0, 0.0, 0.0, 0.0
5.68621563911438, 0.8765957355499268, 0.5494500879907036, 0.0, 0.0, 0.0, 0.0
5.696216583251953, 0.8765957355499268, 0.5494500879907036, 0.0, 0.0, 0.0, 0.0
5.706141710281372, 0.8765957355499268, 0.5494500879907036, 0.0, 0.0, 0.0, 0.0
5.716210842132568, 0.8765957355499268, 0.5494500879907036, 0.0, 0.0, 0.0, 0.0
5.726175785064697, 0.8765957355499268, 0.5494500879907036, 0.0, 0.0, 0.0, 0.0
5.736196756362915, 0.8765957355499268, 0.5494500879907036, 0.0, 0.0, 0.0, 0.0
5.746205806732178, 0.8765957355499268, 0.5494500879907036, 0.0, 0.0, 0.0, 0.0
5.756241321563721, 0.8765957355499268, 0.5494500879907036, 0.0, 0.0, 0.0, 0.0
5.766179323196411, 0.8765957355499268, 0.5494500879907036, 0.0, 0.0, 0.0, 0.0
5.776214361190796, 0.8765957355499268, 0.5494500879907036, 0.0, 0.0, 0.0, 0.0
5.786183834075928, 0.8765957355499268, 0.5494500879907036, 0.0, 0.0, 0.0, 0.0
5.796158313751221, 0.8765957355499268, 0.5494500879907036, 0.0, 0.0, 0.0, 0.0
5.806234359741211, 0.8765957355499268, 0.5494500879907036, 0.0, 0.0, 0.0, 0.0
5.816226482391357, 0.8765957355499268, 0.5494500879907036, 0.0, 0.0, 0.0, 0.0
5.826196908950806, 0.8765957355499268, 0.5494500879907036, 0.0, 0.0, 0.0, 0.0
5.836249828338623, 0.8765957355499268, 0.5494500879907036, 0.0, 0.0, 0.0, 0.0
5.846198320388794, 0.8765957355499268, 0.5494500879907036, 0.0, 0.0, 0.0, 0.0
5.8562469482421875, 0.8765957355499268, 0.5494500879907036, 0.0, 0.0, 0.0, 0.0
5.866210460662842, 0.8765957355499268, 0.5494500879907036, 0.0, 0.0, 0.0, 0.0
5.876184940338135, 0.8765957355499268, 0.5494500879907036, 0.0, 0.0, 0.0, 0.0
5.886235237121582, 0.8765957355499268, 0.5494500879907036, 0.0, 0.0, 0.0, 0.0
5.8962318897247314, 0.8765957355499268, 0.5494500879907036, 0.0, 0.0, 0.0, 0.0
5.906188011169434, 0.8765957355499268, 0.5494500879907036, 0.0, 0.0, 0.0, 0.0
5.9161858558654785, 0.8765957355499268, 0.5494500879907036, 0.0, 0.0, 0.0, 0.0
5.92619776725769, 0.8765957355499268, 0.5494500879907036, 0.0, 0.0, 0.0, 0.0
5.936201333999634, 0.8765957355499268, 0.5494500879907036, 0.0, 0.0, 0.0, 0.0
5.9461987018585205, 0.8765957355499268, 0.5494500879907036, 0.0, 0.0, 0.0, 0.0
5.956201076507568, 0.8765957355499268, 0.5494500879907036, 0.0, 0.0, 0.0, 0.0
5.9661712646484375, 0.8765957355499268, 0.5494500879907036, 0.0, 0.0, 0.0, 0.0
5.9761998653411865, 0.8765957355499268, 0.5494500879907036, 0.0, 0.0, 0.0, 0.0
5.986216068267822, 0.8765957355499268, 0.5494500879907036, 0.0, 0.0, 0.0, 0.0
5.9962286949157715, 0.8765957355499268, 0.5494500879907036, 0.0, 0.0, 0.0, 0.0
6.006136894226074, 0.8765957355499268, 0.5494500879907036, 0.0, 0.0, 0.0, 0.0
6.016195297241211, 0.8765957355499268, 0.5494500879907036, 0.0, 0.0, 0.0, 0.0
6.026209115982056, 0.8765957355499268, 0.5494500879907036, 0.0, 0.0, 0.0, 0.0
6.036227226257324, 0.8765957355499268, 0.5494500879907036, 0.0, 0.0, 0.0, 0.0
6.046137094497681, 0.8765957355499268, 0.5494500879907036, 0.0, 0.0, 0.0, 0.0
6.056232690811157, 0.8765957355499268, 0.5494500879907036, 0.0, 0.0, 0.0, 0.0
6.0661232471466064, 0.8765957355499268, 0.5494500879907036, 0.0, 0.0, 0.0, 0.0
6.076196908950806, 0.8765957355499268, 0.5494500879907036, 0.0, 0.0, 0.0, 0.0
6.086224317550659, 0.8765957355499268, 0.5494500879907036, 0.0, 0.0, 0.0, 0.0
6.096143007278442, 0.8765957355499268, 0.5494500879907036, 0.0, 0.0, 0.0, 0.0
6.1062235832214355, 0.8765957355499268, 0.5494500879907036, 0.0, 0.0, 0.0, 0.0
6.116225481033325, 0.8765957355499268, 0.5494500879907036, 0.0, 0.0, 0.0, 0.0
6.1261680126190186, 0.8765957355499268, 0.5494500879907036, 0.0, 0.0, 0.0, 0.0
6.136252403259277, 0.8765957355499268, 0.5494500879907036, 0.0, 0.0, 0.0, 0.0
6.146161079406738, 0.8765957355499268, 0.5494500879907036, 0.0, 0.0, 0.0, 0.0
6.156245708465576, 0.8765957355499268, 0.5494500879907036, 0.0, 0.0, 0.0, 0.0
6.166125059127808, 0.8765957355499268, 0.5494500879907036, 0.0, 0.0, 0.0, 0.0
6.176204204559326, 0.8765957355499268, 0.5494500879907036, 0.0, 0.0, 0.0, 0.0
6.186216115951538, 0.8765957355499268, 0.5494500879907036, 0.0, 0.0, 0.0, 0.0
6.196214199066162, 0.8765957355499268, 0.5494500879907036, 0.0, 0.0, 0.0, 0.0
6.206228494644165, 0.8765957355499268, 0.5494500879907036, 0.0, 0.0, 0.0, 0.0
6.216232538223267, 0.8765957355499268, 0.5494500879907036, 0.0, 0.0, 0.0, 0.0
6.226218938827515, 0.8765957355499268, 0.5494500879907036, 0.0, 0.0, 0.0, 0.0
6.2362072467803955, 0.8765957355499268, 0.5494500879907036, 0.0, 0.0, 0.0, 0.0
6.24624228477478, 0.8765957355499268, 0.5494500879907036, 0.0, 0.0, 0.0, 0.0
6.256220102310181, 0.8765957355499268, 0.5494500879907036, 0.0, 0.0, 0.0, 0.0
6.266185760498047, 0.8765957355499268, 0.5494500879907036, 0.0, 0.0, 0.0, 0.0
6.2762064933776855, 0.8765957355499268, 0.5494500879907036, 0.0, 0.0, 0.0, 0.0
6.28621506690979, 0.8765957355499268, 0.5494500879907036, 0.0, 0.0, 0.0, 0.0
6.296206474304199, 0.8765957355499268, 0.5494500879907036, 0.0, 0.0, 0.0, 0.0
6.306223154067993, 0.8765957355499268, 0.5494500879907036, 0.0, 0.0, 0.0, 0.0
6.316257476806641, 0.8765957355499268, 0.5494500879907036, 0.0, 0.0, 0.0, 0.0
6.326189994812012, 0.8765957355499268, 0.5494500879907036, 0.0, 0.0, 0.0, 0.0
6.336215972900391, 0.8765957355499268, 0.5494500879907036, 0.0, 0.0, 0.0, 0.0
6.346198320388794, 0.8765957355499268, 0.5494500879907036, 0.0, 0.0, 0.0, 0.0
6.356226682662964, 0.8765957355499268, 0.5494500879907036, 0.0, 0.0, 0.0, 0.0
6.366186141967773, 0.8765957355499268, 0.5494500879907036, 0.0, 0.0, 0.0, 0.0
6.376221179962158, 0.8765957355499268, 0.5494500879907036, 0.0, 0.0, 0.0, 0.0
6.386190891265869, 0.8765957355499268, 0.5494500879907036, 0.0, 0.0, 0.0, 0.0
6.3962562084198, 0.8765957355499268, 0.5494500879907036, 0.0, 0.0, 0.0, 0.0
6.406215190887451, 0.8765957355499268, 0.5494500879907036, 0.0, 0.0, 0.0, 0.0
6.416186094284058, 0.8765957355499268, 0.5494500879907036, 0.0, 0.0, 0.0, 0.0
6.426220178604126, 0.8765957355499268, 0.5494500879907036, 0.0, 0.0, 0.0, 0.0
6.4362335205078125, 0.8765957355499268, 0.5494500879907036, 0.0, 0.0, 0.0, 0.0
6.446203231811523, 0.8765957355499268, 0.5494500879907036, 0.0, 0.0, 0.0, 0.0
6.456247091293335, 0.8765957355499268, 0.5494500879907036, 0.0, 0.0, 0.0, 0.0
6.466220855712891, 0.8765957355499268, 0.5494500879907036, 0.0, 0.0, 0.0, 0.0
6.476237773895264, 0.8765957355499268, 0.5494500879907036, 0.0, 0.0, 0.0, 0.0
6.4861555099487305, 0.8765957355499268, 0.5494500879907036, 0.0, 0.0, 0.0, 0.0
6.496208667755127, 0.8765957355499268, 0.5494500879907036, 0.0, 0.0, 0.0, 0.0
6.506113767623901, 0.8765957355499268, 0.5494500879907036, 0.0, 0.0, 0.0, 0.0
6.516230583190918, 0.8765957355499268, 0.5494500879907036, 0.0, 0.0, 0.0, 0.0
6.526203393936157, 0.8765957355499268, 0.5494500879907036, 0.0, 0.0, 0.0, 0.0
6.536194562911987, 0.8765957355499268, 0.5494500879907036, 0.0, 0.0, 0.0, 0.0
6.5461812019348145, 0.8765957355499268, 0.5494500879907036, 0.0, 0.0, 0.0, 0.0
6.556166410446167, 0.8765957355499268, 0.5494500879907036, 0.0, 0.0, 0.0, 0.0
6.566182613372803, 0.8765957355499268, 0.5494500879907036, 0.0, 0.0, 0.0, 0.0
6.576196670532227, 0.8765957355499268, 0.5494500879907036, 0.0, 0.0, 0.0, 0.0
6.5861639976501465, 0.8765957355499268, 0.5494500879907036, 0.0, 0.0, 0.0, 0.0
6.596190929412842, 0.8765957355499268, 0.5494500879907036, 0.0, 0.0, 0.0, 0.0
6.606222867965698, 0.8765957355499268, 0.5494500879907036, 0.0, 0.0, 0.0, 0.0
6.616207599639893, 0.8765957355499268, 0.5494500879907036, 0.0, 0.0, 0.0, 0.0
6.626189470291138, 0.8765957355499268, 0.5494500879907036, 0.0, 0.0, 0.0, 0.0
6.636110544204712, 0.8765957355499268, 0.5494500879907036, 0.0, 0.0, 0.0, 0.0
6.646198034286499, 0.8765957355499268, 0.5494500879907036, 0.0, 0.0, 0.0, 0.0
6.6562113761901855, 0.8765957355499268, 0.5494500879907036, 0.0, 0.0, 0.0, 0.0
6.666222810745239, 0.8765957355499268, 0.5494500879907036, 0.0, 0.0, 0.0, 0.0
6.676209211349487, 0.8765957355499268, 0.5494500879907036, 0.0, 0.0, 0.0, 0.0
6.686193943023682, 0.8765957355499268, 0.5494500879907036, 0.0, 0.0, 0.0, 0.0
6.696234464645386, 0.8765957355499268, 0.5494500879907036, 0.0, 0.0, 0.0, 0.0
6.7061121463775635, 0.8765957355499268, 0.5494500879907036, 0.0, 0.0, 0.0, 0.0
6.716253042221069, 0.8765957355499268, 0.5494500879907036, 0.0, 0.0, 0.0, 0.0
6.726208209991455, 0.8765957355499268, 0.5494500879907036, 0.0, 0.0, 0.0, 0.0
6.736186981201172, 0.8765957355499268, 0.5494500879907036, 0.0, 0.0, 0.0, 0.0
6.746219158172607, 0.8765957355499268, 0.5494500879907036, 0.0, 0.0, 0.0, 0.0
6.756220102310181, 0.8765957355499268, 0.5494500879907036, 0.0, 0.0, 0.0, 0.0
6.766174077987671, 0.8765957355499268, 0.5494500879907036, 0.0, 0.0, 0.0, 0.0
6.776232719421387, 0.8765957355499268, 0.5494500879907036, 0.0, 0.0, 0.0, 0.0
6.786170721054077, 0.8765957355499268, 0.5494500879907036, 0.0, 0.0, 0.0, 0.0
6.796198129653931, 0.8765957355499268, 0.5494500879907036, 0.0, 0.0, 0.0, 0.0
6.806223154067993, 0.8765957355499268, 0.5494500879907036, 0.0, 0.0, 0.0, 0.0
6.816230535507202, 0.8765957355499268, 0.5494500879907036, 0.0, 0.0, 0.0, 0.0
6.826200485229492, 0.8765957355499268, 0.5494500879907036, 0.0, 0.0, 0.0, 0.0
6.836209774017334, 0.8765957355499268, 0.5494500879907036, 0.0, 0.0, 0.0, 0.0
6.846179962158203, 0.8765957355499268, 0.5494500879907036, 0.0, 0.0, 0.0, 0.0
6.8562352657318115, 0.8765957355499268, 0.5494500879907036, 0.0, 0.0, 0.0, 0.0
6.866185665130615, 0.8765957355499268, 0.5494500879907036, 0.0, 0.0, 0.0, 0.0
6.876124382019043, 0.8765957355499268, 0.5494500879907036, 0.0, 0.0, 0.0, 0.0
6.886138677597046, 0.8765957355499268, 0.5494500879907036, 0.0, 0.0, 0.0, 0.0
6.896192789077759, 0.8765957355499268, 0.5494500879907036, 0.0, 0.0, 0.0, 0.0
6.906149625778198, 0.8765957355499268, 0.5494500879907036, 0.0, 0.0, 0.0, 0.0
6.916115045547485, 0.8765957355499268, 0.5494500879907036, 0.0, 0.0, 0.0, 0.0
6.926222085952759, 0.8765957355499268, 0.5494500879907036, 0.0, 0.0, 0.0, 0.0
6.936201095581055, 0.8765957355499268, 0.5494500879907036, 0.0, 0.0, 0.0, 0.0
6.946257591247559, 0.8765957355499268, 0.5494500879907036, 0.0, 0.0, 0.0, 0.0
6.956119060516357, 0.8765957355499268, 0.5494500879907036, 0.0, 0.0, 0.0, 0.0
6.966111660003662, 0.8765957355499268, 0.5494500879907036, 0.0, 0.0, 0.0, 0.0
6.976137399673462, 0.8765957355499268, 0.5494500879907036, 0.0, 0.0, 0.0, 0.0
6.986114978790283, 0.8765957355499268, 0.5494500879907036, 0.0, 0.0, 0.0, 0.0
6.996114015579224, 0.8765957355499268, 0.5494500879907036, 0.0, 0.0, 0.0, 0.0
7.0061681270599365, 0.8765957355499268, 0.5494500879907036, 0.0, 0.0, 0.0, 0.0
7.016161918640137, 0.8765957355499268, 0.5494500879907036, 0.0, 0.0, 0.0, 0.0
7.026211977005005, 0.8765957355499268, 0.5494500879907036, 0.0, 0.0, 0.0, 0.0
7.03611946105957, 0.8765957355499268, 0.5494500879907036, 0.0, 0.0, 0.0, 0.0
7.046187162399292, 0.8765957355499268, 0.5494500879907036, 0.0, 0.0, 0.0, 0.0
7.056156635284424, 0.8765957355499268, 0.5494500879907036, 0.0, 0.0, 0.0, 0.0
7.06611704826355, 0.8765957355499268, 0.5494500879907036, 0.0, 0.0, 0.0, 0.0
7.076153516769409, 0.8765957355499268, 0.5494500879907036, 0.0, 0.0, 0.0, 0.0
7.0861358642578125, 0.8765957355499268, 0.5494500879907036, 0.0, 0.0, 0.0, 0.0
7.096155643463135, 0.8765957355499268, 0.5494500879907036, 0.0, 0.0, 0.0, 0.0
7.106104850769043, 0.8765957355499268, 0.5494500879907036, 0.0, 0.0, 0.0, 0.0
7.116254806518555, 0.8765957355499268, 0.5494500879907036, 0.0, 0.0, 0.0, 0.0
7.126201391220093, 0.8765957355499268, 0.5494500879907036, 0.0, 0.0, 0.0, 0.0
7.1360924243927, 0.8765957355499268, 0.5494500879907036, 0.0, 0.0, 0.0, 0.0
7.1461122035980225, 0.8765957355499268, 0.5494500879907036, 0.0, 0.0, 0.0, 0.0
7.156109571456909, 0.8765957355499268, 0.5494500879907036, 0.0, 0.0, 0.0, 0.0
7.166166543960571, 0.8765957355499268, 0.5494500879907036, 0.0, 0.0, 0.0, 0.0
7.176151752471924, 0.8765957355499268, 0.5494500879907036, 0.0, 0.0, 0.0, 0.0
7.186112403869629, 0.8765957355499268, 0.5494500879907036, 0.0, 0.0, 0.0, 0.0
7.196104288101196, 0.8765957355499268, 0.5494500879907036, 0.0, 0.0, 0.0, 0.0
7.2061285972595215, 0.8765957355499268, 0.5494500879907036, 0.0, 0.0, 0.0, 0.0
7.216209411621094, 0.8765957355499268, 0.5494500879907036, 0.0, 0.0, 0.0, 0.0
7.226207256317139, 0.8765957355499268, 0.5494500879907036, 0.0, 0.0, 0.0, 0.0
7.236227512359619, 0.8765957355499268, 0.5494500879907036, 0.0, 0.0, 0.0, 0.0
7.246131896972656, 0.8765957355499268, 0.5494500879907036, 0.0, 0.0, 0.0, 0.0
7.256149530410767, 0.8765957355499268, 0.5494500879907036, 0.0, 0.0, 0.0, 0.0
7.266198396682739, 0.8765957355499268, 0.5494500879907036, 0.0, 0.0, 0.0, 0.0
