3.0994415283203125e-06, 0.0, 0.0, 0.0, 0.0, 0.0, 0.0
6.508827209472656e-05, 0.0, 0.0, 0.0, 0.0, 0.0, 0.0
0.005961418151855469, 0.0, 0.0, 0.0, 0.0, 0.0, 0.0
0.016009807586669922, 0.0, 0.0, 0.0, 0.0, 0.0, 0.0
0.025967836380004883, 0.0, 0.0, 0.0, 0.0, 0.0, 0.0
0.03599071502685547, 0.0, 0.0, 0.0, 0.0, 0.0, 0.0
0.045974016189575195, 0.0, 0.0, 0.0, 0.0, 0.0, 0.0
0.0559697151184082, 0.0, 0.0, 0.0, 0.0, 0.0, 0.0
0.06599736213684082, 0.0, 0.0, 0.0, 0.0, 0.0, 0.0
0.0760037899017334, 0.0, 0.0, 0.0, 0.0, 0.0, 0.0
0.08599376678466797, 0.0, 0.0, 0.0, 0.0, 0.0, 0.0
0.09602165222167969, 0.0, 0.0, 0.0, 0.0, 0.0, 0.0
0.10597801208496094, 0.0, 0.0, 0.0, 0.0, 0.0, 0.0
0.11600995063781738, 0.0, 0.0, 0.0, 0.0, 0.0, 0.0
0.12597012519836426, 0.0, 0.0, 0.0, 0.0, 0.0, 0.0
0.13603544235229492, 0.0, 0.0, 0.0, 0.0, 0.0, 0.0
0.146026611328125, 0.0, 0.0, 0.0, 0.0, 0.0, 0.0
0.1560218334197998, 0.0, 0.0, 0.0, 0.0, 0.0, 0.0
0.16600799560546875, 0.0, 0.0, 0.0, 0.0, 0.0, 0.0
0.17600321769714355, 0.0, 0.0, 0.0, 0.0, 0.0, 0.0
0.1860196590423584, 0.0, 0.0, 0.0, 0.0, 0.0, 0.0
0.19600844383239746, 0.0, 0.0, 0.0, 0.0, 0.0, 0.0
0.20602869987487793, 0.0, 0.0, 0.0, 0.0, 0.0, 0.0
0.2159888744354248, 0.0, 0.0, 0.0, 0.0, 0.0, 0.0
0.22609782218933105, 0.0, 0.0, 0.0, 0.0, 0.0, 0.0
0.23607945442199707, 0.0, 0.0, 0.0, 0.0, 0.0, 0.0
0.2460803985595703, 0.0, 0.0, 0.0, 0.0, 0.0, 0.0
0.2561218738555908, 0.0, 0.0, 0.0, 0.0, 0.0, 0.0
0.2661733627319336, 0.0, 0.0, 0.0, 0.0, 0.0, 0.0
0.27617311477661133, 0.0, 0.0, 0.0, 0.0, 0.0, 0.0
0.28608179092407227, 0.0, 0.0, 0.0, 0.0, 0.0, 0.0
0.29618096351623535, 0.0, 0.0, 0.0, 0.0, 0.0, 0.0
0.3061671257019043, 0.0, 0.0, 0.0, 0.0, 0.0, 0.0
0.31611084938049316, 0.0, 0.0, 0.0, 0.0, 0.0, 0.0
0.3261122703552246, 0.0, 0.0, 0.0, 0.0, 0.0, 0.0
0.33606553077697754, 0.0, 0.0, 0.0, 0.0, 0.0, 0.0
0.346193790435791, 0.0, 0.0, 0.0, 0.0, 0.0, 0.0
0.3560171127319336, 0.0, 0.0, 0.0, 0.0, 0.0, 0.0
0.36608004570007324, 0.0, 0.0, 0.0, 0.0, 0.0, 0.0
0.37604379653930664, 0.0, 0.0, 0.0, 0.0, 0.0, 0.0
0.38605332374572754, 0.0, 0.0, 0.0, 0.0, 0.0, 0.0
0.3960285186767578, 0.0, 0.0, 0.0, 0.0, 0.0, 0.0
0.40606021881103516, 0.0, 0.0, 0.0, 0.0, 0.0, 0.0
0.4160606861114502, 0.0, 0.0, 0.0, 0.0, 0.0, 0.0
0.42605090141296387, 0.0, 0.0, 0.0, 0.0, 0.0, 0.0
0.43603062629699707, 0.0, 0.0, 0.0, 0.0, 0.0, 0.0
0.4460642337799072, 0.0, 0.0, 0.0, 0.0, 0.0, 0.0
0.4560673236846924, 0.0, 0.0, 0.0, 0.0, 0.0, 0.0
0.4660212993621826, 0.0, 0.0, 0.0, 0.0, 0.0, 0.0
0.47610998153686523, 0.0, 0.0, 0.0, 0.0, 0.0, 0.0
0.4860823154449463, 0.0, 0.0, 0.0, 0.0, 0.0, 0.0
0.49607253074645996, 0.0, 0.0, 0.0, 0.0, 0.0, 0.0
0.5061094760894775, 0.0, 0.0, 0.0, 0.0, 0.0, 0.0
0.5161411762237549, 0.0, 0.0, 0.0, 0.0, 0.0, 0.0
0.5261073112487793, 0.0, 0.0, 0.0, 0.0, 0.0, 0.0
0.5361061096191406, 0.0, 0.0, 0.0, 0.0, 0.0, 0.0
0.5461432933807373, 0.0, 0.0, 0.0, 0.0, 0.0, 0.0
0.5561153888702393, 0.0, 0.0, 0.0, 0.0, 0.0, 0.0
0.5661122798919678, 0.0, 0.0, 0.0, 0.0, 0.0, 0.0
0.5760371685028076, 0.0, 0.0, 0.0, 0.0, 0.0, 0.0
0.5860424041748047, 0.0, 0.0, 0.0, 0.0, 0.0, 0.0
0.5966305732727051, 0.0, 0.0, 0.0, 0.0, 0.0, 0.0
0.6060147285461426, 0.0, 0.0, 0.0, 0.0, 0.0, 0.0
0.6162996292114258, 0.0, 0.0, 0.0, 0.0, 0.0, 0.0
0.6260628700256348, 0.0, 0.0, 0.0, 0.0, 0.0, 0.0
0.6360790729522705, 0.0, 0.0, 0.0, 0.0, 0.0, 0.0
0.6463620662689209, 0.0, 0.0, 0.0, 0.0, 0.0, 0.0
0.6560661792755127, 0.0, 0.0, 0.0, 0.0, 0.0, 0.0
0.6660215854644775, 0.0, 0.0, 0.0, 0.0, 0.0, 0.0
0.676001787185669, 0.0, 0.0, 0.0, 0.0, 0.0, 0.0
0.6859734058380127, 0.0, 0.0, 0.0, 0.0, 0.0, 0.0
0.6959962844848633, 0.0, 0.0, 0.0, 0.0, 0.0, 0.0
0.7061009407043457, 0.0, 0.0, 0.0, 0.0, 0.0, 0.0
0.7160592079162598, 0.0, 0.0, 0.0, 0.0, 0.0, 0.0
0.7260499000549316, 0.0, 0.0, 0.0, 0.0, 0.0, 0.0
0.7359883785247803, 0.0, 0.0, 0.0, 0.0, 0.0, 0.0
0.745990514755249, 0.0, 0.0, 0.0, 0.0, 0.0, 0.0
0.7559967041015625, 0.0, 0.0, 0.0, 0.0, 0.0, 0.0
0.765979528427124, 0.0, 0.0, 0.0, 0.0, 0.0, 0.0
0.776033878326416, 0.0, 0.0, 0.0, 0.0, 0.0, 0.0
0.7860279083251953, 0.0, 0.0, 0.0, 0.0, 0.0, 0.0
0.7960433959960938, 0.0, 0.0, 0.0, 0.0, 0.0, 0.0
0.8059656620025635, 0.0, 0.0, 0.0, 0.0, 0.0, 0.0
0.8160290718078613, 0.0, 0.0, 0.0, 0.0, 0.0, 0.0
0.8260152339935303, 0.0, 0.0, 0.0, 0.0, 0.0, 0.0
0.8359839916229248, 0.0, 0.0, 0.0, 0.0, 0.0, 0.0
0.8459782600402832, 0.0, 0.0, 0.0, 0.0, 0.0, 0.0
0.8559741973876953, 0.0, 0.0, 0.0, 0.0, 0.0, 0.0
0.8659853935241699, 0.0, 0.0, 0.0, 0.0, 0.0, 0.0
0.8760280609130859, 0.0, 0.0, 0.0, 0.0, 0.0, 0.0
0.8860082626342773, 0.0, 0.0, 0.0, 0.0, 0.0, 0.0
0.8961179256439209, 0.0, 0.0, 0.0, 0.0, 0.0, 0.0
0.9061017036437988, 0.0, 0.0, 0.0, 0.0, 0.0, 0.0
0.9161667823791504, 0.0, 0.0, 0.0, 0.0, 0.0, 0.0
0.926067590713501, 0.0, 0.0, 0.0, 0.0, 0.0, 0.0
0.9361076354980469, 0.0, 0.0, 0.0, 0.0, 0.0, 0.0
0.9461379051208496, 0.0, 0.0, 0.0, 0.0, 0.0, 0.0
0.9560890197753906, 0.0, 0.0, 0.0, 0.0, 0.0, 0.0
0.9661300182342529, 0.0, 0.0, 0.0, 0.0, 0.0, 0.0
0.9761550426483154, 0.0, 0.0, 0.0, 0.0, 0.0, 0.0
0.9860553741455078, 0.0, 0.0, 0.0, 0.0, 0.0, 0.0
0.9961504936218262, 0.0, 0.0, 0.0, 0.0, 0.0, 0.0
1.0060625076293945, 0.0, 0.0, 0.0, 0.0, 0.0, 0.0
1.0160973072052002, 0.0, 0.0, 0.0, 0.0, 0.0, 0.0
1.0260469913482666, 0.0, 0.0, 0.0, 0.0, 0.0, 0.0
1.0360825061798096, 0.0, 0.0, 0.0, 0.0, 0.0, 0.0
1.0460782051086426, 0.0, 0.0, 0.0, 0.0, 0.0, 0.0
1.056067943572998, 0.0, 0.0, 0.0, 0.0, 0.0, 0.0
1.0660459995269775, 0.0, 0.0, 0.0, 0.0, 0.0, 0.0
1.0761067867279053, 0.0, 0.0, 0.0, 0.0, 0.0, 0.0
1.0860953330993652, 0.0, 0.0, 0.0, 0.0, 0.0, 0.0
1.0961484909057617, 0.0, 0.0, 0.0, 0.0, 0.0, 0.0
1.106067419052124, 0.0, 0.0, 0.0, 0.0, 0.0, 0.0
1.1160376071929932, 0.0, 0.0, 0.0, 0.0, 0.0, 0.0
1.1261177062988281, 0.0, 0.0, 0.0, 0.0, 0.0, 0.0
1.1360502243041992, 0.0, 0.0, 0.0, 0.0, 0.0, 0.0
1.1460843086242676, 0.0, 0.0, 0.0, 0.0, 0.0, 0.0
1.1560466289520264, 0.0, 0.0, 0.0, 0.0, 0.0, 0.0
1.1660974025726318, 0.0, 0.0, 0.0, 0.0, 0.0, 0.0
1.1761066913604736, 0.0, 0.0, 0.0, 0.0, 0.0, 0.0
1.1860671043395996, 0.0, 0.0, 0.0, 0.0, 0.0, 0.0
1.1961007118225098, 0.0, 0.0, 0.0, 0.0, 0.0, 0.0
1.2061347961425781, 0.0, 0.0, 0.0, 0.0, 0.0, 0.0
1.2161195278167725, 0.0, 0.0, 0.0, 0.0, 0.0, 0.0
1.2260539531707764, 0.0, 0.0, 0.0, 0.0, 0.0, 0.0
1.2360584735870361, 0.0, 0.0, 0.0, 0.0, 0.0, 0.0
1.2460689544677734, 0.0, 0.0, 0.0, 0.0, 0.0, 0.0
1.2560603618621826, 0.0, 0.0, 0.0, 0.0, 0.0, 0.0
1.2660777568817139, 0.0, 0.0, 0.0, 0.0, 0.0, 0.0
1.276064395904541, 0.0, 0.0, 0.0, 0.0, 0.0, 0.0
1.2860779762268066, 0.0, 0.0, 0.0, 0.0, 0.0, 0.0
1.2960755825042725, 0.0, 0.0, 0.0, 0.0, 0.0, 0.0
1.30604887008667, 0.0, 0.0, 0.0, 0.0, 0.0, 0.0
1.3160827159881592, 0.0, 0.0, 0.0, 0.0, 0.0, 0.0
1.3260893821716309, 0.0, 0.0, 0.0, 0.0, 0.0, 0.0
1.3361632823944092, 0.0, 0.0, 0.0, 0.0, 0.0, 0.0
1.3461828231811523, 0.0, 0.0, 0.0, 0.0, 0.0, 0.0
1.3561253547668457, 0.0, 0.0, 0.0, 0.0, 0.0, 0.0
1.3661112785339355, 0.0, 0.0, 0.0, 0.0, 0.0, 0.0
1.3761744499206543, 0.0, 0.0, 0.0, 0.0, 0.0, 0.0
1.3861706256866455, 0.0, 0.0, 0.0, 0.0, 0.0, 0.0
1.3961615562438965, 0.0, 0.0, 0.0, 0.0, 0.0, 0.0
1.4061119556427002, 0.0, 0.0, 0.0, 0.0, 0.0, 0.0
1.4161274433135986, 0.0, 0.0, 0.0, 0.0, 0.0, 0.0
1.4261071681976318, 0.0, 0.0, 0.0, 0.0, 0.0, 0.0
1.4361915588378906, 0.0, 0.0, 0.0, 0.0, 0.0, 0.0
1.4461710453033447, 0.0, 0.0, 0.0, 0.0, 0.0, 0.0
1.4561407566070557, 0.0, 0.0, 0.0, 0.0, 0.0, 0.0
1.4661240577697754, 0.0, 0.0, 0.0, 0.0, 0.0, 0.0
1.4761381149291992, 0.0, 0.0, 0.0, 0.0, 0.0, 0.0
1.4860255718231201, 0.0, 0.0, 0.0, 0.0, 0.0, 0.0
1.4960284233093262, 0.0, 0.0, 0.0, 0.0, 0.0, 0.0
1.5060064792633057, 0.0, 0.0, 0.0, 0.0, 0.0, 0.0
1.5160160064697266, 0.0, 0.0, 0.0, 0.0, 0.0, 0.0
1.5260052680969238, 0.0, 0.0, 0.0, 0.0, 0.0, 0.0
1.5359971523284912, 0.0, 0.0, 0.0, 0.0, 0.0, 0.0
1.545992374420166, 0.0, 0.0, 0.0, 0.0, 0.0, 0.0
1.5560524463653564, 0.0, 0.0, 0.0, 0.0, 0.0, 0.0
1.566080093383789, 0.0, 0.0, 0.0, 0.0, 0.0, 0.0
1.5760729312896729, 0.0, 0.0, 0.0, 0.0, 0.0, 0.0
1.586059808731079, 0.0, 0.0, 0.0, 0.0, 0.0, 0.0
1.5960359573364258, 0.0, 0.0, 0.0, 0.0, 0.0, 0.0
1.6059718132019043, 0.0, 0.0, 0.0, 0.0, 0.0, 0.0
1.6160130500793457, 0.0, 0.0, 0.0, 0.0, 0.0, 0.0
1.626007080078125, 0.0, 0.0, 0.0, 0.0, 0.0, 0.0
1.6360220909118652, 0.0, 0.0, 0.0, 0.0, 0.0, 0.0
1.6460206508636475, 0.0, 0.0, 0.0, 0.0, 0.0, 0.0
1.6560306549072266, 0.0, 0.0, 0.0, 0.0, 0.0, 0.0
1.666015386581421, 0.0, 0.0, 0.0, 0.0, 0.0, 0.0
1.6760404109954834, 0.0, 0.0, 0.0, 0.0, 0.0, 0.0
1.6860206127166748, 0.0, 0.0, 0.0, 0.0, 0.0, 0.0
1.695991039276123, 0.0, 0.0, 0.0, 0.0, 0.0, 0.0
1.7059791088104248, 0.0, 0.0, 0.0, 0.0, 0.0, 0.0
1.715972900390625, 0.8851063847541809, 0.5163094316877025, 1.9806532859802246, 1.1552953515820075, 0.0, 0.0
1.7259869575500488, 0.8872340321540833, 0.5471825372493715, 1.9792178869247437, -0.10101102381387417, 0.0, 0.0
1.7360038757324219, 0.8872340321540833, 0.0, 1.9835739135742188, 0.8632986627043091, 0.0, 0.0
1.7459654808044434, 0.8872340321540833, 0.0, 1.9834697246551514, 0.8915340909090909, 0.0, 0.0
1.7559642791748047, 0.8872340321540833, 0.0, 1.9783045053482056, 1.3980740451558331, 0.0, 0.0
1.7659649848937988, 0.8872340321540833, 0.0, 1.9795129299163818, 0.17014196983141083, 0.0, 0.0
1.7760329246520996, 0.8872340321540833, 0.0, 1.9770402908325195, 0.09724760480700005, 0.0, 0.0
1.7859694957733154, 0.8872340321540833, 0.0, 1.9766684770584106, 0.18021745076586435, 0.0, 0.0
1.7959632873535156, 0.8872340321540833, 0.0, 1.9795035123825073, -0.4195416237191536, 0.0, 0.0
1.8059582710266113, 0.8872340321540833, 0.0, 1.9847553968429565, 0.002504409171075838, 0.0, 0.0
1.8159782886505127, 0.8872340321540833, 0.0, 1.982831358909607, -1.1043156520116908, 0.0, 0.0
1.8259851932525635, 0.8872340321540833, 0.0, 1.9788298606872559, -1.4301368915929205, 0.0, 0.0
1.8359613418579102, 0.8872340321540833, 0.0, 1.9768941402435303, -0.5221085088237224, 0.0, 0.0
1.8459656238555908, 0.8872340321540833, 0.0, 1.976851463317871, 0.04719329272286631, 0.0, 0.0
1.8559722900390625, 0.8872340321540833, 0.0, 1.984054446220398, 0.9153122076707203, 0.0, 0.0
1.8659965991973877, 0.8872340321540833, 0.0, 1.984718680381775, 0.07032612205360025, 0.0, 0.0
1.875988245010376, 0.8872340321540833, 0.0, 1.9813593626022339, -0.4549215758923058, 0.0, 0.0
1.885995626449585, 0.8872340321540833, 0.0, 1.9800764322280884, -0.05179465266756196, 0.0, 0.0
1.8959639072418213, 0.8872340321540833, 0.0, 1.9795595407485962, -0.8478027227131598, 0.0, 0.0
1.9060029983520508, 0.8872340321540833, 0.0, 1.982901692390442, 0.06368769681832989, 0.0, 0.0
1.9159832000732422, 0.8872340321540833, 0.0, 1.9797126054763794, 0.009359355728070812, 0.0, 0.0
1.925966501235962, 0.8872340321540833, 0.0, 1.9841915369033813, -0.5412569339384771, 0.0, 0.0
1.9359993934631348, 0.8872340321540833, 0.0, 1.9789414405822754, -0.6238154099711578, 0.0, 0.0
1.9459950923919678, 0.8872340321540833, 0.0, 1.981518030166626, -0.04963102300680075, 0.0, 0.0
1.9560484886169434, 0.8872340321540833, 0.0, 1.9769530296325684, 0.2890250245622146, 0.0, 0.0
1.966012716293335, 0.8872340321540833, 0.0, 1.975054144859314, -0.15114829980416591, 0.0, 0.0
1.976029634475708, 0.8872340321540833, 0.0, 1.9725216627120972, -1.9143107249383997, 0.0, 0.0
1.9859628677368164, 0.8872340321540833, 0.0, 1.9808465242385864, 0.28065881730387615, 0.0, 0.0
1.9959688186645508, 0.8872340321540833, 0.0, 1.9789893627166748, -0.021107307992553895, 0.0, 0.0
2.0059902667999268, 0.8872340321540833, 0.0, 1.9843846559524536, 1.3836692538808213, 0.0, 0.0
2.0160276889801025, 0.8872340321540833, 0.0, 1.979349970817566, -1.2882190302785084, 0.0, 0.0
2.026001214981079, 0.8872340321540833, 0.0, 1.979541540145874, -0.24968424007110446, 0.0, 0.0
2.0359981060028076, 0.8872340321540833, 0.0, 1.979391098022461, 0.0439646378782727, 0.0, 0.0
2.045984983444214, 0.8872340321540833, 0.0, 1.9799094200134277, 0.06740660530590147, 0.0, 0.0
2.0559887886047363, 0.8872340321540833, 0.0, 1.9801162481307983, 0.061206527427565535, 0.0, 0.0
2.065986394882202, 0.8872340321540833, 0.0, 1.9800750017166138, 0.28033213936828394, 0.0, 0.0
2.076000690460205, 0.8872340321540833, 0.0, 1.9811694622039795, 0.5138184173593868, 0.0, 0.0
2.0859901905059814, 0.8872340321540833, 0.0, 1.9802851676940918, -0.21552830915393503, 0.0, 0.0
2.0959928035736084, 0.8872340321540833, 0.0, 1.9802075624465942, -0.12050671982509163, 0.0, 0.0
2.1059694290161133, 0.8872340321540833, 0.0, 1.9803680181503296, 0.6024748863572591, 0.0, 0.0
2.1160190105438232, 0.8872340321540833, 0.0, 1.9793277978897095, -0.7350877192982456, 0.0, 0.0
2.125981569290161, 0.8893616795539856, 0.5168239995366884, 1.9863699674606323, -0.05280509611086276, 0.0, 0.0
2.1359853744506836, 0.8893616795539856, 0.0, 1.9819445610046387, -0.24756006006006007, 0.0, 0.0
2.1459622383117676, 0.8893616795539856, 0.0, 1.9836084842681885, 0.25847234992775514, 0.0, 0.0
2.155975341796875, 0.8872340321540833, 0.0, 1.983180284500122, -0.19353445616632736, 0.0, 0.0
2.165966510772705, 0.8893616795539856, 0.5488990035674745, 1.9893673658370972, 1.4802333737167634, 0.0, 0.0
2.175960063934326, 0.8893616795539856, 0.0, 1.9884411096572876, 0.0781629263722693, 0.0, 0.0
2.1860249042510986, 0.8872340321540833, 0.0, 1.986942172050476, 0.5148398191198013, 0.0, 0.0
2.195986747741699, 0.8872340321540833, 0.0, 1.9875731468200684, 0.5831799053129931, 0.0, 0.0
2.2059895992279053, 0.8872340321540833, 0.0, 1.9874519109725952, -0.07864152892561983, 0.0, 0.0
2.2159628868103027, 0.8872340321540833, 0.0, 1.986847996711731, 0.3275388838060384, 0.0, 0.0
2.2259762287139893, 0.8872340321540833, 0.0, 1.9842941761016846, -0.2661122090469917, 0.0, 0.0
2.2359602451324463, 0.8872340321540833, 0.0, 1.9846009016036987, 1.148565370088132, 0.0, 0.0
2.2459683418273926, 0.8872340321540833, 0.0, 1.9786971807479858, 0.6042643656599762, 0.0, 0.0
2.2559709548950195, 0.8872340321540833, 0.0, 1.980470061302185, 0.14192769665567592, 0.0, 0.0
2.265972852706909, 0.8872340321540833, 0.0, 1.9837647676467896, 0.9331896551724138, 0.0, 0.0
2.2760558128356934, 0.8872340321540833, 0.0, 1.978700876235962, 0.06581152507412659, 0.0, 0.0
2.2860465049743652, 0.8872340321540833, 0.0, 1.9843522310256958, -0.23026794574925571, 0.0, 0.0
2.295985460281372, 0.8872340321540833, 0.0, 1.9836430549621582, 0.053064903846153845, 0.0, 0.0
2.305968761444092, 0.8872340321540833, 0.0, 1.986238956451416, -0.20715599947430674, 0.0, 0.0
2.3159608840942383, 0.8872340321540833, 0.0, 1.98475182056427, 0.18915481935568018, 0.0, 0.0
2.3259708881378174, 0.8872340321540833, 0.0, 1.9874995946884155, 0.8546544831524843, 0.0, 0.0
2.335965394973755, 0.8872340321540833, 0.0, 1.9809002876281738, -1.672496421236074, 0.0, 0.0
2.3459818363189697, 0.8872340321540833, 0.0, 1.9823815822601318, 0.20038244766505636, 0.0, 0.0
2.3560311794281006, 0.8872340321540833, 0.0, 1.9847034215927124, 2.289188840925198, 0.0, 0.0
2.365968704223633, 0.8872340321540833, 0.0, 1.984171986579895, 0.039639891129876474, 0.0, 0.0
2.3759708404541016, 0.8872340321540833, 0.0, 1.981404423713684, -1.0072799686602245, 0.0, 0.0
2.385969638824463, 0.8872340321540833, 0.0, 1.9854686260223389, 1.428281186509549, 0.0, 0.0
2.396052598953247, 0.8872340321540833, 0.0, 1.9854891300201416, 0.005479647025334472, 0.0, 0.0
2.4059665203094482, 0.8872340321540833, 0.0, 1.9782806634902954, -0.2304210375053887, 0.0, 0.0
2.41599440574646, 0.8872340321540833, 0.0, 1.9791324138641357, -1.3968842729970326, 0.0, 0.0
2.4259679317474365, 0.8872340321540833, 0.0, 1.9803521633148193, 1.4261671351203127, 0.0, 0.0
2.435993194580078, 0.8872340321540833, 0.0, 1.980391263961792, -0.29015474018514764, 0.0, 0.0
2.446028709411621, 0.8872340321540833, 0.0, 1.9766440391540527, -0.053506375227686705, 0.0, 0.0
2.4559733867645264, 0.8872340321540833, 0.0, 1.9369440078735352, -11.96569415255285, 0.0, 0.0
2.465965986251831, 0.8872340321540833, 0.0, 1.9783062934875488, 12.51935711762628, 0.0, 0.0
2.4760444164276123, 0.8872340321540833, 0.0, 1.980318307876587, -0.9772394051525518, 0.0, 0.0
2.485996723175049, 0.8872340321540833, 0.0, 1.9832351207733154, 0.8159069633470152, 0.0, 0.0
2.495961904525757, 0.8872340321540833, 0.0, 1.981452226638794, -0.22068201651339195, 0.0, 0.0
2.505967378616333, 0.8872340321540833, 0.0, 1.9812772274017334, 0.019527309410577894, 0.0, 0.0
2.5159740447998047, 0.8851063847541809, 0.0, 1.98009192943573, 0.1875279892521272, 0.0, 0.0
2.5259780883789062, 0.8851063847541809, 0.0, 1.9778177738189697, 0.24527491408934707, 0.0, 0.0
2.5359673500061035, 0.8851063847541809, 0.0, 1.9710890054702759, -0.7414050822122571, 0.0, 0.0
2.5460052490234375, 0.8851063847541809, 0.0, 1.9723173379898071, -0.19985751119554893, 0.0, 0.0
2.5559582710266113, 0.8851063847541809, 0.0, 1.9750616550445557, -0.6174957118353345, 0.0, 0.0
2.5659732818603516, 0.8851063847541809, 0.0, 1.982017993927002, -0.0667360712234348, 0.0, 0.0
2.576002597808838, 0.8851063847541809, 0.0, 1.9797807931900024, -0.6135147481075437, 0.0, 0.0
2.585958242416382, 0.8851063847541809, 0.0, 1.977767825126648, -0.6021193924408337, 0.0, 0.0
2.596001148223877, 0.8851063847541809, 0.0, 1.93490731716156, -11.72257624032772, 0.0, 0.0
2.6059627532958984, 0.8851063847541809, 0.0, 1.9796279668807983, -1.0173713424244502, 0.0, 0.0
2.615962266921997, 0.8851063847541809, 0.0, 1.9777376651763916, 0.006929248723559446, 0.0, 0.0
2.6260035037994385, 0.8851063847541809, 0.0, 1.9793094396591187, 0.33158938585692793, 0.0, 0.0
2.635972023010254, 0.8851063847541809, 0.0, 1.9780445098876953, -0.33706417039750375, 0.0, 0.0
2.646005868911743, 0.8851063847541809, 0.0, 1.9822567701339722, -0.06683151994724695, 0.0, 0.0
2.6559627056121826, 0.8851063847541809, 0.0, 1.9792208671569824, -0.03108944803056251, 0.0, 0.0
2.6659579277038574, 0.8851063847541809, 0.0, 1.978143572807312, 0.3365925529065095, 0.0, 0.0
2.675990343093872, 0.8851063847541809, 0.0, 1.9835253953933716, 16.582167832167833, 0.0, 0.0
2.685983896255493, 0.8851063847541809, 0.0, 1.9811879396438599, -0.3785053232203744, 0.0, 0.0
2.6959824562072754, 0.8851063847541809, 0.0, 1.9697750806808472, -1.0539662334181965, 0.0, 0.0
2.705963373184204, 0.8829787373542786, -0.6127016821146585, 1.9699808359146118, 0.4146426821586057, 0.0, 0.0
2.7159628868103027, 0.8851063847541809, 0.6306268108260901, 1.9678430557250977, -0.13454783387285627, 0.0, 0.0
2.725961923599243, 0.8829787373542786, 0.0, 1.9171334505081177, -14.805684254200955, 0.0, 0.0
2.7359635829925537, 0.8829787373542786, 0.0, 1.9714998006820679, 0.17800258286698234, 0.0, 0.0
2.74599552154541, 0.8829787373542786, 0.0, 1.9231528043746948, 1.974762072611914, 0.0, 0.0
2.7559540271759033, 0.8829787373542786, 0.0, 1.9728723764419556, 1.1222963483146067, 0.0, 0.0
2.765989065170288, 0.8829787373542786, 0.0, 1.972337245941162, 13.782900278623728, 0.0, 0.0
2.7760009765625, 0.8829787373542786, 0.0, 1.965981125831604, -0.8278945612278945, 0.0, 0.0
2.785982370376587, 0.8829787373542786, 0.0, 1.925559401512146, -11.757836630084773, 0.0, 0.0
2.795966148376465, 0.8829787373542786, 0.0, 1.9149465560913086, -0.37295056610777705, 0.0, 0.0
2.805968999862671, 0.8829787373542786, 0.0, 1.9717180728912354, 0.26739600559725224, 0.0, 0.0
2.815983533859253, 0.8829787373542786, 0.0, 1.9131404161453247, 0.5322777885048594, 0.0, 0.0
2.825997829437256, 0.8829787373542786, 0.0, 1.9120304584503174, -0.1789825119236884, 0.0, 0.0
2.835975170135498, 0.8829787373542786, 0.0, 1.9723896980285645, 0.07358081655480984, 0.0, 0.0
2.84598708152771, 0.8829787373542786, 0.0, 1.9714548587799072, 0.0457602614872085, 0.0, 0.0
2.856020450592041, 0.8829787373542786, 0.0, 1.9727972745895386, 0.19878843747942318, 0.0, 0.0
2.8659822940826416, 0.8829787373542786, 0.0, 1.9714596271514893, 0.16843565730142213, 0.0, 0.0
2.8759639263153076, 0.8829787373542786, 0.0, 1.968850016593933, -0.930598867180042, 0.0, 0.0
2.8860065937042236, 0.8829787373542786, 0.0, 1.9696213006973267, -0.5721497554245579, 0.0, 0.0
2.8960015773773193, 0.8829787373542786, 0.0, 1.9662635326385498, 0.254059680777238, 0.0, 0.0
2.905970573425293, 0.8829787373542786, 0.0, 1.9670047760009766, 0.5108789253114415, 0.0, 0.0
2.9159679412841797, 0.8829787373542786, 0.0, 1.95981764793396, -1.692128241018463, 0.0, 0.0
2.9259581565856934, 0.8829787373542786, 0.0, 1.9629849195480347, 0.0646937615461134, 0.0, 0.0
2.9359993934631348, 0.8829787373542786, 0.0, 1.9622409343719482, 13.443315655348165, 0.0, 0.0
2.9459705352783203, 0.8829787373542786, 0.0, 1.9771759510040283, 2.4075445643986946, 0.0, 0.0
2.955958843231201, 0.8829787373542786, 0.0, 1.9660069942474365, -3.023267326732673, 0.0, 0.0
2.965961217880249, 0.8829787373542786, 0.0, 1.9653680324554443, -0.0648617589400392, 0.0, 0.0
2.976001024246216, 0.8808510899543762, -0.533158083403035, 1.963139533996582, 0.6979485970290026, 0.0, 0.0
2.985962152481079, 0.8808510899543762, 0.0, 1.964882254600525, 0.8898624966298193, 0.0, 0.0
2.9959716796875, 0.8808510899543762, 0.0, 1.9648023843765259, 16.86443064712283, 0.0, 0.0
3.005985736846924, 0.8808510899543762, 0.0, 1.961874008178711, -0.46942530273633504, 0.0, 0.0
3.015962839126587, 0.8808510899543762, 0.0, 1.9632811546325684, 0.34104084321475625, 0.0, 0.0
3.025965452194214, 0.8808510899543762, 0.0, 1.9643858671188354, 0.34068894733465904, 0.0, 0.0
3.03597354888916, 0.8808510899543762, 0.0, 1.9680771827697754, 0.14598886498797925, 0.0, 0.0
3.045985221862793, 0.8808510899543762, 0.0, 1.966270089149475, -0.2103364617250846, 0.0, 0.0
3.055994749069214, 0.8808510899543762, 0.0, 1.9591535329818726, -1.1232120538814054, 0.0, 0.0
3.065965175628662, 0.8808510899543762, 0.0, 1.9631693363189697, 0.6607461797975789, 0.0, 0.0
3.0759665966033936, 0.8808510899543762, 0.0, 1.9585795402526855, -1.0629892843262452, 0.0, 0.0
3.08600115776062, 0.8808510899543762, 0.0, 1.9630392789840698, -0.02994499898146262, 0.0, 0.0
3.095921516418457, 0.8808510899543762, 0.0, 1.9575879573822021, -0.15045313391216172, 0.0, 0.0
3.1059861183166504, 0.8808510899543762, 0.0, 1.9625113010406494, 0.8867217696378664, 0.0, 0.0
3.1159780025482178, 0.8808510899543762, 0.0, 1.9557220935821533, 0.26621363066569903, 0.0, 0.0
3.125955581665039, 0.8808510899543762, 0.0, 1.9588526487350464, -1.1773507160226966, 0.0, 0.0
3.135960340499878, 0.8808510899543762, 0.0, 1.9605882167816162, 0.7019242554234587, 0.0, 0.0
3.1459665298461914, 0.8808510899543762, 0.0, 1.9527292251586914, -1.716333913975613, 0.0, 0.0
3.155970335006714, 0.8808510899543762, 0.0, 1.954796314239502, -0.4128028338288317, 0.0, 0.0
3.1659653186798096, 0.8808510899543762, 0.0, 1.9587913751602173, 0.5077884678316644, 0.0, 0.0
3.1760354042053223, 0.8808510899543762, 0.0, 1.9492768049240112, 16.070475638051043, 0.0, 0.0
3.1860194206237793, 0.8808510899543762, 0.0, 1.952855110168457, -1.0751940058870753, 0.0, 0.0
3.195962429046631, 0.8808510899543762, 0.0, 1.964442491531372, 1.1446942334039107, 0.0, 0.0
3.205970525741577, 0.8808510899543762, 0.0, 1.9551103115081787, 0.409768928547646, 0.0, 0.0
3.215987205505371, 0.8808510899543762, 0.0, 1.9595400094985962, -0.14785362895073792, 0.0, 0.0
3.226004123687744, 0.8808510899543762, 0.0, 1.952549695968628, -2.0632397467657584, 0.0, 0.0
3.2359731197357178, 0.8808510899543762, 0.0, 1.9555611610412598, 0.011706006524659375, 0.0, 0.0
3.2459805011749268, 0.8808510899543762, 0.0, 1.9440112113952637, -1.4311776815503656, 0.0, 0.0
3.256208658218384, 0.8808510899543762, 0.0, 1.949619174003601, 1.5478348090758163, 0.0, 0.0
3.2659873962402344, 0.8808510899543762, 0.0, 1.94806969165802, -0.6085622919793774, 0.0, 0.0
3.2759652137756348, 0.8808510899543762, 0.0, 1.9498623609542847, -0.3780722534794196, 0.0, 0.0
3.285999059677124, 0.8808510899543762, 0.0, 1.9553775787353516, 1.1298952847890564, 0.0, 0.0
3.295971393585205, 0.8808510899543762, 0.0, 1.9488680362701416, -1.6388253786796227, 0.0, 0.0
3.3059794902801514, 0.8808510899543762, 0.0, 1.9429203271865845, -1.2181001599606252, 0.0, 0.0
3.3159658908843994, 0.8808510899543762, 0.0, 1.947572946548462, -0.8911649214659686, 0.0, 0.0
3.325998306274414, 0.8808510899543762, 0.0, 1.868546724319458, -0.4015567447355619, 0.0, 0.0
3.336010456085205, 0.8808510899543762, 0.0, 1.944878101348877, -1.3053684210526315, 0.0, 0.0
3.3459603786468506, 0.8829787373542786, 0.5941411451398135, 1.945575475692749, 0.7068380529818609, 0.0, 0.0
3.3559730052948, 0.8829787373542786, 0.0, 1.9462008476257324, 0.0996900826446281, 0.0, 0.0
3.3659911155700684, 0.8829787373542786, 0.0, 1.9420788288116455, 0.4779917469050894, 0.0, 0.0
3.3759586811065674, 0.8829787373542786, 0.0, 1.941361427307129, 21.684389700420898, 0.0, 0.0
3.3859634399414062, 0.8829787373542786, 0.0, 1.8639557361602783, 0.043421802749097356, 0.0, 0.0
3.395966053009033, 0.8829787373542786, 0.0, 1.9459855556488037, 0.12120690841533063, 0.0, 0.0
3.4059700965881348, 0.8829787373542786, 0.0, 1.9455928802490234, 2.0872010778039742, 0.0, 0.0
3.4159648418426514, 0.8829787373542786, 0.0, 1.942578673362732, -2.2667194586422865, 0.0, 0.0
3.4259684085845947, 0.8829787373542786, 0.0, 1.942242980003357, 24.378911376666437, 0.0, 0.0
3.435972213745117, 0.8829787373542786, 0.0, 1.9306837320327759, 0.9194228274967574, 0.0, 0.0
3.445965051651001, 0.8829787373542786, 0.0, 1.939446210861206, 0.7849640512660206, 0.0, 0.0
3.4559972286224365, 0.8829787373542786, 0.0, 1.9391168355941772, -0.18556131260794473, 0.0, 0.0
3.466001272201538, 0.8829787373542786, 0.0, 1.9378360509872437, 1.738887274840209, 0.0, 0.0
3.4759788513183594, 0.8829787373542786, 0.0, 1.9431321620941162, 0.7235138871433957, 0.0, 0.0
3.4859769344329834, 0.8829787373542786, 0.0, 1.8473132848739624, -0.4353982887842409, 0.0, 0.0
3.495973587036133, 0.8829787373542786, 0.0, 1.9331427812576294, 0.3648213710975217, 0.0, 0.0
3.506002187728882, 0.8829787373542786, 0.0, 1.933690071105957, 2.157065706570657, 0.0, 0.0
3.5159761905670166, 0.8829787373542786, 0.0, 1.9406774044036865, 1.9594361334867665, 0.0, 0.0
3.5259644985198975, 0.8829787373542786, 0.0, 1.8323359489440918, -3.4297599239362966, 0.0, 0.0
3.535961151123047, 0.8829787373542786, 0.0, 1.9317872524261475, 0.3732462173314993, 0.0, 0.0
3.5460140705108643, 0.8829787373542786, 0.0, 1.9262526035308838, 0.12242260109558688, 0.0, 0.0
3.5559732913970947, 0.8829787373542786, 0.0, 1.9284383058547974, 0.967483805410898, 0.0, 0.0
3.5659780502319336, 0.8829787373542786, 0.0, 1.923452377319336, 0.13471859089032615, 0.0, 0.0
3.57600474357605, 0.8829787373542786, 0.0, 1.9298959970474243, -0.6283368187969, 0.0, 0.0
3.585975170135498, 0.8829787373542786, 0.0, 1.9299172163009644, 2.2238376127689103, 0.0, 0.0
3.5959670543670654, 0.8829787373542786, 0.0, 1.9238117933273315, -0.08501552795031056, 0.0, 0.0
3.6060030460357666, 0.8829787373542786, 0.0, 1.8253302574157715, -1.4530544405418966, 0.0, 0.0
3.616018295288086, 0.8829787373542786, 0.0, 1.9203376770019531, 26.13618870678787, 0.0, 0.0
3.625993251800537, 0.8829787373542786, 0.0, 1.9233683347702026, 1.1029808470461289, 0.0, 0.0
3.6359658241271973, 0.8829787373542786, 0.0, 1.9207168817520142, -0.40412186379928317, 0.0, 0.0
3.6460349559783936, 0.8829787373542786, 0.0, 1.9209887981414795, -1.3170183944103808, 0.0, 0.0
3.655982255935669, 0.8829787373542786, 0.0, 1.9195961952209473, -0.38776283387005117, 0.0, 0.0
3.6659955978393555, 0.8829787373542786, -0.6198083067092651, 1.9149597883224487, -1.0803137581563238, 0.0, 0.0
3.676006555557251, 0.8851063847541809, 0.0, 1.9194382429122925, -0.3929357125397213, 0.0, 0.0
3.6860079765319824, 0.8851063847541809, 0.0, 1.9172917604446411, 1.1862745098039216, 0.0, 0.0
3.6959569454193115, 0.8851063847541809, 0.0, 1.9096589088439941, -0.4696537290715373, 0.0, 0.0
3.705960988998413, 0.8851063847541809, 0.0, 1.90963876247406, 28.689025165226234, 0.0, 0.0
3.715959310531616, 0.8851063847541809, 0.0, 1.90141761302948, 30.47490253411306, 0.0, 0.0
3.7259681224823, 0.8851063847541809, 0.0, 1.9040087461471558, -2.0897196862543397, 0.0, 0.0
3.735966205596924, 0.8851063847541809, 0.0, 1.911271095275879, -0.3283821758329988, 0.0, 0.0
3.7460038661956787, 0.8851063847541809, 0.0, 1.9088866710662842, -0.038195516581238806, 0.0, 0.0
3.7559733390808105, 0.8851063847541809, 0.0, 1.7916284799575806, -30.46812911313068, 0.0, 0.0
3.765974760055542, 0.8851063847541809, 0.0, 1.782686710357666, -35.552813972830606, 0.0, 0.0
3.7759809494018555, 0.8851063847541809, 0.0, 1.8954792022705078, 32.67420400112708, 0.0, 0.0
3.7859601974487305, 0.8851063847541809, 0.0, 1.8991838693618774, -0.7318696178207956, 0.0, 0.0
3.7959609031677246, 0.8851063847541809, 0.0, 1.9001781940460205, -1.275610231108803, 0.0, 0.0
3.8059651851654053, 0.8851063847541809, 0.0, 1.896816372871399, -0.011815286624203822, 0.0, 0.0
3.815983533859253, 0.8851063847541809, 0.0, 1.7847425937652588, -1.6376890584548303, 0.0, 0.0
3.826005458831787, 0.8851063847541809, 0.0, 1.785092830657959, -0.7513986013986014, 0.0, 0.0
3.8359644412994385, 0.8851063847541809, 0.0, 1.7797061204910278, -1.1013151807547419, 0.0, 0.0
3.8459854125976562, 0.8851063847541809, 0.0, 1.78494393825531, 0.14097604018190457, 0.0, 0.0
3.855966806411743, 0.8851063847541809, 0.0, 1.777357578277588, -2.0977908390758007, 0.0, 0.0
3.865994691848755, 0.8851063847541809, 0.0, 1.883881688117981, 32.319199552197034, 0.0, 0.0
3.875969886779785, 0.8851063847541809, 0.0, 1.8798776865005493, -1.365309436458772, 0.0, 0.0
3.8859620094299316, 0.8851063847541809, 0.0, 1.8873876333236694, 33.916386526926374, 0.0, 0.0
3.8959715366363525, 0.8851063847541809, 0.0, 1.8886853456497192, 0.21817178471726287, 0.0, 0.0
3.906022548675537, 0.8851063847541809, 0.0, 1.8895530700683594, 0.35224222585924714, 0.0, 0.0
3.915958881378174, 0.8851063847541809, 0.0, 1.8870197534561157, 32.72493353589062, 0.0, 0.0
3.925962448120117, 0.8851063847541809, 0.0, 1.8930062055587769, 0.8805012015104703, 0.0, 0.0
3.9359750747680664, 0.8851063847541809, 0.0, 1.7620683908462524, -36.87289655172414, 0.0, 0.0
3.945998430252075, 0.8851063847541809, 0.0, 1.8860162496566772, 0.13890040060781875, 0.0, 0.0
3.955963611602783, 0.8851063847541809, 0.0, 1.8775907754898071, -0.05142876489707476, 0.0, 0.0
3.9659674167633057, 0.8851063847541809, 0.0, 1.8852940797805786, 2.3748959067324322, 0.0, 0.0
3.9759581089019775, 0.8851063847541809, 0.0, 1.880470633506775, -0.6603806714426184, 0.0, 0.0
3.9859673976898193, 0.8851063847541809, 0.0, 1.8788299560546875, 0.0051444400474871385, 0.0, 0.0
3.995973825454712, 0.8851063847541809, 0.0, 1.7486428022384644, -0.3488222553133884, 0.0, 0.0
4.0059638023376465, 0.8851063847541809, 0.0, 1.748233675956726, 1.244200088984936, 0.0, 0.0
4.015963554382324, 0.8851063847541809, 0.0, 1.7433664798736572, -0.5658322596478311, 0.0, 0.0
4.025987863540649, 0.8851063847541809, 0.0, 1.7381283044815063, -0.08731697532927726, 0.0, 0.0
4.036000728607178, 0.8851063847541809, 0.0, 1.8609168529510498, 38.34845283533261, 0.0, 0.0
4.045966148376465, 0.8851063847541809, 0.0, 1.7220975160598755, 0.4739265836204612, 0.0, 0.0
4.055962562561035, 0.8851063847541809, 0.0, 1.8587002754211426, 2.0652229137558744, 0.0, 0.0
4.065975666046143, 0.8851063847541809, 0.0, 1.8514084815979004, 0.7531628162816282, 0.0, 0.0
4.075982093811035, 0.8872340321540833, 0.6151089054314861, 1.8524714708328247, -1.1752220790669288, 0.0, 0.0
4.085961103439331, 0.8851063847541809, 0.0, 1.8364430665969849, 0.11444573944573945, 0.0, 0.0
4.095966577529907, 0.8851063847541809, 0.0, 1.8401411771774292, 1.8414492555661794, 0.0, 0.0
4.105962514877319, 0.8851063847541809, 0.0, 1.830410361289978, -2.022045571575695, 0.0, 0.0
4.115989685058594, 0.8851063847541809, 0.0, 1.8327044248580933, 0.8826157049774972, 0.0, 0.0
4.125963449478149, 0.8851063847541809, 0.0, 1.839639663696289, 34.332297590432084, 0.0, 0.0
4.135976791381836, 0.8851063847541809, 0.0, 1.700473427772522, 0.2884089666484418, 0.0, 0.0
4.146000385284424, 0.8851063847541809, 0.0, 1.7034413814544678, 0.7878387769284225, 0.0, 0.0
4.15596866607666, 0.8851063847541809, 0.0, 1.6976789236068726, -0.18087815178238728, 0.0, 0.0
4.165956020355225, 0.8851063847541809, 0.0, 1.700150728225708, -3.1372568220394306, 0.0, 0.0
4.1759679317474365, 0.8851063847541809, 0.0, 1.839739203453064, -1.748403406067057, 0.0, 0.0
4.185973644256592, 0.8851063847541809, 0.0, 1.8384673595428467, 1.631585785746768, 0.0, 0.0
4.195996284484863, 0.8851063847541809, 0.0, 1.8384673595428467, 1.631585785746768, 0.0, 0.0
4.205972194671631, 0.8851063847541809, 0.0, 1.8384673595428467, 1.631585785746768, 0.0, 0.0
4.2159624099731445, 0.8851063847541809, 0.0, 1.8243522644042969, -0.44748378709316566, 0.0, 0.0
4.226002216339111, 0.8851063847541809, 0.0, 1.8198423385620117, 0.7531399715136605, 0.0, 0.0
4.235957145690918, 0.8851063847541809, 0.0, 1.8207892179489136, -0.5817840433390791, 0.0, 0.0
4.245974779129028, 0.8851063847541809, 0.0, 1.675382375717163, -35.467485844375695, 0.0, 0.0
4.255976676940918, 0.8851063847541809, 0.0, 1.8177471160888672, -0.12733497307717875, 0.0, 0.0
4.2659687995910645, 0.8851063847541809, 0.0, 1.668493390083313, -0.8007868852459017, 0.0, 0.0
4.275993347167969, 0.8851063847541809, 0.0, 1.821340560913086, 43.61139455782313, 0.0, 0.0
4.285997629165649, 0.8851063847541809, 0.0, 1.821340560913086, 43.61139455782313, 0.0, 0.0
4.295974254608154, 0.8851063847541809, 0.0, 1.821340560913086, 43.61139455782313, 0.0, 0.0
4.305983543395996, 0.8851063847541809, 0.0, 1.821340560913086, 43.61139455782313, 0.0, 0.0
4.315975904464722, 0.8851063847541809, 0.0, 1.821340560913086, 43.61139455782313, 0.0, 0.0
4.325989007949829, 0.8851063847541809, 0.0, 1.8190317153930664, -0.045202064993138474, 0.0, 0.0
4.335987329483032, 0.8872972726821899, 0.2324979759133691, -0.490031898021698, -242.50481383178507, 0.0, 0.0
4.345965623855591, 0.8872972726821899, 0.2324979759133691, -0.490031898021698, -242.50481383178507, 0.0, 0.0
4.355998277664185, 0.8872972726821899, 0.2324979759133691, -0.490031898021698, -242.50481383178507, 0.0, 0.0
4.365995645523071, 0.8872972726821899, 0.2324979759133691, -0.490031898021698, -242.50481383178507, 0.0, 0.0
4.375997304916382, 0.8872972726821899, 0.2324979759133691, -0.490031898021698, -242.50481383178507, 0.0, 0.0
4.385982513427734, 0.8872972726821899, 0.2324979759133691, -0.490031898021698, -242.50481383178507, 0.0, 0.0
4.395992755889893, 0.8872972726821899, 0.2324979759133691, -0.490031898021698, -242.50481383178507, 0.0, 0.0
4.4059898853302, 0.8872972726821899, 0.2324979759133691, -0.490031898021698, -242.50481383178507, 0.0, 0.0
4.415961742401123, 0.8872972726821899, 0.2324979759133691, -0.490031898021698, -242.50481383178507, 0.0, 0.0
4.425985336303711, 0.8872972726821899, 0.2324979759133691, -0.490031898021698, -242.50481383178507, 0.0, 0.0
4.435961484909058, 0.8872972726821899, 0.2324979759133691, -0.490031898021698, -242.50481383178507, 0.0, 0.0
4.445961236953735, 0.8872972726821899, 0.2324979759133691, -0.490031898021698, -242.50481383178507, 0.0, 0.0
4.455963850021362, 0.8872972726821899, 0.2324979759133691, -0.490031898021698, -242.50481383178507, 0.0, 0.0
4.466004848480225, 0.8872972726821899, 0.2324979759133691, -0.490031898021698, -242.50481383178507, 0.0, 0.0
4.475987911224365, 0.8872972726821899, 0.2324979759133691, -0.490031898021698, -242.50481383178507, 0.0, 0.0
4.486010313034058, 0.8872972726821899, 0.2324979759133691, -0.490031898021698, -242.50481383178507, 0.0, 0.0
4.495968580245972, 0.8872972726821899, 0.2324979759133691, -0.490031898021698, -242.50481383178507, 0.0, 0.0
4.505975246429443, 0.8872972726821899, 0.2324979759133691, -0.490031898021698, -242.50481383178507, 0.0, 0.0
4.515984058380127, 0.8872972726821899, 0.2324979759133691, -0.490031898021698, -242.50481383178507, 0.0, 0.0
4.525976896286011, 0.8872972726821899, 0.2324979759133691, -0.490031898021698, -242.50481383178507, 0.0, 0.0
4.535991191864014, 0.8872972726821899, 0.2324979759133691, -0.490031898021698, -242.50481383178507, 0.0, 0.0
4.546004056930542, 0.8872972726821899, 0.2324979759133691, -0.490031898021698, -242.50481383178507, 0.0, 0.0
4.555964469909668, 0.8872972726821899, 0.2324979759133691, -0.490031898021698, -242.50481383178507, 0.0, 0.0
4.565964698791504, 0.8872972726821899, 0.2324979759133691, -0.490031898021698, -242.50481383178507, 0.0, 0.0
4.575964689254761, 0.8872972726821899, 0.2324979759133691, -0.490031898021698, -242.50481383178507, 0.0, 0.0
4.5859434604644775, 0.8872972726821899, 0.0, -0.437750905752182, -0.6725382761237334, 0.0, 0.0
4.595968723297119, 0.8872972726821899, 0.0, -0.437750905752182, -0.6725382761237334, 0.0, 0.0
4.605976343154907, 0.8872972726821899, 0.0, -0.4313652813434601, 6.1215403288680985, 0.0, 0.0
4.615993976593018, 0.8872972726821899, 0.0, -0.4313652813434601, 6.1215403288680985, 0.0, 0.0
4.6259965896606445, 0.8872972726821899, 0.0, -0.4604997932910919, -1.4099830385267749, 0.0, 0.0
4.6360156536102295, 0.8872972726821899, 0.0, -0.4604997932910919, -1.4099830385267749, 0.0, 0.0
4.645975828170776, 0.8872972726821899, 0.0, -0.4604997932910919, -1.4099830385267749, 0.0, 0.0
4.655969858169556, 0.8872972726821899, 0.0, -0.4604997932910919, -1.4099830385267749, 0.0, 0.0
4.66597580909729, 0.8872972726821899, 0.0, -0.4604997932910919, -1.4099830385267749, 0.0, 0.0
4.675969839096069, 0.8872972726821899, 0.0, -0.4604997932910919, -1.4099830385267749, 0.0, 0.0
4.6859753131866455, 0.8872972726821899, 0.0, -0.4604997932910919, -1.4099830385267749, 0.0, 0.0
4.69597053527832, 0.8872972726821899, 0.0, -0.4604997932910919, -1.4099830385267749, 0.0, 0.0
4.705965518951416, 0.8872972726821899, 0.0, -0.4604997932910919, -1.4099830385267749, 0.0, 0.0
4.7159507274627686, 0.8872972726821899, 0.0, -0.4847685396671295, 0.4793956043956044, 0.0, 0.0
4.726025342941284, 0.8872972726821899, 0.0, -0.4969726502895355, -2.0753067115708443, 0.0, 0.0
4.73596715927124, 0.8872972726821899, 0.0, -0.49187958240509033, 0.3617328130984297, 0.0, 0.0
4.745990037918091, 0.8872972726821899, 0.0, -0.5000219941139221, -1.527085941692005, 0.0, 0.0
4.755978107452393, 0.8872972726821899, 0.0, -0.500920295715332, 1.8595924104005621, 0.0, 0.0
4.7659687995910645, 0.8872972726821899, 0.0, -0.4866890609264374, 0.42483050847457626, 0.0, 0.0
4.775964736938477, 0.8872972726821899, 0.0, -0.4876059889793396, -0.6069999512028498, 0.0, 0.0
4.785975694656372, 0.8872972726821899, 0.0, -0.5098353028297424, -3.8774316926536, 0.0, 0.0
4.795971870422363, 0.8872972726821899, 0.0, -0.5033435821533203, 3.6093421673313606, 0.0, 0.0
4.805967330932617, 0.8872972726821899, 0.0, -0.4914986193180084, 3.3972112482244317, 0.0, 0.0
4.815964698791504, 0.8872972726821899, 0.0, -0.5002632141113281, -3.2191421592106524, 0.0, 0.0
4.825985431671143, 0.8872972726821899, 0.0, -0.4937833845615387, 1.0915991436858339, 0.0, 0.0
4.835967063903809, 0.8872972726821899, 0.0, -0.5000276565551758, -1.3075574138791812, 0.0, 0.0
4.845968961715698, 0.8872972726821899, 0.0, -0.492500364780426, 17.420515371133533, 0.0, 0.0
4.855976104736328, 0.8872972726821899, 0.0, -0.5075769424438477, 14.224563922341748, 0.0, 0.0
4.865979909896851, 0.8872972726821899, 0.0, -0.5199391841888428, -1.1756210283073367, 0.0, 0.0
4.8759729862213135, 0.8872972726821899, 0.0, -0.5183125138282776, -0.18014491453183185, 0.0, 0.0
4.885972261428833, 0.8872972726821899, 0.0, -0.5129157304763794, -0.17848212053013254, 0.0, 0.0
4.895962476730347, 0.8872972726821899, 0.0, -0.5094556212425232, -0.3935948948239187, 0.0, 0.0
4.905966758728027, 0.8872972726821899, 0.0, -0.5972513556480408, -17.332994401646012, 0.0, 0.0
4.916000127792358, 0.8872972726821899, 0.0, -0.5132641792297363, 15.482418350775893, 0.0, 0.0
4.925997495651245, 0.8872972726821899, 0.0, -0.591005802154541, -0.9099060222477944, 0.0, 0.0
4.9359657764434814, 0.8872972726821899, 0.0, -0.591005802154541, -0.9099060222477944, 0.0, 0.0
4.94596791267395, 0.8872972726821899, 0.0, -0.50382000207901, 0.08372636056780876, 0.0, 0.0
4.95599365234375, 0.8872972726821899, 0.0, -0.49930816888809204, 0.08071393213932139, 0.0, 0.0
4.96597146987915, 0.8872972726821899, 0.0, -0.4941461682319641, 0.7848352293016375, 0.0, 0.0
4.975980997085571, 0.8872972726821899, 0.0, -0.4987652897834778, -0.29010075260985674, 0.0, 0.0
4.985996961593628, 0.8872972726821899, 0.0, -0.5712081789970398, -15.70048866486819, 0.0, 0.0
4.99597954750061, 0.8872972726821899, 0.0, -0.5611727237701416, -12.928758976660681, 0.0, 0.0
5.006014585494995, 0.8872972726821899, 0.0, -0.5689314603805542, 0.20299425573295943, 0.0, 0.0
5.01601505279541, 0.8872972726821899, 0.0, -0.559056282043457, 1.9628493272216472, 0.0, 0.0
5.025983572006226, 0.8872972726821899, 0.0, -0.5673579573631287, -0.20423627684964202, 0.0, 0.0
5.0359885692596436, 0.8872972726821899, 0.0, -0.5617159008979797, 1.1127897038861796, 0.0, 0.0
5.045976161956787, 0.8872972726821899, 0.0, -0.5644500255584717, 0.31283701292094823, 0.0, 0.0
5.056012868881226, 0.8872972726821899, 0.0, -0.5540841221809387, 2.2498315526037156, 0.0, 0.0
5.066019535064697, 0.8872972726821899, 0.0, -0.5519647002220154, 0.6037268634317159, 0.0, 0.0
5.076000928878784, 0.8872972726821899, 0.0, -0.49700358510017395, -0.05612053173000141, 0.0, 0.0
5.085980415344238, 0.8872972726821899, 0.0, -0.496141254901886, 0.02964481503662413, 0.0, 0.0
5.096002817153931, 0.8872972726821899, 0.0, -0.4955916702747345, 0.28703403940431044, 0.0, 0.0
5.105962753295898, 0.8872972726821899, 0.0, -0.4882998466491699, 1.2025079981718465, 0.0, 0.0
5.115962505340576, 0.8872972726821899, 0.0, -0.5537537336349487, -11.701736111111112, 0.0, 0.0
5.125982046127319, 0.8872972726821899, 0.0, -0.4867590069770813, -0.08872812251392204, 0.0, 0.0
5.135991334915161, 0.8872972726821899, 0.0, -0.4908653795719147, -0.5982309238917223, 0.0, 0.0
5.145986318588257, 0.8872972726821899, 0.0, -0.4924837648868561, -0.9689135367943315, 0.0, 0.0
5.1559741497039795, 0.8872972726821899, 0.0, -0.4924837648868561, -0.9689135367943315, 0.0, 0.0
5.165976524353027, 0.8872972726821899, 0.0, -0.4895455837249756, 0.13281781486688737, 0.0, 0.0
5.17599081993103, 0.8872972726821899, 0.0, -0.48234280943870544, 1.2587680067790228, 0.0, 0.0
5.185994625091553, 0.8872972726821899, 0.0, -0.48381713032722473, -0.9082644228444315, 0.0, 0.0
5.195988893508911, 0.8872972726821899, 0.0, -0.4785795211791992, -0.164088573686984, 0.0, 0.0
5.2059853076934814, 0.8872972726821899, 0.0, -0.4802685081958771, 0.4934821184821185, 0.0, 0.0
5.215999364852905, 0.8872972726821899, 0.0, -0.4813268184661865, -0.199043764853594, 0.0, 0.0
5.226024389266968, 0.8872972726821899, 0.0, -0.5273597240447998, -3.2184160957476955, 0.0, 0.0
5.2360007762908936, 0.8872972726821899, 0.0, -0.5265803337097168, -7.245907809906188, 0.0, 0.0
5.245972394943237, 0.8872972726821899, 0.0, -0.5215944051742554, 0.33575621075621076, 0.0, 0.0
5.256012916564941, 0.8845946192741394, -0.462759225996081, -0.47667595744132996, 7.790341754879259, 0.0, 0.0
5.266003847122192, 0.8845946192741394, 0.0, -0.4732753336429596, 0.09746381281355375, 0.0, 0.0
5.275983572006226, 0.8872972726821899, 0.0, -0.46731528639793396, -1.0670915602469253, 0.0, 0.0
5.285989046096802, 0.8872972726821899, 0.0, -0.4735518991947174, -1.3281271652270312, 0.0, 0.0
5.295982599258423, 0.8872972726821899, 0.0, -0.45989856123924255, 2.763292283120377, 0.0, 0.0
5.305961608886719, 0.8872972726821899, 0.0, -0.4611457288265228, 1.2509914004366618, 0.0, 0.0
5.315978288650513, 0.8872972726821899, 0.0, -0.47138407826423645, 0.185705060852815, 0.0, 0.0
5.326001882553101, 0.8872972726821899, 0.0, -0.4299781620502472, 14.607790996317116, 0.0, 0.0
5.335991144180298, 0.8872972726821899, 0.5465909638844689, -0.43483126163482666, 14.554796336466618, 0.0, 0.0
5.3459577560424805, 0.8872972726821899, 0.48934815454349234, -0.4606345593929291, 8.799462469009148, 0.0, 0.0
5.3559606075286865, 0.8872972726821899, 0.0, -0.4631964862346649, -0.7047260560434965, 0.0, 0.0
5.365962505340576, 0.8872972726821899, 0.0, -0.4231877624988556, 4.29189365456917, 0.0, 0.0
5.375967502593994, 0.8872972726821899, 0.0, -0.46249327063560486, -7.002176775399253, 0.0, 0.0
5.3859946727752686, 0.8872972726821899, 0.0, -0.46249327063560486, -7.002176775399253, 0.0, 0.0
5.39600133895874, 0.8872972726821899, 0.0, -0.46249327063560486, -7.002176775399253, 0.0, 0.0
5.405964374542236, 0.8872972726821899, 0.0, -0.46249327063560486, -7.002176775399253, 0.0, 0.0
5.415964126586914, 0.8872972726821899, 0.0, -0.4220394790172577, 1.0713122154803922, 0.0, 0.0
5.42595648765564, 0.8872972726821899, 0.0, -0.4075366258621216, 8.5332905730633, 0.0, 0.0
5.435955047607422, 0.8872972726821899, 0.0, -0.39827579259872437, 1.6800773254491699, 0.0, 0.0
5.445958614349365, 0.8872972726821899, 0.0, -0.39827579259872437, 1.6800773254491699, 0.0, 0.0
5.455967903137207, 0.8872972726821899, 0.0, -0.39356184005737305, 0.3307972226869667, 0.0, 0.0
5.4659647941589355, 0.8872972726821899, 0.0, -0.39356184005737305, 0.3307972226869667, 0.0, 0.0
5.475972652435303, 0.8872972726821899, 0.0, -0.36598560214042664, 1.1460645349874161, 0.0, 0.0
5.485996723175049, 0.8872972726821899, 0.0, -0.4312933087348938, -12.511778879093773, 0.0, 0.0
5.495965480804443, 0.8845946192741394, -0.2761180396550884, -0.41689473390579224, 1.4651851133000147, 0.0, 0.0
5.505987882614136, 0.8845946192741394, -0.2761180396550884, -0.41689473390579224, 1.4651851133000147, 0.0, 0.0
5.515989780426025, 0.8845946192741394, -0.2761180396550884, -0.41689473390579224, 1.4651851133000147, 0.0, 0.0
5.526009798049927, 0.8845946192741394, -0.2761180396550884, -0.41689473390579224, 1.4651851133000147, 0.0, 0.0
5.535990238189697, 0.8845946192741394, 0.0, -0.4381582736968994, -0.497888381492564, 0.0, 0.0
5.545978307723999, 0.8872972726821899, 0.5413443170964661, -0.348050594329834, 16.71674399693868, 0.0, 0.0
5.555971384048462, 0.8872972726821899, 0.5413443170964661, -0.348050594329834, 16.71674399693868, 0.0, 0.0
5.566025018692017, 0.8872972726821899, 0.0, -0.35174208879470825, -0.2678206946654674, 0.0, 0.0
5.576005935668945, 0.8872972726821899, 0.0, -0.35174208879470825, -0.2678206946654674, 0.0, 0.0
5.585995197296143, 0.8872972726821899, 0.0, -0.393909752368927, -1.8760235903093045, 0.0, 0.0
5.596011161804199, 0.8872972726821899, 0.0, -0.38790103793144226, 0.6628889502617112, 0.0, 0.0
5.605963706970215, 0.8872972726821899, 0.0, -0.38790103793144226, 0.6628889502617112, 0.0, 0.0
5.615962505340576, 0.8872972726821899, 0.0, -0.38790103793144226, 0.6628889502617112, 0.0, 0.0
5.625965356826782, 0.8872972726821899, 0.0, -0.38790103793144226, 0.6628889502617112, 0.0, 0.0
5.636008262634277, 0.8872972726821899, 0.0, -0.38790103793144226, 0.6628889502617112, 0.0, 0.0
5.646000862121582, 0.8845946192741394, -0.05305061821993841, -0.42475780844688416, -0.7243664836091691, 0.0, 0.0
5.656011343002319, 0.8845946192741394, -0.05305061821993841, -0.42475780844688416, -0.7243664836091691, 0.0, 0.0
5.665961742401123, 0.8872972726821899, 0.11304662179007728, -0.3816809058189392, 1.8002772491306385, 0.0, 0.0
5.676009654998779, 0.8872972726821899, 0.0, -0.3849653899669647, 0.44907907165024963, 0.0, 0.0
5.685952663421631, 0.8845946192741394, -0.44984920036509385, -0.402554988861084, -1.1795977011494252, 0.0, 0.0
5.69596529006958, 0.8845946192741394, 0.0, -0.3895357847213745, 3.6478084962913013, 0.0, 0.0
5.705983877182007, 0.8845946192741394, 0.0, -0.4159814119338989, -5.597130892611188, 0.0, 0.0
5.715967416763306, 0.8872972726821899, 0.5127674492242276, -0.36290353536605835, 10.194841324357741, 0.0, 0.0
5.725970268249512, 0.8872972726821899, 0.0, -0.36234021186828613, 0.040158919010792896, 0.0, 0.0
5.7359888553619385, 0.8872972726821899, 0.0, -0.36234021186828613, 0.040158919010792896, 0.0, 0.0
5.745957136154175, 0.8845946192741394, -0.1383184469336457, -0.4043321907520294, -2.1355731572757146, 0.0, 0.0
5.756008863449097, 0.8845946192741394, 0.0, -0.4046633243560791, -0.5841051974852426, 0.0, 0.0
5.765976667404175, 0.8872972726821899, 0.0, -0.32455170154571533, -1.2319277108433735, 0.0, 0.0
5.776024103164673, 0.8872972726821899, 0.0, -0.3237782120704651, 0.14843070869744246, 0.0, 0.0
5.785971641540527, 0.8872972726821899, 0.0, -0.32475781440734863, -0.5260239290195375, 0.0, 0.0
5.795982599258423, 0.8872972726821899, 0.0, -0.3144572079181671, 5.801862940785097, 0.0, 0.0
5.805983066558838, 0.8872972726821899, 0.0, -0.33059653639793396, 0.5798743942871717, 0.0, 0.0
5.81598424911499, 0.8845946192741394, -0.5172598676705453, -0.3146711587905884, -0.706955252918288, 0.0, 0.0
5.8259594440460205, 0.8845946192741394, -0.5143729013522098, -0.3074008822441101, 0.9005561565233751, 0.0, 0.0
5.835994720458984, 0.8872972726821899, 0.4306405045017665, -0.3281390964984894, -3.2582549820197784, 0.0, 0.0
5.845967769622803, 0.8872972726821899, 0.527293236580147, -0.3250550627708435, 0.4682655832904042, 0.0, 0.0
5.855998992919922, 0.8845946192741394, 0.0, -0.3271755278110504, -0.3220763045188358, 0.0, 0.0
5.8659679889678955, 0.8845946192741394, 0.0, -0.33048906922340393, 0.07304822714940593, 0.0, 0.0
5.876007318496704, 0.8845946192741394, 0.0, -0.33048906922340393, 0.07304822714940593, 0.0, 0.0
5.885997772216797, 0.8845946192741394, 0.0, -0.33048906922340393, 0.07304822714940593, 0.0, 0.0
5.895972967147827, 0.8845946192741394, 0.0, -0.33048906922340393, 0.07304822714940593, 0.0, 0.0
5.905972003936768, 0.8845946192741394, 0.0, -0.3051249086856842, 0.6536391452340284, 0.0, 0.0
5.916011810302734, 0.8845946192741394, -0.46726092333058533, -0.30330678820610046, 1.9873098879563753, 0.0, 0.0
5.9260094165802, 0.8845946192741394, 0.0, -0.37941211462020874, -6.501375738934013, 0.0, 0.0
5.935967683792114, 0.8845946192741394, 0.0, -0.36797016859054565, 2.1873746581586144, 0.0, 0.0
5.9459614753723145, 0.8845946192741394, 0.0, -0.37933361530303955, -1.1901453292381452, 0.0, 0.0
5.95597767829895, 0.8845946192741394, 0.0, -0.37933361530303955, -1.1901453292381452, 0.0, 0.0
5.965967416763306, 0.8845946192741394, 0.0, -0.37933361530303955, -1.1901453292381452, 0.0, 0.0
5.975973129272461, 0.8845946192741394, 0.0, -0.37933361530303955, -1.1901453292381452, 0.0, 0.0
5.985984563827515, 0.8845946192741394, 0.0, -0.37933361530303955, -1.1901453292381452, 0.0, 0.0
5.995972633361816, 0.8845946192741394, 0.0, -0.37933361530303955, -1.1901453292381452, 0.0, 0.0
6.005975961685181, 0.8845946192741394, 0.0, -0.37933361530303955, -1.1901453292381452, 0.0, 0.0
6.0159735679626465, 0.8845946192741394, 0.0, -0.37933361530303955, -1.1901453292381452, 0.0, 0.0
6.025968313217163, 0.8845946192741394, 0.0, -0.37933361530303955, -1.1901453292381452, 0.0, 0.0
6.0360188484191895, 0.8845946192741394, 0.0, -0.3787795603275299, 0.006144826327925031, 0.0, 0.0
6.045984268188477, 0.8845946192741394, 0.0, -0.3787795603275299, 0.006144826327925031, 0.0, 0.0
6.055976152420044, 0.8845946192741394, 0.0, -0.3322400152683258, 2.4892689085274875, 0.0, 0.0
6.065984010696411, 0.8845946192741394, 0.0, -0.39210081100463867, -1.7694735864822209, 0.0, 0.0
6.075969219207764, 0.8845946192741394, 0.0, -0.3805915117263794, 1.1906153656431127, 0.0, 0.0
6.085958957672119, 0.8845946192741394, 0.0, -0.3756290078163147, 0.5766019128797264, 0.0, 0.0
6.096012592315674, 0.8845946192741394, 0.0, -0.37606266140937805, -0.08202367531003382, 0.0, 0.0
6.1059889793396, 0.8845946192741394, 0.0, -0.37898463010787964, -0.5476150580875782, 0.0, 0.0
6.115966796875, 0.8845946192741394, 0.0, -0.3712414801120758, -1.213323117140668, 0.0, 0.0
6.126023292541504, 0.8845946192741394, 0.0, -0.3712414801120758, -1.213323117140668, 0.0, 0.0
6.135972023010254, 0.8845946192741394, 0.0, -0.37077629566192627, 0.025285103349964363, 0.0, 0.0
6.145990371704102, 0.8845946192741394, 0.0, -0.36300963163375854, 0.9862916922896717, 0.0, 0.0
6.156042098999023, 0.8845946192741394, 0.0, -0.37192729115486145, -0.893449622587426, 0.0, 0.0
6.166023254394531, 0.8845946192741394, 0.0, -0.3667987287044525, 0.6964563232532539, 0.0, 0.0
6.175982475280762, 0.8845946192741394, 0.0, -0.3641313910484314, -0.13113331187344798, 0.0, 0.0
6.185958623886108, 0.8845946192741394, 0.0, -0.37278228998184204, -1.2364376746404961, 0.0, 0.0
6.196026563644409, 0.8845946192741394, 0.0, -0.37278228998184204, -1.2364376746404961, 0.0, 0.0
6.20600700378418, 0.8845946192741394, 0.0, -0.37278228998184204, -1.2364376746404961, 0.0, 0.0
6.216002464294434, 0.8845946192741394, 0.0, -0.37278228998184204, -1.2364376746404961, 0.0, 0.0
6.225999116897583, 0.8845946192741394, 0.0, -0.37278228998184204, -1.2364376746404961, 0.0, 0.0
6.235981702804565, 0.8845946192741394, 0.0, -0.37278228998184204, -1.2364376746404961, 0.0, 0.0
6.245974063873291, 0.8845946192741394, 0.0, -0.37278228998184204, -1.2364376746404961, 0.0, 0.0
6.256014347076416, 0.8845946192741394, 0.0, -0.37278228998184204, -1.2364376746404961, 0.0, 0.0
6.26596999168396, 0.8845946192741394, 0.0, -0.3712543845176697, 0.018503173127450583, 0.0, 0.0
6.275980234146118, 0.8845946192741394, 0.0, -0.36653995513916016, 0.9254340805915664, 0.0, 0.0
6.285986661911011, 0.8845946192741394, 0.0, -0.36371320486068726, 0.2558534743202417, 0.0, 0.0
6.295991897583008, 0.8845946192741394, 0.0, -0.3607703447341919, 0.2814495165997811, 0.0, 0.0
6.305990219116211, 0.8845946192741394, 0.0, -0.36225950717926025, -0.3288812685654377, 0.0, 0.0
6.315965414047241, 0.8845946192741394, 0.0, -0.36226844787597656, -0.0016522007313741905, 0.0, 0.0
6.326006650924683, 0.8845946192741394, 0.0, -0.36508908867836, -0.2829548444189328, 0.0, 0.0
6.335983991622925, 0.8845946192741394, 0.0, -0.36508908867836, -0.2829548444189328, 0.0, 0.0
6.345966339111328, 0.8845946192741394, 0.0, -0.36508908867836, -0.2829548444189328, 0.0, 0.0
6.355964183807373, 0.8845946192741394, 0.0, -0.36508908867836, -0.2829548444189328, 0.0, 0.0
6.365975856781006, 0.8845946192741394, 0.0, -0.38237741589546204, -0.41288021135822717, 0.0, 0.0
6.375990152359009, 0.8845946192741394, 0.0, -0.3666379451751709, 1.6334964368783096, 0.0, 0.0
6.3859686851501465, 0.8845946192741394, 0.0, -0.36756137013435364, -0.14099668281611452, 0.0, 0.0
6.395981311798096, 0.8845946192741394, 0.0, -0.3688991665840149, 0.06326769659364316, 0.0, 0.0
6.405972242355347, 0.8845946192741394, 0.0, -0.367260217666626, 0.7477839931153184, 0.0, 0.0
6.4159767627716064, 0.8845946192741394, 0.0, -0.367260217666626, 0.7477839931153184, 0.0, 0.0
6.4259796142578125, 0.8845946192741394, 0.0, -0.37647366523742676, -0.4528505302630808, 0.0, 0.0
6.435972213745117, 0.8872972726821899, 0.5469338029528129, -0.3474689722061157, 6.439641295468743, 0.0, 0.0
6.445992708206177, 0.8845946192741394, -0.4805727488553502, -0.36928364634513855, -3.989421190320471, 0.0, 0.0
6.4559690952301025, 0.8845946192741394, 0.0, -0.3711700737476349, -0.14047882952782087, 0.0, 0.0
6.466001749038696, 0.8845946192741394, 0.0, -0.3733813166618347, -0.1960393270067548, 0.0, 0.0
6.475978374481201, 0.8845946192741394, 0.0, -0.3859948217868805, -2.4491111256887956, 0.0, 0.0
6.485969543457031, 0.8845946192741394, 0.0, -0.38874441385269165, -0.577324038846616, 0.0, 0.0
6.49598240852356, 0.8872972726821899, 0.529806973266031, -0.3685721755027771, 2.3039062134742156, 0.0, 0.0
6.505971670150757, 0.8845946192741394, 0.0, -0.3726263642311096, 1.6705429031515988, 0.0, 0.0
6.51596736907959, 0.8845946192741394, 0.0, -0.3825218081474304, -1.798941212177811, 0.0, 0.0
6.525972604751587, 0.8845946192741394, 0.0, -0.37812066078186035, 0.6505419825213654, 0.0, 0.0
6.5360023975372314, 0.8872972726821899, 0.5770591529220118, -0.3856636881828308, -1.5296656869948568, 0.0, 0.0
