4.0531158447265625e-06, 0.0, 0.0, 0.0, 0.0, 0.0, 0.0
6.914138793945312e-05, 0.0, 0.0, 0.0, 0.0, 0.0, 0.0
0.0047910213470458984, 0.0, 0.0, 0.0, 0.0, 0.0, 0.0
0.014760732650756836, 0.0, 0.0, 0.0, 0.0, 0.0, 0.0
0.024792194366455078, 0.0, 0.0, 0.0, 0.0, 0.0, 0.0
0.03480648994445801, 0.0, 0.0, 0.0, 0.0, 0.0, 0.0
0.04480171203613281, 0.0, 0.0, 0.0, 0.0, 0.0, 0.0
0.054810285568237305, 0.0, 0.0, 0.0, 0.0, 0.0, 0.0
0.06480145454406738, 0.0, 0.0, 0.0, 0.0, 0.0, 0.0
0.07480978965759277, 0.0, 0.0, 0.0, 0.0, 0.0, 0.0
0.0848085880279541, 0.0, 0.0, 0.0, 0.0, 0.0, 0.0
0.09479904174804688, 0.0, 0.0, 0.0, 0.0, 0.0, 0.0
0.10479331016540527, 0.0, 0.0, 0.0, 0.0, 0.0, 0.0
0.11479949951171875, 0.0, 0.0, 0.0, 0.0, 0.0, 0.0
0.12479162216186523, 0.0, 0.0, 0.0, 0.0, 0.0, 0.0
0.1347968578338623, 0.0, 0.0, 0.0, 0.0, 0.0, 0.0
0.1447906494140625, 0.0, 0.0, 0.0, 0.0, 0.0, 0.0
0.1548020839691162, 0.0, 0.0, 0.0, 0.0, 0.0, 0.0
0.1647930145263672, 0.0, 0.0, 0.0, 0.0, 0.0, 0.0
0.17478275299072266, 0.0, 0.0, 0.0, 0.0, 0.0, 0.0
0.18479537963867188, 0.0, 0.0, 0.0, 0.0, 0.0, 0.0
0.19474554061889648, 0.0, 0.0, 0.0, 0.0, 0.0, 0.0
0.20479488372802734, 0.0, 0.0, 0.0, 0.0, 0.0, 0.0
0.21480131149291992, 0.0, 0.0, 0.0, 0.0, 0.0, 0.0
0.22477936744689941, 0.0, 0.0, 0.0, 0.0, 0.0, 0.0
0.2348194122314453, 0.0, 0.0, 0.0, 0.0, 0.0, 0.0
0.24487543106079102, 0.0, 0.0, 0.0, 0.0, 0.0, 0.0
0.25490808486938477, 0.0, 0.0, 0.0, 0.0, 0.0, 0.0
0.2649099826812744, 0.0, 0.0, 0.0, 0.0, 0.0, 0.0
0.27486228942871094, 0.0, 0.0, 0.0, 0.0, 0.0, 0.0
0.28492069244384766, 0.0, 0.0, 0.0, 0.0, 0.0, 0.0
0.294910192489624, 0.0, 0.0, 0.0, 0.0, 0.0, 0.0
0.30492210388183594, 0.0, 0.0, 0.0, 0.0, 0.0, 0.0
0.31490302085876465, 0.0, 0.0, 0.0, 0.0, 0.0, 0.0
0.3248472213745117, 0.0, 0.0, 0.0, 0.0, 0.0, 0.0
0.3348379135131836, 0.0, 0.0, 0.0, 0.0, 0.0, 0.0
0.3448505401611328, 0.0, 0.0, 0.0, 0.0, 0.0, 0.0
0.3547825813293457, 0.0, 0.0, 0.0, 0.0, 0.0, 0.0
0.36474609375, 0.0, 0.0, 0.0, 0.0, 0.0, 0.0
0.3747897148132324, 0.0, 0.0, 0.0, 0.0, 0.0, 0.0
0.3848254680633545, 0.0, 0.0, 0.0, 0.0, 0.0, 0.0
0.3947906494140625, 0.0, 0.0, 0.0, 0.0, 0.0, 0.0
0.4048275947570801, 0.0, 0.0, 0.0, 0.0, 0.0, 0.0
0.4148087501525879, 0.0, 0.0, 0.0, 0.0, 0.0, 0.0
0.42485833168029785, 0.0, 0.0, 0.0, 0.0, 0.0, 0.0
0.43481969833374023, 0.0, 0.0, 0.0, 0.0, 0.0, 0.0
0.4448528289794922, 0.0, 0.0, 0.0, 0.0, 0.0, 0.0
0.45481252670288086, 0.0, 0.0, 0.0, 0.0, 0.0, 0.0
0.4647862911224365, 0.0, 0.0, 0.0, 0.0, 0.0, 0.0
0.4747626781463623, 0.0, 0.0, 0.0, 0.0, 0.0, 0.0
0.48485493659973145, 0.0, 0.0, 0.0, 0.0, 0.0, 0.0
0.4948921203613281, 0.0, 0.0, 0.0, 0.0, 0.0, 0.0
0.5049316883087158, 0.0, 0.0, 0.0, 0.0, 0.0, 0.0
0.5148272514343262, 0.0, 0.0, 0.0, 0.0, 0.0, 0.0
0.5249006748199463, 0.0, 0.0, 0.0, 0.0, 0.0, 0.0
0.5348336696624756, 0.0, 0.0, 0.0, 0.0, 0.0, 0.0
0.5449166297912598, 0.0, 0.0, 0.0, 0.0, 0.0, 0.0
0.5548057556152344, 0.0, 0.0, 0.0, 0.0, 0.0, 0.0
0.5648293495178223, 0.0, 0.0, 0.0, 0.0, 0.0, 0.0
0.5748469829559326, 0.0, 0.0, 0.0, 0.0, 0.0, 0.0
0.5848338603973389, 0.0, 0.0, 0.0, 0.0, 0.0, 0.0
0.5947966575622559, 0.0, 0.0, 0.0, 0.0, 0.0, 0.0
0.6047711372375488, 0.0, 0.0, 0.0, 0.0, 0.0, 0.0
0.6147913932800293, 0.0, 0.0, 0.0, 0.0, 0.0, 0.0
0.624819278717041, 0.0, 0.0, 0.0, 0.0, 0.0, 0.0
0.6348257064819336, 0.0, 0.0, 0.0, 0.0, 0.0, 0.0
0.6448631286621094, 0.0, 0.0, 0.0, 0.0, 0.0, 0.0
0.6548943519592285, 0.0, 0.0, 0.0, 0.0, 0.0, 0.0
0.6648354530334473, 0.0, 0.0, 0.0, 0.0, 0.0, 0.0
0.674849271774292, 0.0, 0.0, 0.0, 0.0, 0.0, 0.0
0.684863805770874, 0.0, 0.0, 0.0, 0.0, 0.0, 0.0
0.6948866844177246, 0.0, 0.0, 0.0, 0.0, 0.0, 0.0
0.7048385143280029, 0.0, 0.0, 0.0, 0.0, 0.0, 0.0
0.7148234844207764, 0.0, 0.0, 0.0, 0.0, 0.0, 0.0
0.7248060703277588, 0.0, 0.0, 0.0, 0.0, 0.0, 0.0
0.7348034381866455, 0.0, 0.0, 0.0, 0.0, 0.0, 0.0
0.7448196411132812, 0.0, 0.0, 0.0, 0.0, 0.0, 0.0
0.7547957897186279, 0.0, 0.0, 0.0, 0.0, 0.0, 0.0
0.7647898197174072, 0.0, 0.0, 0.0, 0.0, 0.0, 0.0
0.7748112678527832, 0.0, 0.0, 0.0, 0.0, 0.0, 0.0
0.7848312854766846, 0.0, 0.0, 0.0, 0.0, 0.0, 0.0
0.7948095798492432, 0.0, 0.0, 0.0, 0.0, 0.0, 0.0
0.8048012256622314, 0.0, 0.0, 0.0, 0.0, 0.0, 0.0
0.8148107528686523, 0.0, 0.0, 0.0, 0.0, 0.0, 0.0
0.8247942924499512, 0.0, 0.0, 0.0, 0.0, 0.0, 0.0
0.8347899913787842, 0.0, 0.0, 0.0, 0.0, 0.0, 0.0
0.8447887897491455, 0.0, 0.0, 0.0, 0.0, 0.0, 0.0
0.854790210723877, 0.0, 0.0, 0.0, 0.0, 0.0, 0.0
0.8647778034210205, 0.0, 0.0, 0.0, 0.0, 0.0, 0.0
0.8748118877410889, 0.0, 0.0, 0.0, 0.0, 0.0, 0.0
0.8848085403442383, 0.0, 0.0, 0.0, 0.0, 0.0, 0.0
0.8948023319244385, 0.0, 0.0, 0.0, 0.0, 0.0, 0.0
0.9048593044281006, 0.0, 0.0, 0.0, 0.0, 0.0, 0.0
0.9148378372192383, 0.0, 0.0, 0.0, 0.0, 0.0, 0.0
0.9248266220092773, 0.0, 0.0, 0.0, 0.0, 0.0, 0.0
0.9348375797271729, 0.0, 0.0, 0.0, 0.0, 0.0, 0.0
0.9448473453521729, 0.0, 0.0, 0.0, 0.0, 0.0, 0.0
0.9548435211181641, 0.0, 0.0, 0.0, 0.0, 0.0, 0.0
0.9648399353027344, 0.0, 0.0, 0.0, 0.0, 0.0, 0.0
0.974825382232666, 0.0, 0.0, 0.0, 0.0, 0.0, 0.0
0.9848542213439941, 0.0, 0.0, 0.0, 0.0, 0.0, 0.0
0.9948551654815674, 0.0, 0.0, 0.0, 0.0, 0.0, 0.0
1.0048229694366455, 0.0, 0.0, 0.0, 0.0, 0.0, 0.0
1.0148446559906006, 0.0, 0.0, 0.0, 0.0, 0.0, 0.0
1.0248992443084717, 0.0, 0.0, 0.0, 0.0, 0.0, 0.0
1.0348618030548096, 0.0, 0.0, 0.0, 0.0, 0.0, 0.0
1.0448100566864014, 0.0, 0.0, 0.0, 0.0, 0.0, 0.0
1.054821491241455, 0.0, 0.0, 0.0, 0.0, 0.0, 0.0
1.0648236274719238, 0.0, 0.0, 0.0, 0.0, 0.0, 0.0
1.074821949005127, 0.0, 0.0, 0.0, 0.0, 0.0, 0.0
1.084848403930664, 0.0, 0.0, 0.0, 0.0, 0.0, 0.0
1.0948245525360107, 0.0, 0.0, 0.0, 0.0, 0.0, 0.0
1.1048953533172607, 0.0, 0.0, 0.0, 0.0, 0.0, 0.0
1.1148159503936768, 0.0, 0.0, 0.0, 0.0, 0.0, 0.0
1.1248207092285156, 0.0, 0.0, 0.0, 0.0, 0.0, 0.0
1.1348183155059814, 0.0, 0.0, 0.0, 0.0, 0.0, 0.0
1.1448328495025635, 0.0, 0.0, 0.0, 0.0, 0.0, 0.0
1.1548259258270264, 0.0, 0.0, 0.0, 0.0, 0.0, 0.0
1.1648221015930176, 0.0, 0.0, 0.0, 0.0, 0.0, 0.0
1.1748547554016113, 0.0, 0.0, 0.0, 0.0, 0.0, 0.0
1.1848254203796387, 0.0, 0.0, 0.0, 0.0, 0.0, 0.0
1.1948232650756836, 0.0, 0.0, 0.0, 0.0, 0.0, 0.0
1.2048840522766113, 0.0, 0.0, 0.0, 0.0, 0.0, 0.0
1.2148370742797852, 0.0, 0.0, 0.0, 0.0, 0.0, 0.0
1.2248468399047852, 0.0, 0.0, 0.0, 0.0, 0.0, 0.0
1.2348151206970215, 0.0, 0.0, 0.0, 0.0, 0.0, 0.0
1.2448184490203857, 0.0, 0.0, 0.0, 0.0, 0.0, 0.0
1.2548315525054932, 0.0, 0.0, 0.0, 0.0, 0.0, 0.0
1.2648646831512451, 0.0, 0.0, 0.0, 0.0, 0.0, 0.0
1.2748503684997559, 0.0, 0.0, 0.0, 0.0, 0.0, 0.0
1.2848126888275146, 0.0, 0.0, 0.0, 0.0, 0.0, 0.0
1.294830322265625, 0.0, 0.0, 0.0, 0.0, 0.0, 0.0
1.3048183917999268, 0.0, 0.0, 0.0, 0.0, 0.0, 0.0
1.3148272037506104, 0.0, 0.0, 0.0, 0.0, 0.0, 0.0
1.3248400688171387, 0.0, 0.0, 0.0, 0.0, 0.0, 0.0
1.3349099159240723, 0.0, 0.0, 0.0, 0.0, 0.0, 0.0
1.3448245525360107, 0.0, 0.0, 0.0, 0.0, 0.0, 0.0
1.3548204898834229, 0.0, 0.0, 0.0, 0.0, 0.0, 0.0
1.3648250102996826, 0.0, 0.0, 0.0, 0.0, 0.0, 0.0
1.3748443126678467, 0.0, 0.0, 0.0, 0.0, 0.0, 0.0
1.3848340511322021, 0.0, 0.0, 0.0, 0.0, 0.0, 0.0
1.3948450088500977, 0.0, 0.0, 0.0, 0.0, 0.0, 0.0
1.4048247337341309, 0.0, 0.0, 0.0, 0.0, 0.0, 0.0
1.4148509502410889, 0.0, 0.0, 0.0, 0.0, 0.0, 0.0
1.4248478412628174, 0.0, 0.0, 0.0, 0.0, 0.0, 0.0
1.43483567237854, 0.0, 0.0, 0.0, 0.0, 0.0, 0.0
1.44484543800354, 0.0, 0.0, 0.0, 0.0, 0.0, 0.0
1.454840898513794, 0.0, 0.0, 0.0, 0.0, 0.0, 0.0
1.4648189544677734, 0.0, 0.0, 0.0, 0.0, 0.0, 0.0
1.4748170375823975, 0.0, 0.0, 0.0, 0.0, 0.0, 0.0
1.4847874641418457, 0.0, 0.0, 0.0, 0.0, 0.0, 0.0
1.4947729110717773, 0.0, 0.0, 0.0, 0.0, 0.0, 0.0
1.5047633647918701, 0.0, 0.0, 0.0, 0.0, 0.0, 0.0
1.514758825302124, 0.0, 0.0, 0.0, 0.0, 0.0, 0.0
1.5247611999511719, 0.0, 0.0, 0.0, 0.0, 0.0, 0.0
1.5347678661346436, 0.0, 0.0, 0.0, 0.0, 0.0, 0.0
1.5447893142700195, 0.0, 0.0, 0.0, 0.0, 0.0, 0.0
1.5548210144042969, 0.0, 0.0, 0.0, 0.0, 0.0, 0.0
1.5648024082183838, 0.0, 0.0, 0.0, 0.0, 0.0, 0.0
1.5748209953308105, 0.0, 0.0, 0.0, 0.0, 0.0, 0.0
1.5848054885864258, 0.0, 0.0, 0.0, 0.0, 0.0, 0.0
1.5947949886322021, 0.0, 0.0, 0.0, 0.0, 0.0, 0.0
1.6047799587249756, 0.0, 0.0, 0.0, 0.0, 0.0, 0.0
1.6147704124450684, 0.0, 0.0, 0.0, 0.0, 0.0, 0.0
1.624779224395752, 0.0, 0.0, 0.0, 0.0, 0.0, 0.0
1.63478684425354, 0.0, 0.0, 0.0, 0.0, 0.0, 0.0
1.644773244857788, 0.0, 0.0, 0.0, 0.0, 0.0, 0.0
1.6547768115997314, 0.0, 0.0, 0.0, 0.0, 0.0, 0.0
1.6647937297821045, 0.0, 0.0, 0.0, 0.0, 0.0, 0.0
1.6747968196868896, 0.0, 0.0, 0.0, 0.0, 0.0, 0.0
1.684819221496582, 0.0, 0.0, 0.0, 0.0, 0.0, 0.0
1.6948060989379883, 0.0, 0.0, 0.0, 0.0, 0.0, 0.0
1.7048170566558838, 0.0, 0.0, 0.0, 0.0, 0.0, 0.0
1.714792251586914, 0.0, 0.0, 0.0, 0.0, 0.0, 0.0
1.7247531414031982, 0.8127659559249878, 0.0, -0.8651003241539001, -0.5029035331372905, 0.0, 0.0
1.7347686290740967, 0.8127659559249878, 0.0, -0.866208553314209, -0.15953129465561589, 0.0, 0.0
1.744746446609497, 0.8127659559249878, 0.0, -0.8659263253211975, 0.013921555063641395, 0.0, 0.0
1.7547593116760254, 0.8127659559249878, 0.0, -0.866360604763031, -0.7643974241030359, 0.0, 0.0
1.764777660369873, 0.8127659559249878, 0.0, -0.8640674948692322, 0.4698545055246723, 0.0, 0.0
1.7747764587402344, 0.8127659559249878, 0.0, -0.8616539239883423, 1.530400905700586, 0.0, 0.0
1.78474760055542, 0.8127659559249878, 0.0, -0.8614897131919861, 2.302848453136242, 0.0, 0.0
1.7947728633880615, 0.8127659559249878, 0.0, -0.8679091930389404, -1.6176092920095722, 0.0, 0.0
1.8048005104064941, 0.8127659559249878, 0.0, -0.8677545785903931, -0.6643093255355668, 0.0, 0.0
1.8147788047790527, 0.8127659559249878, 0.0, -0.8681636452674866, -0.06276041666666667, 0.0, 0.0
1.824765682220459, 0.8127659559249878, 0.0, -0.8646016716957092, 0.7844119319977249, 0.0, 0.0
1.8347539901733398, 0.8127659559249878, 0.0, -0.8677154779434204, 0.06434205698911581, 0.0, 0.0
1.8447763919830322, 0.8127659559249878, 0.0, -0.8678221702575684, -0.06079703743969559, 0.0, 0.0
1.8547594547271729, 0.8148936033248901, 0.5754078277129409, -0.8617969751358032, -0.0051583181936153645, 0.0, 0.0
1.8647499084472656, 0.8148936033248901, 0.6240123068316901, -0.8618820309638977, 0.7687736998916577, 0.0, 0.0
1.874793529510498, 0.8127659559249878, 0.0, -0.8641582131385803, -0.07641886744540376, 0.0, 0.0
1.884786605834961, 0.8127659559249878, 0.0, -0.8636656999588013, 0.056584219980654965, 0.0, 0.0
1.894758939743042, 0.8127659559249878, 0.0, -0.8635547757148743, 0.19386725243410116, 0.0, 0.0
1.9047596454620361, 0.8148936033248901, 0.0, -0.8676957488059998, -0.6155612076369161, 0.0, 0.0
1.9147565364837646, 0.8148936033248901, 0.6143889845094664, -0.8678223490715027, -2.188838276366538, 0.0, 0.0
1.924790859222412, 0.8127659559249878, 0.0, -0.8604902029037476, -0.12480499219968799, 0.0, 0.0
1.9347624778747559, 0.8127659559249878, 0.0, -0.8577467203140259, 0.930013201778766, 0.0, 0.0
1.9447581768035889, 0.8127659559249878, 0.0, -0.8575449585914612, 0.06507418777180865, 0.0, 0.0
1.9548077583312988, 0.8127659559249878, 0.0, -0.8574441075325012, 0.04094444078296975, 0.0, 0.0
1.9647889137268066, 0.8127659559249878, 0.0, -0.8583813905715942, 0.45664048554087827, 0.0, 0.0
1.974755048751831, 0.8127659559249878, 0.0, -0.8571699261665344, 0.5871214722241297, 0.0, 0.0
1.9847538471221924, 0.8127659559249878, 0.0, -0.8584774136543274, 0.05654601722282024, 0.0, 0.0
1.9947729110717773, 0.8127659559249878, 0.0, -0.8616694211959839, -1.213302752293578, 0.0, 0.0
2.004774332046509, 0.8127659559249878, 0.0, -0.8611755967140198, -0.02385830414381072, 0.0, 0.0
2.0147616863250732, 0.8127659559249878, 0.0, -0.8574642539024353, 1.046401453695892, 0.0, 0.0
2.0247642993927, 0.8127659559249878, 0.0, -0.8618465065956116, -1.1121489388740629, 0.0, 0.0
2.0347886085510254, 0.8127659559249878, 0.0, -0.8583692312240601, -0.1520884187686466, 0.0, 0.0
2.0447537899017334, 0.8127659559249878, 0.0, -0.8579062819480896, 0.3577666666666667, 0.0, 0.0
2.054771900177002, 0.8127659559249878, 0.0, -0.8587956428527832, -0.10359997421683641, 0.0, 0.0
2.0647542476654053, 0.8127659559249878, 0.0, -0.858848512172699, -0.12077057793345009, 0.0, 0.0
2.0747835636138916, 0.8127659559249878, 0.0, -0.8573875427246094, 1.1884642025061394, 0.0, 0.0
2.0847489833831787, 0.8148936033248901, 0.5305588585017836, -0.858662486076355, 0.34618847539015607, 0.0, 0.0
2.094759941101074, 0.8127659559249878, 0.0, -0.8537219166755676, 2.0530995220691595, 0.0, 0.0
2.104795217514038, 0.8127659559249878, 0.0, -0.8570190668106079, 1.010368737218814, 0.0, 0.0
2.114774703979492, 0.8148936033248901, 0.0, -0.8572448492050171, 0.06986657988935893, 0.0, 0.0
2.124755620956421, 0.8148936033248901, 0.6136707468023656, -0.8568335175514221, 0.26228547797918533, 0.0, 0.0
2.1347873210906982, 0.8148936033248901, 0.0, -0.8573057651519775, 0.0852079427896966, 0.0, 0.0
2.144761800765991, 0.8148936033248901, 0.0, -0.8597091436386108, -0.016395463510848127, 0.0, 0.0
2.154764413833618, 0.8148936033248901, 0.0, -0.8556167483329773, 1.1112920738327905, 0.0, 0.0
2.164755344390869, 0.8148936033248901, 0.0, -0.8667231798171997, -2.905623590074122, 0.0, 0.0
2.174766778945923, 0.8148936033248901, 0.0, -0.864483654499054, 0.009593717992488903, 0.0, 0.0
2.184788703918457, 0.8148936033248901, 0.0, -0.8674033880233765, -0.4560794800622842, 0.0, 0.0
2.1947617530822754, 0.8148936033248901, 0.0, -0.8648398518562317, 0.28121928962515796, 0.0, 0.0
2.2047653198242188, 0.8148936033248901, 0.0, -0.8710567951202393, -0.7586195376186021, 0.0, 0.0
2.2147490978240967, 0.8148936033248901, 0.0, -0.8688221573829651, -0.23755303632988597, 0.0, 0.0
2.2247486114501953, 0.8148936033248901, 0.0, -0.8707872033119202, -1.159832953682612, 0.0, 0.0
2.2347476482391357, 0.8148936033248901, 0.0, -0.8697801232337952, 0.3008420379450011, 0.0, 0.0
2.2447516918182373, 0.8148936033248901, 0.0, -0.866973340511322, 0.17590972708187544, 0.0, 0.0
2.2547757625579834, 0.8148936033248901, 0.0, -0.86711585521698, 1.1178736010533246, 0.0, 0.0
2.264763593673706, 0.8148936033248901, 0.0, -0.8725207448005676, 0.11742374869655892, 0.0, 0.0
2.274775266647339, 0.8148936033248901, 0.0, -0.8705756664276123, -0.1810310108739428, 0.0, 0.0
2.284756898880005, 0.8148936033248901, 0.0, -0.8625641465187073, 0.19038006404009467, 0.0, 0.0
2.294750452041626, 0.8148936033248901, 0.6065384353972677, -0.8627355098724365, 0.01235236220472441, 0.0, 0.0
2.3047642707824707, 0.8127659559249878, -0.5372343627716574, -0.8632850646972656, -0.1513512675881733, 0.0, 0.0
2.3147542476654053, 0.8148936033248901, 0.5761136216914138, -0.8631463646888733, 0.003296981993406036, 0.0, 0.0
2.3247594833374023, 0.8148936033248901, 0.0, -0.8660644888877869, -0.6255211135018828, 0.0, 0.0
2.3347508907318115, 0.8148936033248901, 0.0, -0.8634946942329407, 0.043431945458972485, 0.0, 0.0
2.3447489738464355, 0.8148936033248901, 0.0, -0.8636420369148254, -0.005766598220396988, 0.0, 0.0
2.3547680377960205, 0.8148936033248901, 0.0, -0.8634193539619446, 0.17194577671196376, 0.0, 0.0
2.364778757095337, 0.8148936033248901, 0.0, -0.865629255771637, -0.5038796302543688, 0.0, 0.0
2.3747527599334717, 0.8148936033248901, 0.0, -0.862185537815094, 1.162565994314336, 0.0, 0.0
2.3847615718841553, 0.8148936033248901, 0.0, -0.8654276132583618, -0.9825516665506924, 0.0, 0.0
2.3947842121124268, 0.8148936033248901, 0.0, -0.8623228669166565, 0.13890636798389128, 0.0, 0.0
2.404754161834717, 0.8148936033248901, 0.0, -0.8620089292526245, 0.1064451254548937, 0.0, 0.0
2.4147818088531494, 0.8148936033248901, 0.0, -0.8655775785446167, -1.0905511811023623, 0.0, 0.0
2.4247868061065674, 0.8148936033248901, 0.0, -0.8634541630744934, 0.4729375885650915, 0.0, 0.0
2.4347646236419678, 0.8148936033248901, 0.0, -0.8616423010826111, 1.518275737071049, 0.0, 0.0
2.444749593734741, 0.8148936033248901, 0.0, -0.8616320490837097, 0.1654182949775655, 0.0, 0.0
2.454747200012207, 0.8148936033248901, 0.0, -0.869725227355957, -2.2553592500327784, 0.0, 0.0
2.464747667312622, 0.8148936033248901, 0.0, -0.8744866847991943, -0.8262775387824274, 0.0, 0.0
2.4747581481933594, 0.8148936033248901, 0.0, -0.8708139657974243, 1.2580515814460769, 0.0, 0.0
2.4847612380981445, 0.8148936033248901, 0.0, -0.8754739165306091, -0.8217571297148114, 0.0, 0.0
2.4947614669799805, 0.8148936033248901, 0.0, -0.872356116771698, 0.8756498885905274, 0.0, 0.0
2.504788637161255, 0.8148936033248901, 0.0, -0.8723853826522827, -1.0485121107266435, 0.0, 0.0
2.514742612838745, 0.8148936033248901, 0.0, -0.8778272271156311, -1.3790509259259258, 0.0, 0.0
2.524750232696533, 0.8148936033248901, 0.0, -0.8778433799743652, -0.9896827486342394, 0.0, 0.0
2.534776210784912, 0.8148936033248901, 0.0, -0.8744086027145386, 0.7702698822853862, 0.0, 0.0
2.544771909713745, 0.8148936033248901, 0.0, -0.8725692629814148, 0.5457705853777022, 0.0, 0.0
2.5547657012939453, 0.8148936033248901, 0.0, -0.8746285438537598, -0.45437566702241194, 0.0, 0.0
2.5647568702697754, 0.8148936033248901, 0.0, -0.8655461668968201, -0.05517785427423982, 0.0, 0.0
2.5747923851013184, 0.8127659559249878, -0.5730798869766247, -0.8670478463172913, 0.26510962821734985, 0.0, 0.0
2.5847556591033936, 0.8148936033248901, 0.0, -0.8703207969665527, -0.12613676626904452, 0.0, 0.0
2.5947835445404053, 0.8148936033248901, 0.0, -0.8686267137527466, 0.015297069081563973, 0.0, 0.0
2.6047494411468506, 0.8148936033248901, 0.0, -0.8670215010643005, 0.1452972493345164, 0.0, 0.0
2.6147708892822266, 0.8148936033248901, 0.0, -0.8692724108695984, -0.5554266443908173, 0.0, 0.0
2.6247551441192627, 0.8148936033248901, 0.0, -0.8671234250068665, 0.4337884494664156, 0.0, 0.0
2.6347744464874268, 0.8148936033248901, 0.0, -0.8681852221488953, 0.24127584632444068, 0.0, 0.0
2.644761800765991, 0.8148936033248901, 0.0, -0.8683015704154968, 0.6789790833767889, 0.0, 0.0
2.6548240184783936, 0.8148936033248901, 0.0, -0.8712263703346252, -0.8255710324795352, 0.0, 0.0
2.6648004055023193, 0.8148936033248901, 0.0, -0.8669989705085754, 0.09572857142857143, 0.0, 0.0
2.674753427505493, 0.8148936033248901, 0.0, -0.870817244052887, 0.005239769184851098, 0.0, 0.0
2.6847875118255615, 0.8148936033248901, 0.0, -0.8731305003166199, -0.5649484536082474, 0.0, 0.0
2.6947662830352783, 0.8148936033248901, 0.0, -0.8735923171043396, -0.0028912360451901864, 0.0, 0.0
2.704798936843872, 0.8148936033248901, 0.0, -0.8737208843231201, -0.15231092436974789, 0.0, 0.0
2.714761972427368, 0.8148936033248901, 0.0, -0.8755590319633484, -1.5134538152610442, 0.0, 0.0
2.7248170375823975, 0.8148936033248901, 0.0, -0.8721928000450134, 0.0027654183660857745, 0.0, 0.0
2.734772205352783, 0.8148936033248901, 0.0, -0.8727346062660217, -0.1220774476376035, 0.0, 0.0
2.744771718978882, 0.8148936033248901, 0.0, -0.8746806383132935, -0.39657135627530365, 0.0, 0.0
2.7547805309295654, 0.8148936033248901, 0.0, -0.8735547661781311, 0.09441550263338676, 0.0, 0.0
2.764765501022339, 0.8148936033248901, 0.0, -0.874535322189331, -0.050276847357987556, 0.0, 0.0
2.7747600078582764, 0.8148936033248901, 0.0, -0.8821223378181458, 0.0831522120171072, 0.0, 0.0
2.7847609519958496, 0.8148936033248901, 0.0, -0.8800541162490845, 0.029729466718567535, 0.0, 0.0
2.7947795391082764, 0.8148936033248901, 0.0, -0.8802322149276733, -0.020733173076923076, 0.0, 0.0
2.804752826690674, 0.8148936033248901, 0.0, -0.8848172426223755, -0.12331867563372996, 0.0, 0.0
2.8147470951080322, 0.8148936033248901, 0.0, -0.8830974698066711, 0.103074761469089, 0.0, 0.0
2.8247487545013428, 0.8148936033248901, 0.0, -0.8829720616340637, -0.03563121850368264, 0.0, 0.0
2.8347792625427246, 0.8148936033248901, 0.0, -0.8831671476364136, 0.32189140154214996, 0.0, 0.0
2.844766139984131, 0.8148936033248901, 0.0, -0.879924476146698, 0.03549674438143247, 0.0, 0.0
2.854748010635376, 0.8148936033248901, 0.0, -0.8797549605369568, 0.049481637078194876, 0.0, 0.0
2.86476469039917, 0.8148936033248901, 0.0, -0.8799497485160828, -0.024552229835316745, 0.0, 0.0
2.874776840209961, 0.8148936033248901, 0.0, -0.8846020698547363, -0.4813894981292736, 0.0, 0.0
2.8847973346710205, 0.8127659559249878, -0.5450436694558114, -0.8775006532669067, 0.11467404450895016, 0.0, 0.0
2.8947644233703613, 0.8148936033248901, 0.0, -0.8789193034172058, 1.6752960543784186, 0.0, 0.0
2.9047937393188477, 0.8148936033248901, 0.0, -0.8790796399116516, 0.06410605236108592, 0.0, 0.0
2.9147512912750244, 0.8127659559249878, 0.0, -0.8791418671607971, 0.2609718953343486, 0.0, 0.0
2.9247608184814453, 0.8127659559249878, 0.0, -0.8809191584587097, -0.21789028836592642, 0.0, 0.0
2.9347898960113525, 0.8148936033248901, 0.0, -0.8751866221427917, -0.017884073175529473, 0.0, 0.0
2.94478178024292, 0.8148936033248901, 0.5797440394984733, -0.8793659210205078, 0.006719124409040865, 0.0, 0.0
2.954765796661377, 0.8148936033248901, 0.0, -0.8794856667518616, -0.4809230471521641, 0.0, 0.0
2.9647817611694336, 0.8148936033248901, 0.0, -0.8771178722381592, 0.011810524982585016, 0.0, 0.0
2.9747748374938965, 0.8148936033248901, 0.0, -0.8743558526039124, 0.05326958667489204, 0.0, 0.0
2.9847524166107178, 0.8148936033248901, 0.0, -0.8765836358070374, 0.6652761873602705, 0.0, 0.0
2.9947478771209717, 0.8148936033248901, 0.0, -0.8794651031494141, -1.3696825067441378, 0.0, 0.0
3.0047688484191895, 0.8148936033248901, 0.0, -0.8821358680725098, -1.008298755186722, 0.0, 0.0
3.014770746231079, 0.8148936033248901, 0.0, -0.8792335987091064, -0.3904799466051817, 0.0, 0.0
3.02476167678833, 0.8148936033248901, 0.0, -0.8748958110809326, 0.6337606242162463, 0.0, 0.0
3.034809112548828, 0.8148936033248901, 0.0, -0.8796601295471191, -0.12534469023837244, 0.0, 0.0
3.044752359390259, 0.8148936033248901, 0.0, -0.8795211911201477, 0.17144817263315454, 0.0, 0.0
3.05476975440979, 0.8148936033248901, 0.0, -0.8781073093414307, -0.09597205570414093, 0.0, 0.0
3.064774751663208, 0.8148936033248901, 0.0, -0.8800750970840454, 0.053816183121129894, 0.0, 0.0
3.0747714042663574, 0.8148936033248901, 0.0, -0.880012035369873, 0.07318609080297352, 0.0, 0.0
3.084768772125244, 0.8148936033248901, 0.0, -0.8801344633102417, 0.13301676632665024, 0.0, 0.0
3.0947635173797607, 0.8148936033248901, 0.0, -0.8824665546417236, -0.5715811965811965, 0.0, 0.0
3.104806423187256, 0.8148936033248901, 0.0, -0.8830529451370239, 0.001466687072747679, 0.0, 0.0
3.1147565841674805, 0.8148936033248901, 0.0, -0.8830966949462891, 0.9267693209193307, 0.0, 0.0
3.1247735023498535, 0.8148936033248901, 0.0, -0.8810957670211792, 1.6040161368015415, 0.0, 0.0
3.1347668170928955, 0.8148936033248901, 0.0, -0.8875201344490051, -0.006722064585866775, 0.0, 0.0
3.144752025604248, 0.8148936033248901, 0.0, -0.8888968229293823, -0.0980540854524332, 0.0, 0.0
3.1547927856445312, 0.8148936033248901, 0.0, -0.8871551156044006, 0.0042861808087955155, 0.0, 0.0
3.164759874343872, 0.8148936033248901, 0.0, -0.8882174491882324, 0.22589027615474505, 0.0, 0.0
3.1747586727142334, 0.8148936033248901, 0.0, -0.8846937417984009, 1.2264928045842287, 0.0, 0.0
3.1847589015960693, 0.8148936033248901, 0.0, -0.8873122930526733, -0.38956338028169013, 0.0, 0.0
3.1947569847106934, 0.8148936033248901, 0.0, -0.8867490887641907, 0.0641879101463907, 0.0, 0.0
3.204787254333496, 0.8127659559249878, -0.6126596182891666, -0.8853898048400879, 0.768568428421421, 0.0, 0.0
3.214768648147583, 0.8148936033248901, 0.0, -0.8880522847175598, -0.27599920742753625, 0.0, 0.0
3.2247822284698486, 0.8148936033248901, 0.0, -0.8857506513595581, 0.5146324282786885, 0.0, 0.0
3.23478102684021, 0.8148936033248901, 0.0, -0.8863169550895691, 0.5815026362038664, 0.0, 0.0
3.244798421859741, 0.8148936033248901, 0.0, -0.8874651789665222, -0.1507808911345889, 0.0, 0.0
3.2547693252563477, 0.8148936033248901, 0.0, -0.8890978693962097, -0.3562311051394021, 0.0, 0.0
3.264751672744751, 0.8148936033248901, 0.5692415640747592, -0.8880160450935364, 0.40567260401435595, 0.0, 0.0
3.274752378463745, 0.8148936033248901, 0.0, -0.8881290555000305, 0.2421069484470061, 0.0, 0.0
3.2847578525543213, 0.8148936033248901, 0.6505795727928847, -0.8883551359176636, -0.16578489636179156, 0.0, 0.0
3.294786214828491, 0.8148936033248901, 0.0, -0.8922099471092224, -0.7613800012522698, 0.0, 0.0
3.3047666549682617, 0.8148936033248901, 0.0, -0.8916756510734558, -0.5804478628597377, 0.0, 0.0
3.3147640228271484, 0.8127659559249878, -0.6120713305898491, -0.8939380645751953, -1.1267495583639082, 0.0, 0.0
3.3247528076171875, 0.8148936033248901, 0.0, -0.8922936916351318, 0.2199249326318491, 0.0, 0.0
3.334784746170044, 0.8148936033248901, 0.5748888745732139, -0.8879336714744568, 0.5019521330624682, 0.0, 0.0
3.3447728157043457, 0.8148936033248901, 0.6645814715519809, -0.8943883180618286, -1.753563753581662, 0.0, 0.0
3.3547511100769043, 0.8148936033248901, 0.582810867293626, -0.8925691843032837, -0.9881150820109348, 0.0, 0.0
3.364750623703003, 0.8127659559249878, -0.6211024498886414, -0.8896723985671997, 0.7860512580299786, 0.0, 0.0
3.374755859375, 0.8148936033248901, 0.0, -0.8918964266777039, 0.5051084454982914, 0.0, 0.0
3.384791374206543, 0.8148936033248901, 0.0, -0.8929732441902161, -0.0012028318097463742, 0.0, 0.0
3.394845962524414, 0.8148936033248901, 0.0, -0.8942132592201233, -0.2769463718687522, 0.0, 0.0
3.40476655960083, 0.8127659559249878, 0.0, -0.8973186016082764, -0.21394198183543445, 0.0, 0.0
3.4148004055023193, 0.8148936033248901, 0.0, -0.8954136371612549, -0.6344524899241751, 0.0, 0.0
3.424781322479248, 0.8127659559249878, 0.0, -0.8980815410614014, -0.1351944599023063, 0.0, 0.0
3.4347665309906006, 0.8127659559249878, 0.0, -0.8971636891365051, -0.9056188974467827, 0.0, 0.0
3.444758653640747, 0.8127659559249878, 0.0, -0.8955870270729065, 1.1677462507920862, 0.0, 0.0
3.454808235168457, 0.8127659559249878, 0.0, -0.8955687284469604, -0.062265331664580724, 0.0, 0.0
3.4647581577301025, 0.8127659559249878, 0.0, -0.9015026688575745, -0.23763516219463357, 0.0, 0.0
3.474748373031616, 0.8127659559249878, 0.0, -0.8993030190467834, -0.15635285244103125, 0.0, 0.0
3.4847545623779297, 0.8127659559249878, 0.0, -0.9008812308311462, 0.11732707681612792, 0.0, 0.0
3.494776487350464, 0.8127659559249878, 0.0, -0.9006102085113525, -0.2483497764213216, 0.0, 0.0
3.5048255920410156, 0.8127659559249878, 0.0, -0.8998929858207703, 0.4378755963075398, 0.0, 0.0
3.51475191116333, 0.8127659559249878, 0.0, -0.8996736407279968, 0.22064688387183992, 0.0, 0.0
3.524775266647339, 0.8127659559249878, 0.0, -0.9015105962753296, -0.3246628455832771, 0.0, 0.0
3.534801721572876, 0.8127659559249878, 0.0, -0.9017614722251892, 0.20443033459370763, 0.0, 0.0
3.5447535514831543, 0.8127659559249878, 0.0, -0.9024173617362976, -0.06764917973679467, 0.0, 0.0
