2.86102294921875e-06, 0.0, 0.0, 0.0, 0.0, 0.0, 0.0
0.006283283233642578, 0.0, 0.0, 0.0, 0.0, 0.0, 0.0
0.016248226165771484, 0.0, 0.0, 0.0, 0.0, 0.0, 0.0
0.02625441551208496, 0.0, 0.0, 0.0, 0.0, 0.0, 0.0
0.036222219467163086, 0.0, 0.0, 0.0, 0.0, 0.0, 0.0
0.046257734298706055, 0.0, 0.0, 0.0, 0.0, 0.0, 0.0
0.05626225471496582, 0.0, 0.0, 0.0, 0.0, 0.0, 0.0
0.06625747680664062, 0.0, 0.0, 0.0, 0.0, 0.0, 0.0
0.07624697685241699, 0.0, 0.0, 0.0, 0.0, 0.0, 0.0
0.08624601364135742, 0.0, 0.0, 0.0, 0.0, 0.0, 0.0
0.09624648094177246, 0.0, 0.0, 0.0, 0.0, 0.0, 0.0
0.10621929168701172, 0.0, 0.0, 0.0, 0.0, 0.0, 0.0
0.11623287200927734, 0.0, 0.0, 0.0, 0.0, 0.0, 0.0
0.1262524127960205, 0.0, 0.0, 0.0, 0.0, 0.0, 0.0
0.13623666763305664, 0.0, 0.0, 0.0, 0.0, 0.0, 0.0
0.14624834060668945, 0.0, 0.0, 0.0, 0.0, 0.0, 0.0
0.15623950958251953, 0.0, 0.0, 0.0, 0.0, 0.0, 0.0
0.166243314743042, 0.0, 0.0, 0.0, 0.0, 0.0, 0.0
0.17624211311340332, 0.0, 0.0, 0.0, 0.0, 0.0, 0.0
0.1862485408782959, 0.0, 0.0, 0.0, 0.0, 0.0, 0.0
0.19623684883117676, 0.0, 0.0, 0.0, 0.0, 0.0, 0.0
0.20624232292175293, 0.0, 0.0, 0.0, 0.0, 0.0, 0.0
0.21626496315002441, 0.0, 0.0, 0.0, 0.0, 0.0, 0.0
0.2262437343597412, 0.0, 0.0, 0.0, 0.0, 0.0, 0.0
0.23624920845031738, 0.0, 0.0, 0.0, 0.0, 0.0, 0.0
0.24624061584472656, 0.0, 0.0, 0.0, 0.0, 0.0, 0.0
0.25623297691345215, 0.0, 0.0, 0.0, 0.0, 0.0, 0.0
0.26624035835266113, 0.0, 0.0, 0.0, 0.0, 0.0, 0.0
0.2762455940246582, 0.0, 0.0, 0.0, 0.0, 0.0, 0.0
0.286236047744751, 0.0, 0.0, 0.0, 0.0, 0.0, 0.0
0.2962522506713867, 0.0, 0.0, 0.0, 0.0, 0.0, 0.0
0.30625367164611816, 0.0, 0.0, 0.0, 0.0, 0.0, 0.0
0.3162393569946289, 0.0, 0.0, 0.0, 0.0, 0.0, 0.0
0.3262488842010498, 0.0, 0.0, 0.0, 0.0, 0.0, 0.0
0.3362584114074707, 0.0, 0.0, 0.0, 0.0, 0.0, 0.0
0.3462378978729248, 0.0, 0.0, 0.0, 0.0, 0.0, 0.0
0.3562486171722412, 0.0, 0.0, 0.0, 0.0, 0.0, 0.0
0.36623597145080566, 0.0, 0.0, 0.0, 0.0, 0.0, 0.0
0.3762390613555908, 0.0, 0.0, 0.0, 0.0, 0.0, 0.0
0.3862428665161133, 0.0, 0.0, 0.0, 0.0, 0.0, 0.0
0.39623332023620605, 0.0, 0.0, 0.0, 0.0, 0.0, 0.0
0.4062924385070801, 0.0, 0.0, 0.0, 0.0, 0.0, 0.0
0.41634392738342285, 0.0, 0.0, 0.0, 0.0, 0.0, 0.0
0.42635154724121094, 0.0, 0.0, 0.0, 0.0, 0.0, 0.0
0.43639326095581055, 0.0, 0.0, 0.0, 0.0, 0.0, 0.0
0.44640445709228516, 0.0, 0.0, 0.0, 0.0, 0.0, 0.0
0.4563941955566406, 0.0, 0.0, 0.0, 0.0, 0.0, 0.0
0.4664146900177002, 0.0, 0.0, 0.0, 0.0, 0.0, 0.0
0.47640514373779297, 0.0, 0.0, 0.0, 0.0, 0.0, 0.0
0.4864084720611572, 0.0, 0.0, 0.0, 0.0, 0.0, 0.0
0.4963362216949463, 0.0, 0.0, 0.0, 0.0, 0.0, 0.0
0.5062918663024902, 0.0, 0.0, 0.0, 0.0, 0.0, 0.0
0.5163242816925049, 0.0, 0.0, 0.0, 0.0, 0.0, 0.0
0.5262556076049805, 0.0, 0.0, 0.0, 0.0, 0.0, 0.0
0.5363197326660156, 0.0, 0.0, 0.0, 0.0, 0.0, 0.0
0.5463159084320068, 0.0, 0.0, 0.0, 0.0, 0.0, 0.0
0.5563645362854004, 0.0, 0.0, 0.0, 0.0, 0.0, 0.0
0.5662758350372314, 0.0, 0.0, 0.0, 0.0, 0.0, 0.0
0.5762684345245361, 0.0, 0.0, 0.0, 0.0, 0.0, 0.0
0.586296796798706, 0.0, 0.0, 0.0, 0.0, 0.0, 0.0
0.5962631702423096, 0.0, 0.0, 0.0, 0.0, 0.0, 0.0
0.6062901020050049, 0.0, 0.0, 0.0, 0.0, 0.0, 0.0
0.6162550449371338, 0.0, 0.0, 0.0, 0.0, 0.0, 0.0
0.626286506652832, 0.0, 0.0, 0.0, 0.0, 0.0, 0.0
0.6362149715423584, 0.0, 0.0, 0.0, 0.0, 0.0, 0.0
0.6462733745574951, 0.0, 0.0, 0.0, 0.0, 0.0, 0.0
0.6562328338623047, 0.0, 0.0, 0.0, 0.0, 0.0, 0.0
0.6662940979003906, 0.0, 0.0, 0.0, 0.0, 0.0, 0.0
0.6763792037963867, 0.0, 0.0, 0.0, 0.0, 0.0, 0.0
0.686255693435669, 0.0, 0.0, 0.0, 0.0, 0.0, 0.0
0.6962261199951172, 0.0, 0.0, 0.0, 0.0, 0.0, 0.0
0.7062456607818604, 0.0, 0.0, 0.0, 0.0, 0.0, 0.0
0.7162837982177734, 0.0, 0.0, 0.0, 0.0, 0.0, 0.0
0.726309061050415, 0.0, 0.0, 0.0, 0.0, 0.0, 0.0
0.7363123893737793, 0.0, 0.0, 0.0, 0.0, 0.0, 0.0
0.7462568283081055, 0.0, 0.0, 0.0, 0.0, 0.0, 0.0
0.7562801837921143, 0.0, 0.0, 0.0, 0.0, 0.0, 0.0
0.7662830352783203, 0.0, 0.0, 0.0, 0.0, 0.0, 0.0
0.7763636112213135, 0.0, 0.0, 0.0, 0.0, 0.0, 0.0
0.7862746715545654, 0.0, 0.0, 0.0, 0.0, 0.0, 0.0
0.7962298393249512, 0.0, 0.0, 0.0, 0.0, 0.0, 0.0
0.8062872886657715, 0.0, 0.0, 0.0, 0.0, 0.0, 0.0
0.8162722587585449, 0.0, 0.0, 0.0, 0.0, 0.0, 0.0
0.8262424468994141, 0.0, 0.0, 0.0, 0.0, 0.0, 0.0
0.8362689018249512, 0.0, 0.0, 0.0, 0.0, 0.0, 0.0
0.846247673034668, 0.0, 0.0, 0.0, 0.0, 0.0, 0.0
0.8562271595001221, 0.0, 0.0, 0.0, 0.0, 0.0, 0.0
0.8662769794464111, 0.0, 0.0, 0.0, 0.0, 0.0, 0.0
0.8762359619140625, 0.0, 0.0, 0.0, 0.0, 0.0, 0.0
0.8862400054931641, 0.0, 0.0, 0.0, 0.0, 0.0, 0.0
0.8962602615356445, 0.0, 0.0, 0.0, 0.0, 0.0, 0.0
0.9063191413879395, 0.0, 0.0, 0.0, 0.0, 0.0, 0.0
0.9162700176239014, 0.0, 0.0, 0.0, 0.0, 0.0, 0.0
0.9263207912445068, 0.0, 0.0, 0.0, 0.0, 0.0, 0.0
0.9363136291503906, 0.0, 0.0, 0.0, 0.0, 0.0, 0.0
0.9463024139404297, 0.0, 0.0, 0.0, 0.0, 0.0, 0.0
0.9563076496124268, 0.0, 0.0, 0.0, 0.0, 0.0, 0.0
0.96636962890625, 0.0, 0.0, 0.0, 0.0, 0.0, 0.0
0.9762866497039795, 0.0, 0.0, 0.0, 0.0, 0.0, 0.0
0.9862594604492188, 0.0, 0.0, 0.0, 0.0, 0.0, 0.0
0.9962906837463379, 0.0, 0.0, 0.0, 0.0, 0.0, 0.0
1.0062999725341797, 0.0, 0.0, 0.0, 0.0, 0.0, 0.0
1.0163486003875732, 0.0, 0.0, 0.0, 0.0, 0.0, 0.0
1.0263450145721436, 0.0, 0.0, 0.0, 0.0, 0.0, 0.0
1.0363447666168213, 0.0, 0.0, 0.0, 0.0, 0.0, 0.0
1.046337366104126, 0.0, 0.0, 0.0, 0.0, 0.0, 0.0
1.0563328266143799, 0.0, 0.0, 0.0, 0.0, 0.0, 0.0
1.0662972927093506, 0.0, 0.0, 0.0, 0.0, 0.0, 0.0
1.076366901397705, 0.0, 0.0, 0.0, 0.0, 0.0, 0.0
1.086355209350586, 0.0, 0.0, 0.0, 0.0, 0.0, 0.0
1.0963311195373535, 0.0, 0.0, 0.0, 0.0, 0.0, 0.0
1.1063296794891357, 0.0, 0.0, 0.0, 0.0, 0.0, 0.0
1.1163313388824463, 0.0, 0.0, 0.0, 0.0, 0.0, 0.0
1.1263394355773926, 0.0, 0.0, 0.0, 0.0, 0.0, 0.0
1.1363024711608887, 0.0, 0.0, 0.0, 0.0, 0.0, 0.0
1.1463429927825928, 0.0, 0.0, 0.0, 0.0, 0.0, 0.0
1.1563291549682617, 0.0, 0.0, 0.0, 0.0, 0.0, 0.0
1.1663308143615723, 0.0, 0.0, 0.0, 0.0, 0.0, 0.0
1.1763322353363037, 0.0, 0.0, 0.0, 0.0, 0.0, 0.0
1.1863105297088623, 0.0, 0.0, 0.0, 0.0, 0.0, 0.0
1.196298360824585, 0.0, 0.0, 0.0, 0.0, 0.0, 0.0
1.2063264846801758, 0.0, 0.0, 0.0, 0.0, 0.0, 0.0
1.216329574584961, 0.0, 0.0, 0.0, 0.0, 0.0, 0.0
1.2263200283050537, 0.0, 0.0, 0.0, 0.0, 0.0, 0.0
1.2362945079803467, 0.0, 0.0, 0.0, 0.0, 0.0, 0.0
1.2462928295135498, 0.0, 0.0, 0.0, 0.0, 0.0, 0.0
1.2562620639801025, 0.0, 0.0, 0.0, 0.0, 0.0, 0.0
1.2662417888641357, 0.0, 0.0, 0.0, 0.0, 0.0, 0.0
1.2762408256530762, 0.0, 0.0, 0.0, 0.0, 0.0, 0.0
1.2862441539764404, 0.0, 0.0, 0.0, 0.0, 0.0, 0.0
1.2962348461151123, 0.0, 0.0, 0.0, 0.0, 0.0, 0.0
1.3062472343444824, 0.0, 0.0, 0.0, 0.0, 0.0, 0.0
1.3162055015563965, 0.0, 0.0, 0.0, 0.0, 0.0, 0.0
1.3262479305267334, 0.0, 0.0, 0.0, 0.0, 0.0, 0.0
1.3362183570861816, 0.0, 0.0, 0.0, 0.0, 0.0, 0.0
1.346235990524292, 0.0, 0.0, 0.0, 0.0, 0.0, 0.0
1.3562109470367432, 0.0, 0.0, 0.0, 0.0, 0.0, 0.0
1.3662328720092773, 0.0, 0.0, 0.0, 0.0, 0.0, 0.0
1.3762211799621582, 0.0, 0.0, 0.0, 0.0, 0.0, 0.0
1.3862359523773193, 0.0, 0.0, 0.0, 0.0, 0.0, 0.0
1.3962364196777344, 0.0, 0.0, 0.0, 0.0, 0.0, 0.0
1.4062273502349854, 0.0, 0.0, 0.0, 0.0, 0.0, 0.0
1.4162275791168213, 0.0, 0.0, 0.0, 0.0, 0.0, 0.0
1.4262211322784424, 0.0, 0.0, 0.0, 0.0, 0.0, 0.0
1.4362313747406006, 0.0, 0.0, 0.0, 0.0, 0.0, 0.0
1.4462354183197021, 0.0, 0.0, 0.0, 0.0, 0.0, 0.0
1.4562592506408691, 0.0, 0.0, 0.0, 0.0, 0.0, 0.0
1.4662621021270752, 0.0, 0.0, 0.0, 0.0, 0.0, 0.0
1.4762623310089111, 0.0, 0.0, 0.0, 0.0, 0.0, 0.0
1.4862463474273682, 0.0, 0.0, 0.0, 0.0, 0.0, 0.0
1.4962060451507568, 0.0, 0.0, 0.0, 0.0, 0.0, 0.0
1.506246566772461, 0.0, 0.0, 0.0, 0.0, 0.0, 0.0
1.516202449798584, 0.757446825504303, 0.0, 2.7597873210906982, 0.02759366968754227, 0.0, 0.0
1.5262067317962646, 0.757446825504303, 0.0, 2.750450372695923, -0.46211639600069354, 0.0, 0.0
1.5362074375152588, 0.757446825504303, 0.0, 2.7452595233917236, 0.047630488317616675, 0.0, 0.0
1.5461947917938232, 0.757446825504303, 0.0, 2.7551257610321045, -1.7320887991927345, 0.0, 0.0
1.5561976432800293, 0.757446825504303, 0.0, 2.7530550956726074, 0.09269162210338681, 0.0, 0.0
1.5662376880645752, 0.757446825504303, 0.0, 2.743117094039917, -1.9175573435811217, 0.0, 0.0
1.5762369632720947, 0.757446825504303, 0.0, 2.747607707977295, 0.7359053551798147, 0.0, 0.0
1.586256742477417, 0.7595744729042053, 0.39905200554487325, 2.7551872730255127, -0.20106712878511493, 0.0, 0.0
1.5962798595428467, 0.757446825504303, 0.0, 2.74973726272583, -1.1343957641196014, 0.0, 0.0
1.60624361038208, 0.757446825504303, 0.0, 2.748426675796509, 2.0033653585192424, 0.0, 0.0
1.6162223815917969, 0.7595744729042053, 0.45477246088773376, 2.7556471824645996, 1.6081820057779612, 0.0, 0.0
1.626227617263794, 0.7595744729042053, 0.0, 2.7542049884796143, 0.02786636691587808, 0.0, 0.0
1.6362245082855225, 0.7595744729042053, 0.0, 2.750819683074951, -0.3320405562635049, 0.0, 0.0
1.646205186843872, 0.7595744729042053, 0.0, 2.7412140369415283, -1.4180775051916512, 0.0, 0.0
1.656205415725708, 0.7595744729042053, 0.0, 2.7545244693756104, -0.9574960912617986, 0.0, 0.0
1.6662344932556152, 0.7595744729042053, 0.0, 2.7534756660461426, -0.046075287970549814, 0.0, 0.0
1.6762382984161377, 0.7595744729042053, 0.0, 2.7410600185394287, -2.0658371250812517, 0.0, 0.0
1.6862001419067383, 0.7595744729042053, 0.0, 2.7468173503875732, -0.17122100773127166, 0.0, 0.0
1.69620943069458, 0.7595744729042053, 0.0, 2.7533628940582275, -0.07377964654096314, 0.0, 0.0
1.7062318325042725, 0.7595744729042053, 0.0, 2.745628833770752, -1.3620493612467393, 0.0, 0.0
1.7162253856658936, 0.7595744729042053, 0.0, 2.7402045726776123, -0.04223493180818302, 0.0, 0.0
1.7262027263641357, 0.7595744729042053, 0.0, 2.73714017868042, -0.8583992963940194, 0.0, 0.0
1.736236810684204, 0.7595744729042053, 0.0, 2.749605178833008, 1.1955894238540585, 0.0, 0.0
1.746196985244751, 0.7595744729042053, 0.0, 2.7358689308166504, -3.824084350721421, 0.0, 0.0
1.7561969757080078, 0.7595744729042053, 0.0, 2.7393405437469482, -0.4994979919678715, 0.0, 0.0
1.7662229537963867, 0.7595744729042053, 0.0, 2.7415196895599365, 1.1439608550090137, 0.0, 0.0
1.7762279510498047, 0.7595744729042053, 0.0, 2.742241382598877, 0.37156725846133387, 0.0, 0.0
1.7861950397491455, 0.7595744729042053, 0.0, 2.7396926879882812, -0.23231062348071743, 0.0, 0.0
1.7961945533752441, 0.7595744729042053, 0.0, 2.735398054122925, 0.29983327775925306, 0.0, 0.0
1.8062047958374023, 0.7595744729042053, 0.0, 2.73039174079895, -0.589084646973109, 0.0, 0.0
1.8162219524383545, 0.7595744729042053, 0.0, 2.7407782077789307, 2.707410972088547, 0.0, 0.0
1.8262367248535156, 0.7595744729042053, 0.0, 2.7407350540161133, -0.004101611185388293, 0.0, 0.0
1.8361966609954834, 0.7595744729042053, 0.0, 2.7283215522766113, -0.7613230229384625, 0.0, 0.0
1.8462162017822266, 0.7595744729042053, 0.0, 2.7299675941467285, -0.4967704051673517, 0.0, 0.0
1.8562088012695312, 0.7595744729042053, 0.0, 2.726611375808716, 0.8013275804845669, 0.0, 0.0
1.8662397861480713, 0.7595744729042053, 0.0, 2.7294135093688965, 0.5070388052393193, 0.0, 0.0
1.876230001449585, 0.7595744729042053, 0.0, 2.7362864017486572, 1.45415073553237, 0.0, 0.0
1.8861937522888184, 0.7595744729042053, 0.0, 2.7351481914520264, 0.0571975916803503, 0.0, 0.0
1.8962063789367676, 0.7595744729042053, 0.0, 2.7317800521850586, 1.2276804484933426, 0.0, 0.0
1.9062068462371826, 0.7595744729042053, 0.0, 2.727076768875122, 0.1942221619422216, 0.0, 0.0
1.9161925315856934, 0.7595744729042053, 0.0, 2.7213075160980225, 0.00012563603241409635, 0.0, 0.0
1.926198959350586, 0.7595744729042053, 0.0, 2.723970651626587, 0.4257990136424774, 0.0, 0.0
1.9362022876739502, 0.7595744729042053, 0.0, 2.7288453578948975, -0.5586903517938001, 0.0, 0.0
1.946199655532837, 0.7595744729042053, 0.0, 2.73122239112854, 0.021967190030275294, 0.0, 0.0
1.9562151432037354, 0.7595744729042053, 0.0, 2.727797508239746, -0.13150492264416316, 0.0, 0.0
1.966196060180664, 0.7595744729042053, 0.0, 2.7233004570007324, -0.1996338238285753, 0.0, 0.0
1.9762458801269531, 0.7595744729042053, 0.0, 2.7155537605285645, -1.9006234649537124, 0.0, 0.0
1.9862241744995117, 0.7595744729042053, 0.0, 2.717679738998413, 0.7512240307000132, 0.0, 0.0
1.996213674545288, 0.7595744729042053, 0.0, 2.719531774520874, 0.8097345132743363, 0.0, 0.0
2.006204605102539, 0.7595744729042053, 0.0, 2.717369318008423, -0.08433242506811989, 0.0, 0.0
2.016266345977783, 0.7595744729042053, 0.0, 2.7228360176086426, -0.06544796605939605, 0.0, 0.0
2.0262274742126465, 0.7595744729042053, 0.0, 2.725212812423706, 0.2192407567701249, 0.0, 0.0
2.0362513065338135, 0.7595744729042053, 0.0, 2.72021484375, -0.9977325487232089, 0.0, 0.0
2.04622220993042, 0.7595744729042053, 0.0, 2.7208306789398193, 0.12391986174230302, 0.0, 0.0
2.056197166442871, 0.7595744729042053, 0.0, 2.7205777168273926, -0.03608116677235257, 0.0, 0.0
2.066200017929077, 0.7595744729042053, 0.0, 2.7195823192596436, -0.23269418264543387, 0.0, 0.0
2.0762319564819336, 0.7595744729042053, 0.0, 2.722989559173584, 0.6324817518248175, 0.0, 0.0
2.0861947536468506, 0.7595744729042053, 0.0, 2.7168242931365967, -0.08772378516624041, 0.0, 0.0
2.0962233543395996, 0.7595744729042053, 0.0, 2.7227015495300293, 1.637660485021398, 0.0, 0.0
2.106191396713257, 0.7595744729042053, 0.0, 2.71669340133667, 0.2636351601800371, 0.0, 0.0
2.116224527359009, 0.7595744729042053, 0.0, 2.717148542404175, 0.19593183808176737, 0.0, 0.0
2.126222848892212, 0.7595744729042053, 0.0, 2.715463876724243, -0.33448343206822473, 0.0, 0.0
2.1362054347991943, 0.7595744729042053, 0.0, 2.7118682861328125, -1.0176495910460612, 0.0, 0.0
2.14620304107666, 0.7595744729042053, 0.0, 2.714747667312622, 1.4519937925915931, 0.0, 0.0
2.1562089920043945, 0.7595744729042053, 0.0, 2.7073543071746826, -0.18080086288256708, 0.0, 0.0
2.1662206649780273, 0.7595744729042053, 0.0, 2.7075021266937256, -1.4449367495023437, 0.0, 0.0
2.1762006282806396, 0.7595744729042053, 0.0, 2.709092855453491, 0.2970464664200163, 0.0, 0.0
2.186201333999634, 0.7595744729042053, 0.0, 2.712618350982666, 2.26690457146373, 0.0, 0.0
2.1961922645568848, 0.7595744729042053, 0.0, 2.704390525817871, -1.2248539909149903, 0.0, 0.0
2.2062196731567383, 0.7595744729042053, 0.0, 2.707322120666504, 0.7163000564015792, 0.0, 0.0
2.2162106037139893, 0.7595744729042053, 0.0, 2.716747760772705, 2.669389652653251, 0.0, 0.0
2.226203441619873, 0.7595744729042053, 0.0, 2.710782527923584, -0.006249132064990974, 0.0, 0.0
2.236224889755249, 0.7595744729042053, 0.0, 2.7096734046936035, -0.2399163631458249, 0.0, 0.0
2.246201515197754, 0.7595744729042053, 0.0, 2.713329315185547, 0.5501450916554604, 0.0, 0.0
2.2562246322631836, 0.7595744729042053, 0.0, 2.704073905944824, -0.7920288885916812, 0.0, 0.0
2.266227960586548, 0.7595744729042053, 0.0, 2.709620952606201, 0.39785597480467566, 0.0, 0.0
2.276386260986328, 0.7595744729042053, 0.0, 2.7022480964660645, -1.2425021422450728, 0.0, 0.0
2.2862393856048584, 0.7595744729042053, 0.0, 2.7039051055908203, -0.15168062128382478, 0.0, 0.0
2.2962048053741455, 0.7595744729042053, 0.0, 2.707960605621338, -2.337913322632424, 0.0, 0.0
2.306204080581665, 0.7595744729042053, 0.0, 2.7060744762420654, 0.11226598209254274, 0.0, 0.0
2.3162262439727783, 0.7595744729042053, 0.0, 2.6988751888275146, -0.48329145728643214, 0.0, 0.0
2.326198101043701, 0.7595744729042053, 0.0, 2.7054150104522705, 1.532418567278571, 0.0, 0.0
2.3362209796905518, 0.7595744729042053, 0.0, 2.700674057006836, 1.3219719619958807, 0.0, 0.0
2.3461997509002686, 0.7595744729042053, 0.0, 2.7086610794067383, 1.9077169822959719, 0.0, 0.0
2.356210708618164, 0.7595744729042053, 0.0, 2.7078909873962402, -0.767552120542963, 0.0, 0.0
2.366234064102173, 0.7595744729042053, 0.0, 2.6999855041503906, -2.3093534624220546, 0.0, 0.0
2.3762094974517822, 0.7595744729042053, 0.0, 2.698657989501953, 0.5843894588613961, 0.0, 0.0
2.3861968517303467, 0.7595744729042053, 0.0, 2.696375846862793, 0.7828742286404987, 0.0, 0.0
2.396202802658081, 0.7595744729042053, 0.0, 2.717449426651001, 2.9256593110871907, 0.0, 0.0
2.4062209129333496, 0.7595744729042053, 0.0, 2.702665090560913, -1.6509240246406571, 0.0, 0.0
2.41619873046875, 0.7595744729042053, 0.0, 2.694740056991577, -0.2295210677833028, 0.0, 0.0
2.4262073040008545, 0.7595744729042053, 0.0, 2.6875462532043457, -3.067517029517831, 0.0, 0.0
2.4361953735351562, 0.7595744729042053, 0.0, 2.7009308338165283, 2.6249917746923734, 0.0, 0.0
2.446195363998413, 0.7595744729042053, 0.0, 2.707942485809326, -2.8533454902510873, 0.0, 0.0
2.456233501434326, 0.7595744729042053, 0.0, 2.696810245513916, -0.14992486417755171, 0.0, 0.0
2.466240406036377, 0.7595744729042053, 0.0, 2.687052011489868, -3.287833450054116, 0.0, 0.0
2.476228952407837, 0.7595744729042053, 0.0, 2.6964986324310303, 2.502202643171806, 0.0, 0.0
2.486210346221924, 0.7595744729042053, 0.0, 2.707355260848999, 2.196567299006323, 0.0, 0.0
2.496213436126709, 0.7595744729042053, 0.0, 2.695202350616455, -0.4178839070240061, 0.0, 0.0
2.506200075149536, 0.7595744729042053, 0.0, 2.696504592895508, -0.5687277131130997, 0.0, 0.0
2.5162034034729004, 0.757446825504303, 0.0, 2.6899778842926025, -0.4816174061209778, 0.0, 0.0
2.5262410640716553, 0.7595744729042053, 0.5670352014233067, 2.691348075866699, 6.363752068219422e-05, 0.0, 0.0
2.5362002849578857, 0.757446825504303, 0.0, 2.6889257431030273, -0.7406897501204653, 0.0, 0.0
2.546196222305298, 0.757446825504303, 0.0, 2.690197706222534, -1.7776864598315183, 0.0, 0.0
2.556213855743408, 0.757446825504303, 0.0, 2.6923062801361084, 2.6866897147796025, 0.0, 0.0
2.56620454788208, 0.757446825504303, 0.0, 2.697495937347412, 2.694839057723431, 0.0, 0.0
2.5761988162994385, 0.757446825504303, 0.0, 2.6806392669677734, 0.6316764842147065, 0.0, 0.0
2.586221694946289, 0.757446825504303, 0.0, 2.690988302230835, 1.431540418140083, 0.0, 0.0
2.596222162246704, 0.757446825504303, 0.0, 2.6924450397491455, 0.2235937116187669, 0.0, 0.0
2.6062216758728027, 0.757446825504303, 0.0, 2.686367988586426, -0.37812002124269783, 0.0, 0.0
2.616217851638794, 0.757446825504303, 0.0, 2.6875407695770264, -0.4874629446640316, 0.0, 0.0
2.62619948387146, 0.757446825504303, 0.0, 2.6952483654022217, 4.0043851851851855, 0.0, 0.0
2.6361875534057617, 0.757446825504303, 0.0, 2.687498092651367, -0.7582954241370083, 0.0, 0.0
2.64620041847229, 0.757446825504303, 0.0, 2.6822891235351562, 0.8339671975279297, 0.0, 0.0
2.656238555908203, 0.757446825504303, 0.0, 2.6902427673339844, 0.2140517827349688, 0.0, 0.0
2.6661996841430664, 0.757446825504303, 0.0, 2.6929359436035156, 2.4692524115755625, 0.0, 0.0
2.6761910915374756, 0.757446825504303, 0.0, 2.6857497692108154, -0.8554389623932738, 0.0, 0.0
2.686199903488159, 0.757446825504303, 0.0, 2.681408166885376, 1.7357158257869771, 0.0, 0.0
2.696197986602783, 0.757446825504303, 0.0, 2.6855576038360596, 0.10714753239952873, 0.0, 0.0
2.706238269805908, 0.757446825504303, 0.0, 2.68656325340271, -1.9740429139763909, 0.0, 0.0
2.716242551803589, 0.757446825504303, 0.0, 2.6858255863189697, -0.926574539896835, 0.0, 0.0
2.7262020111083984, 0.757446825504303, 0.0, 2.6741178035736084, -1.0930717021705532, 0.0, 0.0
2.7361972332000732, 0.757446825504303, 0.0, 2.6794755458831787, 0.0730224478888295, 0.0, 0.0
2.7462029457092285, 0.757446825504303, 0.0, 2.680743932723999, -3.656535571650985, 0.0, 0.0
2.756225824356079, 0.757446825504303, 0.0, 2.6835594177246094, 0.1353753676940785, 0.0, 0.0
2.7662136554718018, 0.757446825504303, 0.0, 2.678870439529419, 1.0584013695022385, 0.0, 0.0
2.776190757751465, 0.757446825504303, 0.0, 2.6818408966064453, 1.8516713091922006, 0.0, 0.0
2.786207675933838, 0.757446825504303, 0.0, 2.6731159687042236, -1.7829441344630432, 0.0, 0.0
2.7962310314178467, 0.757446825504303, 0.0, 2.6852667331695557, -0.29816637454496425, 0.0, 0.0
2.806231737136841, 0.757446825504303, 0.0, 2.6808583736419678, -1.9851257075161248, 0.0, 0.0
2.8162078857421875, 0.757446825504303, 0.0, 2.670395612716675, 2.181976071015052, 0.0, 0.0
2.826242685317993, 0.757446825504303, 0.0, 2.6737821102142334, -0.18133837232032318, 0.0, 0.0
2.8362598419189453, 0.757446825504303, 0.0, 2.6713171005249023, -3.160948469996026, 0.0, 0.0
2.846204996109009, 0.7553191781044006, -0.5641317403122827, 2.6844613552093506, 3.515233147328587, 0.0, 0.0
2.856264352798462, 0.7553191781044006, 0.0, 2.6840319633483887, -0.22642788543020168, 0.0, 0.0
2.866210699081421, 0.7553191781044006, 0.0, 2.6736907958984375, -0.09575379344101811, 0.0, 0.0
2.876204252243042, 0.7553191781044006, 0.0, 2.6686654090881348, 1.8767068002959575, 0.0, 0.0
2.8862156867980957, 0.7553191781044006, 0.0, 2.6758575439453125, -0.17821718819991042, 0.0, 0.0
2.89622163772583, 0.7553191781044006, 0.0, 2.662360668182373, -1.4073108670017997, 0.0, 0.0
2.906233549118042, 0.7553191781044006, 0.0, 2.669529438018799, 1.9485722019217757, 0.0, 0.0
2.9162237644195557, 0.7553191781044006, 0.0, 2.6686298847198486, 0.13678566758205832, 0.0, 0.0
2.9262099266052246, 0.7553191781044006, 0.0, 2.675882577896118, 0.37619560824464504, 0.0, 0.0
2.936194896697998, 0.7553191781044006, 0.0, 2.6725473403930664, -0.8731376402713498, 0.0, 0.0
2.946194648742676, 0.7553191781044006, 0.0, 2.66475510597229, -0.612129471890971, 0.0, 0.0
2.95620059967041, 0.7553191781044006, 0.0, 2.6719231605529785, 1.947180538110663, 0.0, 0.0
2.966214656829834, 0.7553191781044006, 0.0, 2.669241189956665, 0.32859053873282257, 0.0, 0.0
2.976205587387085, 0.7553191781044006, 0.0, 2.6682629585266113, 0.09773210489014883, 0.0, 0.0
2.986219644546509, 0.7553191781044006, 0.0, 2.668971061706543, 0.0042667400729474916, 0.0, 0.0
2.996204376220703, 0.7553191781044006, 0.0, 2.6758358478546143, 1.8451438240270728, 0.0, 0.0
3.0062458515167236, 0.7553191781044006, 0.0, 2.6635119915008545, -3.435785864978903, 0.0, 0.0
3.0162010192871094, 0.7553191781044006, 0.0, 2.6697213649749756, -0.13564065806539696, 0.0, 0.0
3.0262510776519775, 0.7553191781044006, 0.0, 2.670924186706543, 0.6277684844429575, 0.0, 0.0
3.036193609237671, 0.7553191781044006, 0.0, 2.6655023097991943, 0.29473893981666005, 0.0, 0.0
3.0461976528167725, 0.7553191781044006, 0.0, 2.664844274520874, 0.008398576512455517, 0.0, 0.0
3.0561940670013428, 0.7553191781044006, 0.0, 2.6650147438049316, 0.3237966101694915, 0.0, 0.0
3.0662267208099365, 0.7553191781044006, 0.0, 2.6639926433563232, -0.12260010970927043, 0.0, 0.0
3.0762226581573486, 0.7553191781044006, 0.0, 2.6642038822174072, 0.021103554651896516, 0.0, 0.0
3.0862061977386475, 0.7553191781044006, 0.0, 2.6643378734588623, 0.031982942430703626, 0.0, 0.0
3.0962271690368652, 0.7553191781044006, 0.0, 2.664919376373291, 1.7296117157060324, 0.0, 0.0
3.106194496154785, 0.7553191781044006, 0.0, 2.6644797325134277, -0.18889576032433175, 0.0, 0.0
3.116217851638794, 0.7553191781044006, 0.0, 2.664027690887451, -0.0033720494567253652, 0.0, 0.0
3.1262269020080566, 0.7553191781044006, 0.0, 2.6627299785614014, -0.2362782317740171, 0.0, 0.0
3.13618803024292, 0.7553191781044006, 0.0, 2.6586177349090576, 0.07545931758530183, 0.0, 0.0
3.146195650100708, 0.7553191781044006, 0.0, 2.6582283973693848, 1.9155203557037654, 0.0, 0.0
3.1562135219573975, 0.7553191781044006, 0.0, 2.6566219329833984, 0.9447035309793471, 0.0, 0.0
3.166219472885132, 0.7553191781044006, 0.0, 2.653324842453003, 0.14670296430732002, 0.0, 0.0
3.1762259006500244, 0.7553191781044006, 0.0, 2.656308174133301, -0.17100059916117435, 0.0, 0.0
3.18621563911438, 0.7553191781044006, 0.0, 2.660738945007324, -0.14865356622998543, 0.0, 0.0
3.196239948272705, 0.7553191781044006, 0.0, 2.6630842685699463, 0.30681603625149473, 0.0, 0.0
3.2062089443206787, 0.7553191781044006, 0.0, 2.6533823013305664, 0.0015694644987130392, 0.0, 0.0
3.2161951065063477, 0.7553191781044006, 0.0, 2.6544322967529297, 0.195421477674698, 0.0, 0.0
3.2262086868286133, 0.7553191781044006, 0.0, 2.6480917930603027, 3.631441211290423, 0.0, 0.0
3.2362403869628906, 0.7553191781044006, 0.0, 2.643169403076172, -0.21744548286604362, 0.0, 0.0
3.2462286949157715, 0.7553191781044006, 0.0, 2.6584255695343018, -1.3709802904564314, 0.0, 0.0
3.2562506198883057, 0.7553191781044006, 0.0, 2.6512160301208496, -1.3776909237545754, 0.0, 0.0
3.26619815826416, 0.7553191781044006, 0.0, 2.6547434329986572, 1.410719113273858, 0.0, 0.0
3.276231288909912, 0.7553191781044006, 0.0, 2.655320167541504, -0.18755052546483428, 0.0, 0.0
3.286198854446411, 0.7553191781044006, 0.0, 2.6451804637908936, -0.3372892784895482, 0.0, 0.0
3.2962000370025635, 0.7553191781044006, 0.0, 2.6264564990997314, -4.255524196324086, 0.0, 0.0
3.30619478225708, 0.757446825504303, 0.0, 2.6505768299102783, 2.0527304609218437, 0.0, 0.0
3.316195011138916, 0.7553191781044006, 0.0, 2.651855707168579, 1.4480811105062603, 0.0, 0.0
3.326198101043701, 0.7553191781044006, 0.0, 2.651106357574463, -0.04637083789527919, 0.0, 0.0
3.3361988067626953, 0.7553191781044006, 0.0, 2.64737868309021, 1.8178875751370631, 0.0, 0.0
3.3462436199188232, 0.7553191781044006, 0.0, 2.6391611099243164, -1.7408917890157694, 0.0, 0.0
3.3562302589416504, 0.757446825504303, 0.5973226238286479, 2.631136178970337, 1.390943246984378, 0.0, 0.0
3.3662023544311523, 0.757446825504303, 0.0, 2.650975227355957, 1.2126282014553371, 0.0, 0.0
3.376206159591675, 0.757446825504303, 0.0, 2.6437413692474365, -2.008858442095317, 0.0, 0.0
3.386221170425415, 0.7553191781044006, 0.0, 2.64587664604187, 0.5125192334592251, 0.0, 0.0
3.3961992263793945, 0.757446825504303, 0.0, 2.6413872241973877, -1.2190784155214227, 0.0, 0.0
3.4061882495880127, 0.757446825504303, 0.0, 2.6324620246887207, 2.396842031719416, 0.0, 0.0
3.4161901473999023, 0.757446825504303, 0.0, 2.6587512493133545, 2.9674409100197536, 0.0, 0.0
3.426203966140747, 0.757446825504303, 0.0, 2.6477041244506836, 1.6005317381189763, 0.0, 0.0
3.436243772506714, 0.757446825504303, 0.0, 2.646650552749634, -0.8576756576756577, 0.0, 0.0
3.446258544921875, 0.757446825504303, 0.0, 2.622922420501709, -1.8868814347392893, 0.0, 0.0
3.4561991691589355, 0.757446825504303, 0.0, 2.653503894805908, 4.137701277068295, 0.0, 0.0
3.4662139415740967, 0.757446825504303, 0.0, 2.643613576889038, -2.0694718238053156, 0.0, 0.0
3.4762051105499268, 0.757446825504303, 0.0, 2.6487765312194824, 1.8409030720338984, 0.0, 0.0
3.486246109008789, 0.757446825504303, 0.0, 2.6256327629089355, -3.057478772044415, 0.0, 0.0
3.496206283569336, 0.757446825504303, 0.0, 2.630668878555298, 0.7304075235109718, 0.0, 0.0
3.506195545196533, 0.757446825504303, 0.0, 2.6409270763397217, -1.0112762685802152, 0.0, 0.0
3.5162060260772705, 0.757446825504303, 0.0, 2.6482338905334473, 1.9116912905619645, 0.0, 0.0
3.5261993408203125, 0.757446825504303, 0.0, 2.6421403884887695, 0.19276115618661258, 0.0, 0.0
3.5362064838409424, 0.757446825504303, 0.0, 2.630377769470215, -2.8033185982446023, 0.0, 0.0
3.546233654022217, 0.757446825504303, 0.0, 2.6360433101654053, -0.8775104266923324, 0.0, 0.0
3.556205987930298, 0.757446825504303, 0.0, 2.6440279483795166, 2.9829745596868884, 0.0, 0.0
3.5662052631378174, 0.757446825504303, 0.0, 2.6374599933624268, -1.2573893187872638, 0.0, 0.0
3.576240301132202, 0.757446825504303, 0.0, 2.6317875385284424, -0.0799744081893794, 0.0, 0.0
3.5862114429473877, 0.757446825504303, 0.0, 2.639714002609253, 0.37002963694739444, 0.0, 0.0
3.5961904525756836, 0.757446825504303, 0.0, 2.639761209487915, 0.35041542462104397, 0.0, 0.0
3.6062309741973877, 0.757446825504303, 0.0, 2.624624490737915, -1.37334722855468, 0.0, 0.0
3.6162238121032715, 0.757446825504303, 0.0, 2.6308798789978027, 1.2234608238836568, 0.0, 0.0
3.6262035369873047, 0.757446825504303, 0.0, 2.621706008911133, -4.3900291313559325, 0.0, 0.0
3.636209726333618, 0.757446825504303, 0.0, 2.6294167041778564, -2.939950547509714, 0.0, 0.0
3.64619779586792, 0.757446825504303, 0.0, 2.621882200241089, -2.142135268204198, 0.0, 0.0
3.6562254428863525, 0.757446825504303, 0.0, 2.627948522567749, -0.4759589770911028, 0.0, 0.0
3.6662352085113525, 0.757446825504303, 0.0, 2.6261649131774902, -2.850415512465374, 0.0, 0.0
3.676203727722168, 0.757446825504303, 0.0, 2.6351590156555176, 4.8380228657492985, 0.0, 0.0
3.6861884593963623, 0.757446825504303, 0.0, 2.6282100677490234, 0.16538513422366113, 0.0, 0.0
3.696190595626831, 0.757446825504303, 0.0, 2.627121925354004, 0.9136932192231731, 0.0, 0.0
3.7062201499938965, 0.7595744729042053, 0.6103549688803775, 2.643629789352417, 2.7615105698843814, 0.0, 0.0
3.7162041664123535, 0.7595744729042053, 0.0, 2.63250470161438, 3.9573319947292465, 0.0, 0.0
3.7262167930603027, 0.757446825504303, -0.56207092019903, 2.6274423599243164, -0.5472185472185472, 0.0, 0.0
3.7362000942230225, 0.7595744729042053, 0.0, 2.6301825046539307, 2.1525435073627843, 0.0, 0.0
3.7462117671966553, 0.7595744729042053, 0.0, 2.6379265785217285, 2.557859573931678, 0.0, 0.0
3.7562315464019775, 0.7595744729042053, 0.0, 2.616894006729126, -0.23599401686157193, 0.0, 0.0
3.766223430633545, 0.7595744729042053, 0.0, 2.631588935852051, -0.2783175919005232, 0.0, 0.0
3.77620005607605, 0.7595744729042053, 0.0, 2.6356606483459473, 3.814788412935001, 0.0, 0.0
3.7862112522125244, 0.7595744729042053, 0.0, 2.637216806411743, 3.890357445146168, 0.0, 0.0
3.7962019443511963, 0.7595744729042053, 0.0, 2.6416873931884766, 0.7638030695634842, 0.0, 0.0
3.8062222003936768, 0.7595744729042053, 0.0, 2.6159214973449707, 0.16461713995943206, 0.0, 0.0
3.816216468811035, 0.7595744729042053, 0.0, 2.6270925998687744, -1.0797327940185084, 0.0, 0.0
3.8261971473693848, 0.7595744729042053, 0.0, 2.629922389984131, 2.7721155102574153, 0.0, 0.0
3.8361966609954834, 0.7595744729042053, 0.0, 2.628690242767334, -1.1473719228210246, 0.0, 0.0
3.846216917037964, 0.7595744729042053, 0.0, 2.6373770236968994, -1.9990401842846173, 0.0, 0.0
3.856201648712158, 0.7595744729042053, 0.0, 2.617567539215088, 0.4046588594704684, 0.0, 0.0
3.8662147521972656, 0.7595744729042053, 0.0, 2.6318893432617188, 0.23827861099851372, 0.0, 0.0
3.876265048980713, 0.7595744729042053, 0.0, 2.6208367347717285, -1.8173452314556608, 0.0, 0.0
3.8861916065216064, 0.7595744729042053, 0.0, 2.6223223209381104, 0.5779286926994907, 0.0, 0.0
3.8961987495422363, 0.7595744729042053, 0.0, 2.6244516372680664, -2.5275107953754006, 0.0, 0.0
3.9062254428863525, 0.7595744729042053, 0.0, 2.629666805267334, -2.5794839783603827, 0.0, 0.0
3.91618013381958, 0.7595744729042053, 0.0, 2.618712902069092, -0.211338976988196, 0.0, 0.0
3.9261956214904785, 0.7595744729042053, 0.0, 2.6158013343811035, -0.4585117773019272, 0.0, 0.0
3.9362075328826904, 0.7595744729042053, 0.0, 2.6281723976135254, -1.067563930013459, 0.0, 0.0
3.946239948272705, 0.7595744729042053, 0.0, 2.6269214153289795, -0.18867924528301888, 0.0, 0.0
3.956228733062744, 0.7595744729042053, 0.0, 2.612793445587158, -2.3633284632753355, 0.0, 0.0
3.966196298599243, 0.7595744729042053, 0.0, 2.622753381729126, 1.8051268103624125, 0.0, 0.0
3.976191997528076, 0.7595744729042053, 0.0, 2.6219236850738525, 0.3210781549565806, 0.0, 0.0
3.986191749572754, 0.7595744729042053, 0.0, 2.623875379562378, -0.06817898541692634, 0.0, 0.0
3.9962213039398193, 0.7595744729042053, 0.0, 2.63082218170166, -0.24429946795034202, 0.0, 0.0
4.006196737289429, 0.7595744729042053, 0.0, 2.6248607635498047, -1.8825301204819278, 0.0, 0.0
4.016195774078369, 0.7595744729042053, 0.0, 2.6290011405944824, 1.5216902526120883, 0.0, 0.0
4.026216745376587, 0.7595744729042053, 0.0, 2.618823289871216, 0.4928586214034361, 0.0, 0.0
4.036224126815796, 0.7595744729042053, 0.0, 2.617103099822998, 0.0377124183006536, 0.0, 0.0
4.046210765838623, 0.7595744729042053, 0.0, 2.6116013526916504, -0.10230383973288815, 0.0, 0.0
4.056190729141235, 0.7595744729042053, 0.0, 2.6270482540130615, 1.708798745835783, 0.0, 0.0
4.066190242767334, 0.7595744729042053, 0.0, 2.6260263919830322, 2.9315216656526735, 0.0, 0.0
4.076232194900513, 0.7595744729042053, 0.0, 2.6111156940460205, 0.2119250425894378, 0.0, 0.0
4.08622670173645, 0.7595744729042053, 0.0, 2.6262097358703613, -0.5583196586806695, 0.0, 0.0
4.096195220947266, 0.7595744729042053, 0.0, 2.6262831687927246, -0.40593260240801776, 0.0, 0.0
4.106207609176636, 0.7595744729042053, 0.0, 2.6277804374694824, 0.06389391199517781, 0.0, 0.0
4.116213321685791, 0.7595744729042053, 0.0, 2.6122517585754395, -2.2339728591483388, 0.0, 0.0
4.126218557357788, 0.7595744729042053, 0.0, 2.6266024112701416, -0.10672645739910314, 0.0, 0.0
4.136219263076782, 0.7595744729042053, 0.0, 2.626014471054077, -0.16450851565988392, 0.0, 0.0
4.146233558654785, 0.7595744729042053, 0.0, 2.6125478744506836, -0.9011117211089761, 0.0, 0.0
4.156247854232788, 0.7595744729042053, 0.0, 2.617290496826172, 0.6645730322063343, 0.0, 0.0
4.166194200515747, 0.7595744729042053, 0.0, 2.617403507232666, 0.1035507078208401, 0.0, 0.0
4.176226377487183, 0.7595744729042053, 0.0, 2.6177892684936523, 0.1824757312353277, 0.0, 0.0
4.186230182647705, 0.7595744729042053, 0.0, 2.624929904937744, 2.0838563571659656, 0.0, 0.0
4.196194410324097, 0.7595744729042053, 0.0, 2.6234841346740723, -0.26635758129815856, 0.0, 0.0
4.206193923950195, 0.7595744729042053, 0.0, 2.6253156661987305, -0.3097714474991719, 0.0, 0.0
4.21621561050415, 0.7595744729042053, 0.0, 2.6224958896636963, -1.196141032759578, 0.0, 0.0
4.226237773895264, 0.7595744729042053, 0.0, 2.6238696575164795, 0.05988217776914611, 0.0, 0.0
4.236206531524658, 0.7595744729042053, 0.0, 2.6207401752471924, -1.0164996250085225, 0.0, 0.0
4.2461934089660645, 0.7595744729042053, 0.0, 2.620347261428833, 1.2248412230733976, 0.0, 0.0
4.256200075149536, 0.7595744729042053, 0.0, 2.626302480697632, 2.1209835149483096, 0.0, 0.0
4.26625657081604, 0.7595744729042053, 0.0, 2.613476514816284, -3.1914365130995326, 0.0, 0.0
4.276201009750366, 0.7595744729042053, 0.0, 2.615119695663452, 0.056722010465792366, 0.0, 0.0
4.286221504211426, 0.7595744729042053, 0.0, 2.617861032485962, 0.14468713105076741, 0.0, 0.0
4.296206712722778, 0.7595744729042053, 0.0, 2.6341967582702637, 2.7373718192176226, 0.0, 0.0
4.306215524673462, 0.7595744729042053, 0.0, 2.623807907104492, -0.061909416748126424, 0.0, 0.0
4.316202640533447, 0.7595744729042053, 0.0, 2.618421792984009, -1.6077493261455527, 0.0, 0.0
4.326223373413086, 0.7595744729042053, 0.0, 2.6188197135925293, 0.06152263374485597, 0.0, 0.0
4.336209535598755, 0.7595744729042053, 0.0, 2.6143670082092285, -3.939637148445404, 0.0, 0.0
4.3462073802948, 0.7595744729042053, 0.0, 2.6132941246032715, -0.27884100642398285, 0.0, 0.0
4.356196403503418, 0.7595744729042053, 0.0, 2.6252284049987793, 2.3136070580251102, 0.0, 0.0
4.366222381591797, 0.7595744729042053, 0.0, 2.6285271644592285, -1.1250303177298084, 0.0, 0.0
4.376211404800415, 0.7595744729042053, 0.0, 2.618922233581543, -2.8304438486744115, 0.0, 0.0
4.386228561401367, 0.7595744729042053, 0.0, 2.622276544570923, 0.9745866845397676, 0.0, 0.0
4.396198034286499, 0.7595744729042053, 0.0, 2.6135141849517822, 0.10590361445783132, 0.0, 0.0
4.40619421005249, 0.7595744729042053, 0.0, 2.6128852367401123, 1.9146349982535802, 0.0, 0.0
4.416225910186768, 0.7595744729042053, 0.0, 2.6263527870178223, -2.897591594459985, 0.0, 0.0
4.426194190979004, 0.7595744729042053, 0.0, 2.6228156089782715, -1.5819600457388847, 0.0, 0.0
4.436219692230225, 0.757446825504303, -0.5983238350653705, 2.6212663650512695, -0.9618270369882849, 0.0, 0.0
4.44621467590332, 0.7595744729042053, 0.0, 2.6134064197540283, -0.032562559391827686, 0.0, 0.0
4.456202268600464, 0.7595744729042053, 0.0, 2.623284101486206, 2.3999466025897744, 0.0, 0.0
4.466187953948975, 0.7595744729042053, 0.5824304921028587, 2.6177659034729004, -0.8749326145552561, 0.0, 0.0
4.476190805435181, 0.757446825504303, 0.0, 2.626131534576416, -0.8036511156186612, 0.0, 0.0
4.486229419708252, 0.757446825504303, 0.0, 2.6151320934295654, -4.666644951140065, 0.0, 0.0
4.4962317943573, 0.757446825504303, 0.0, 2.6173269748687744, 0.5615970580509587, 0.0, 0.0
4.506239891052246, 0.757446825504303, 0.0, 2.620983839035034, -1.4944996333088874, 0.0, 0.0
4.5161967277526855, 0.757446825504303, 0.0, 2.6205673217773438, -0.9035915492957747, 0.0, 0.0
4.526196002960205, 0.757446825504303, 0.0, 2.6151208877563477, 0.16428247783028027, 0.0, 0.0
4.536222457885742, 0.757446825504303, 0.0, 2.619096517562866, -1.237921664788919, 0.0, 0.0
4.546191692352295, 0.757446825504303, 0.0, 2.629300594329834, 5.148232458489556, 0.0, 0.0
4.556220293045044, 0.757446825504303, 0.0, 2.620110273361206, -0.49557837683639994, 0.0, 0.0
4.566197633743286, 0.757446825504303, 0.0, 2.631274700164795, 1.1441982979873024, 0.0, 0.0
4.576201677322388, 0.757446825504303, 0.0, 2.6254794597625732, 0.3315985130111524, 0.0, 0.0
4.5862486362457275, 0.757446825504303, 0.0, 2.62729549407959, 5.003219493718831, 0.0, 0.0
4.59621787071228, 0.757446825504303, 0.0, 2.6256844997406006, -0.2760962359332557, 0.0, 0.0
4.6062541007995605, 0.757446825504303, 0.0, 2.631398916244507, 2.2910059621971333, 0.0, 0.0
4.61619234085083, 0.757446825504303, 0.0, 2.6348788738250732, -0.029901863926760194, 0.0, 0.0
4.626197576522827, 0.757446825504303, 0.0, 2.6145639419555664, -1.5998325389668941, 0.0, 0.0
4.636202096939087, 0.757446825504303, 0.0, 2.631784439086914, 0.7775202780996524, 0.0, 0.0
4.646197557449341, 0.757446825504303, 0.0, 2.633436679840088, 0.07133864876206462, 0.0, 0.0
4.656248092651367, 0.757446825504303, 0.0, 2.6188316345214844, -4.060718635809987, 0.0, 0.0
4.66620659828186, 0.757446825504303, 0.0, 2.6151649951934814, -3.2916030534351144, 0.0, 0.0
4.676198482513428, 0.757446825504303, 0.0, 2.6290085315704346, 1.563244000254631, 0.0, 0.0
4.686224460601807, 0.757446825504303, 0.0, 2.6274313926696777, -1.3591086983966671, 0.0, 0.0
4.696191310882568, 0.757446825504303, 0.0, 2.6238062381744385, -4.244500354815818, 0.0, 0.0
4.706210613250732, 0.757446825504303, 0.0, 2.620854377746582, -1.0848352351498347, 0.0, 0.0
4.7162110805511475, 0.757446825504303, 0.0, 2.6165051460266113, 0.5034749034749034, 0.0, 0.0
4.726197004318237, 0.757446825504303, 0.0, 2.634852170944214, 3.0196482638665207, 0.0, 0.0
4.736219167709351, 0.757446825504303, 0.0, 2.6390347480773926, 0.04605793518568281, 0.0, 0.0
4.746229648590088, 0.757446825504303, 0.0, 2.6239233016967773, -0.7197791362650365, 0.0, 0.0
4.756213665008545, 0.757446825504303, 0.0, 2.6162109375, -0.8051360479194545, 0.0, 0.0
4.766209840774536, 0.757446825504303, 0.0, 2.616891622543335, -0.038334946757018394, 0.0, 0.0
4.776233673095703, 0.757446825504303, 0.0, 2.6457579135894775, 1.6739970678395308, 0.0, 0.0
4.78619647026062, 0.757446825504303, 0.0, 2.6315534114837646, -6.367769157479243, 0.0, 0.0
4.796205043792725, 0.757446825504303, 0.0, 2.6220829486846924, -0.5371249081066631, 0.0, 0.0
4.806203603744507, 0.757446825504303, 0.0, 2.6182496547698975, 0.31503378378378377, 0.0, 0.0
4.816213607788086, 0.757446825504303, 0.5952905076379161, 2.6228463649749756, -0.004564654585093337, 0.0, 0.0
4.8262035846710205, 0.7553191781044006, -0.5789917602024265, 2.6371004581451416, 0.068863240698949, 0.0, 0.0
4.836237907409668, 0.7553191781044006, 0.0, 2.6390247344970703, -1.8405976726571645, 0.0, 0.0
4.846198797225952, 0.7553191781044006, 0.0, 2.622206211090088, -1.9337714494341, 0.0, 0.0
4.856199502944946, 0.7553191781044006, 0.0, 2.621187925338745, 0.018154311649016642, 0.0, 0.0
4.866186857223511, 0.7553191781044006, 0.0, 2.6397345066070557, 4.4822483243745435, 0.0, 0.0
4.876205205917358, 0.7553191781044006, 0.0, 2.6359360218048096, 0.13482629539633545, 0.0, 0.0
4.886195659637451, 0.7553191781044006, 0.0, 2.6462090015411377, -0.16509785332159546, 0.0, 0.0
4.8961920738220215, 0.7553191781044006, 0.0, 2.6363394260406494, -4.17941658472632, 0.0, 0.0
4.906195163726807, 0.7553191781044006, 0.0, 2.627058506011963, -0.6114248620577735, 0.0, 0.0
4.916197299957275, 0.7553191781044006, 0.0, 2.6226911544799805, 0.42829814852770376, 0.0, 0.0
4.9262003898620605, 0.7553191781044006, 0.0, 2.6257922649383545, 1.9386431085651183, 0.0, 0.0
4.9362053871154785, 0.7553191781044006, 0.0, 2.647892713546753, 2.6842430060340097, 0.0, 0.0
4.946204423904419, 0.7553191781044006, 0.0, 2.647463798522949, 0.9573137200989826, 0.0, 0.0
4.956214904785156, 0.7553191781044006, 0.0, 2.6470770835876465, -0.4927014466191006, 0.0, 0.0
4.9662041664123535, 0.7553191781044006, 0.0, 2.6470189094543457, 0.4295740051933469, 0.0, 0.0
4.976222038269043, 0.7553191781044006, 0.0, 2.631039619445801, -1.573373853076968, 0.0, 0.0
4.986203193664551, 0.7553191781044006, 0.0, 2.6359541416168213, -0.1517149559373613, 0.0, 0.0
4.996198654174805, 0.7553191781044006, 0.0, 2.635197162628174, 0.04004750280398496, 0.0, 0.0
5.006200075149536, 0.7553191781044006, 0.0, 2.6399800777435303, -1.1342583415923357, 0.0, 0.0
5.016232967376709, 0.7553191781044006, 0.0, 2.640216827392578, 1.7166145904089118, 0.0, 0.0
5.0262062549591064, 0.7553191781044006, 0.0, 2.648468255996704, 6.038769384692346, 0.0, 0.0
5.036204814910889, 0.7553191781044006, 0.0, 2.643585681915283, -1.438455521581455, 0.0, 0.0
5.04620885848999, 0.7553191781044006, 0.0, 2.6442718505859375, 0.37620984710338057, 0.0, 0.0
5.056218385696411, 0.7553191781044006, 0.0, 2.644413948059082, -0.0496222307593802, 0.0, 0.0
5.066232681274414, 0.7553191781044006, 0.0, 2.648031234741211, -0.3182928484190528, 0.0, 0.0
5.076241970062256, 0.7553191781044006, 0.0, 2.649062156677246, 0.07763340149066685, 0.0, 0.0
5.086209535598755, 0.7553191781044006, 0.0, 2.6484460830688477, -0.20008360039013515, 0.0, 0.0
5.096195459365845, 0.7553191781044006, 0.0, 2.648101806640625, -0.12292629861299972, 0.0, 0.0
5.106194734573364, 0.7553191781044006, 0.0, 2.6496498584747314, 0.6067937939990431, 0.0, 0.0
5.116230487823486, 0.7553191781044006, 0.0, 2.6496095657348633, 0.4529602864151694, 0.0, 0.0
5.126205205917358, 0.7553191781044006, 0.0, 2.6495330333709717, 0.259418309584228, 0.0, 0.0
5.136205196380615, 0.7553191781044006, 0.0, 2.6490304470062256, -0.07250883392226148, 0.0, 0.0
5.146199464797974, 0.7553191781044006, 0.0, 2.6488356590270996, -0.20828968046097432, 0.0, 0.0
5.156228542327881, 0.7553191781044006, 0.0, 2.649488687515259, 0.07984838128378799, 0.0, 0.0
5.166228532791138, 0.7553191781044006, 0.0, 2.649235963821411, -0.05070202808112324, 0.0, 0.0
5.176201105117798, 0.7553191781044006, 0.0, 2.6507327556610107, -1.1511992324912057, 0.0, 0.0
5.186230421066284, 0.7553191781044006, 0.0, 2.6508538722991943, -0.8526525387569336, 0.0, 0.0
5.196229457855225, 0.7553191781044006, 0.0, 2.6566569805145264, 0.16867048790717182, 0.0, 0.0
5.206228017807007, 0.7553191781044006, 0.0, 2.653475522994995, -0.8631757819875385, 0.0, 0.0
5.216201066970825, 0.7553191781044006, 0.0, 2.654115676879883, 0.2632343234323432, 0.0, 0.0
5.226193904876709, 0.7553191781044006, 0.0, 2.653508186340332, 0.268873637464675, 0.0, 0.0
5.236225843429565, 0.7553191781044006, 0.0, 2.6360085010528564, 0.7726189665736265, 0.0, 0.0
5.2461934089660645, 0.7553191781044006, 0.0, 2.6507022380828857, 2.8112125858276116, 0.0, 0.0
5.256220579147339, 0.7553191781044006, 0.0, 2.6583147048950195, -0.9844380403458213, 0.0, 0.0
5.266199827194214, 0.7553191781044006, 0.0, 2.658639430999756, 0.09958533108721006, 0.0, 0.0
5.276216506958008, 0.7553191781044006, 0.0, 2.657686710357666, 1.833577763810322, 0.0, 0.0
5.286189556121826, 0.7553191781044006, 0.0, 2.659830093383789, -0.08919371458011334, 0.0, 0.0
5.296194553375244, 0.7553191781044006, 0.0, 2.658627986907959, 2.3095733960362783, 0.0, 0.0
5.306218385696411, 0.7553191781044006, 0.0, 2.649059295654297, 0.28991677956260886, 0.0, 0.0
5.3162267208099365, 0.7553191781044006, 0.0, 2.655688524246216, 2.091369304852451, 0.0, 0.0
5.326213359832764, 0.7553191781044006, -0.5864108292811144, 2.6584856510162354, 1.9861139753901147, 0.0, 0.0
5.336195945739746, 0.757446825504303, 0.0, 2.6572940349578857, 0.6480385409497591, 0.0, 0.0
5.346214532852173, 0.757446825504303, 0.0, 2.654324531555176, -1.5468391404131023, 0.0, 0.0
5.356208324432373, 0.7553191781044006, 0.0, 2.6559805870056152, 0.44402813383290607, 0.0, 0.0
5.366223573684692, 0.7553191781044006, 0.0, 2.6505351066589355, -0.015804030027657054, 0.0, 0.0
5.376190900802612, 0.757446825504303, 0.0, 2.662405252456665, -0.18005678971104058, 0.0, 0.0
5.386194944381714, 0.757446825504303, 0.0, 2.6571643352508545, -6.0919232485497545, 0.0, 0.0
5.3962249755859375, 0.757446825504303, 0.0, 2.658008337020874, 0.032356687898089175, 0.0, 0.0
5.4062278270721436, 0.757446825504303, 0.0, 2.6537137031555176, -1.5978927714057083, 0.0, 0.0
5.416199684143066, 0.757446825504303, 0.0, 2.66525936126709, 3.0425338779744537, 0.0, 0.0
5.426194190979004, 0.757446825504303, 0.0, 2.6631550788879395, 0.25187646117878676, 0.0, 0.0
5.436206102371216, 0.757446825504303, 0.0, 2.6794354915618896, -0.16735966735966737, 0.0, 0.0
5.446230173110962, 0.757446825504303, 0.0, 2.6628856658935547, -1.9047393685349199, 0.0, 0.0
5.456228256225586, 0.757446825504303, 0.0, 2.6543385982513428, -0.07658657199010968, 0.0, 0.0
5.466196537017822, 0.757446825504303, 0.0, 2.6645898818969727, -0.7517377718257764, 0.0, 0.0
5.476198196411133, 0.757446825504303, 0.0, 2.667201280593872, -0.782756468058542, 0.0, 0.0
5.486203908920288, 0.757446825504303, 0.0, 2.6795663833618164, 0.5104904106062557, 0.0, 0.0
5.496224403381348, 0.757446825504303, 0.0, 2.6654701232910156, 0.12343782727082316, 0.0, 0.0
5.506228923797607, 0.757446825504303, 0.0, 2.668241262435913, 4.281320669380371, 0.0, 0.0
5.516198396682739, 0.757446825504303, 0.0, 2.673233985900879, 2.4454206789906516, 0.0, 0.0
5.526196241378784, 0.757446825504303, 0.0, 2.6846892833709717, 2.7875477162037647, 0.0, 0.0
5.536232233047485, 0.757446825504303, 0.0, 2.6681363582611084, 0.2153954802259887, 0.0, 0.0
5.546194076538086, 0.757446825504303, 0.0, 2.6700785160064697, 0.7715756951596292, 0.0, 0.0
5.5562169551849365, 0.757446825504303, 0.0, 2.6663639545440674, -0.6586177641454023, 0.0, 0.0
5.566234827041626, 0.757446825504303, 0.0, 2.674405336380005, 1.5958632172131149, 0.0, 0.0
5.576228618621826, 0.757446825504303, 0.0, 2.664759397506714, -1.6346166545598626, 0.0, 0.0
5.586205959320068, 0.757446825504303, 0.0, 2.6707494258880615, 0.7265059440791658, 0.0, 0.0
5.59626841545105, 0.757446825504303, 0.0, 2.6756818294525146, 1.539558232931727, 0.0, 0.0
5.606199502944946, 0.757446825504303, 0.0, 2.6738979816436768, -1.2059480042016806, 0.0, 0.0
5.616205215454102, 0.757446825504303, 0.0, 2.665771484375, -1.3691742155704345, 0.0, 0.0
5.626272916793823, 0.757446825504303, 0.0, 2.668680191040039, 0.8051657514744763, 0.0, 0.0
5.636232852935791, 0.757446825504303, 0.0, 2.673326253890991, 1.1283702455464613, 0.0, 0.0
5.646205902099609, 0.757446825504303, 0.0, 2.6685283184051514, -4.3001073842460995, 0.0, 0.0
5.656204462051392, 0.757446825504303, 0.0, 2.673349142074585, 1.4967329067025934, 0.0, 0.0
5.666206359863281, 0.757446825504303, 0.0, 2.6720104217529297, 0.2137384585161417, 0.0, 0.0
5.676237344741821, 0.757446825504303, 0.0, 2.663105010986328, -1.8026664981675724, 0.0, 0.0
5.686246871948242, 0.7595744729042053, 0.0, 2.6902341842651367, -1.8905180840664713, 0.0, 0.0
5.696197032928467, 0.7595744729042053, 0.0, 2.6662094593048096, -1.4409620537105114, 0.0, 0.0
5.706202507019043, 0.7595744729042053, 0.0, 2.669001817703247, -1.5469441371681416, 0.0, 0.0
5.716229677200317, 0.7595744729042053, 0.6317428854594365, 2.6647961139678955, -2.870145209476829, 0.0, 0.0
5.726234436035156, 0.7595744729042053, 0.0, 2.689995050430298, 0.9974943784131063, 0.0, 0.0
5.736210107803345, 0.7595744729042053, 0.0, 2.691870927810669, -0.28170817593956077, 0.0, 0.0
5.746212959289551, 0.7595744729042053, 0.0, 2.6737465858459473, -1.520552364973866, 0.0, 0.0
5.756318807601929, 0.7595744729042053, 0.0, 2.676957607269287, 3.9183081069873524, 0.0, 0.0
5.7661964893341064, 0.7595744729042053, 0.0, 2.6773595809936523, -0.3653975063681459, 0.0, 0.0
5.776237964630127, 0.7595744729042053, 0.0, 2.6938397884368896, 0.028933883264591925, 0.0, 0.0
5.786216735839844, 0.7595744729042053, 0.0, 2.6975221633911133, 1.0541751978307785, 0.0, 0.0
5.796239614486694, 0.7595744729042053, 0.0, 2.681657075881958, -0.6300717466600693, 0.0, 0.0
5.806214332580566, 0.7595744729042053, 0.0, 2.6776864528656006, 0.13469414288500292, 0.0, 0.0
5.8162078857421875, 0.7595744729042053, 0.0, 2.6890506744384766, 2.398596407755442, 0.0, 0.0
5.826201677322388, 0.7595744729042053, 0.0, 2.6904354095458984, 0.8261681080072171, 0.0, 0.0
5.836216926574707, 0.7595744729042053, 0.0, 2.6936745643615723, 0.4150739271547061, 0.0, 0.0
5.8462073802948, 0.7595744729042053, 0.0, 2.6744041442871094, -3.498929336188437, 0.0, 0.0
5.856201648712158, 0.7595744729042053, 0.0, 2.6756532192230225, -3.382019626464071, 0.0, 0.0
5.866194725036621, 0.7595744729042053, 0.0, 2.67948579788208, -0.9774160989149634, 0.0, 0.0
5.876199007034302, 0.7595744729042053, 0.0, 2.689822196960449, 0.830974470102255, 0.0, 0.0
5.886207342147827, 0.7595744729042053, 0.0, 2.692403793334961, -0.6083364626361246, 0.0, 0.0
5.896196603775024, 0.7595744729042053, 0.0, 2.686140775680542, -1.8987697495784674, 0.0, 0.0
5.9061973094940186, 0.7595744729042053, 0.0, 2.6796183586120605, -1.728436789080273, 0.0, 0.0
5.916221618652344, 0.7595744729042053, 0.0, 2.6846678256988525, 1.6133626828952479, 0.0, 0.0
5.926217555999756, 0.7595744729042053, 0.0, 2.6842737197875977, 1.3344598986091252, 0.0, 0.0
5.936201572418213, 0.7595744729042053, 0.0, 2.687678575515747, -1.1112476507156281, 0.0, 0.0
5.946191787719727, 0.7595744729042053, 0.0, 2.6917171478271484, 0.3184880743835063, 0.0, 0.0
5.95621919631958, 0.7595744729042053, 0.0, 2.6970553398132324, 0.5587815326035221, 0.0, 0.0
5.966222286224365, 0.7595744729042053, 0.0, 2.697092056274414, 0.3276832503073041, 0.0, 0.0
5.976190805435181, 0.7595744729042053, 0.0, 2.687587261199951, 0.03253631001458743, 0.0, 0.0
5.986203670501709, 0.7595744729042053, 0.0, 2.683978796005249, -0.18547442405310427, 0.0, 0.0
5.99625825881958, 0.7595744729042053, 0.0, 2.6854631900787354, 0.36580368783758616, 0.0, 0.0
6.006200075149536, 0.7595744729042053, 0.0, 2.6838412284851074, -2.018716753135877, 0.0, 0.0
6.016212224960327, 0.7595744729042053, 0.0, 2.6865642070770264, 0.02992021276595745, 0.0, 0.0
6.026216983795166, 0.7595744729042053, 0.0, 2.691441774368286, 1.1816900506118264, 0.0, 0.0
6.036221981048584, 0.7595744729042053, 0.0, 2.6881210803985596, -1.1055143826152494, 0.0, 0.0
6.04620885848999, 0.7595744729042053, 0.0, 2.696916341781616, 2.0353000504286434, 0.0, 0.0
6.056233644485474, 0.7595744729042053, 0.0, 2.6985507011413574, -0.05235533394567642, 0.0, 0.0
6.066208600997925, 0.7595744729042053, 0.0, 2.698883056640625, 0.053403943086837234, 0.0, 0.0
6.076190710067749, 0.7595744729042053, 0.0, 2.7025270462036133, 1.3758123953098826, 0.0, 0.0
6.086193799972534, 0.7595744729042053, 0.0, 2.702371835708618, 0.9513911946344379, 0.0, 0.0
6.096198081970215, 0.7595744729042053, 0.0, 2.699843406677246, -1.0765147225368064, 0.0, 0.0
6.106191396713257, 0.7595744729042053, 0.0, 2.6988182067871094, -0.8145416227608009, 0.0, 0.0
6.116195440292358, 0.7595744729042053, 0.0, 2.704394578933716, 0.5726242256491367, 0.0, 0.0
6.126201391220093, 0.7595744729042053, 0.0, 2.6991560459136963, -0.10343228200371057, 0.0, 0.0
6.136204719543457, 0.7595744729042053, 0.0, 2.6989946365356445, -0.8928963247394405, 0.0, 0.0
6.1462082862854, 0.7595744729042053, 0.0, 2.7004337310791016, 0.37552715240381496, 0.0, 0.0
6.156188249588013, 0.7595744729042053, 0.0, 2.7030961513519287, 1.472238885556222, 0.0, 0.0
6.166198492050171, 0.7595744729042053, 0.0, 2.7021994590759277, -0.13809836065573772, 0.0, 0.0
6.1761932373046875, 0.7595744729042053, 0.0, 2.7033183574676514, -0.02029122286638803, 0.0, 0.0
6.186211347579956, 0.7595744729042053, 0.0, 2.7034080028533936, -0.010609527771999168, 0.0, 0.0
6.196195840835571, 0.7595744729042053, 0.0, 2.7038052082061768, -0.11673539976054277, 0.0, 0.0
6.206247091293335, 0.7595744729042053, 0.0, 2.701218366622925, -0.06257027581189233, 0.0, 0.0
6.216232538223267, 0.7595744729042053, 0.0, 2.700099468231201, 0.5973491185175653, 0.0, 0.0
6.226200580596924, 0.7595744729042053, 0.0, 2.7044904232025146, 1.0809472839175809, 0.0, 0.0
6.236229419708252, 0.7595744729042053, 0.0, 2.7115824222564697, -0.06664941115568784, 0.0, 0.0
6.246222496032715, 0.7595744729042053, 0.0, 2.706833839416504, -1.511290005890438, 0.0, 0.0
6.256201267242432, 0.7595744729042053, 0.0, 2.7110962867736816, 0.45038456688942125, 0.0, 0.0
6.266202211380005, 0.7595744729042053, 0.0, 2.712801218032837, -0.3776892430278884, 0.0, 0.0
6.276197195053101, 0.7595744729042053, 0.0, 2.709568500518799, -0.13850263716692923, 0.0, 0.0
6.2861950397491455, 0.7595744729042053, 0.0, 2.7083382606506348, 0.8415300546448088, 0.0, 0.0
6.296213388442993, 0.7595744729042053, 0.0, 2.710279703140259, 1.1141809445533286, 0.0, 0.0
6.306236982345581, 0.7595744729042053, 0.0, 2.7054600715637207, -1.0696773331551874, 0.0, 0.0
6.316189289093018, 0.7595744729042053, 0.0, 2.717344045639038, 0.057067297654673256, 0.0, 0.0
6.326235771179199, 0.7595744729042053, 0.0, 2.7107768058776855, -0.6759724794919291, 0.0, 0.0
6.336205720901489, 0.7595744729042053, 0.0, 2.7217957973480225, 1.7722422258592472, 0.0, 0.0
6.346199989318848, 0.7595744729042053, 0.0, 2.7078895568847656, -1.5035432273739624, 0.0, 0.0
6.356199741363525, 0.7595744729042053, 0.0, 2.7108805179595947, -0.7147540983606557, 0.0, 0.0
6.366201400756836, 0.7595744729042053, 0.0, 2.7220306396484375, 1.3037239722370528, 0.0, 0.0
6.37622332572937, 0.7595744729042053, 0.0, 2.7181317806243896, 0.9854492946795512, 0.0, 0.0
6.386203289031982, 0.7595744729042053, 0.0, 2.719580888748169, 1.3165803440117654, 0.0, 0.0
6.396199941635132, 0.7595744729042053, 0.0, 2.7223236560821533, -1.3080686149936467, 0.0, 0.0
6.406224250793457, 0.7595744729042053, 0.0, 2.716170310974121, 1.484026793765297, 0.0, 0.0
6.416239500045776, 0.7595744729042053, 0.0, 2.7243077754974365, 0.20373329923927636, 0.0, 0.0
6.426195383071899, 0.7595744729042053, 0.0, 2.709625720977783, -0.8557672883980877, 0.0, 0.0
6.436195373535156, 0.7595744729042053, 0.0, 2.7310280799865723, 0.5436304874764342, 0.0, 0.0
6.446221590042114, 0.7595744729042053, 0.0, 2.7331173419952393, 1.2301876955161626, 0.0, 0.0
6.456202268600464, 0.7595744729042053, 0.0, 2.7231359481811523, -1.450898836799436, 0.0, 0.0
6.466196537017822, 0.7595744729042053, 0.0, 2.7205183506011963, 0.5948039275477222, 0.0, 0.0
6.4761974811553955, 0.7595744729042053, 0.0, 2.7281510829925537, -0.4558139534883721, 0.0, 0.0
6.486258029937744, 0.7595744729042053, 0.0, 2.732731819152832, 0.5699408149328478, 0.0, 0.0
6.496232748031616, 0.7595744729042053, 0.0, 2.7318317890167236, -1.2134838793891136, 0.0, 0.0
6.506197929382324, 0.7595744729042053, 0.0, 2.7177295684814453, -1.5242102358946061, 0.0, 0.0
6.516207695007324, 0.7595744729042053, 0.0, 2.7256734371185303, 2.0823381935739262, 0.0, 0.0
6.526237487792969, 0.7595744729042053, 0.0, 2.7349250316619873, 1.8455944972158533, 0.0, 0.0
6.536224842071533, 0.7595744729042053, 0.0, 2.736990213394165, -1.0831887968137728, 0.0, 0.0
6.546199560165405, 0.757446825504303, -0.565597667638484, 2.720656633377075, -1.0900703271178787, 0.0, 0.0
6.556192636489868, 0.757446825504303, -0.6281410572253114, 2.7276034355163574, -0.097376457523598, 0.0, 0.0
6.56620454788208, 0.7595744729042053, 0.614685218349635, 2.738658905029297, 2.447388659721737, 0.0, 0.0
6.576227426528931, 0.7595744729042053, 0.0, 2.7380852699279785, 0.4324669218886426, 0.0, 0.0
6.586252450942993, 0.757446825504303, 0.0, 2.7266933917999268, -0.8761941899005654, 0.0, 0.0
6.596202850341797, 0.757446825504303, 0.0, 2.735927104949951, 0.6224194244160967, 0.0, 0.0
6.60621976852417, 0.757446825504303, 0.0, 2.7344133853912354, -1.097445600756859, 0.0, 0.0
6.616240978240967, 0.757446825504303, 0.0, 2.7364463806152344, -0.24800396113139817, 0.0, 0.0
6.626198768615723, 0.757446825504303, 0.0, 2.724299430847168, -1.1363275490529658, 0.0, 0.0
6.636202812194824, 0.757446825504303, 0.0, 2.741370439529419, 0.44251068107564717, 0.0, 0.0
6.646198272705078, 0.757446825504303, 0.0, 2.7341549396514893, -0.7048708770135516, 0.0, 0.0
6.6561970710754395, 0.757446825504303, 0.0, 2.7309882640838623, -0.13138297872340426, 0.0, 0.0
6.666231155395508, 0.757446825504303, 0.0, 2.7384345531463623, 2.120442057942058, 0.0, 0.0
6.676198482513428, 0.757446825504303, 0.0, 2.7402164936065674, -0.06690674753601213, 0.0, 0.0
6.6862101554870605, 0.757446825504303, 0.0, 2.7407312393188477, 0.19450010364126305, 0.0, 0.0
6.696209907531738, 0.757446825504303, 0.0, 2.7450404167175293, 2.5996112730806606, 0.0, 0.0
6.706225156784058, 0.757446825504303, 0.0, 2.7443995475769043, -0.11173071754904595, 0.0, 0.0
6.716202020645142, 0.757446825504303, 0.0, 2.7412211894989014, -0.02378160020849622, 0.0, 0.0
6.726251125335693, 0.757446825504303, 0.0, 2.741034984588623, -1.113314066805565, 0.0, 0.0
6.736203908920288, 0.757446825504303, 0.0, 2.7424020767211914, 0.3433366238894373, 0.0, 0.0
6.746191024780273, 0.757446825504303, 0.0, 2.7489213943481445, 0.20713222357558533, 0.0, 0.0
6.756217002868652, 0.757446825504303, 0.0, 2.7459864616394043, -0.7819621475473155, 0.0, 0.0
6.766234397888184, 0.757446825504303, 0.0, 2.744966506958008, 0.851590585362545, 0.0, 0.0
6.77619743347168, 0.757446825504303, 0.0, 2.7518370151519775, 0.613097320366613, 0.0, 0.0
6.786229610443115, 0.757446825504303, 0.0, 2.7490592002868652, -0.4979914474536737, 0.0, 0.0
6.796226263046265, 0.757446825504303, 0.0, 2.7492969036102295, 0.007125890736342043, 0.0, 0.0
6.806203842163086, 0.757446825504303, 0.0, 2.7607436180114746, 2.68257912634057, 0.0, 0.0
6.816195011138916, 0.757446825504303, 0.0, 2.7722222805023193, 2.993662290629244, 0.0, 0.0
