1.71661376953125e-05, 0.0, 0.0, 0.0, 0.0, 0.0, 0.0
0.0001163482666015625, 0.0, 0.0, 0.0, 0.0, 0.0, 0.0
0.005460500717163086, 0.0, 0.0, 0.0, 0.0, 0.0, 0.0
0.015480518341064453, 0.0, 0.0, 0.0, 0.0, 0.0, 0.0
0.02546215057373047, 0.0, 0.0, 0.0, 0.0, 0.0, 0.0
0.03545117378234863, 0.0, 0.0, 0.0, 0.0, 0.0, 0.0
0.04545855522155762, 0.0, 0.0, 0.0, 0.0, 0.0, 0.0
0.05543994903564453, 0.0, 0.0, 0.0, 0.0, 0.0, 0.0
0.06546926498413086, 0.0, 0.0, 0.0, 0.0, 0.0, 0.0
0.07544231414794922, 0.0, 0.0, 0.0, 0.0, 0.0, 0.0
0.0854644775390625, 0.0, 0.0, 0.0, 0.0, 0.0, 0.0
0.09544658660888672, 0.0, 0.0, 0.0, 0.0, 0.0, 0.0
0.10546445846557617, 0.0, 0.0, 0.0, 0.0, 0.0, 0.0
0.11544561386108398, 0.0, 0.0, 0.0, 0.0, 0.0, 0.0
0.12546300888061523, 0.0, 0.0, 0.0, 0.0, 0.0, 0.0
0.13544631004333496, 0.0, 0.0, 0.0, 0.0, 0.0, 0.0
0.14545822143554688, 0.0, 0.0, 0.0, 0.0, 0.0, 0.0
0.15545010566711426, 0.0, 0.0, 0.0, 0.0, 0.0, 0.0
0.16547083854675293, 0.0, 0.0, 0.0, 0.0, 0.0, 0.0
0.1754453182220459, 0.0, 0.0, 0.0, 0.0, 0.0, 0.0
0.18547368049621582, 0.0, 0.0, 0.0, 0.0, 0.0, 0.0
0.1955420970916748, 0.0, 0.0, 0.0, 0.0, 0.0, 0.0
0.2054738998413086, 0.0, 0.0, 0.0, 0.0, 0.0, 0.0
0.215437650680542, 0.0, 0.0, 0.0, 0.0, 0.0, 0.0
0.22553324699401855, 0.0, 0.0, 0.0, 0.0, 0.0, 0.0
0.23549795150756836, 0.0, 0.0, 0.0, 0.0, 0.0, 0.0
0.24553513526916504, 0.0, 0.0, 0.0, 0.0, 0.0, 0.0
0.25551629066467285, 0.0, 0.0, 0.0, 0.0, 0.0, 0.0
0.2655820846557617, 0.0, 0.0, 0.0, 0.0, 0.0, 0.0
0.27555322647094727, 0.0, 0.0, 0.0, 0.0, 0.0, 0.0
0.28557324409484863, 0.0, 0.0, 0.0, 0.0, 0.0, 0.0
0.29558300971984863, 0.0, 0.0, 0.0, 0.0, 0.0, 0.0
0.30558204650878906, 0.0, 0.0, 0.0, 0.0, 0.0, 0.0
0.3155238628387451, 0.0, 0.0, 0.0, 0.0, 0.0, 0.0
0.3254849910736084, 0.0, 0.0, 0.0, 0.0, 0.0, 0.0
0.3355567455291748, 0.0, 0.0, 0.0, 0.0, 0.0, 0.0
0.3455324172973633, 0.0, 0.0, 0.0, 0.0, 0.0, 0.0
0.35549211502075195, 0.0, 0.0, 0.0, 0.0, 0.0, 0.0
0.3654654026031494, 0.0, 0.0, 0.0, 0.0, 0.0, 0.0
0.3754870891571045, 0.0, 0.0, 0.0, 0.0, 0.0, 0.0
0.3854947090148926, 0.0, 0.0, 0.0, 0.0, 0.0, 0.0
0.39548802375793457, 0.0, 0.0, 0.0, 0.0, 0.0, 0.0
0.405475378036499, 0.0, 0.0, 0.0, 0.0, 0.0, 0.0
0.41550493240356445, 0.0, 0.0, 0.0, 0.0, 0.0, 0.0
0.4255027770996094, 0.0, 0.0, 0.0, 0.0, 0.0, 0.0
0.4354894161224365, 0.0, 0.0, 0.0, 0.0, 0.0, 0.0
0.4456205368041992, 0.0, 0.0, 0.0, 0.0, 0.0, 0.0
0.4555227756500244, 0.0, 0.0, 0.0, 0.0, 0.0, 0.0
0.4654979705810547, 0.0, 0.0, 0.0, 0.0, 0.0, 0.0
0.4755086898803711, 0.0, 0.0, 0.0, 0.0, 0.0, 0.0
0.48557138442993164, 0.0, 0.0, 0.0, 0.0, 0.0, 0.0
0.49549245834350586, 0.0, 0.0, 0.0, 0.0, 0.0, 0.0
0.5056247711181641, 0.0, 0.0, 0.0, 0.0, 0.0, 0.0
0.5155439376831055, 0.0, 0.0, 0.0, 0.0, 0.0, 0.0
0.5255444049835205, 0.0, 0.0, 0.0, 0.0, 0.0, 0.0
0.5355653762817383, 0.0, 0.0, 0.0, 0.0, 0.0, 0.0
0.5455477237701416, 0.0, 0.0, 0.0, 0.0, 0.0, 0.0
0.5554909706115723, 0.0, 0.0, 0.0, 0.0, 0.0, 0.0
0.5655245780944824, 0.0, 0.0, 0.0, 0.0, 0.0, 0.0
0.5754761695861816, 0.0, 0.0, 0.0, 0.0, 0.0, 0.0
0.5854549407958984, 0.0, 0.0, 0.0, 0.0, 0.0, 0.0
0.595451831817627, 0.0, 0.0, 0.0, 0.0, 0.0, 0.0
0.6055283546447754, 0.0, 0.0, 0.0, 0.0, 0.0, 0.0
0.6154999732971191, 0.0, 0.0, 0.0, 0.0, 0.0, 0.0
0.6254630088806152, 0.0, 0.0, 0.0, 0.0, 0.0, 0.0
0.6354870796203613, 0.0, 0.0, 0.0, 0.0, 0.0, 0.0
0.6454551219940186, 0.0, 0.0, 0.0, 0.0, 0.0, 0.0
0.6554558277130127, 0.0, 0.0, 0.0, 0.0, 0.0, 0.0
0.6654396057128906, 0.0, 0.0, 0.0, 0.0, 0.0, 0.0
0.6754591464996338, 0.0, 0.0, 0.0, 0.0, 0.0, 0.0
0.6854910850524902, 0.0, 0.0, 0.0, 0.0, 0.0, 0.0
0.6954531669616699, 0.0, 0.0, 0.0, 0.0, 0.0, 0.0
0.7054393291473389, 0.0, 0.0, 0.0, 0.0, 0.0, 0.0
0.7154750823974609, 0.0, 0.0, 0.0, 0.0, 0.0, 0.0
0.7254571914672852, 0.0, 0.0, 0.0, 0.0, 0.0, 0.0
0.7354428768157959, 0.0, 0.0, 0.0, 0.0, 0.0, 0.0
0.7454464435577393, 0.0, 0.0, 0.0, 0.0, 0.0, 0.0
0.7554807662963867, 0.0, 0.0, 0.0, 0.0, 0.0, 0.0
0.7654531002044678, 0.0, 0.0, 0.0, 0.0, 0.0, 0.0
0.7754676342010498, 0.0, 0.0, 0.0, 0.0, 0.0, 0.0
0.7855138778686523, 0.0, 0.0, 0.0, 0.0, 0.0, 0.0
0.7954964637756348, 0.0, 0.0, 0.0, 0.0, 0.0, 0.0
0.8055877685546875, 0.0, 0.0, 0.0, 0.0, 0.0, 0.0
0.8154754638671875, 0.0, 0.0, 0.0, 0.0, 0.0, 0.0
0.8255279064178467, 0.0, 0.0, 0.0, 0.0, 0.0, 0.0
0.8354883193969727, 0.0, 0.0, 0.0, 0.0, 0.0, 0.0
0.845494270324707, 0.0, 0.0, 0.0, 0.0, 0.0, 0.0
0.8555197715759277, 0.0, 0.0, 0.0, 0.0, 0.0, 0.0
0.8656187057495117, 0.0, 0.0, 0.0, 0.0, 0.0, 0.0
0.875572681427002, 0.0, 0.0, 0.0, 0.0, 0.0, 0.0
0.8854937553405762, 0.0, 0.0, 0.0, 0.0, 0.0, 0.0
0.8955104351043701, 0.0, 0.0, 0.0, 0.0, 0.0, 0.0
0.905517578125, 0.0, 0.0, 0.0, 0.0, 0.0, 0.0
0.915508508682251, 0.0, 0.0, 0.0, 0.0, 0.0, 0.0
0.9254944324493408, 0.0, 0.0, 0.0, 0.0, 0.0, 0.0
0.9354991912841797, 0.0, 0.0, 0.0, 0.0, 0.0, 0.0
0.9454877376556396, 0.0, 0.0, 0.0, 0.0, 0.0, 0.0
0.9555046558380127, 0.0, 0.0, 0.0, 0.0, 0.0, 0.0
0.9655921459197998, 0.0, 0.0, 0.0, 0.0, 0.0, 0.0
0.9755322933197021, 0.0, 0.0, 0.0, 0.0, 0.0, 0.0
0.9855635166168213, 0.0, 0.0, 0.0, 0.0, 0.0, 0.0
0.9955883026123047, 0.0, 0.0, 0.0, 0.0, 0.0, 0.0
1.0055091381072998, 0.0, 0.0, 0.0, 0.0, 0.0, 0.0
1.0155117511749268, 0.0, 0.0, 0.0, 0.0, 0.0, 0.0
1.0255143642425537, 0.0, 0.0, 0.0, 0.0, 0.0, 0.0
1.0355136394500732, 0.0, 0.0, 0.0, 0.0, 0.0, 0.0
1.0455121994018555, 0.0, 0.0, 0.0, 0.0, 0.0, 0.0
1.055487871170044, 0.0, 0.0, 0.0, 0.0, 0.0, 0.0
1.0654687881469727, 0.0, 0.0, 0.0, 0.0, 0.0, 0.0
1.075481653213501, 0.0, 0.0, 0.0, 0.0, 0.0, 0.0
1.0854802131652832, 0.0, 0.0, 0.0, 0.0, 0.0, 0.0
1.0955300331115723, 0.0, 0.0, 0.0, 0.0, 0.0, 0.0
1.1055426597595215, 0.0, 0.0, 0.0, 0.0, 0.0, 0.0
1.1155180931091309, 0.0, 0.0, 0.0, 0.0, 0.0, 0.0
1.12550687789917, 0.0, 0.0, 0.0, 0.0, 0.0, 0.0
1.1356711387634277, 0.0, 0.0, 0.0, 0.0, 0.0, 0.0
1.1455357074737549, 0.0, 0.0, 0.0, 0.0, 0.0, 0.0
1.1554815769195557, 0.0, 0.0, 0.0, 0.0, 0.0, 0.0
1.165497064590454, 0.0, 0.0, 0.0, 0.0, 0.0, 0.0
1.1755256652832031, 0.0, 0.0, 0.0, 0.0, 0.0, 0.0
1.1855132579803467, 0.0, 0.0, 0.0, 0.0, 0.0, 0.0
1.1955134868621826, 0.0, 0.0, 0.0, 0.0, 0.0, 0.0
1.205486536026001, 0.0, 0.0, 0.0, 0.0, 0.0, 0.0
1.2155263423919678, 0.0, 0.0, 0.0, 0.0, 0.0, 0.0
1.2255163192749023, 0.0, 0.0, 0.0, 0.0, 0.0, 0.0
1.2355921268463135, 0.0, 0.0, 0.0, 0.0, 0.0, 0.0
1.2455191612243652, 0.0, 0.0, 0.0, 0.0, 0.0, 0.0
1.2555468082427979, 0.0, 0.0, 0.0, 0.0, 0.0, 0.0
1.2655084133148193, 0.0, 0.0, 0.0, 0.0, 0.0, 0.0
1.275527000427246, 0.0, 0.0, 0.0, 0.0, 0.0, 0.0
1.285569429397583, 0.0, 0.0, 0.0, 0.0, 0.0, 0.0
1.2955410480499268, 0.0, 0.0, 0.0, 0.0, 0.0, 0.0
1.3056056499481201, 0.0, 0.0, 0.0, 0.0, 0.0, 0.0
1.3155300617218018, 0.0, 0.0, 0.0, 0.0, 0.0, 0.0
1.3255653381347656, 0.0, 0.0, 0.0, 0.0, 0.0, 0.0
1.3355538845062256, 0.0, 0.0, 0.0, 0.0, 0.0, 0.0
1.3455684185028076, 0.0, 0.0, 0.0, 0.0, 0.0, 0.0
1.3555569648742676, 0.0, 0.0, 0.0, 0.0, 0.0, 0.0
1.365614652633667, 0.0, 0.0, 0.0, 0.0, 0.0, 0.0
1.3754937648773193, 0.0, 0.0, 0.0, 0.0, 0.0, 0.0
1.3855383396148682, 0.0, 0.0, 0.0, 0.0, 0.0, 0.0
1.3954102993011475, 0.0, 0.0, 0.0, 0.0, 0.0, 0.0
1.4054486751556396, 0.0, 0.0, 0.0, 0.0, 0.0, 0.0
1.4154233932495117, 0.0, 0.0, 0.0, 0.0, 0.0, 0.0
1.425379991531372, 0.0, 0.0, 0.0, 0.0, 0.0, 0.0
1.4354026317596436, 0.0, 0.0, 0.0, 0.0, 0.0, 0.0
1.4454236030578613, 0.0, 0.0, 0.0, 0.0, 0.0, 0.0
1.4554693698883057, 0.0, 0.0, 0.0, 0.0, 0.0, 0.0
1.4654874801635742, 0.0, 0.0, 0.0, 0.0, 0.0, 0.0
1.475480079650879, 0.0, 0.0, 0.0, 0.0, 0.0, 0.0
1.4854743480682373, 0.0, 0.0, 0.0, 0.0, 0.0, 0.0
1.49546480178833, 0.0, 0.0, 0.0, 0.0, 0.0, 0.0
1.5054447650909424, 0.0, 0.0, 0.0, 0.0, 0.0, 0.0
1.5154361724853516, 0.0, 0.0, 0.0, 0.0, 0.0, 0.0
1.5254228115081787, 0.0, 0.0, 0.0, 0.0, 0.0, 0.0
1.5354399681091309, 0.0, 0.0, 0.0, 0.0, 0.0, 0.0
1.5454254150390625, 0.0, 0.0, 0.0, 0.0, 0.0, 0.0
1.5554251670837402, 0.0, 0.0, 0.0, 0.0, 0.0, 0.0
1.5654237270355225, 0.0, 0.0, 0.0, 0.0, 0.0, 0.0
1.5754401683807373, 0.0, 0.0, 0.0, 0.0, 0.0, 0.0
1.5854299068450928, 0.0, 0.0, 0.0, 0.0, 0.0, 0.0
1.5954437255859375, 0.0, 0.0, 0.0, 0.0, 0.0, 0.0
1.6054370403289795, 0.0, 0.0, 0.0, 0.0, 0.0, 0.0
1.6154353618621826, 0.0, 0.0, 0.0, 0.0, 0.0, 0.0
1.6254253387451172, 0.0, 0.0, 0.0, 0.0, 0.0, 0.0
1.6354560852050781, 0.8127659559249878, 0.0, -0.8676012754440308, -0.042509777248767214, 0.0, 0.0
1.6454219818115234, 0.8127659559249878, 0.0, -0.8625487685203552, -0.0838187787957422, 0.0, 0.0
1.6554157733917236, 0.8127659559249878, 0.0, -0.8620986342430115, -0.015321620011911853, 0.0, 0.0
1.6654210090637207, 0.8127659559249878, 0.0, -0.8740548491477966, -0.012177650429799427, 0.0, 0.0
1.6754448413848877, 0.8127659559249878, 0.0, -0.8737756013870239, -0.08589993130295397, 0.0, 0.0
1.6854181289672852, 0.8148936033248901, 0.5867964229352972, -0.8633976578712463, 0.6923027375201288, 0.0, 0.0
1.6954100131988525, 0.8127659559249878, -0.5919342000530645, -0.8746388554573059, 0.1541024640790586, 0.0, 0.0
1.7054238319396973, 0.8127659559249878, 0.0, -0.8687613010406494, 1.890244770172193, 0.0, 0.0
1.7154285907745361, 0.8127659559249878, 0.0, -0.8751139640808105, -0.03322655398037078, 0.0, 0.0
1.7254638671875, 0.8127659559249878, 0.0, -0.8722153306007385, 0.12039229489312683, 0.0, 0.0
1.73541259765625, 0.8148936033248901, 0.5906413395989145, -0.8713508248329163, 0.3597700761917605, 0.0, 0.0
1.7454156875610352, 0.8148936033248901, 0.0, -0.8718461394309998, 0.05037385587211551, 0.0, 0.0
1.7554144859313965, 0.8127659559249878, 0.0, -0.8722932934761047, 1.0311671087533156, 0.0, 0.0
1.765409231185913, 0.8127659559249878, 0.0, -0.8761856555938721, -1.0249487467760068, 0.0, 0.0
1.7754125595092773, 0.8148936033248901, 0.6470886810238561, -0.8719543218612671, 0.22171962075703844, 0.0, 0.0
1.7853975296020508, 0.8148936033248901, 0.6573364761343548, -0.8727490305900574, -0.07432298218896907, 0.0, 0.0
1.7954225540161133, 0.8127659559249878, 0.0, -0.8722665309906006, 0.8485877964295231, 0.0, 0.0
1.8054146766662598, 0.8148936033248901, 0.0, -0.8749971985816956, 0.10279386712095401, 0.0, 0.0
1.8154125213623047, 0.8148936033248901, 0.0, -0.8758195638656616, -1.297798512418648, 0.0, 0.0
1.8254282474517822, 0.8148936033248901, 0.0, -0.8722792863845825, 0.986737869571368, 0.0, 0.0
1.8354120254516602, 0.8148936033248901, 0.0, -0.8740493655204773, -0.612391882900865, 0.0, 0.0
1.8454539775848389, 0.8148936033248901, 0.0, -0.8740772008895874, 0.06949184091332133, 0.0, 0.0
