3.814697265625e-06, 0.0, 0.0, 0.0, 0.0, 0.0, 0.0
7.319450378417969e-05, 0.0, 0.0, 0.0, 0.0, 0.0, 0.0
0.005491971969604492, 0.0, 0.0, 0.0, 0.0, 0.0, 0.0
0.015506267547607422, 0.0, 0.0, 0.0, 0.0, 0.0, 0.0
0.025510549545288086, 0.0, 0.0, 0.0, 0.0, 0.0, 0.0
0.03551173210144043, 0.0, 0.0, 0.0, 0.0, 0.0, 0.0
0.04550981521606445, 0.0, 0.0, 0.0, 0.0, 0.0, 0.0
0.05550408363342285, 0.0, 0.0, 0.0, 0.0, 0.0, 0.0
0.06549620628356934, 0.0, 0.0, 0.0, 0.0, 0.0, 0.0
0.07554340362548828, 0.0, 0.0, 0.0, 0.0, 0.0, 0.0
0.08552718162536621, 0.0, 0.0, 0.0, 0.0, 0.0, 0.0
0.0954899787902832, 0.0, 0.0, 0.0, 0.0, 0.0, 0.0
0.10549402236938477, 0.0, 0.0, 0.0, 0.0, 0.0, 0.0
0.11548256874084473, 0.0, 0.0, 0.0, 0.0, 0.0, 0.0
0.12549448013305664, 0.0, 0.0, 0.0, 0.0, 0.0, 0.0
0.13546085357666016, 0.0, 0.0, 0.0, 0.0, 0.0, 0.0
0.1454908847808838, 0.0, 0.0, 0.0, 0.0, 0.0, 0.0
0.15549015998840332, 0.0, 0.0, 0.0, 0.0, 0.0, 0.0
0.16550755500793457, 0.0, 0.0, 0.0, 0.0, 0.0, 0.0
0.17551636695861816, 0.0, 0.0, 0.0, 0.0, 0.0, 0.0
0.18548250198364258, 0.0, 0.0, 0.0, 0.0, 0.0, 0.0
0.19551634788513184, 0.0, 0.0, 0.0, 0.0, 0.0, 0.0
0.20551371574401855, 0.0, 0.0, 0.0, 0.0, 0.0, 0.0
0.21551108360290527, 0.0, 0.0, 0.0, 0.0, 0.0, 0.0
0.22547674179077148, 0.0, 0.0, 0.0, 0.0, 0.0, 0.0
0.23551011085510254, 0.0, 0.0, 0.0, 0.0, 0.0, 0.0
0.2454993724822998, 0.0, 0.0, 0.0, 0.0, 0.0, 0.0
0.25549745559692383, 0.0, 0.0, 0.0, 0.0, 0.0, 0.0
0.2654683589935303, 0.0, 0.0, 0.0, 0.0, 0.0, 0.0
0.27550268173217773, 0.0, 0.0, 0.0, 0.0, 0.0, 0.0
0.2854931354522705, 0.0, 0.0, 0.0, 0.0, 0.0, 0.0
0.2955009937286377, 0.0, 0.0, 0.0, 0.0, 0.0, 0.0
0.3054831027984619, 0.0, 0.0, 0.0, 0.0, 0.0, 0.0
0.315507173538208, 0.0, 0.0, 0.0, 0.0, 0.0, 0.0
0.32550597190856934, 0.0, 0.0, 0.0, 0.0, 0.0, 0.0
0.3355531692504883, 0.0, 0.0, 0.0, 0.0, 0.0, 0.0
0.3455657958984375, 0.0, 0.0, 0.0, 0.0, 0.0, 0.0
0.3556077480316162, 0.0, 0.0, 0.0, 0.0, 0.0, 0.0
0.36556339263916016, 0.0, 0.0, 0.0, 0.0, 0.0, 0.0
0.3756372928619385, 0.0, 0.0, 0.0, 0.0, 0.0, 0.0
0.3856532573699951, 0.0, 0.0, 0.0, 0.0, 0.0, 0.0
0.3956422805786133, 0.0, 0.0, 0.0, 0.0, 0.0, 0.0
0.4056663513183594, 0.0, 0.0, 0.0, 0.0, 0.0, 0.0
0.41558027267456055, 0.0, 0.0, 0.0, 0.0, 0.0, 0.0
0.4256553649902344, 0.0, 0.0, 0.0, 0.0, 0.0, 0.0
0.4355297088623047, 0.0, 0.0, 0.0, 0.0, 0.0, 0.0
0.4455265998840332, 0.0, 0.0, 0.0, 0.0, 0.0, 0.0
0.45556092262268066, 0.0, 0.0, 0.0, 0.0, 0.0, 0.0
0.4654676914215088, 0.0, 0.0, 0.0, 0.0, 0.0, 0.0
0.4754936695098877, 0.0, 0.0, 0.0, 0.0, 0.0, 0.0
0.48551368713378906, 0.0, 0.0, 0.0, 0.0, 0.0, 0.0
0.49549245834350586, 0.0, 0.0, 0.0, 0.0, 0.0, 0.0
0.5055620670318604, 0.0, 0.0, 0.0, 0.0, 0.0, 0.0
0.515531063079834, 0.0, 0.0, 0.0, 0.0, 0.0, 0.0
0.5255634784698486, 0.0, 0.0, 0.0, 0.0, 0.0, 0.0
0.535574197769165, 0.0, 0.0, 0.0, 0.0, 0.0, 0.0
0.5455458164215088, 0.0, 0.0, 0.0, 0.0, 0.0, 0.0
0.5555498600006104, 0.0, 0.0, 0.0, 0.0, 0.0, 0.0
0.5654704570770264, 0.0, 0.0, 0.0, 0.0, 0.0, 0.0
0.5755681991577148, 0.0, 0.0, 0.0, 0.0, 0.0, 0.0
0.5855038166046143, 0.0, 0.0, 0.0, 0.0, 0.0, 0.0
0.5955989360809326, 0.0, 0.0, 0.0, 0.0, 0.0, 0.0
0.6055245399475098, 0.0, 0.0, 0.0, 0.0, 0.0, 0.0
0.6155145168304443, 0.0, 0.0, 0.0, 0.0, 0.0, 0.0
0.6256213188171387, 0.0, 0.0, 0.0, 0.0, 0.0, 0.0
0.6356189250946045, 0.0, 0.0, 0.0, 0.0, 0.0, 0.0
0.6456422805786133, 0.0, 0.0, 0.0, 0.0, 0.0, 0.0
0.6555666923522949, 0.0, 0.0, 0.0, 0.0, 0.0, 0.0
0.665503978729248, 0.0, 0.0, 0.0, 0.0, 0.0, 0.0
0.675612211227417, 0.0, 0.0, 0.0, 0.0, 0.0, 0.0
0.6855220794677734, 0.0, 0.0, 0.0, 0.0, 0.0, 0.0
0.6954920291900635, 0.0, 0.0, 0.0, 0.0, 0.0, 0.0
0.7054698467254639, 0.0, 0.0, 0.0, 0.0, 0.0, 0.0
0.7155508995056152, 0.0, 0.0, 0.0, 0.0, 0.0, 0.0
0.7255280017852783, 0.0, 0.0, 0.0, 0.0, 0.0, 0.0
0.735567569732666, 0.0, 0.0, 0.0, 0.0, 0.0, 0.0
0.7455673217773438, 0.0, 0.0, 0.0, 0.0, 0.0, 0.0
0.7556004524230957, 0.0, 0.0, 0.0, 0.0, 0.0, 0.0
0.7655811309814453, 0.0, 0.0, 0.0, 0.0, 0.0, 0.0
0.7754993438720703, 0.0, 0.0, 0.0, 0.0, 0.0, 0.0
0.785506010055542, 0.0, 0.0, 0.0, 0.0, 0.0, 0.0
0.7954955101013184, 0.0, 0.0, 0.0, 0.0, 0.0, 0.0
0.8054828643798828, 0.0, 0.0, 0.0, 0.0, 0.0, 0.0
0.815474271774292, 0.0, 0.0, 0.0, 0.0, 0.0, 0.0
0.8255100250244141, 0.0, 0.0, 0.0, 0.0, 0.0, 0.0
0.8355085849761963, 0.0, 0.0, 0.0, 0.0, 0.0, 0.0
0.8454997539520264, 0.0, 0.0, 0.0, 0.0, 0.0, 0.0
0.8554959297180176, 0.0, 0.0, 0.0, 0.0, 0.0, 0.0
0.8654956817626953, 0.0, 0.0, 0.0, 0.0, 0.0, 0.0
0.8755223751068115, 0.0, 0.0, 0.0, 0.0, 0.0, 0.0
0.8854949474334717, 0.0, 0.0, 0.0, 0.0, 0.0, 0.0
0.8954792022705078, 0.0, 0.0, 0.0, 0.0, 0.0, 0.0
0.9055056571960449, 0.0, 0.0, 0.0, 0.0, 0.0, 0.0
0.9154949188232422, 0.0, 0.0, 0.0, 0.0, 0.0, 0.0
0.9255936145782471, 0.0, 0.0, 0.0, 0.0, 0.0, 0.0
0.9355432987213135, 0.0, 0.0, 0.0, 0.0, 0.0, 0.0
0.9455323219299316, 0.0, 0.0, 0.0, 0.0, 0.0, 0.0
0.95552659034729, 0.0, 0.0, 0.0, 0.0, 0.0, 0.0
0.9655427932739258, 0.0, 0.0, 0.0, 0.0, 0.0, 0.0
0.9755301475524902, 0.0, 0.0, 0.0, 0.0, 0.0, 0.0
0.985558032989502, 0.0, 0.0, 0.0, 0.0, 0.0, 0.0
0.995553731918335, 0.0, 0.0, 0.0, 0.0, 0.0, 0.0
1.005525827407837, 0.0, 0.0, 0.0, 0.0, 0.0, 0.0
1.0155656337738037, 0.0, 0.0, 0.0, 0.0, 0.0, 0.0
1.0255935192108154, 0.0, 0.0, 0.0, 0.0, 0.0, 0.0
1.0355536937713623, 0.0, 0.0, 0.0, 0.0, 0.0, 0.0
1.0455291271209717, 0.0, 0.0, 0.0, 0.0, 0.0, 0.0
1.0555319786071777, 0.0, 0.0, 0.0, 0.0, 0.0, 0.0
1.0655183792114258, 0.0, 0.0, 0.0, 0.0, 0.0, 0.0
1.0754916667938232, 0.0, 0.0, 0.0, 0.0, 0.0, 0.0
1.0855250358581543, 0.0, 0.0, 0.0, 0.0, 0.0, 0.0
1.095543384552002, 0.0, 0.0, 0.0, 0.0, 0.0, 0.0
1.105560302734375, 0.0, 0.0, 0.0, 0.0, 0.0, 0.0
1.1155903339385986, 0.0, 0.0, 0.0, 0.0, 0.0, 0.0
1.1255297660827637, 0.0, 0.0, 0.0, 0.0, 0.0, 0.0
1.1355481147766113, 0.0, 0.0, 0.0, 0.0, 0.0, 0.0
1.1455457210540771, 0.0, 0.0, 0.0, 0.0, 0.0, 0.0
1.1556227207183838, 0.0, 0.0, 0.0, 0.0, 0.0, 0.0
1.1655774116516113, 0.0, 0.0, 0.0, 0.0, 0.0, 0.0
1.1755831241607666, 0.0, 0.0, 0.0, 0.0, 0.0, 0.0
1.1855700016021729, 0.0, 0.0, 0.0, 0.0, 0.0, 0.0
1.1955609321594238, 0.0, 0.0, 0.0, 0.0, 0.0, 0.0
1.2056245803833008, 0.0, 0.0, 0.0, 0.0, 0.0, 0.0
1.2155506610870361, 0.0, 0.0, 0.0, 0.0, 0.0, 0.0
1.2256214618682861, 0.0, 0.0, 0.0, 0.0, 0.0, 0.0
1.2356669902801514, 0.0, 0.0, 0.0, 0.0, 0.0, 0.0
1.2456552982330322, 0.0, 0.0, 0.0, 0.0, 0.0, 0.0
1.2555851936340332, 0.0, 0.0, 0.0, 0.0, 0.0, 0.0
1.2656183242797852, 0.0, 0.0, 0.0, 0.0, 0.0, 0.0
1.275609016418457, 0.0, 0.0, 0.0, 0.0, 0.0, 0.0
1.2855949401855469, 0.0, 0.0, 0.0, 0.0, 0.0, 0.0
1.2957329750061035, 0.0, 0.0, 0.0, 0.0, 0.0, 0.0
1.3056399822235107, 0.0, 0.0, 0.0, 0.0, 0.0, 0.0
1.315612554550171, 0.0, 0.0, 0.0, 0.0, 0.0, 0.0
1.3256304264068604, 0.0, 0.0, 0.0, 0.0, 0.0, 0.0
1.3356077671051025, 0.0, 0.0, 0.0, 0.0, 0.0, 0.0
1.345567226409912, 0.0, 0.0, 0.0, 0.0, 0.0, 0.0
1.3556005954742432, 0.0, 0.0, 0.0, 0.0, 0.0, 0.0
1.365572214126587, 0.0, 0.0, 0.0, 0.0, 0.0, 0.0
1.3755674362182617, 0.0, 0.0, 0.0, 0.0, 0.0, 0.0
1.3855993747711182, 0.0, 0.0, 0.0, 0.0, 0.0, 0.0
1.3956317901611328, 0.0, 0.0, 0.0, 0.0, 0.0, 0.0
1.4056344032287598, 0.0, 0.0, 0.0, 0.0, 0.0, 0.0
1.4156105518341064, 0.0, 0.0, 0.0, 0.0, 0.0, 0.0
1.4256069660186768, 0.0, 0.0, 0.0, 0.0, 0.0, 0.0
1.4356012344360352, 0.0, 0.0, 0.0, 0.0, 0.0, 0.0
1.4456086158752441, 0.0, 0.0, 0.0, 0.0, 0.0, 0.0
1.4556059837341309, 0.0, 0.0, 0.0, 0.0, 0.0, 0.0
1.4656169414520264, 0.0, 0.0, 0.0, 0.0, 0.0, 0.0
1.4756078720092773, 0.0, 0.0, 0.0, 0.0, 0.0, 0.0
1.485619306564331, 0.0, 0.0, 0.0, 0.0, 0.0, 0.0
1.4956040382385254, 0.0, 0.0, 0.0, 0.0, 0.0, 0.0
1.505573034286499, 0.0, 0.0, 0.0, 0.0, 0.0, 0.0
1.5155246257781982, 0.0, 0.0, 0.0, 0.0, 0.0, 0.0
1.5255892276763916, 0.0, 0.0, 0.0, 0.0, 0.0, 0.0
1.5356788635253906, 0.0, 0.0, 0.0, 0.0, 0.0, 0.0
1.5455312728881836, 0.0, 0.0, 0.0, 0.0, 0.0, 0.0
1.5556066036224365, 0.0, 0.0, 0.0, 0.0, 0.0, 0.0
1.5655434131622314, 0.0, 0.0, 0.0, 0.0, 0.0, 0.0
1.575549840927124, 0.0, 0.0, 0.0, 0.0, 0.0, 0.0
1.5856380462646484, 0.0, 0.0, 0.0, 0.0, 0.0, 0.0
1.5956122875213623, 0.0, 0.0, 0.0, 0.0, 0.0, 0.0
1.6055402755737305, 0.0, 0.0, 0.0, 0.0, 0.0, 0.0
1.6154990196228027, 0.0, 0.0, 0.0, 0.0, 0.0, 0.0
1.625497579574585, 0.0, 0.0, 0.0, 0.0, 0.0, 0.0
1.635514497756958, 0.0, 0.0, 0.0, 0.0, 0.0, 0.0
1.6454870700836182, 0.0, 0.0, 0.0, 0.0, 0.0, 0.0
1.6554961204528809, 0.0, 0.0, 0.0, 0.0, 0.0, 0.0
1.6654472351074219, 0.0, 0.0, 0.0, 0.0, 0.0, 0.0
1.6755023002624512, 0.0, 0.0, 0.0, 0.0, 0.0, 0.0
1.6855227947235107, 0.0, 0.0, 0.0, 0.0, 0.0, 0.0
1.695523738861084, 0.0, 0.0, 0.0, 0.0, 0.0, 0.0
1.7055180072784424, 0.0, 0.0, 0.0, 0.0, 0.0, 0.0
1.715519905090332, 0.0, 0.0, 0.0, 0.0, 0.0, 0.0
1.7255055904388428, 0.0, 0.0, 0.0, 0.0, 0.0, 0.0
1.735478401184082, 0.0, 0.0, 0.0, 0.0, 0.0, 0.0
1.7454617023468018, 0.0, 0.0, 0.0, 0.0, 0.0, 0.0
1.755455493927002, 0.0, 0.0, 0.0, 0.0, 0.0, 0.0
1.7654438018798828, 0.0, 0.0, 0.0, 0.0, 0.0, 0.0
1.7754454612731934, 0.0, 0.0, 0.0, 0.0, 0.0, 0.0
1.785447597503662, 0.0, 0.0, 0.0, 0.0, 0.0, 0.0
1.7954716682434082, 0.0, 0.0, 0.0, 0.0, 0.0, 0.0
1.8054699897766113, 0.0, 0.0, 0.0, 0.0, 0.0, 0.0
1.8154757022857666, 0.0, 0.0, 0.0, 0.0, 0.0, 0.0
1.8255360126495361, 0.0, 0.0, 0.0, 0.0, 0.0, 0.0
1.8354945182800293, 0.0, 0.0, 0.0, 0.0, 0.0, 0.0
1.8454902172088623, 0.0, 0.0, 0.0, 0.0, 0.0, 0.0
1.8554627895355225, 0.8818919062614441, 0.4755181153816932, 1.9505995512008667, 1.0517887939484982, 0.0, 0.0
1.8654496669769287, 0.8818919062614441, 0.0, 1.852770209312439, -14.600794201892198, 0.0, 0.0
1.8754918575286865, 0.8818919062614441, 0.0, 1.8545771837234497, 0.3008136535026791, 0.0, 0.0
1.8854632377624512, 0.8818919062614441, 0.0, 1.9346625804901123, 15.861059858399486, 0.0, 0.0
1.8954625129699707, 0.8818919062614441, 0.0, 1.8099548816680908, -27.579027990530566, 0.0, 0.0
1.9055171012878418, 0.8818919062614441, 0.0, 1.8221750259399414, -24.589249304911956, 0.0, 0.0
1.9154915809631348, 0.8818919062614441, 0.0, 1.8467859029769897, 4.861352885525071, 0.0, 0.0
1.9254493713378906, 0.8818919062614441, 0.0, 1.834867238998413, 1.988676635837151, 0.0, 0.0
1.9354677200317383, 0.8818919062614441, 0.0, 1.8254836797714233, 1.0782154994973911, 0.0, 0.0
1.945514440536499, 0.8818919062614441, 0.0, 1.8225196599960327, -26.31755912539045, 0.0, 0.0
1.9554948806762695, 0.8818919062614441, 0.0, 1.8197907209396362, -1.7472557862491491, 0.0, 0.0
1.9654548168182373, 0.8818919062614441, 0.0, 1.8125712871551514, -2.742321466189172, 0.0, 0.0
1.9754586219787598, 0.8818919062614441, 0.0, 1.8119924068450928, -1.2954717159316271, 0.0, 0.0
1.985461711883545, 0.8818919062614441, 0.0, 1.8279825448989868, 7.505483933038291, 0.0, 0.0
1.9954564571380615, 0.8818919062614441, 0.0, 1.7913399934768677, -4.48986328307894, 0.0, 0.0
2.0054574012756348, 0.8818919062614441, 0.0, 1.8080310821533203, 0.017752786917448315, 0.0, 0.0
2.0154504776000977, 0.8818919062614441, 0.0, 1.8071485757827759, 0.03932207931404073, 0.0, 0.0
2.025466203689575, 0.8818919062614441, 0.0, 1.7843613624572754, -3.63243006993007, 0.0, 0.0
2.035451650619507, 0.8818919062614441, 0.0, 1.790159821510315, -2.9432892730045754, 0.0, 0.0
2.0454959869384766, 0.8818919062614441, 0.0, 1.789175271987915, 2.1345265863759697, 0.0, 0.0
2.055514097213745, 0.8818919062614441, 0.0, 1.7891310453414917, 1.03032716021295, 0.0, 0.0
2.0654478073120117, 0.8818919062614441, 0.0, 1.7960413694381714, 3.9120981455988337, 0.0, 0.0
2.0754528045654297, 0.8818919062614441, 0.0, 1.7996056079864502, 2.301950030469226, 0.0, 0.0
2.0854859352111816, 0.8818919062614441, 0.0, 1.7826513051986694, 0.5636322257624032, 0.0, 0.0
2.0954856872558594, 0.8818919062614441, 0.0, 1.7933552265167236, 5.127657977685495, 0.0, 0.0
2.105461597442627, 0.8818919062614441, 0.0, 1.7813469171524048, -0.3981361387327665, 0.0, 0.0
2.115462064743042, 0.8818919062614441, 0.0, 1.7723160982131958, -2.3851828560371517, 0.0, 0.0
2.125462770462036, 0.8818919062614441, 0.0, 1.7781658172607422, 1.4369874476987448, 0.0, 0.0
2.1354668140411377, 0.8818919062614441, 0.0, 1.786101222038269, -0.4152708440255681, 0.0, 0.0
2.145498752593994, 0.8818919062614441, 0.0, 1.7752352952957153, -0.8567755025007078, 0.0, 0.0
2.155494213104248, 0.8818919062614441, 0.0, 1.7709745168685913, -0.2455323488980533, 0.0, 0.0
2.1654438972473145, 0.8818919062614441, 0.0, 1.7618403434753418, -2.313567637482717, 0.0, 0.0
2.1754605770111084, 0.8818919062614441, 0.0, 1.7647862434387207, -2.516562778272484, 0.0, 0.0
2.18546986579895, 0.8818919062614441, 0.0, 2.0170207023620605, 47.20793322174258, 0.0, 0.0
2.1954538822174072, 0.8818919062614441, 0.0, 2.0131752490997314, -0.7032176491105685, 0.0, 0.0
2.20548415184021, 0.8818919062614441, 0.0, 1.7624359130859375, 0.977005620848237, 0.0, 0.0
2.215449094772339, 0.8818919062614441, 0.0, 1.7577322721481323, 1.3774095944561027, 0.0, 0.0
2.2254903316497803, 0.8818919062614441, 0.0, 1.7564668655395508, -1.4949374766703993, 0.0, 0.0
2.2354915142059326, 0.8818919062614441, 0.0, 1.7528177499771118, -2.7036456914555527, 0.0, 0.0
2.245473861694336, 0.8818919062614441, 0.0, 1.7560786008834839, 1.0756862572584902, 0.0, 0.0
2.255455732345581, 0.8829787373542786, 0.29131518404907975, 1.7339727878570557, -6.898752, 0.0, 0.0
2.2654647827148438, 0.8818919062614441, 0.0, 1.7548147439956665, -1.2522154222766217, 0.0, 0.0
2.2754714488983154, 0.8818919062614441, 0.0, 1.731363296508789, 0.22529924063666396, 0.0, 0.0
2.2854597568511963, 0.8829787373542786, 0.0, 1.739851474761963, -1.727350936403944, 0.0, 0.0
2.295454263687134, 0.8829787373542786, 0.0, 1.7438404560089111, -0.13403247160476622, 0.0, 0.0
2.305462598800659, 0.8829787373542786, 0.0, 1.7525640726089478, 0.8705116696588869, 0.0, 0.0
2.3154728412628174, 0.8818919062614441, -0.22193281402142162, 1.7346594333648682, -3.277155794397174, 0.0, 0.0
2.3254494667053223, 0.8851063847541809, 0.0, 1.7648879289627075, 1.469249617151608, 0.0, 0.0
2.3354861736297607, 0.8851063847541809, 0.0, 1.7585071325302124, 0.2256323665739637, 0.0, 0.0
2.3454527854919434, 0.8851063847541809, 0.0, 1.7745968103408813, 1.4088840522358528, 0.0, 0.0
2.355456590652466, 0.8851063847541809, 0.0, 1.7721763849258423, -1.0763270330943588, 0.0, 0.0
2.3654985427856445, 0.8851063847541809, 0.0, 1.7839454412460327, 0.430596318036286, 0.0, 0.0
2.3754541873931885, 0.8851063847541809, 0.0, 1.785086750984192, -0.11918017955320481, 0.0, 0.0
2.385451078414917, 0.8851063847541809, 0.0, 1.7903281450271606, 0.722020842772995, 0.0, 0.0
2.3954505920410156, 0.8851063847541809, 0.0, 1.795742154121399, 1.7792815424229103, 0.0, 0.0
2.4054510593414307, 0.8851063847541809, 0.0, 1.80079185962677, 0.6664586890844608, 0.0, 0.0
2.415454149246216, 0.8851063847541809, 0.0, 1.7958767414093018, 0.25726771803154097, 0.0, 0.0
2.4254517555236816, 0.8851063847541809, 0.0, 1.8046702146530151, 0.24564802670800048, 0.0, 0.0
2.435455322265625, 0.8851063847541809, 0.0, 1.7985268831253052, -0.1797263280191054, 0.0, 0.0
2.445488214492798, 0.8872340321540833, 0.0, 1.8043888807296753, 0.20408022606657936, 0.0, 0.0
2.455467462539673, 0.8872340321540833, 0.0, 1.8060379028320312, -0.8614913781755956, 0.0, 0.0
2.46545147895813, 0.8872340321540833, 0.0, 1.8141063451766968, 0.02858054226475279, 0.0, 0.0
2.4754483699798584, 0.8872340321540833, 0.0, 1.815799593925476, -0.21743586352816716, 0.0, 0.0
2.4855141639709473, 0.8872340321540833, 0.0, 1.8204327821731567, 0.010466679469944305, 0.0, 0.0
2.4954845905303955, 0.8872340321540833, 0.0, 1.8227131366729736, 0.5086485169620562, 0.0, 0.0
2.505455255508423, 0.8872340321540833, 0.0, 1.8256158828735352, 0.37864701204966666, 0.0, 0.0
2.515456438064575, 0.8872340321540833, 0.0, 1.8302429914474487, 0.23172088760882373, 0.0, 0.0
2.525452136993408, 0.8872340321540833, 0.0, 1.8364776372909546, -0.21999621999622, 0.0, 0.0
2.5354480743408203, 0.8872340321540833, 0.0, 1.8317389488220215, -1.1972254672897196, 0.0, 0.0
2.545477867126465, 0.8872340321540833, 0.0, 1.8390297889709473, 0.882653743315508, 0.0, 0.0
2.55548357963562, 0.8872340321540833, 0.0, 1.84409499168396, 1.0583976180809311, 0.0, 0.0
2.565450429916382, 0.8872340321540833, 0.0, 1.843519926071167, -0.5661804430037818, 0.0, 0.0
2.5754449367523193, 0.8872340321540833, 0.0, 1.849331259727478, 0.038880101233786775, 0.0, 0.0
2.585458755493164, 0.8872340321540833, 0.0, 1.8518363237380981, 0.666685902244792, 0.0, 0.0
2.595510721206665, 0.8872340321540833, 0.0, 1.8554943799972534, 0.595080740694557, 0.0, 0.0
2.6054608821868896, 0.8872340321540833, 0.0, 1.853381633758545, -0.14119890680842118, 0.0, 0.0
2.6154725551605225, 0.8872340321540833, 0.0, 1.856942057609558, 0.36907998735377806, 0.0, 0.0
2.6254658699035645, 0.8872340321540833, 0.0, 1.8626935482025146, 1.0235513793518853, 0.0, 0.0
2.6354589462280273, 0.8872340321540833, 0.0, 1.8608075380325317, -0.7704548468372895, 0.0, 0.0
2.6454756259918213, 0.8872340321540833, 0.0, 1.857172966003418, 0.3089697041842747, 0.0, 0.0
2.6554667949676514, 0.8893616795539856, 0.0, 1.8662065267562866, 1.9048276769271244, 0.0, 0.0
2.665451765060425, 0.8893616795539856, 0.0, 1.86660635471344, 0.04128011746646199, 0.0, 0.0
2.675481081008911, 0.8893616795539856, 0.0, 1.869232177734375, 0.5321220192795535, 0.0, 0.0
2.6854782104492188, 0.8893616795539856, 0.0, 1.8743301630020142, 0.81195961548789, 0.0, 0.0
2.6954593658447266, 0.8893616795539856, 0.0, 1.875769019126892, -0.027539488017429194, 0.0, 0.0
2.7054710388183594, 0.8893616795539856, 0.0, 1.8701094388961792, -1.7413848839464667, 0.0, 0.0
2.7154500484466553, 0.8893616795539856, 0.0, 1.8765093088150024, 0.019234468166955183, 0.0, 0.0
2.725517749786377, 0.8893616795539856, 0.0, 1.8819735050201416, 1.1046615201900238, 0.0, 0.0
2.7354509830474854, 0.8893616795539856, 0.0, 1.883396029472351, 0.2330061675177399, 0.0, 0.0
2.745452880859375, 0.8893616795539856, 0.0, 1.8848005533218384, 0.20412150239475674, 0.0, 0.0
2.7554571628570557, 0.8893616795539856, 0.0, 1.8828691244125366, 0.2477001370131141, 0.0, 0.0
2.765450954437256, 0.8893616795539856, 0.0, 1.8877466917037964, 0.155081337415211, 0.0, 0.0
2.775439739227295, 0.8893616795539856, 0.0, 1.8922990560531616, 1.1883188147335209, 0.0, 0.0
2.7854533195495605, 0.8893616795539856, 0.0, 1.8946934938430786, -0.33466682953643195, 0.0, 0.0
2.795447587966919, 0.8893616795539856, 0.0, 1.8963757753372192, 0.39026397208873675, 0.0, 0.0
2.8054440021514893, 0.8893616795539856, 0.0, 1.895475149154663, -0.06536227453378171, 0.0, 0.0
2.815474510192871, 0.8893616795539856, 0.0, 1.8906655311584473, 0.3100908909971472, 0.0, 0.0
2.8254644870758057, 0.8893616795539856, 0.0, 1.8951971530914307, -0.05620142793959689, 0.0, 0.0
2.835463762283325, 0.8893616795539856, 0.0, 1.8959619998931885, -0.20257276507276506, 0.0, 0.0
2.845452070236206, 0.8893616795539856, 0.0, 1.8934032917022705, -0.32251215459412885, 0.0, 0.0
2.855412006378174, 0.8893616795539856, 0.0, 1.8939485549926758, -0.25675675675675674, 0.0, 0.0
2.8654956817626953, 0.8893616795539856, 0.0, 1.8947888612747192, 0.39186112692088787, 0.0, 0.0
2.8754935264587402, 0.8893616795539856, 0.0, 1.9010847806930542, 0.6235706614441847, 0.0, 0.0
2.8854598999023438, 0.8893616795539856, 0.0, 1.902686357498169, -0.3312792862186276, 0.0, 0.0
2.8954529762268066, 0.8893616795539856, 0.0, 1.9032150506973267, 0.6887517827246233, 0.0, 0.0
2.9054808616638184, 0.8893616795539856, 0.0, 1.9019855260849, 0.13644853578813956, 0.0, 0.0
2.9154560565948486, 0.8893616795539856, 0.0, 1.90239679813385, -0.05889055045218258, 0.0, 0.0
2.925463914871216, 0.8893616795539856, 0.0, 1.910019040107727, 0.3169981060606061, 0.0, 0.0
2.9354512691497803, 0.8893616795539856, 0.5731166912850812, 1.9102463722229004, -0.13829179461543956, 0.0, 0.0
2.9454617500305176, 0.8872340321540833, 0.0, 1.910805106163025, 0.25251214480601586, 0.0, 0.0
2.955510139465332, 0.8872340321540833, 0.0, 1.914000153541565, 0.9527553852253204, 0.0, 0.0
2.9654617309570312, 0.8872340321540833, 0.0, 1.916045069694519, 0.049980552314274604, 0.0, 0.0
2.9755001068115234, 0.8872340321540833, 0.0, 1.915366291999817, 0.05251903374377291, 0.0, 0.0
2.9854555130004883, 0.8872340321540833, 0.0, 1.9158484935760498, 0.1548471569046601, 0.0, 0.0
2.9954633712768555, 0.8872340321540833, 0.0, 1.9170438051223755, -0.05002154774364342, 0.0, 0.0
3.005462408065796, 0.8872340321540833, 0.0, 1.9144922494888306, -1.069220430107527, 0.0, 0.0
3.0154778957366943, 0.8872340321540833, 0.0, 1.9151476621627808, -0.6015277316506145, 0.0, 0.0
3.0254621505737305, 0.8872340321540833, 0.0, 1.9153828620910645, 0.6149935606317359, 0.0, 0.0
3.0354788303375244, 0.8872340321540833, 0.0, 1.922165036201477, 1.7016795609336772, 0.0, 0.0
3.045444965362549, 0.8872340321540833, 0.0, 1.919722318649292, -0.7672806361720927, 0.0, 0.0
3.0554521083831787, 0.8872340321540833, 0.0, 1.9148882627487183, 0.31313939731366136, 0.0, 0.0
3.065455675125122, 0.8872340321540833, 0.0, 1.9158896207809448, -0.5835067145829392, 0.0, 0.0
3.075472831726074, 0.8872340321540833, 0.0, 1.9188039302825928, 0.6520354645354646, 0.0, 0.0
3.085543632507324, 0.8872340321540833, 0.0, 1.9284695386886597, 1.6409329829172141, 0.0, 0.0
3.0955119132995605, 0.8872340321540833, 0.0, 1.9290417432785034, -0.13223017292784733, 0.0, 0.0
3.1054599285125732, 0.8872340321540833, 0.0, 1.924765944480896, -1.1206245933636956, 0.0, 0.0
3.1154708862304688, 0.8872340321540833, 0.0, 1.9289562702178955, 0.004094441123729827, 0.0, 0.0
3.125478744506836, 0.8872340321540833, 0.0, 1.9328734874725342, 1.0046450690805144, 0.0, 0.0
3.1354806423187256, 0.8872340321540833, 0.0, 1.9332515001296997, 0.42618347151644825, 0.0, 0.0
3.1454787254333496, 0.8872340321540833, 0.0, 1.9302233457565308, 0.9630013115206737, 0.0, 0.0
3.155458450317383, 0.8872340321540833, 0.0, 1.9278823137283325, -0.0033579360329809163, 0.0, 0.0
3.165463447570801, 0.8851063847541809, -0.5507282152554924, 1.930342674255371, 1.059647237324567, 0.0, 0.0
3.175493001937866, 0.8851063847541809, 0.0, 1.9274628162384033, -0.12658947932003747, 0.0, 0.0
3.1854918003082275, 0.8851063847541809, 0.0, 1.931584119796753, 0.1593788982995207, 0.0, 0.0
3.1954939365386963, 0.8851063847541809, 0.0, 1.9344940185546875, -1.7710094798872662, 0.0, 0.0
3.2054970264434814, 0.8851063847541809, 0.0, 1.9398032426834106, 1.6108090707489806, 0.0, 0.0
3.21547269821167, 0.8851063847541809, 0.0, 1.9420099258422852, -0.2700043097256141, 0.0, 0.0
3.2254550457000732, 0.8851063847541809, 0.0, 1.940595030784607, -0.42537929283311116, 0.0, 0.0
3.2354536056518555, 0.8851063847541809, 0.0, 1.937813401222229, 0.03820426177505, 0.0, 0.0
3.245457887649536, 0.8851063847541809, 0.0, 1.937990665435791, -0.22287199480181935, 0.0, 0.0
3.2554783821105957, 0.8851063847541809, 0.0, 1.9501179456710815, 0.744424757133256, 0.0, 0.0
3.265458583831787, 0.8851063847541809, 0.0, 1.945114016532898, 0.7514600027162841, 0.0, 0.0
3.2754459381103516, 0.8851063847541809, 0.0, 1.943359375, -0.051359299906749874, 0.0, 0.0
3.285478353500366, 0.8851063847541809, 0.0, 1.9438673257827759, 0.15589747012882985, 0.0, 0.0
3.295441150665283, 0.8851063847541809, 0.0, 1.9456475973129272, 0.6040076969013337, 0.0, 0.0
3.305478811264038, 0.8851063847541809, 0.0, 1.9386364221572876, 0.17664944745962205, 0.0, 0.0
3.315448760986328, 0.8851063847541809, 0.0, 1.940834879875183, -1.1423779574722972, 0.0, 0.0
3.325437307357788, 0.8851063847541809, 0.0, 1.9435875415802002, -0.2652440954853416, 0.0, 0.0
3.3354475498199463, 0.8829787373542786, -0.5521935523791844, 1.93336820602417, -2.0003413392912557, 0.0, 0.0
3.3454811573028564, 0.8829787373542786, 0.0, 1.9395889043807983, -1.300666455093621, 0.0, 0.0
3.355452537536621, 0.8829787373542786, 0.0, 1.950845718383789, 2.4247120763409016, 0.0, 0.0
3.3654747009277344, 0.8829787373542786, 0.0, 1.9523227214813232, 0.09454545454545454, 0.0, 0.0
3.3754537105560303, 0.8829787373542786, 0.0, 1.9434157609939575, -2.580714058017214, 0.0, 0.0
3.385488986968994, 0.8829787373542786, 0.0, 1.9512770175933838, -0.15417633410672854, 0.0, 0.0
3.3954570293426514, 0.8829787373542786, 0.0, 1.953586220741272, 0.7259488713237913, 0.0, 0.0
3.4054741859436035, 0.8829787373542786, 0.0, 1.9541730880737305, -0.24882970647773278, 0.0, 0.0
3.4154586791992188, 0.8829787373542786, 0.0, 1.944400668144226, 0.16501379219755682, 0.0, 0.0
3.4254801273345947, 0.8829787373542786, 0.0, 1.9465651512145996, -0.02557911908646003, 0.0, 0.0
3.435455083847046, 0.8829787373542786, 0.0, 1.94492506980896, 0.07677586400990656, 0.0, 0.0
3.4454970359802246, 0.8829787373542786, 0.0, 1.9533931016921997, 7.4149526607900755, 0.0, 0.0
3.4554696083068848, 0.8829787373542786, 0.0, 1.9500133991241455, -0.043488560985515096, 0.0, 0.0
3.4654977321624756, 0.8829787373542786, 0.0, 1.9475833177566528, -0.4617921593030492, 0.0, 0.0
3.4755096435546875, 0.8829787373542786, 0.0, 1.9541618824005127, 1.0389730582025092, 0.0, 0.0
3.485487937927246, 0.8829787373542786, 0.0, 1.9559673070907593, -0.13708886418622898, 0.0, 0.0
3.4954516887664795, 0.8829787373542786, 0.0, 1.9575259685516357, -1.1343428730202834, 0.0, 0.0
3.505462884902954, 0.8829787373542786, 0.0, 1.9563767910003662, 0.5883358537707936, 0.0, 0.0
3.5154778957366943, 0.8829787373542786, 0.0, 1.9555847644805908, -0.10135800549422071, 0.0, 0.0
3.5254647731781006, 0.8808510899543762, -0.5943785799920075, 1.9613555669784546, 1.2275870662264032, 0.0, 0.0
3.5354700088500977, 0.8808510899543762, 0.0, 1.9481614828109741, -1.3747625160462131, 0.0, 0.0
3.5454580783843994, 0.8808510899543762, 0.0, 1.948127269744873, -0.12891456369717239, 0.0, 0.0
3.555452585220337, 0.8808510899543762, 0.0, 1.9526129961013794, 0.8111303701869506, 0.0, 0.0
3.5654659271240234, 0.8808510899543762, 0.0, 1.9602266550064087, 0.19749259488875112, 0.0, 0.0
3.5754642486572266, 0.8808510899543762, 0.0, 1.9623922109603882, 1.1811195382240418, 0.0, 0.0
3.5854899883270264, 0.8808510899543762, 0.0, 1.9574283361434937, 0.9449433684069433, 0.0, 0.0
3.5954489707946777, 0.8808510899543762, 0.0, 1.9581449031829834, 0.15573172954255513, 0.0, 0.0
3.605463981628418, 0.8808510899543762, 0.0, 1.9619067907333374, 0.6822786566749931, 0.0, 0.0
3.6154677867889404, 0.8808510899543762, 0.0, 1.9488073587417603, -3.1528343459971957, 0.0, 0.0
3.6254494190216064, 0.8808510899543762, 0.0, 1.9505585432052612, 0.11585365853658537, 0.0, 0.0
3.6354687213897705, 0.8808510899543762, 0.0, 1.9493865966796875, -0.1415479838951986, 0.0, 0.0
3.6454949378967285, 0.8808510899543762, 0.0, 1.960526943206787, 0.21125166444740345, 0.0, 0.0
3.6554975509643555, 0.8808510899543762, 0.0, 1.9599027633666992, -0.0546005400777185, 0.0, 0.0
3.66545033454895, 0.8808510899543762, 0.0, 1.962817668914795, -0.690586675505469, 0.0, 0.0
3.675454616546631, 0.8808510899543762, 0.0, 1.9609066247940063, 0.8335550066501995, 0.0, 0.0
3.685487985610962, 0.8808510899543762, 0.0, 1.9643281698226929, -0.7139281962553297, 0.0, 0.0
3.695446729660034, 0.8808510899543762, 0.0, 1.966001272201538, -0.3363052107617667, 0.0, 0.0
3.7054479122161865, 0.8808510899543762, 0.0, 1.9531022310256958, -4.009305081201645, 0.0, 0.0
3.7154624462127686, 0.8808510899543762, 0.0, 1.9537684917449951, -0.27440574551925767, 0.0, 0.0
3.7254931926727295, 0.8808510899543762, 0.0, 1.9512137174606323, -1.5212227545718335, 0.0, 0.0
3.735468626022339, 0.8808510899543762, 0.0, 1.9636083841323853, 0.6514901673384634, 0.0, 0.0
3.7455129623413086, 0.8808510899543762, 0.0, 1.9614907503128052, 0.11676880949276307, 0.0, 0.0
3.7554783821105957, 0.8808510899543762, 0.0, 1.9663499593734741, 1.2734274335246574, 0.0, 0.0
3.7654500007629395, 0.8808510899543762, 0.0, 1.9575423002243042, -1.6283050737348146, 0.0, 0.0
3.7754576206207275, 0.8808510899543762, 0.0, 1.967964768409729, 1.3017153820110596, 0.0, 0.0
3.785477876663208, 0.8808510899543762, 0.0, 1.964310884475708, -0.030600461893764433, 0.0, 0.0
3.7954766750335693, 0.8808510899543762, 0.0, 1.966227412223816, 1.0100558659217878, 0.0, 0.0
3.805448055267334, 0.8808510899543762, 0.0, 1.9600160121917725, -1.820562160676242, 0.0, 0.0
3.8154520988464355, 0.8808510899543762, 0.0, 1.9583419561386108, -0.5347998676811114, 0.0, 0.0
3.8254494667053223, 0.8808510899543762, 0.0, 1.9528058767318726, -0.8344046227762628, 0.0, 0.0
3.835447311401367, 0.8808510899543762, 0.0, 1.9603990316390991, 0.05344689912163961, 0.0, 0.0
3.8454511165618896, 0.8808510899543762, 0.0, 1.957781195640564, 0.26721120186697783, 0.0, 0.0
3.855482339859009, 0.8808510899543762, 0.0, 1.963297963142395, 0.8729769811077439, 0.0, 0.0
3.8654627799987793, 0.8808510899543762, 0.0, 1.9606462717056274, 0.14364912741110092, 0.0, 0.0
3.875450849533081, 0.8808510899543762, 0.0, 1.960158109664917, 0.18548387096774194, 0.0, 0.0
3.8854541778564453, 0.8808510899543762, 0.0, 1.9680641889572144, -0.22535127411288403, 0.0, 0.0
3.8954527378082275, 0.8808510899543762, 0.0, 1.9592424631118774, -0.9608516047028917, 0.0, 0.0
3.9054534435272217, 0.8808510899543762, 0.0, 1.964596152305603, 0.0520935443215236, 0.0, 0.0
3.9154696464538574, 0.8808510899543762, 0.0, 1.964467167854309, -0.115433327302334, 0.0, 0.0
3.9254610538482666, 0.8808510899543762, 0.0, 1.9608060121536255, -0.005665997539338211, 0.0, 0.0
3.9355130195617676, 0.8808510899543762, 0.0, 1.961463212966919, 0.19337748344370861, 0.0, 0.0
3.9454774856567383, 0.8808510899543762, 0.0, 1.9583128690719604, -0.8597652008686211, 0.0, 0.0
3.955472946166992, 0.8808510899543762, 0.0, 1.958980679512024, -0.472640218878249, 0.0, 0.0
3.965458393096924, 0.8808510899543762, 0.0, 1.9536027908325195, 0.13426944480393427, 0.0, 0.0
3.9754574298858643, 0.8808510899543762, 0.0, 1.9557257890701294, -0.16277324632952692, 0.0, 0.0
3.9854633808135986, 0.8808510899543762, 0.0, 1.9562705755233765, 0.3872022125840719, 0.0, 0.0
3.9954521656036377, 0.8829787373542786, 0.5784663252738705, 1.9505647420883179, -1.4479671022086622, 0.0, 0.0
4.005460262298584, 0.8829787373542786, 0.0, 1.958448886871338, 0.740708782742681, 0.0, 0.0
4.015456438064575, 0.8829787373542786, 0.0, 1.9589149951934814, -0.5419314641744548, 0.0, 0.0
4.025486707687378, 0.8829787373542786, 0.0, 1.959972620010376, 0.581313502264659, 0.0, 0.0
4.035466194152832, 0.8829787373542786, 0.0, 1.9600372314453125, 0.019193915438974727, 0.0, 0.0
4.045450925827026, 0.8829787373542786, 0.0, 1.9587680101394653, 1.0413404114134042, 0.0, 0.0
4.055459976196289, 0.8829787373542786, 0.0, 1.9584155082702637, 0.7035947091956205, 0.0, 0.0
4.0654990673065186, 0.8829787373542786, 0.0, 1.9590106010437012, -0.060049868402825876, 0.0, 0.0
4.07550311088562, 0.8829787373542786, 0.0, 1.9521151781082153, 0.038226192150794765, 0.0, 0.0
4.085500717163086, 0.8829787373542786, 0.0, 1.9510780572891235, 0.7126700021140159, 0.0, 0.0
4.0954718589782715, 0.8829787373542786, 0.0, 1.9469033479690552, -0.932584644094908, 0.0, 0.0
4.105468273162842, 0.8829787373542786, 0.0, 1.9478501081466675, -0.6467144642504769, 0.0, 0.0
4.115478277206421, 0.8829787373542786, 0.0, 1.9470664262771606, 0.23928114693410513, 0.0, 0.0
4.12548828125, 0.8829787373542786, 0.0, 1.9506796598434448, 0.0840066692317558, 0.0, 0.0
4.135478258132935, 0.8829787373542786, 0.0, 1.9466816186904907, -0.23476959125227806, 0.0, 0.0
4.145488500595093, 0.8829787373542786, 0.0, 1.9494616985321045, 0.6086281222264486, 0.0, 0.0
4.155486583709717, 0.8829787373542786, 0.0, 1.9538918733596802, -0.17803438868092125, 0.0, 0.0
4.165518522262573, 0.8829787373542786, 0.0, 1.9484957456588745, -1.753419147224457, 0.0, 0.0
4.1754469871521, 0.8829787373542786, 0.0, 1.9440796375274658, 0.08099698676798113, 0.0, 0.0
4.18544864654541, 0.8829787373542786, 0.0, 1.9429579973220825, -0.05140094711917916, 0.0, 0.0
4.195457220077515, 0.8851063847541809, 0.0, 1.9424562454223633, 0.03715942390423343, 0.0, 0.0
4.205486297607422, 0.8851063847541809, 0.0, 1.946471095085144, 2.0645380897270065, 0.0, 0.0
4.215453386306763, 0.8851063847541809, 0.0, 1.9474515914916992, -1.0035428968391802, 0.0, 0.0
4.22546911239624, 0.8851063847541809, 0.0, 1.947759747505188, -0.12390805719584208, 0.0, 0.0
4.2354772090911865, 0.8851063847541809, 0.0, 1.9457876682281494, 0.39734857698856724, 0.0, 0.0
4.24545693397522, 0.8851063847541809, 0.0, 1.9336917400360107, -1.7018635444124317, 0.0, 0.0
4.255443334579468, 0.8851063847541809, 0.0, 1.9374163150787354, -0.26475753073078484, 0.0, 0.0
4.265454292297363, 0.8851063847541809, 0.0, 1.9341508150100708, 1.4854988001371272, 0.0, 0.0
4.275459289550781, 0.8851063847541809, 0.0, 1.9338054656982422, -1.050529450694904, 0.0, 0.0
4.28546667098999, 0.8851063847541809, 0.0, 1.9294267892837524, -0.15400568855178953, 0.0, 0.0
4.295454025268555, 0.8851063847541809, 0.0, 1.9280526638031006, 0.12510641084408355, 0.0, 0.0
4.305441617965698, 0.8851063847541809, 0.0, 1.927993893623352, 1.0155068078668683, 0.0, 0.0
4.315450429916382, 0.8851063847541809, 0.0, 1.934410572052002, -0.09060842003720802, 0.0, 0.0
4.325453281402588, 0.8851063847541809, 0.0, 1.9320178031921387, -0.3565156655358212, 0.0, 0.0
4.335511684417725, 0.8851063847541809, 0.0, 1.9319201707839966, -0.0759966509950409, 0.0, 0.0
4.3454649448394775, 0.8851063847541809, 0.0, 1.931810975074768, -1.2635418684227517, 0.0, 0.0
4.355457782745361, 0.8851063847541809, 0.0, 1.9292950630187988, 0.5726906790736578, 0.0, 0.0
4.365487575531006, 0.8872340321540833, 0.0, 1.921892762184143, 0.22365005192107995, 0.0, 0.0
4.375448703765869, 0.8872340321540833, 0.0, 1.9214768409729004, 1.1668380991565521, 0.0, 0.0
4.385460138320923, 0.8872340321540833, 0.0, 1.9220901727676392, 2.5306876922070276, 0.0, 0.0
4.3954620361328125, 0.8872340321540833, 0.0, 1.9194055795669556, -0.3001091422701592, 0.0, 0.0
4.405461311340332, 0.8872340321540833, 0.0, 1.918851375579834, -0.23580457135372324, 0.0, 0.0
4.415477752685547, 0.8872340321540833, 0.0, 1.920958399772644, 0.227215862888597, 0.0, 0.0
4.425459861755371, 0.8872340321540833, 0.0, 1.9195133447647095, -1.148700974269298, 0.0, 0.0
4.435480117797852, 0.8872340321540833, 0.0, 1.9160096645355225, 0.3194596333226118, 0.0, 0.0
4.445509672164917, 0.8872340321540833, 0.0, 1.9198421239852905, 1.0103197584868462, 0.0, 0.0
4.455522775650024, 0.8872340321540833, 0.0, 1.9136624336242676, -0.12189675554971759, 0.0, 0.0
4.465491771697998, 0.8872340321540833, 0.0, 1.908361554145813, -1.2214195462286437, 0.0, 0.0
4.475496530532837, 0.8872340321540833, 0.0, 1.9073824882507324, -0.2823446388092896, 0.0, 0.0
4.485496520996094, 0.8872340321540833, 0.0, 1.90648353099823, -0.645250142822166, 0.0, 0.0
4.495477199554443, 0.8872340321540833, 0.0, 1.9040608406066895, 0.0068439475471500965, 0.0, 0.0
4.505450248718262, 0.8872340321540833, 0.0, 1.9026720523834229, 0.9480223783502472, 0.0, 0.0
4.515459775924683, 0.8872340321540833, 0.0, 1.901820421218872, -0.15822535025981715, 0.0, 0.0
4.525454998016357, 0.8872340321540833, 0.0, 1.896409511566162, -0.13522840264373867, 0.0, 0.0
4.535478353500366, 0.8872340321540833, 0.0, 1.895593285560608, -2.410535767734211, 0.0, 0.0
4.545456886291504, 0.8872340321540833, 0.0, 1.8934344053268433, -0.11798530828516378, 0.0, 0.0
4.5554540157318115, 0.8872340321540833, 0.0, 1.8911778926849365, -0.15077053755612183, 0.0, 0.0
4.565485954284668, 0.8872340321540833, 0.0, 1.888299822807312, -0.72155075622482, 0.0, 0.0
4.5755274295806885, 0.8872340321540833, 0.0, 1.8847814798355103, -1.2102053140096618, 0.0, 0.0
4.585498809814453, 0.8872340321540833, 0.0, 1.886155366897583, 0.6008240977550441, 0.0, 0.0
4.595451831817627, 0.8872340321540833, 0.0, 1.875512719154358, -1.4775248661055853, 0.0, 0.0
4.605458498001099, 0.8872340321540833, 0.0, 1.8832279443740845, 0.24647797131147542, 0.0, 0.0
4.615494251251221, 0.8872340321540833, 0.0, 1.8768904209136963, -0.30303325539101067, 0.0, 0.0
4.625459909439087, 0.8893616795539856, 0.0, 1.8802504539489746, -0.7976639035418237, 0.0, 0.0
4.635473012924194, 0.8893616795539856, 0.0, 1.8819074630737305, 0.1805347401234938, 0.0, 0.0
4.645449161529541, 0.8893616795539856, 0.0, 1.87095046043396, 0.3254648597541759, 0.0, 0.0
4.655451774597168, 0.8893616795539856, 0.0, 1.8733117580413818, -0.7799498912111822, 0.0, 0.0
4.665457487106323, 0.8872340321540833, 0.0, 1.8686033487319946, -0.5499671916010499, 0.0, 0.0
4.675457954406738, 0.8872340321540833, 0.0, 1.8630036115646362, 1.4838965320484372, 0.0, 0.0
4.685447931289673, 0.8893616795539856, 0.0, 1.8633408546447754, -0.6941413176919929, 0.0, 0.0
4.695464372634888, 0.8893616795539856, 0.0, 1.8651378154754639, 0.09366961540874584, 0.0, 0.0
4.705517768859863, 0.8872340321540833, -0.6000537923614847, 1.8588378429412842, -0.32139506834628784, 0.0, 0.0
4.715507507324219, 0.8893616795539856, 0.0, 1.8523205518722534, -1.829066886870355, 0.0, 0.0
4.7254509925842285, 0.8872340321540833, -0.5886155266802982, 1.8571231365203857, 2.243985443763057, 0.0, 0.0
4.735450267791748, 0.8893616795539856, 0.558797745773325, 1.8526209592819214, 0.37772798129384255, 0.0, 0.0
4.745488882064819, 0.8872340321540833, 0.0, 1.850672960281372, -0.09365032486709983, 0.0, 0.0
4.755460977554321, 0.8872340321540833, 0.0, 1.8464460372924805, -0.11737089201877934, 0.0, 0.0
4.765455484390259, 0.8872340321540833, -0.5985646253940573, 1.8381742238998413, -1.4145999863359977, 0.0, 0.0
4.77549934387207, 0.8872340321540833, 0.0, 1.8391401767730713, 0.9398123324396783, 0.0, 0.0
4.785503387451172, 0.8872340321540833, 0.0, 1.8321571350097656, -1.6867416017371313, 0.0, 0.0
4.795462131500244, 0.8872340321540833, 0.0, 1.8307737112045288, -1.6502228525121556, 0.0, 0.0
4.805504083633423, 0.8872340321540833, 0.0, 1.8267508745193481, -0.5970531908321492, 0.0, 0.0
4.815453290939331, 0.8893616795539856, 0.5969630075590341, 1.8293647766113281, -1.4351096549879647, 0.0, 0.0
4.825484275817871, 0.8872340321540833, 0.0, 1.8200808763504028, -2.118002416431736, 0.0, 0.0
4.83545446395874, 0.8872340321540833, 0.0, 1.823305606842041, -0.060334565503414574, 0.0, 0.0
4.845469951629639, 0.8872340321540833, 0.0, 1.8167458772659302, -0.7991917318139659, 0.0, 0.0
4.855448961257935, 0.8872340321540833, 0.0, 1.815107822418213, 0.2549628629304524, 0.0, 0.0
4.865478992462158, 0.8872340321540833, 0.0, 1.8102613687515259, -0.39414761284208033, 0.0, 0.0
4.875451326370239, 0.8872340321540833, 0.0, 1.808933973312378, -1.0557833187714227, 0.0, 0.0
4.885448932647705, 0.8872340321540833, 0.0, 1.8013521432876587, -0.4408577281437917, 0.0, 0.0
4.895468473434448, 0.8872340321540833, 0.0, 1.8066229820251465, 0.6795651372765801, 0.0, 0.0
4.90546989440918, 0.8872340321540833, 0.0, 1.8037440776824951, 1.3124070820381133, 0.0, 0.0
4.91545844078064, 0.8872340321540833, 0.0, 1.7952771186828613, 0.5926848775685984, 0.0, 0.0
4.92544960975647, 0.8872340321540833, 0.0, 1.791552186012268, -0.4046383496700621, 0.0, 0.0
4.935484170913696, 0.8872340321540833, 0.0, 1.78411865234375, -0.9943118512871636, 0.0, 0.0
4.945513486862183, 0.8872340321540833, 0.0, 1.7806004285812378, 0.050238149240190516, 0.0, 0.0
4.955445766448975, 0.8872340321540833, 0.0, 1.7785999774932861, 0.7346700542470644, 0.0, 0.0
4.965457916259766, 0.8872340321540833, 0.0, 1.778842806816101, -0.7194575924267622, 0.0, 0.0
4.975497007369995, 0.8872340321540833, 0.0, 1.7619515657424927, -3.247133145643068, 0.0, 0.0
4.985473394393921, 0.8872340321540833, 0.0, 1.7609316110610962, -1.8333553021815066, 0.0, 0.0
4.995449781417847, 0.8872340321540833, 0.0, 1.7635455131530762, 0.01858600583090379, 0.0, 0.0
5.005460977554321, 0.8851063847541809, 0.0, 1.7612594366073608, -0.6974768113121879, 0.0, 0.0
5.015463590621948, 0.8851063847541809, 0.0, 1.7592048645019531, -0.6614920634920635, 0.0, 0.0
5.02545428276062, 0.8851063847541809, 0.0, 1.752249836921692, -0.9882828015358136, 0.0, 0.0
5.035452842712402, 0.8851063847541809, 0.0, 1.7456120252609253, 0.01662771285475793, 0.0, 0.0
5.045483827590942, 0.8851063847541809, 0.0, 1.7434929609298706, -1.3480838883047086, 0.0, 0.0
5.055460691452026, 0.8851063847541809, 0.1441765180010747, 1.742221713066101, 3.102621697733673, 0.0, 0.0
5.065475225448608, 0.8845946192741394, 0.0, 1.739992380142212, 1.1962410171365396, 0.0, 0.0
5.075486183166504, 0.8845946192741394, 0.0, 1.7395604848861694, -0.45546588053353954, 0.0, 0.0
5.085493803024292, 0.8845946192741394, 0.0, 1.7552939653396606, 2.2332567301378856, 0.0, 0.0
5.09545111656189, 0.8845946192741394, 0.0, 1.7495101690292358, 0.8591507853877145, 0.0, 0.0
5.105449676513672, 0.8845946192741394, 0.0, 1.7300010919570923, -58.08563771759237, 0.0, 0.0
5.1154515743255615, 0.8845946192741394, 0.0, 2.019576072692871, 52.84523917171534, 0.0, 0.0
5.125452518463135, 0.8845946192741394, 0.0, 1.7635489702224731, 0.6421335637812665, 0.0, 0.0
5.135456562042236, 0.8845946192741394, 0.0, 1.7652794122695923, 0.26799174228239475, 0.0, 0.0
5.145447015762329, 0.8845946192741394, 0.0, 1.751129150390625, -0.13216989606056717, 0.0, 0.0
5.155469179153442, 0.8845946192741394, 0.0, 2.01971173286438, 1.03782957585021, 0.0, 0.0
5.165456295013428, 0.8845946192741394, 0.0, 1.7668445110321045, -0.6107144557094578, 0.0, 0.0
5.175457000732422, 0.8845946192741394, 0.0, 2.016876697540283, -0.331062030075188, 0.0, 0.0
5.185455560684204, 0.8845946192741394, 0.0, 1.7614099979400635, -0.3635717560751949, 0.0, 0.0
5.195467948913574, 0.8845946192741394, 0.0, 2.019568681716919, 52.065244191559984, 0.0, 0.0
5.205452919006348, 0.8845946192741394, 0.0, 2.0167174339294434, -0.23875512177155747, 0.0, 0.0
5.215454816818237, 0.8845946192741394, 0.0, 1.772628664970398, 0.031295936270093416, 0.0, 0.0
5.225452661514282, 0.8845946192741394, 0.0, 1.7667533159255981, 0.6236843370019705, 0.0, 0.0
5.2354576587677, 0.8845946192741394, 0.0, 1.770943522453308, -44.487235705292406, 0.0, 0.0
5.245454549789429, 0.8845946192741394, 0.0, 2.0139012336730957, 43.946804381576676, 0.0, 0.0
5.2554450035095215, 0.8845946192741394, 0.0, 2.013460636138916, 47.84950808325505, 0.0, 0.0
5.265448093414307, 0.8845946192741394, 0.0, 1.77232825756073, -48.26812105808152, 0.0, 0.0
5.275487899780273, 0.8845946192741394, 0.0, 1.7720330953598022, -0.05518409556922528, 0.0, 0.0
5.28544545173645, 0.8845946192741394, 0.0, 2.0112109184265137, 45.24231870229008, 0.0, 0.0
5.295444011688232, 0.8845946192741394, 0.0, 2.0115859508514404, 45.55956192509021, 0.0, 0.0
5.305441856384277, 0.8845946192741394, 0.0, 1.7711294889450073, -2.6313610662358644, 0.0, 0.0
5.315441131591797, 0.8845946192741394, 0.0, 1.8043813705444336, 2.037000516504672, 0.0, 0.0
5.3254430294036865, 0.8845946192741394, 0.0, 1.804778814315796, 0.39981474258970356, 0.0, 0.0
5.335450172424316, 0.8845946192741394, 0.0, 1.7801495790481567, -0.3577076916003862, 0.0, 0.0
5.345481634140015, 0.8845946192741394, 0.0, 1.7956156730651855, 3.2506263780316695, 0.0, 0.0
5.355491399765015, 0.8845946192741394, 0.0, 1.8066960573196411, 1.6436730281094294, 0.0, 0.0
5.365458726882935, 0.8845946192741394, 0.0, 1.8060716390609741, 2.2656018198002177, 0.0, 0.0
5.375453948974609, 0.8845946192741394, 0.0, 1.79044771194458, -3.68981919727376, 0.0, 0.0
5.38544487953186, 0.8845946192741394, 0.0, 1.7866028547286987, -0.9389827379303979, 0.0, 0.0
5.395442247390747, 0.8845946192741394, 0.0, 1.7962968349456787, -2.154731518245415, 0.0, 0.0
5.40545654296875, 0.8845946192741394, 0.0, 1.8015331029891968, -1.2423402464980449, 0.0, 0.0
5.415453910827637, 0.8845946192741394, 0.0, 1.7926149368286133, -2.4808733667842415, 0.0, 0.0
5.425452947616577, 0.8845946192741394, 0.0, 1.8261070251464844, -31.723841027387266, 0.0, 0.0
5.435451030731201, 0.8845946192741394, 0.0, 1.8071871995925903, 1.0028697683868346, 0.0, 0.0
5.445455074310303, 0.8845946192741394, 0.0, 1.8155968189239502, 2.385539546424063, 0.0, 0.0
5.455451726913452, 0.8845946192741394, 0.0, 1.806017518043518, -2.9241167650641926, 0.0, 0.0
5.465456962585449, 0.8845946192741394, 0.0, 1.8323233127593994, 5.688479262672811, 0.0, 0.0
5.4754533767700195, 0.8845946192741394, 0.0, 1.8037142753601074, -4.764335034524167, 0.0, 0.0
5.4854512214660645, 0.8845946192741394, 0.0, 1.8230607509613037, -1.8563729198184569, 0.0, 0.0
5.495454549789429, 0.8845946192741394, 0.0, 1.8241798877716064, 0.15630444521877646, 0.0, 0.0
5.505456447601318, 0.8845946192741394, 0.0, 1.8390089273452759, 4.004527474622313, 0.0, 0.0
5.5154547691345215, 0.8845946192741394, 0.0, 1.9505553245544434, 21.026268199944358, 0.0, 0.0
5.52543306350708, 0.8845946192741394, 0.0, 1.8364064693450928, 2.486045753156595, 0.0, 0.0
5.535455703735352, 0.8845946192741394, 0.0, 1.8253909349441528, -0.7213982545662645, 0.0, 0.0
5.545459032058716, 0.8845946192741394, 0.0, 1.838452935218811, 1.4985455800424001, 0.0, 0.0
5.555460691452026, 0.8845946192741394, 0.0, 1.8498369455337524, 1.0982499158613395, 0.0, 0.0
5.565463542938232, 0.8845946192741394, 0.0, 1.8507777452468872, 1.140713995117982, 0.0, 0.0
5.575459241867065, 0.8845946192741394, 0.0, 1.8344985246658325, -4.429960219907925, 0.0, 0.0
5.585450887680054, 0.8845946192741394, 0.0, 1.8525943756103516, 3.1761719491364584, 0.0, 0.0
5.5954530239105225, 0.8845946192741394, 0.0, 1.832382321357727, -1.447301174571864, 0.0, 0.0
5.605456113815308, 0.8845946192741394, 0.0, 1.850948691368103, 0.3718815966225293, 0.0, 0.0
5.615450859069824, 0.8845946192741394, 0.0, 1.8317971229553223, -6.607898175482747, 0.0, 0.0
5.625456809997559, 0.8845946192741394, 0.0, 1.8389194011688232, 1.2554845759435151, 0.0, 0.0
5.635453939437866, 0.8845946192741394, 0.0, 1.9259018898010254, 14.941862987548268, 0.0, 0.0
5.645461559295654, 0.8845946192741394, 0.0, 1.8421591520309448, -15.625005674853588, 0.0, 0.0
5.655489921569824, 0.8845946192741394, 0.0, 1.9227874279022217, 1.2325259072881574, 0.0, 0.0
5.665469408035278, 0.8845946192741394, 0.0, 1.9197494983673096, -0.8569872167344567, 0.0, 0.0
5.675495147705078, 0.8845946192741394, 0.0, 1.92388916015625, -0.07048859022819544, 0.0, 0.0
5.6854588985443115, 0.8845946192741394, 0.0, 1.9184081554412842, 12.163686229040314, 0.0, 0.0
5.69545578956604, 0.8845946192741394, 0.0, 1.9072740077972412, -0.18012436880493735, 0.0, 0.0
5.705461740493774, 0.8845946192741394, 0.0, 1.9031351804733276, 3.4541148886283706, 0.0, 0.0
5.715446710586548, 0.8845946192741394, 0.0, 1.9145921468734741, 1.2033355035809086, 0.0, 0.0
5.725453615188599, 0.8845946192741394, 0.0, 1.9145921468734741, 1.2033355035809086, 0.0, 0.0
5.735449314117432, 0.8818919062614441, 0.0, 1.941403865814209, 4.958081774898149, 0.0, 0.0
5.745454549789429, 0.8818919062614441, 0.0, 1.9291174411773682, -2.542830356261719, 0.0, 0.0
5.755452632904053, 0.8818919062614441, 0.0, 1.9291174411773682, -2.542830356261719, 0.0, 0.0
5.76546049118042, 0.8818919062614441, 0.0, 1.9291174411773682, -2.542830356261719, 0.0, 0.0
5.775450944900513, 0.8818919062614441, 0.0, 1.9291174411773682, -2.542830356261719, 0.0, 0.0
5.785451173782349, 0.8818919062614441, 0.0, 1.9291174411773682, -2.542830356261719, 0.0, 0.0
5.795452833175659, 0.8818919062614441, 0.0, 1.9291174411773682, -2.542830356261719, 0.0, 0.0
5.805447340011597, 0.8818919062614441, 0.0, 1.9291174411773682, -2.542830356261719, 0.0, 0.0
5.81544828414917, 0.8818919062614441, 0.0, 1.9291174411773682, -2.542830356261719, 0.0, 0.0
5.825523138046265, 0.8818919062614441, 0.0, 1.9291174411773682, -2.542830356261719, 0.0, 0.0
5.8354651927948, 0.8818919062614441, 0.0, 1.9291174411773682, -2.542830356261719, 0.0, 0.0
5.8454554080963135, 0.8818919062614441, 0.0, 1.9291174411773682, -2.542830356261719, 0.0, 0.0
5.855482816696167, 0.8818919062614441, 0.0, 1.9291174411773682, -2.542830356261719, 0.0, 0.0
5.865453720092773, 0.8818919062614441, 0.0, 1.9291174411773682, -2.542830356261719, 0.0, 0.0
5.875457763671875, 0.8818919062614441, 0.0, 1.9291174411773682, -2.542830356261719, 0.0, 0.0
5.885516166687012, 0.8818919062614441, 0.0, 1.9291174411773682, -2.542830356261719, 0.0, 0.0
5.89546275138855, 0.8818919062614441, 0.0, 1.9291174411773682, -2.542830356261719, 0.0, 0.0
5.905458688735962, 0.8818919062614441, 0.0, 1.9291174411773682, -2.542830356261719, 0.0, 0.0
5.915450811386108, 0.8818919062614441, 0.0, 1.9291174411773682, -2.542830356261719, 0.0, 0.0
5.925507307052612, 0.8818919062614441, 0.0, 1.9291174411773682, -2.542830356261719, 0.0, 0.0
5.93548583984375, 0.8818919062614441, 0.0, 1.9291174411773682, -2.542830356261719, 0.0, 0.0
5.9455320835113525, 0.8818919062614441, 0.0, 1.9291174411773682, -2.542830356261719, 0.0, 0.0
5.955505609512329, 0.8818919062614441, 0.0, 1.9291174411773682, -2.542830356261719, 0.0, 0.0
5.96553897857666, 0.8818919062614441, 0.0, 1.9291174411773682, -2.542830356261719, 0.0, 0.0
5.975467681884766, 0.8818919062614441, 0.0, 1.9291174411773682, -2.542830356261719, 0.0, 0.0
5.985478401184082, 0.8818919062614441, 0.0, 1.9291174411773682, -2.542830356261719, 0.0, 0.0
5.9954938888549805, 0.8818919062614441, 0.0, 1.9291174411773682, -2.542830356261719, 0.0, 0.0
6.005469799041748, 0.8818919062614441, 0.0, 1.9291174411773682, -2.542830356261719, 0.0, 0.0
6.015483617782593, 0.8808510899543762, 0.0, -0.47796446084976196, 0.5309620465236162, 0.0, 0.0
6.025538444519043, 0.8808510899543762, 0.0, -0.47474217414855957, 1.178071370593692, 0.0, 0.0
6.035473346710205, 0.8829787373542786, 0.5656693711967545, -0.4736197590827942, 0.6478746959396245, 0.0, 0.0
6.045469284057617, 0.8808510899543762, -0.5604471519186083, -0.47672346234321594, -2.163582413375024, 0.0, 0.0
6.055460691452026, 0.8829787373542786, 0.0, -0.4624188542366028, 1.6416216649735336, 0.0, 0.0
6.0654990673065186, 0.8829787373542786, 0.0, -0.4548909068107605, 0.934528947530674, 0.0, 0.0
6.075550556182861, 0.8829787373542786, 0.0, -0.45476341247558594, 2.265466044600148, 0.0, 0.0
6.085453510284424, 0.8829787373542786, 0.0, -0.4499104917049408, 4.747398008352072, 0.0, 0.0
6.095516920089722, 0.8829787373542786, 0.0, -0.4415103793144226, 0.39483300161711654, 0.0, 0.0
6.10546350479126, 0.8829787373542786, 0.0, -0.4458438754081726, 0.4558230418335559, 0.0, 0.0
6.115450859069824, 0.8829787373542786, 0.0, -0.44417813420295715, -0.5617275473770942, 0.0, 0.0
6.125492811203003, 0.8829787373542786, 0.0, -0.4246281683444977, 1.4992583878887071, 0.0, 0.0
6.135452747344971, 0.8829787373542786, 0.0, -0.4240972697734833, 0.5770805347661997, 0.0, 0.0
6.145467042922974, 0.8829787373542786, 0.0, -0.4288574755191803, 0.20593295757935332, 0.0, 0.0
6.15547776222229, 0.8829787373542786, 0.0, -0.4211921691894531, -0.1326262022650959, 0.0, 0.0
6.165529727935791, 0.8851063847541809, 0.6458710284432221, -0.42645666003227234, 0.7972834534407235, 0.0, 0.0
6.17547869682312, 0.8829787373542786, -0.36856234254326187, -0.42422986030578613, 0.4213999834100618, 0.0, 0.0
6.185459613800049, 0.8851063847541809, 0.0, -0.41574200987815857, 2.3869702850598116, 0.0, 0.0
6.195501804351807, 0.8851063847541809, 0.0, -0.41771695017814636, -0.6390180174403693, 0.0, 0.0
6.205449342727661, 0.8851063847541809, 0.0, -0.41746219992637634, -0.9290880503144654, 0.0, 0.0
6.215476036071777, 0.8851063847541809, 0.0, -0.4080033004283905, 1.5294487022605783, 0.0, 0.0
6.225510358810425, 0.8851063847541809, 0.0, -0.41068264842033386, 0.12484113535267952, 0.0, 0.0
6.2354652881622314, 0.8851063847541809, 0.0, -0.4099089801311493, 2.3128811440419565, 0.0, 0.0
6.245455503463745, 0.8851063847541809, 0.0, -0.41231033205986023, -0.2376134271436086, 0.0, 0.0
6.255467414855957, 0.8851063847541809, 0.0, -0.4102608263492584, -0.18100798011512298, 0.0, 0.0
6.26546049118042, 0.8851063847541809, 0.0, -0.4133945405483246, 1.0266852223641785, 0.0, 0.0
6.2754669189453125, 0.8851063847541809, 0.0, -0.4056391417980194, 2.454136690647482, 0.0, 0.0
6.2854626178741455, 0.8872340321540833, 0.0, -0.4092879593372345, -1.1385455786958005, 0.0, 0.0
6.2954652309417725, 0.8872340321540833, 0.0, -0.4001910388469696, 1.268198951163553, 0.0, 0.0
6.305467844009399, 0.8872340321540833, 0.0, -0.4063555598258972, 0.7138981772882245, 0.0, 0.0
6.315502643585205, 0.8872340321540833, 0.0, -0.40957120060920715, -0.8528737992922144, 0.0, 0.0
6.325454950332642, 0.8872340321540833, 0.0, -0.4037419259548187, -1.269536640905327, 0.0, 0.0
6.335448503494263, 0.8872340321540833, 0.0, -0.40567851066589355, 0.07721787345075017, 0.0, 0.0
6.345450401306152, 0.8872340321540833, 0.0, -0.40372684597969055, 0.33908880334072816, 0.0, 0.0
6.355481147766113, 0.8872340321540833, 0.0, -0.40383416414260864, -1.6001877972330307, 0.0, 0.0
6.36545729637146, 0.8872340321540833, 0.0, -0.4055747389793396, 0.34491183706943684, 0.0, 0.0
6.375450372695923, 0.8872340321540833, 0.0, -0.40392863750457764, -0.6908033109437547, 0.0, 0.0
6.385465383529663, 0.8872340321540833, 0.0, -0.40063148736953735, 1.0129573960816833, 0.0, 0.0
6.395477294921875, 0.8872340321540833, 0.0, -0.40466952323913574, 0.8173332424882469, 0.0, 0.0
6.405449390411377, 0.8872340321540833, 0.0, -0.40869441628456116, 0.09024232579725519, 0.0, 0.0
6.415461540222168, 0.8872340321540833, 0.0, -0.40301617980003357, 1.2713211954243278, 0.0, 0.0
6.425476789474487, 0.8893616795539856, 0.5493044441708729, -0.4107270836830139, 0.09789890377588308, 0.0, 0.0
6.435451507568359, 0.8893616795539856, 0.0, -0.41406598687171936, -0.127928663912695, 0.0, 0.0
6.445460319519043, 0.8893616795539856, 0.0, -0.40983346104621887, 0.7074223245109321, 0.0, 0.0
6.455466985702515, 0.8893616795539856, 0.0, -0.4105413854122162, 0.4417849898580122, 0.0, 0.0
6.465467691421509, 0.8893616795539856, 0.0, -0.4110690951347351, 0.699238578680203, 0.0, 0.0
6.475482702255249, 0.8893616795539856, 0.0, -0.4095410108566284, 2.5300302406783888, 0.0, 0.0
6.485455513000488, 0.8893616795539856, 0.0, -0.4095265865325928, 1.8572606985735236, 0.0, 0.0
6.495453834533691, 0.8893616795539856, 0.0, -0.4087929129600525, -0.4148019305503322, 0.0, 0.0
6.505505084991455, 0.8893616795539856, 0.0, -0.4194573163986206, 1.0823688271604939, 0.0, 0.0
6.5154430866241455, 0.8893616795539856, 0.0, -0.41768839955329895, -0.08753187732949716, 0.0, 0.0
6.525473356246948, 0.8893616795539856, 0.0, -0.4260283410549164, -1.021456247981918, 0.0, 0.0
6.535491228103638, 0.8893616795539856, 0.0, -0.42052382230758667, 1.1836480482386544, 0.0, 0.0
6.545482158660889, 0.8893616795539856, 0.0, -0.42804232239723206, -1.3513454861111112, 0.0, 0.0
6.555508136749268, 0.8893616795539856, 0.0, -0.4313735067844391, -1.3253806164129225, 0.0, 0.0
