3.5762786865234375e-06, 0.0, 0.0, 0.0, 0.0, 0.0, 0.0
7.104873657226562e-05, 0.0, 0.0, 0.0, 0.0, 0.0, 0.0
0.0024421215057373047, 0.0, 0.0, 0.0, 0.0, 0.0, 0.0
0.012495756149291992, 0.0, 0.0, 0.0, 0.0, 0.0, 0.0
0.02249598503112793, 0.0, 0.0, 0.0, 0.0, 0.0, 0.0
0.032465457916259766, 0.0, 0.0, 0.0, 0.0, 0.0, 0.0
0.042496442794799805, 0.0, 0.0, 0.0, 0.0, 0.0, 0.0
0.052500009536743164, 0.0, 0.0, 0.0, 0.0, 0.0, 0.0
0.06246018409729004, 0.0, 0.0, 0.0, 0.0, 0.0, 0.0
0.0725412368774414, 0.0, 0.0, 0.0, 0.0, 0.0, 0.0
0.08246922492980957, 0.0, 0.0, 0.0, 0.0, 0.0, 0.0
0.09244346618652344, 0.0, 0.0, 0.0, 0.0, 0.0, 0.0
0.10247254371643066, 0.0, 0.0, 0.0, 0.0, 0.0, 0.0
0.11245369911193848, 0.0, 0.0, 0.0, 0.0, 0.0, 0.0
0.1224966049194336, 0.0, 0.0, 0.0, 0.0, 0.0, 0.0
0.13249802589416504, 0.0, 0.0, 0.0, 0.0, 0.0, 0.0
0.14245915412902832, 0.0, 0.0, 0.0, 0.0, 0.0, 0.0
0.15248441696166992, 0.0, 0.0, 0.0, 0.0, 0.0, 0.0
0.16244983673095703, 0.0, 0.0, 0.0, 0.0, 0.0, 0.0
0.17251157760620117, 0.0, 0.0, 0.0, 0.0, 0.0, 0.0
0.182448148727417, 0.0, 0.0, 0.0, 0.0, 0.0, 0.0
0.19250869750976562, 0.0, 0.0, 0.0, 0.0, 0.0, 0.0
0.20248174667358398, 0.0, 0.0, 0.0, 0.0, 0.0, 0.0
0.2124476432800293, 0.0, 0.0, 0.0, 0.0, 0.0, 0.0
0.22249531745910645, 0.0, 0.0, 0.0, 0.0, 0.0, 0.0
0.2324526309967041, 0.0, 0.0, 0.0, 0.0, 0.0, 0.0
0.24248456954956055, 0.0, 0.0, 0.0, 0.0, 0.0, 0.0
0.25250935554504395, 0.0, 0.0, 0.0, 0.0, 0.0, 0.0
0.262493371963501, 0.0, 0.0, 0.0, 0.0, 0.0, 0.0
0.2724769115447998, 0.0, 0.0, 0.0, 0.0, 0.0, 0.0
0.2824864387512207, 0.0, 0.0, 0.0, 0.0, 0.0, 0.0
0.29250025749206543, 0.0, 0.0, 0.0, 0.0, 0.0, 0.0
0.30248427391052246, 0.0, 0.0, 0.0, 0.0, 0.0, 0.0
0.312455415725708, 0.0, 0.0, 0.0, 0.0, 0.0, 0.0
0.32253336906433105, 0.0, 0.0, 0.0, 0.0, 0.0, 0.0
0.33259081840515137, 0.0, 0.0, 0.0, 0.0, 0.0, 0.0
0.3426074981689453, 0.0, 0.0, 0.0, 0.0, 0.0, 0.0
0.35265564918518066, 0.0, 0.0, 0.0, 0.0, 0.0, 0.0
0.3625674247741699, 0.0, 0.0, 0.0, 0.0, 0.0, 0.0
0.3726480007171631, 0.0, 0.0, 0.0, 0.0, 0.0, 0.0
0.3825876712799072, 0.0, 0.0, 0.0, 0.0, 0.0, 0.0
0.39265942573547363, 0.0, 0.0, 0.0, 0.0, 0.0, 0.0
0.4026343822479248, 0.0, 0.0, 0.0, 0.0, 0.0, 0.0
0.4125826358795166, 0.0, 0.0, 0.0, 0.0, 0.0, 0.0
0.42253994941711426, 0.0, 0.0, 0.0, 0.0, 0.0, 0.0
0.4325377941131592, 0.0, 0.0, 0.0, 0.0, 0.0, 0.0
0.44253015518188477, 0.0, 0.0, 0.0, 0.0, 0.0, 0.0
0.4524843692779541, 0.0, 0.0, 0.0, 0.0, 0.0, 0.0
0.4624612331390381, 0.0, 0.0, 0.0, 0.0, 0.0, 0.0
0.47247767448425293, 0.0, 0.0, 0.0, 0.0, 0.0, 0.0
0.48244428634643555, 0.0, 0.0, 0.0, 0.0, 0.0, 0.0
0.4924912452697754, 0.0, 0.0, 0.0, 0.0, 0.0, 0.0
0.5025224685668945, 0.0, 0.0, 0.0, 0.0, 0.0, 0.0
0.512505292892456, 0.0, 0.0, 0.0, 0.0, 0.0, 0.0
0.5229520797729492, 0.0, 0.0, 0.0, 0.0, 0.0, 0.0
0.5324997901916504, 0.0, 0.0, 0.0, 0.0, 0.0, 0.0
0.5424926280975342, 0.0, 0.0, 0.0, 0.0, 0.0, 0.0
0.5525274276733398, 0.0, 0.0, 0.0, 0.0, 0.0, 0.0
0.5624997615814209, 0.0, 0.0, 0.0, 0.0, 0.0, 0.0
0.5725030899047852, 0.0, 0.0, 0.0, 0.0, 0.0, 0.0
0.5825333595275879, 0.0, 0.0, 0.0, 0.0, 0.0, 0.0
0.5926005840301514, 0.0, 0.0, 0.0, 0.0, 0.0, 0.0
0.6025667190551758, 0.0, 0.0, 0.0, 0.0, 0.0, 0.0
0.6125555038452148, 0.0, 0.0, 0.0, 0.0, 0.0, 0.0
0.6225311756134033, 0.0, 0.0, 0.0, 0.0, 0.0, 0.0
0.6325738430023193, 0.0, 0.0, 0.0, 0.0, 0.0, 0.0
0.6425325870513916, 0.0, 0.0, 0.0, 0.0, 0.0, 0.0
0.6525416374206543, 0.0, 0.0, 0.0, 0.0, 0.0, 0.0
0.6625428199768066, 0.0, 0.0, 0.0, 0.0, 0.0, 0.0
0.6724655628204346, 0.0, 0.0, 0.0, 0.0, 0.0, 0.0
0.6824843883514404, 0.0, 0.0, 0.0, 0.0, 0.0, 0.0
0.692528486251831, 0.0, 0.0, 0.0, 0.0, 0.0, 0.0
0.7025110721588135, 0.0, 0.0, 0.0, 0.0, 0.0, 0.0
0.7125346660614014, 0.0, 0.0, 0.0, 0.0, 0.0, 0.0
0.7225418090820312, 0.0, 0.0, 0.0, 0.0, 0.0, 0.0
0.7325615882873535, 0.0, 0.0, 0.0, 0.0, 0.0, 0.0
0.7424700260162354, 0.0, 0.0, 0.0, 0.0, 0.0, 0.0
0.7524621486663818, 0.0, 0.0, 0.0, 0.0, 0.0, 0.0
0.7624673843383789, 0.0, 0.0, 0.0, 0.0, 0.0, 0.0
0.7725019454956055, 0.0, 0.0, 0.0, 0.0, 0.0, 0.0
0.7825212478637695, 0.0, 0.0, 0.0, 0.0, 0.0, 0.0
0.7925009727478027, 0.0, 0.0, 0.0, 0.0, 0.0, 0.0
0.802527904510498, 0.0, 0.0, 0.0, 0.0, 0.0, 0.0
0.812507152557373, 0.0, 0.0, 0.0, 0.0, 0.0, 0.0
0.8225100040435791, 0.0, 0.0, 0.0, 0.0, 0.0, 0.0
0.8325107097625732, 0.0, 0.0, 0.0, 0.0, 0.0, 0.0
0.8424856662750244, 0.0, 0.0, 0.0, 0.0, 0.0, 0.0
0.8524997234344482, 0.0, 0.0, 0.0, 0.0, 0.0, 0.0
0.8624751567840576, 0.0, 0.0, 0.0, 0.0, 0.0, 0.0
0.8725197315216064, 0.0, 0.0, 0.0, 0.0, 0.0, 0.0
0.8825113773345947, 0.0, 0.0, 0.0, 0.0, 0.0, 0.0
0.8925216197967529, 0.0, 0.0, 0.0, 0.0, 0.0, 0.0
0.9025697708129883, 0.0, 0.0, 0.0, 0.0, 0.0, 0.0
0.9125621318817139, 0.0, 0.0, 0.0, 0.0, 0.0, 0.0
0.9224896430969238, 0.0, 0.0, 0.0, 0.0, 0.0, 0.0
0.9325065612792969, 0.0, 0.0, 0.0, 0.0, 0.0, 0.0
0.942495584487915, 0.0, 0.0, 0.0, 0.0, 0.0, 0.0
0.9525268077850342, 0.0, 0.0, 0.0, 0.0, 0.0, 0.0
0.9625413417816162, 0.0, 0.0, 0.0, 0.0, 0.0, 0.0
0.9726333618164062, 0.0, 0.0, 0.0, 0.0, 0.0, 0.0
0.9825284481048584, 0.0, 0.0, 0.0, 0.0, 0.0, 0.0
0.9925811290740967, 0.0, 0.0, 0.0, 0.0, 0.0, 0.0
1.0025866031646729, 0.0, 0.0, 0.0, 0.0, 0.0, 0.0
1.0125417709350586, 0.0, 0.0, 0.0, 0.0, 0.0, 0.0
1.022540807723999, 0.0, 0.0, 0.0, 0.0, 0.0, 0.0
1.0325045585632324, 0.0, 0.0, 0.0, 0.0, 0.0, 0.0
1.0425934791564941, 0.0, 0.0, 0.0, 0.0, 0.0, 0.0
1.0525705814361572, 0.0, 0.0, 0.0, 0.0, 0.0, 0.0
1.0625572204589844, 0.0, 0.0, 0.0, 0.0, 0.0, 0.0
1.0725359916687012, 0.0, 0.0, 0.0, 0.0, 0.0, 0.0
1.0825440883636475, 0.0, 0.0, 0.0, 0.0, 0.0, 0.0
1.0925066471099854, 0.0, 0.0, 0.0, 0.0, 0.0, 0.0
1.1025569438934326, 0.0, 0.0, 0.0, 0.0, 0.0, 0.0
1.112579345703125, 0.0, 0.0, 0.0, 0.0, 0.0, 0.0
1.1225242614746094, 0.0, 0.0, 0.0, 0.0, 0.0, 0.0
1.1325457096099854, 0.0, 0.0, 0.0, 0.0, 0.0, 0.0
1.1425747871398926, 0.0, 0.0, 0.0, 0.0, 0.0, 0.0
1.1525311470031738, 0.0, 0.0, 0.0, 0.0, 0.0, 0.0
1.1624877452850342, 0.0, 0.0, 0.0, 0.0, 0.0, 0.0
1.1726088523864746, 0.0, 0.0, 0.0, 0.0, 0.0, 0.0
1.182615041732788, 0.0, 0.0, 0.0, 0.0, 0.0, 0.0
1.192655324935913, 0.0, 0.0, 0.0, 0.0, 0.0, 0.0
1.2026100158691406, 0.0, 0.0, 0.0, 0.0, 0.0, 0.0
1.2126071453094482, 0.0, 0.0, 0.0, 0.0, 0.0, 0.0
1.2225682735443115, 0.0, 0.0, 0.0, 0.0, 0.0, 0.0
1.2325894832611084, 0.0, 0.0, 0.0, 0.0, 0.0, 0.0
1.2426419258117676, 0.0, 0.0, 0.0, 0.0, 0.0, 0.0
1.252633810043335, 0.0, 0.0, 0.0, 0.0, 0.0, 0.0
1.262605905532837, 0.0, 0.0, 0.0, 0.0, 0.0, 0.0
1.2726507186889648, 0.0, 0.0, 0.0, 0.0, 0.0, 0.0
1.2825868129730225, 0.0, 0.0, 0.0, 0.0, 0.0, 0.0
1.2926290035247803, 0.0, 0.0, 0.0, 0.0, 0.0, 0.0
1.3025763034820557, 0.0, 0.0, 0.0, 0.0, 0.0, 0.0
1.3125483989715576, 0.0, 0.0, 0.0, 0.0, 0.0, 0.0
1.3225743770599365, 0.0, 0.0, 0.0, 0.0, 0.0, 0.0
1.3326387405395508, 0.0, 0.0, 0.0, 0.0, 0.0, 0.0
1.3425498008728027, 0.0, 0.0, 0.0, 0.0, 0.0, 0.0
1.3525302410125732, 0.0, 0.0, 0.0, 0.0, 0.0, 0.0
1.3625154495239258, 0.0, 0.0, 0.0, 0.0, 0.0, 0.0
1.3725593090057373, 0.0, 0.0, 0.0, 0.0, 0.0, 0.0
1.3825464248657227, 0.0, 0.0, 0.0, 0.0, 0.0, 0.0
1.3926255702972412, 0.0, 0.0, 0.0, 0.0, 0.0, 0.0
1.4025523662567139, 0.0, 0.0, 0.0, 0.0, 0.0, 0.0
1.4126002788543701, 0.0, 0.0, 0.0, 0.0, 0.0, 0.0
1.4225852489471436, 0.0, 0.0, 0.0, 0.0, 0.0, 0.0
1.4326424598693848, 0.0, 0.0, 0.0, 0.0, 0.0, 0.0
1.442591905593872, 0.0, 0.0, 0.0, 0.0, 0.0, 0.0
1.4526290893554688, 0.0, 0.0, 0.0, 0.0, 0.0, 0.0
1.46256422996521, 0.0, 0.0, 0.0, 0.0, 0.0, 0.0
1.472628116607666, 0.0, 0.0, 0.0, 0.0, 0.0, 0.0
1.482560396194458, 0.0, 0.0, 0.0, 0.0, 0.0, 0.0
1.4926173686981201, 0.0, 0.0, 0.0, 0.0, 0.0, 0.0
1.502549648284912, 0.0, 0.0, 0.0, 0.0, 0.0, 0.0
1.5125916004180908, 0.0, 0.0, 0.0, 0.0, 0.0, 0.0
1.522592544555664, 0.0, 0.0, 0.0, 0.0, 0.0, 0.0
1.5326268672943115, 0.0, 0.0, 0.0, 0.0, 0.0, 0.0
1.5425705909729004, 0.0, 0.0, 0.0, 0.0, 0.0, 0.0
1.5526351928710938, 0.0, 0.0, 0.0, 0.0, 0.0, 0.0
1.5625486373901367, 0.0, 0.0, 0.0, 0.0, 0.0, 0.0
1.5725984573364258, 0.0, 0.0, 0.0, 0.0, 0.0, 0.0
1.5825507640838623, 0.0, 0.0, 0.0, 0.0, 0.0, 0.0
1.5925233364105225, 0.0, 0.0, 0.0, 0.0, 0.0, 0.0
1.6024625301361084, 0.0, 0.0, 0.0, 0.0, 0.0, 0.0
1.6124413013458252, 0.0, 0.0, 0.0, 0.0, 0.0, 0.0
1.6224365234375, 0.0, 0.0, 0.0, 0.0, 0.0, 0.0
1.6324217319488525, 0.0, 0.0, 0.0, 0.0, 0.0, 0.0
1.6424555778503418, 0.0, 0.0, 0.0, 0.0, 0.0, 0.0
1.652465581893921, 0.0, 0.0, 0.0, 0.0, 0.0, 0.0
1.6624743938446045, 0.0, 0.0, 0.0, 0.0, 0.0, 0.0
1.6724987030029297, 0.0, 0.0, 0.0, 0.0, 0.0, 0.0
1.6825082302093506, 0.0, 0.0, 0.0, 0.0, 0.0, 0.0
1.6925437450408936, 0.0, 0.0, 0.0, 0.0, 0.0, 0.0
1.7025485038757324, 0.0, 0.0, 0.0, 0.0, 0.0, 0.0
1.712522029876709, 0.0, 0.0, 0.0, 0.0, 0.0, 0.0
1.7224936485290527, 0.0, 0.0, 0.0, 0.0, 0.0, 0.0
1.7324838638305664, 0.0, 0.0, 0.0, 0.0, 0.0, 0.0
1.7424609661102295, 0.0, 0.0, 0.0, 0.0, 0.0, 0.0
1.752469539642334, 0.0, 0.0, 0.0, 0.0, 0.0, 0.0
1.7624530792236328, 0.0, 0.0, 0.0, 0.0, 0.0, 0.0
1.7724735736846924, 0.0, 0.0, 0.0, 0.0, 0.0, 0.0
1.7824747562408447, 0.0, 0.0, 0.0, 0.0, 0.0, 0.0
1.79250168800354, 0.0, 0.0, 0.0, 0.0, 0.0, 0.0
1.8024804592132568, 0.0, 0.0, 0.0, 0.0, 0.0, 0.0
1.8124516010284424, 0.0, 0.0, 0.0, 0.0, 0.0, 0.0
1.82248854637146, 0.0, 0.0, 0.0, 0.0, 0.0, 0.0
1.832484483718872, 0.0, 0.0, 0.0, 0.0, 0.0, 0.0
1.8424484729766846, 0.0, 0.0, 0.0, 0.0, 0.0, 0.0
1.852447509765625, 0.8851063847541809, 0.0, 1.757491111755371, 0.09292857533198536, 0.0, 0.0
1.8624553680419922, 0.8851063847541809, 0.0, 1.8872169256210327, 22.22152617103942, 0.0, 0.0
1.8724400997161865, 0.8851063847541809, 0.0, 1.8887828588485718, -0.01936021737787933, 0.0, 0.0
1.8824505805969238, 0.8851063847541809, 0.0, 1.7665199041366577, -1.2058380414312617, 0.0, 0.0
1.8924400806427002, 0.8851063847541809, 0.0, 1.8905870914459229, -0.16333039288864762, 0.0, 0.0
1.9024529457092285, 0.8851063847541809, 0.0, 1.76715087890625, -0.6402893890675241, 0.0, 0.0
1.912445068359375, 0.8851063847541809, 0.0, 1.8887529373168945, -0.030805538074260543, 0.0, 0.0
1.9224355220794678, 0.8851063847541809, 0.0, 1.88785719871521, 0.1739210172392713, 0.0, 0.0
1.9324727058410645, 0.8851063847541809, 0.0, 1.8843148946762085, -0.9607081174438687, 0.0, 0.0
1.9424607753753662, 0.8851063847541809, 0.0, 1.8878251314163208, 0.9035532994923858, 0.0, 0.0
1.9524469375610352, 0.8851063847541809, 0.0, 1.8853397369384766, -0.334773082942097, 0.0, 0.0
1.9624731540679932, 0.8851063847541809, 0.0, 1.8859096765518188, 0.104, 0.0, 0.0
1.9724602699279785, 0.8851063847541809, 0.0, 1.8824468851089478, 28.2838146811071, 0.0, 0.0
1.9824573993682861, 0.8851063847541809, 0.0, 1.769181251525879, -0.07018365817091454, 0.0, 0.0
1.9924778938293457, 0.8851063847541809, 0.0, 1.7728005647659302, -28.0611770463722, 0.0, 0.0
2.0024302005767822, 0.8851063847541809, 0.0, 1.7722158432006836, -0.18555602897315723, 0.0, 0.0
2.012471914291382, 0.8829787373542786, -0.6139662882696938, 1.8939546346664429, 0.7943398727465536, 0.0, 0.0
2.0224406719207764, 0.8829787373542786, 0.0, 1.893140435218811, -0.04861554166135001, 0.0, 0.0
2.0324392318725586, 0.8829787373542786, 0.0, 1.8913344144821167, -0.5556748206316028, 0.0, 0.0
2.042461633682251, 0.8829787373542786, 0.0, 1.8912110328674316, -0.5919092982691534, 0.0, 0.0
2.0524611473083496, 0.8829787373542786, 0.0, 1.8971449136734009, 0.8789545097479111, 0.0, 0.0
2.062438726425171, 0.8829787373542786, 0.0, 1.8999011516571045, 36.31949410674083, 0.0, 0.0
2.072465419769287, 0.8829787373542786, 0.0, 1.9007272720336914, 0.9812664137729793, 0.0, 0.0
2.0824694633483887, 0.8829787373542786, 0.0, 1.8951904773712158, -0.9119066507999471, 0.0, 0.0
2.0924336910247803, 0.8829787373542786, 0.0, 1.8965567350387573, -0.7831636211466034, 0.0, 0.0
2.102437734603882, 0.8829787373542786, 0.0, 1.8974958658218384, -0.4206948640483384, 0.0, 0.0
2.1124637126922607, 0.8829787373542786, 0.0, 1.9025981426239014, 0.4644035832154644, 0.0, 0.0
2.122471570968628, 0.8829787373542786, 0.0, 1.7922545671463013, -28.27434416661547, 0.0, 0.0
2.132434368133545, 0.8829787373542786, 0.0, 1.7925022840499878, 0.2818127844844647, 0.0, 0.0
2.142439365386963, 0.8829787373542786, 0.0, 1.788206696510315, 0.10505626081938835, 0.0, 0.0
2.1524546146392822, 0.8829787373542786, 0.0, 1.7832170724868774, -1.0315321083295985, 0.0, 0.0
2.162484645843506, 0.8829787373542786, 0.0, 1.8994861841201782, 31.513551099611902, 0.0, 0.0
2.172492027282715, 0.8829787373542786, 0.0, 1.897706389427185, 24.262257909619592, 0.0, 0.0
2.1825802326202393, 0.8829787373542786, 0.0, 1.905377745628357, -0.03602558474948266, 0.0, 0.0
2.1924428939819336, 0.8829787373542786, 0.0, 1.9011012315750122, -1.159042724060392, 0.0, 0.0
2.202451705932617, 0.8829787373542786, 0.0, 1.8986953496932983, 0.7541818682453363, 0.0, 0.0
2.2124693393707275, 0.8829787373542786, 0.0, 1.9029362201690674, 0.7745590183364708, 0.0, 0.0
2.2224528789520264, 0.8829787373542786, 0.0, 1.9032385349273682, -0.4650040729369008, 0.0, 0.0
2.232438802719116, 0.8829787373542786, 0.0, 1.794905424118042, -0.048013024986709195, 0.0, 0.0
2.2424302101135254, 0.8829787373542786, 0.0, 1.9128276109695435, 31.3046344252371, 0.0, 0.0
2.2524423599243164, 0.8829787373542786, 0.0, 1.9070504903793335, 30.548237855490544, 0.0, 0.0
2.262437582015991, 0.8829787373542786, 0.0, 1.9011991024017334, 0.16070663811563168, 0.0, 0.0
2.2724523544311523, 0.8829787373542786, 0.0, 1.9055829048156738, 0.8977534751959945, 0.0, 0.0
2.2824881076812744, 0.8829787373542786, 0.0, 1.9026093482971191, -0.6019128113879003, 0.0, 0.0
2.292501211166382, 0.8829787373542786, 0.0, 1.8973184823989868, -0.7427594529364441, 0.0, 0.0
2.302515983581543, 0.8829787373542786, 0.0, 1.807851791381836, -16.44901804782044, 0.0, 0.0
2.3124730587005615, 0.8829787373542786, 0.0, 1.8091007471084595, 0.21741302854287678, 0.0, 0.0
2.3224637508392334, 0.8829787373542786, 0.0, 1.917960524559021, 18.800229549248748, 0.0, 0.0
2.3324573040008545, 0.8808510899543762, 0.0, 1.9097810983657837, -0.551036866359447, 0.0, 0.0
2.3425137996673584, 0.8808510899543762, -0.5744817818977727, 1.9120280742645264, 0.31019062540801673, 0.0, 0.0
2.3524701595306396, 0.8829787373542786, 0.0, 1.914465069770813, -0.6958940472156331, 0.0, 0.0
2.362454414367676, 0.8808510899543762, -0.4804306864064603, 1.9167040586471558, -0.42426499158140135, 0.0, 0.0
2.3724570274353027, 0.8829787373542786, 0.6105219949374017, 1.9138166904449463, 29.054839134153564, 0.0, 0.0
2.382455587387085, 0.8829787373542786, 0.3314884291073883, 1.8139886856079102, -15.381875298526657, 0.0, 0.0
2.392524480819702, 0.8829787373542786, 0.0, 1.9106696844100952, 0.06805521918139985, 0.0, 0.0
2.4024581909179688, 0.8808510899543762, 0.0, 1.9125510454177856, 1.4962448255470135, 0.0, 0.0
2.412440538406372, 0.8808510899543762, 0.0, 1.9104437828063965, -0.5208001885569501, 0.0, 0.0
2.4224610328674316, 0.8808510899543762, 0.0, 1.9098525047302246, -1.420300612358508, 0.0, 0.0
2.432488441467285, 0.8808510899543762, 0.0, 1.9139333963394165, 0.3136841282862612, 0.0, 0.0
2.442453145980835, 0.8808510899543762, 0.0, 1.9125313758850098, -0.936218011330338, 0.0, 0.0
2.4524786472320557, 0.8808510899543762, 0.0, 1.822124719619751, -24.428237590960183, 0.0, 0.0
2.462460517883301, 0.8808510899543762, 0.0, 1.9206035137176514, 26.286394731794644, 0.0, 0.0
2.4724509716033936, 0.8808510899543762, 0.0, 1.809688925743103, -0.3225836958577643, 0.0, 0.0
2.4824812412261963, 0.8808510899543762, 0.0, 1.8118515014648438, 0.3307252649686477, 0.0, 0.0
2.492462158203125, 0.8808510899543762, 0.0, 1.9199124574661255, 0.5172820882796616, 0.0, 0.0
2.5024824142456055, 0.8808510899543762, 0.0, 1.91598379611969, -0.9116692667706708, 0.0, 0.0
2.5124475955963135, 0.8808510899543762, 0.0, 1.8219128847122192, -21.679430221580496, 0.0, 0.0
2.522451639175415, 0.8808510899543762, 0.0, 1.9127910137176514, 24.0190291497485, 0.0, 0.0
2.5324618816375732, 0.8808510899543762, 0.0, 1.9219648838043213, 2.2551132213294376, 0.0, 0.0
2.5424916744232178, 0.8808510899543762, 0.0, 1.922495722770691, 0.7902412796558909, 0.0, 0.0
2.552509069442749, 0.8808510899543762, 0.0, 1.822299838066101, 0.5873983739837398, 0.0, 0.0
2.5624897480010986, 0.8808510899543762, 0.0, 1.9195966720581055, 22.6840578909573, 0.0, 0.0
2.5724751949310303, 0.8808510899543762, 0.0, 1.9179435968399048, 0.8134578063307234, 0.0, 0.0
2.58243727684021, 0.8808510899543762, 0.0, 1.9226564168930054, -0.17950071415264238, 0.0, 0.0
2.5924932956695557, 0.8808510899543762, 0.0, 1.9210580587387085, 0.32266247885962795, 0.0, 0.0
2.602457284927368, 0.8808510899543762, 0.0, 1.9200893640518188, -1.3039109353068776, 0.0, 0.0
2.6124534606933594, 0.8808510899543762, 0.0, 1.9190142154693604, -1.5199399780689098, 0.0, 0.0
2.6224749088287354, 0.8808510899543762, 0.0, 1.8281917572021484, -23.22164362810074, 0.0, 0.0
2.6324403285980225, 0.8808510899543762, 0.0, 1.8284261226654053, 0.8917917722752974, 0.0, 0.0
2.6424500942230225, 0.8808510899543762, 0.0, 1.9232168197631836, 22.72088969041178, 0.0, 0.0
2.6524417400360107, 0.8808510899543762, 0.0, 1.8220584392547607, -2.4146093153474166, 0.0, 0.0
2.662482738494873, 0.8808510899543762, 0.0, 1.9173932075500488, 26.6664653784219, 0.0, 0.0
2.672541379928589, 0.8808510899543762, 0.0, 1.9131035804748535, -1.8738004832585433, 0.0, 0.0
2.6826119422912598, 0.8808510899543762, 0.0, 1.8315510749816895, -26.922630247193926, 0.0, 0.0
2.692451000213623, 0.8808510899543762, 0.0, 1.9229214191436768, -0.12413422498208741, 0.0, 0.0
2.7024552822113037, 0.8808510899543762, 0.0, 1.9245500564575195, 0.38261971455248767, 0.0, 0.0
2.7124578952789307, 0.8808510899543762, 0.0, 1.9331852197647095, 2.5173815052588444, 0.0, 0.0
2.722442626953125, 0.8808510899543762, 0.0, 1.9274587631225586, -1.4395882767908676, 0.0, 0.0
2.7324392795562744, 0.8808510899543762, 0.0, 1.9215266704559326, -0.634188455846078, 0.0, 0.0
2.74247670173645, 0.8808510899543762, 0.0, 1.9219592809677124, 0.06996866058046056, 0.0, 0.0
2.752450466156006, 0.8808510899543762, 0.0, 1.9294993877410889, 1.0619394254517094, 0.0, 0.0
2.7624449729919434, 0.8808510899543762, 0.0, 1.92349374294281, -1.6533346183500386, 0.0, 0.0
2.772435188293457, 0.8808510899543762, 0.0, 1.9245597124099731, 0.29896805573813595, 0.0, 0.0
2.7824623584747314, 0.8808510899543762, 0.0, 1.8380028009414673, 1.4676425269645608, 0.0, 0.0
2.7924766540527344, 0.8808510899543762, 0.0, 1.8391951322555542, -0.02699341132176953, 0.0, 0.0
2.8024404048919678, 0.8808510899543762, 0.0, 1.8382532596588135, -2.1713818256186515, 0.0, 0.0
2.812452554702759, 0.8808510899543762, 0.0, 1.8361109495162964, -2.0129198125488155, 0.0, 0.0
2.8224637508392334, 0.8808510899543762, 0.0, 1.924678087234497, -0.3441764062410041, 0.0, 0.0
2.832476854324341, 0.8808510899543762, 0.0, 1.9243104457855225, -0.3090013878791884, 0.0, 0.0
2.8424453735351562, 0.8829787373542786, 0.6214917473361655, 1.9299290180206299, 1.5228486235351224, 0.0, 0.0
2.852454900741577, 0.8808510899543762, 0.0, 1.930583119392395, -0.03850159474061056, 0.0, 0.0
2.862454414367676, 0.8829787373542786, 0.0, 1.9349204301834106, -0.6049188906331764, 0.0, 0.0
2.87247633934021, 0.8829787373542786, 0.0, 1.9306236505508423, -1.2059963044644453, 0.0, 0.0
2.8824377059936523, 0.8829787373542786, 0.0, 1.9308353662490845, 1.0008901322482198, 0.0, 0.0
2.8924498558044434, 0.8829787373542786, 0.0, 1.9238619804382324, -1.8501598903608953, 0.0, 0.0
2.9025864601135254, 0.8829787373542786, 0.0, 1.9286730289459229, 0.5882856080327259, 0.0, 0.0
2.912444591522217, 0.8829787373542786, 0.0, 1.930546522140503, 1.0105697604187638, 0.0, 0.0
2.9224472045898438, 0.8829787373542786, 0.0, 1.9314143657684326, 0.3574561403508772, 0.0, 0.0
2.932476758956909, 0.8829787373542786, 0.0, 1.9292819499969482, 0.5855956041080657, 0.0, 0.0
2.9424445629119873, 0.8829787373542786, 0.0, 1.921852707862854, 0.16424201223657375, 0.0, 0.0
2.9524452686309814, 0.8829787373542786, 0.0, 1.922095775604248, -1.8237812050712325, 0.0, 0.0
2.962444305419922, 0.8829787373542786, 0.0, 1.9232017993927002, 0.5777487765089723, 0.0, 0.0
2.9725029468536377, 0.8829787373542786, 0.0, 1.9209885597229004, -0.16223199944130176, 0.0, 0.0
2.9824841022491455, 0.8829787373542786, 0.0, 1.9266245365142822, 0.9062322588784457, 0.0, 0.0
2.992438316345215, 0.8829787373542786, 0.0, 1.8533178567886353, -20.29776289442795, 0.0, 0.0
3.002575635910034, 0.8829787373542786, 0.0, 1.9334663152694702, -0.2814771824790763, 0.0, 0.0
3.012479782104492, 0.8829787373542786, 0.0, 1.8553500175476074, 0.018495166036149643, 0.0, 0.0
3.0224361419677734, 0.8829787373542786, 0.0, 1.8554439544677734, -0.3752966154614712, 0.0, 0.0
3.0324349403381348, 0.8829787373542786, 0.0, 1.9301507472991943, 18.88906473034196, 0.0, 0.0
3.0424675941467285, 0.8829787373542786, 0.0, 1.9299218654632568, -1.1835806132542037, 0.0, 0.0
3.0524492263793945, 0.8829787373542786, 0.0, 1.9320111274719238, 0.14164785553047404, 0.0, 0.0
3.0624594688415527, 0.8829787373542786, 0.0, 1.9319534301757812, -0.16283197475677097, 0.0, 0.0
3.0724427700042725, 0.8829787373542786, 0.0, 1.9317630529403687, 0.38811507419942726, 0.0, 0.0
3.082458972930908, 0.8829787373542786, 0.0, 1.9304391145706177, -0.5005411255411255, 0.0, 0.0
3.092466115951538, 0.8829787373542786, 0.0, 1.9266496896743774, -0.8410464069931868, 0.0, 0.0
3.1024391651153564, 0.8829787373542786, 0.0, 1.9278407096862793, 0.6350736278447122, 0.0, 0.0
3.1124465465545654, 0.8851063847541809, 0.5728223891135503, 1.9283257722854614, 0.5987052856380138, 0.0, 0.0
3.1224732398986816, 0.8851063847541809, 0.0, 1.925853967666626, -0.8871031943476962, 0.0, 0.0
3.1324827671051025, 0.8851063847541809, 0.0, 1.847244381904602, -21.73141041771515, 0.0, 0.0
3.1424484252929688, 0.8851063847541809, 0.0, 1.8478566408157349, -19.832658569500676, 0.0, 0.0
3.152432680130005, 0.8851063847541809, 0.0, 1.8551671504974365, -21.27695675971538, 0.0, 0.0
3.162440776824951, 0.8851063847541809, 0.0, 1.9357775449752808, 21.54571092103632, 0.0, 0.0
3.1724579334259033, 0.8851063847541809, 0.0, 1.9397248029708862, 0.02545119471276055, 0.0, 0.0
3.1824519634246826, 0.8851063847541809, 0.0, 1.9425787925720215, 0.9145299145299145, 0.0, 0.0
3.192467212677002, 0.8851063847541809, 0.0, 1.9412328004837036, 0.2562283275540144, 0.0, 0.0
3.2024776935577393, 0.8851063847541809, 0.0, 1.9441043138504028, 0.9171358312301818, 0.0, 0.0
3.2124505043029785, 0.8851063847541809, 0.0, 1.9442315101623535, 0.3137160055895948, 0.0, 0.0
3.2224836349487305, 0.8851063847541809, 0.0, 1.9436143636703491, 0.8771752909991932, 0.0, 0.0
3.2324471473693848, 0.8851063847541809, 0.0, 1.9401710033416748, 0.31751261501929356, 0.0, 0.0
3.24243426322937, 0.8851063847541809, 0.0, 1.9389498233795166, -0.16714736065463814, 0.0, 0.0
3.252444267272949, 0.8851063847541809, 0.0, 1.9437448978424072, -0.061623151934570616, 0.0, 0.0
3.2624592781066895, 0.8851063847541809, 0.0, 1.9434648752212524, -0.40050590219224286, 0.0, 0.0
3.2724499702453613, 0.8851063847541809, 0.0, 1.9380948543548584, -1.7550073728188744, 0.0, 0.0
3.282463788986206, 0.8851063847541809, 0.0, 1.9420700073242188, 0.9936682144364711, 0.0, 0.0
3.2924482822418213, 0.8851063847541809, 0.0, 1.9404723644256592, -0.012219830315309611, 0.0, 0.0
3.3024466037750244, 0.8851063847541809, 0.0, 1.9324157238006592, -1.316391820580475, 0.0, 0.0
3.312507390975952, 0.8851063847541809, 0.0, 1.9393670558929443, 1.9484616427216048, 0.0, 0.0
3.3225011825561523, 0.8851063847541809, 0.0, 1.9407503604888916, -0.3030105487732606, 0.0, 0.0
3.3324296474456787, 0.8851063847541809, 0.0, 1.94199800491333, -0.2834090221011202, 0.0, 0.0
3.342451810836792, 0.8851063847541809, 0.0, 1.9398465156555176, -0.654256027707473, 0.0, 0.0
3.352445125579834, 0.8851063847541809, 0.0, 1.941407322883606, 0.027720328240709854, 0.0, 0.0
3.3624534606933594, 0.8851063847541809, 0.0, 1.9334211349487305, -0.29297861033612327, 0.0, 0.0
3.372437000274658, 0.8851063847541809, 0.0, 1.9444903135299683, 0.014830645683569716, 0.0, 0.0
3.382441997528076, 0.8851063847541809, 0.0, 1.9443387985229492, -0.019575042554440335, 0.0, 0.0
3.392444372177124, 0.8851063847541809, 0.0, 1.943154215812683, -0.23899922801600113, 0.0, 0.0
3.4024291038513184, 0.8872340321540833, 0.6425691244239631, 1.9426689147949219, -0.29982517482517484, 0.0, 0.0
3.4124374389648438, 0.8872340321540833, 0.0, 1.947656512260437, 1.045218224107265, 0.0, 0.0
3.422440767288208, 0.8872340321540833, 0.0, 1.8637372255325317, -0.40101855902018374, 0.0, 0.0
3.432445526123047, 0.8872340321540833, 0.0, 1.8651865720748901, -20.588913714924097, 0.0, 0.0
3.4424686431884766, 0.8872340321540833, 0.0, 1.9419035911560059, 0.693001024240355, 0.0, 0.0
3.45243763923645, 0.8872340321540833, 0.0, 1.9433481693267822, 0.30189644586943176, 0.0, 0.0
3.462451696395874, 0.8872340321540833, 0.0, 1.944852352142334, 0.794943486020226, 0.0, 0.0
3.472463607788086, 0.8872340321540833, 0.0, 1.9495313167572021, 0.796098467254993, 0.0, 0.0
3.4824438095092773, 0.8872340321540833, 0.0, 1.9506916999816895, 0.20099475369625946, 0.0, 0.0
3.492440938949585, 0.8872340321540833, 0.0, 1.9529715776443481, 1.8657437638761918, 0.0, 0.0
3.5024497509002686, 0.8872340321540833, 0.0, 1.9426203966140747, -1.6534110746456252, 0.0, 0.0
3.512477397918701, 0.8872340321540833, 0.0, 1.8689552545547485, -1.6844143272023233, 0.0, 0.0
3.5224385261535645, 0.8872340321540833, 0.0, 1.8804004192352295, -17.64594097036641, 0.0, 0.0
3.532458543777466, 0.8872340321540833, 0.0, 1.9520018100738525, 0.4248936866208701, 0.0, 0.0
3.5424928665161133, 0.8872340321540833, 0.0, 1.950107216835022, -0.5173903803924347, 0.0, 0.0
3.55251145362854, 0.8872340321540833, 0.0, 1.9437273740768433, 20.224067056329886, 0.0, 0.0
3.5624430179595947, 0.8872340321540833, 0.0, 1.9403777122497559, 17.363686806411838, 0.0, 0.0
3.572465419769287, 0.8872340321540833, 0.0, 1.9426476955413818, 0.7296383034087952, 0.0, 0.0
3.582465410232544, 0.8872340321540833, 0.0, 1.9431742429733276, 0.07901390644753477, 0.0, 0.0
3.592452049255371, 0.8872340321540833, 0.0, 1.950819969177246, -0.38450601772252346, 0.0, 0.0
3.602435350418091, 0.8872340321540833, 0.0, 1.9498977661132812, -1.8035241393359136, 0.0, 0.0
3.612441301345825, 0.8872340321540833, 0.0, 1.9529551267623901, 0.7468020304568528, 0.0, 0.0
3.622478723526001, 0.8872340321540833, 0.0, 1.9544798135757446, 0.20346614836410754, 0.0, 0.0
3.6324775218963623, 0.8872340321540833, 0.0, 1.952384352684021, -0.21517524714340738, 0.0, 0.0
3.642425775527954, 0.8872340321540833, 0.0, 1.95193350315094, 0.45511176255038477, 0.0, 0.0
3.6524457931518555, 0.8872340321540833, 0.0, 1.9509581327438354, 0.28923463471202165, 0.0, 0.0
3.662517786026001, 0.8872340321540833, 0.0, 1.8853195905685425, 0.8212534233488313, 0.0, 0.0
3.6724679470062256, 0.8872340321540833, 0.0, 1.9509599208831787, 0.12844115622849278, 0.0, 0.0
3.68245530128479, 0.8872340321540833, 0.0, 1.8718737363815308, -0.3362131504319726, 0.0, 0.0
3.692445755004883, 0.8872340321540833, 0.0, 1.9540166854858398, 1.8808948004836759, 0.0, 0.0
3.702443838119507, 0.8872340321540833, 0.0, 1.9542638063430786, -0.012533783783783784, 0.0, 0.0
3.7124524116516113, 0.8872340321540833, 0.0, 1.8819888830184937, -19.637561134659276, 0.0, 0.0
