3.5762786865234375e-06, 0.0, 0.0, 0.0, 0.0, 0.0, 0.0
7.271766662597656e-05, 0.0, 0.0, 0.0, 0.0, 0.0, 0.0
0.0039789676666259766, 0.0, 0.0, 0.0, 0.0, 0.0, 0.0
0.013990640640258789, 0.0, 0.0, 0.0, 0.0, 0.0, 0.0
0.02401113510131836, 0.0, 0.0, 0.0, 0.0, 0.0, 0.0
0.0339665412902832, 0.0, 0.0, 0.0, 0.0, 0.0, 0.0
0.0439906120300293, 0.0, 0.0, 0.0, 0.0, 0.0, 0.0
0.054033517837524414, 0.0, 0.0, 0.0, 0.0, 0.0, 0.0
0.06406426429748535, 0.0, 0.0, 0.0, 0.0, 0.0, 0.0
0.07404851913452148, 0.0, 0.0, 0.0, 0.0, 0.0, 0.0
0.0841372013092041, 0.0, 0.0, 0.0, 0.0, 0.0, 0.0
0.09411907196044922, 0.0, 0.0, 0.0, 0.0, 0.0, 0.0
0.10412001609802246, 0.0, 0.0, 0.0, 0.0, 0.0, 0.0
0.11411595344543457, 0.0, 0.0, 0.0, 0.0, 0.0, 0.0
0.12413716316223145, 0.0, 0.0, 0.0, 0.0, 0.0, 0.0
0.1340787410736084, 0.0, 0.0, 0.0, 0.0, 0.0, 0.0
0.14407753944396973, 0.0, 0.0, 0.0, 0.0, 0.0, 0.0
0.15410065650939941, 0.0, 0.0, 0.0, 0.0, 0.0, 0.0
0.16400527954101562, 0.0, 0.0, 0.0, 0.0, 0.0, 0.0
0.17395520210266113, 0.0, 0.0, 0.0, 0.0, 0.0, 0.0
0.18398666381835938, 0.0, 0.0, 0.0, 0.0, 0.0, 0.0
0.1939709186553955, 0.0, 0.0, 0.0, 0.0, 0.0, 0.0
0.20397639274597168, 0.0, 0.0, 0.0, 0.0, 0.0, 0.0
0.21400928497314453, 0.0, 0.0, 0.0, 0.0, 0.0, 0.0
0.2240147590637207, 0.0, 0.0, 0.0, 0.0, 0.0, 0.0
0.2340075969696045, 0.0, 0.0, 0.0, 0.0, 0.0, 0.0
0.24402880668640137, 0.0, 0.0, 0.0, 0.0, 0.0, 0.0
0.2539987564086914, 0.0, 0.0, 0.0, 0.0, 0.0, 0.0
0.2640500068664551, 0.0, 0.0, 0.0, 0.0, 0.0, 0.0
0.2741546630859375, 0.0, 0.0, 0.0, 0.0, 0.0, 0.0
0.2839963436126709, 0.0, 0.0, 0.0, 0.0, 0.0, 0.0
0.293973445892334, 0.0, 0.0, 0.0, 0.0, 0.0, 0.0
0.30397915840148926, 0.0, 0.0, 0.0, 0.0, 0.0, 0.0
0.31401896476745605, 0.0, 0.0, 0.0, 0.0, 0.0, 0.0
0.3240056037902832, 0.0, 0.0, 0.0, 0.0, 0.0, 0.0
0.3340177536010742, 0.0, 0.0, 0.0, 0.0, 0.0, 0.0
0.3440084457397461, 0.0, 0.0, 0.0, 0.0, 0.0, 0.0
0.35408496856689453, 0.0, 0.0, 0.0, 0.0, 0.0, 0.0
0.36408472061157227, 0.0, 0.0, 0.0, 0.0, 0.0, 0.0
0.3740568161010742, 0.0, 0.0, 0.0, 0.0, 0.0, 0.0
0.3840351104736328, 0.0, 0.0, 0.0, 0.0, 0.0, 0.0
0.39407896995544434, 0.0, 0.0, 0.0, 0.0, 0.0, 0.0
0.40403294563293457, 0.0, 0.0, 0.0, 0.0, 0.0, 0.0
0.4140019416809082, 0.0, 0.0, 0.0, 0.0, 0.0, 0.0
0.42396068572998047, 0.0, 0.0, 0.0, 0.0, 0.0, 0.0
0.43397068977355957, 0.0, 0.0, 0.0, 0.0, 0.0, 0.0
0.44403505325317383, 0.0, 0.0, 0.0, 0.0, 0.0, 0.0
0.4540364742279053, 0.0, 0.0, 0.0, 0.0, 0.0, 0.0
0.46407580375671387, 0.0, 0.0, 0.0, 0.0, 0.0, 0.0
0.47408080101013184, 0.0, 0.0, 0.0, 0.0, 0.0, 0.0
0.4840075969696045, 0.0, 0.0, 0.0, 0.0, 0.0, 0.0
0.4940199851989746, 0.0, 0.0, 0.0, 0.0, 0.0, 0.0
0.5039927959442139, 0.0, 0.0, 0.0, 0.0, 0.0, 0.0
0.513969898223877, 0.0, 0.0, 0.0, 0.0, 0.0, 0.0
0.5239481925964355, 0.0, 0.0, 0.0, 0.0, 0.0, 0.0
0.5339818000793457, 0.0, 0.0, 0.0, 0.0, 0.0, 0.0
0.5439543724060059, 0.0, 0.0, 0.0, 0.0, 0.0, 0.0
0.5539839267730713, 0.0, 0.0, 0.0, 0.0, 0.0, 0.0
0.5640108585357666, 0.0, 0.0, 0.0, 0.0, 0.0, 0.0
0.5739660263061523, 0.0, 0.0, 0.0, 0.0, 0.0, 0.0
0.5839967727661133, 0.0, 0.0, 0.0, 0.0, 0.0, 0.0
0.5939927101135254, 0.0, 0.0, 0.0, 0.0, 0.0, 0.0
0.6039631366729736, 0.0, 0.0, 0.0, 0.0, 0.0, 0.0
0.6139998435974121, 0.0, 0.0, 0.0, 0.0, 0.0, 0.0
0.6240274906158447, 0.0, 0.0, 0.0, 0.0, 0.0, 0.0
0.6340465545654297, 0.0, 0.0, 0.0, 0.0, 0.0, 0.0
0.6440317630767822, 0.0, 0.0, 0.0, 0.0, 0.0, 0.0
0.6540210247039795, 0.0, 0.0, 0.0, 0.0, 0.0, 0.0
0.6640651226043701, 0.0, 0.0, 0.0, 0.0, 0.0, 0.0
0.6740427017211914, 0.0, 0.0, 0.0, 0.0, 0.0, 0.0
0.684074878692627, 0.0, 0.0, 0.0, 0.0, 0.0, 0.0
0.6940608024597168, 0.0, 0.0, 0.0, 0.0, 0.0, 0.0
0.7040398120880127, 0.0, 0.0, 0.0, 0.0, 0.0, 0.0
0.7140746116638184, 0.0, 0.0, 0.0, 0.0, 0.0, 0.0
0.7240328788757324, 0.0, 0.0, 0.0, 0.0, 0.0, 0.0
0.7340614795684814, 0.0, 0.0, 0.0, 0.0, 0.0, 0.0
0.7440454959869385, 0.0, 0.0, 0.0, 0.0, 0.0, 0.0
0.7540786266326904, 0.0, 0.0, 0.0, 0.0, 0.0, 0.0
0.7640652656555176, 0.0, 0.0, 0.0, 0.0, 0.0, 0.0
0.7740597724914551, 0.0, 0.0, 0.0, 0.0, 0.0, 0.0
0.7840683460235596, 0.0, 0.0, 0.0, 0.0, 0.0, 0.0
0.7940781116485596, 0.0, 0.0, 0.0, 0.0, 0.0, 0.0
0.8040945529937744, 0.0, 0.0, 0.0, 0.0, 0.0, 0.0
0.8140773773193359, 0.0, 0.0, 0.0, 0.0, 0.0, 0.0
0.8240292072296143, 0.0, 0.0, 0.0, 0.0, 0.0, 0.0
0.8340907096862793, 0.0, 0.0, 0.0, 0.0, 0.0, 0.0
0.8440308570861816, 0.0, 0.0, 0.0, 0.0, 0.0, 0.0
0.854071855545044, 0.0, 0.0, 0.0, 0.0, 0.0, 0.0
0.8640458583831787, 0.0, 0.0, 0.0, 0.0, 0.0, 0.0
0.8739523887634277, 0.0, 0.0, 0.0, 0.0, 0.0, 0.0
0.883981466293335, 0.0, 0.0, 0.0, 0.0, 0.0, 0.0
0.8939831256866455, 0.0, 0.0, 0.0, 0.0, 0.0, 0.0
0.9040532112121582, 0.0, 0.0, 0.0, 0.0, 0.0, 0.0
0.9141204357147217, 0.0, 0.0, 0.0, 0.0, 0.0, 0.0
0.9241147041320801, 0.0, 0.0, 0.0, 0.0, 0.0, 0.0
0.9340469837188721, 0.0, 0.0, 0.0, 0.0, 0.0, 0.0
0.9441165924072266, 0.0, 0.0, 0.0, 0.0, 0.0, 0.0
0.9540491104125977, 0.0, 0.0, 0.0, 0.0, 0.0, 0.0
0.9641063213348389, 0.0, 0.0, 0.0, 0.0, 0.0, 0.0
0.9740204811096191, 0.0, 0.0, 0.0, 0.0, 0.0, 0.0
0.9840834140777588, 0.0, 0.0, 0.0, 0.0, 0.0, 0.0
0.9940571784973145, 0.0, 0.0, 0.0, 0.0, 0.0, 0.0
1.0040903091430664, 0.0, 0.0, 0.0, 0.0, 0.0, 0.0
1.0141324996948242, 0.0, 0.0, 0.0, 0.0, 0.0, 0.0
1.0241215229034424, 0.0, 0.0, 0.0, 0.0, 0.0, 0.0
1.0341126918792725, 0.0, 0.0, 0.0, 0.0, 0.0, 0.0
1.0441136360168457, 0.0, 0.0, 0.0, 0.0, 0.0, 0.0
1.0541234016418457, 0.0, 0.0, 0.0, 0.0, 0.0, 0.0
1.0641210079193115, 0.0, 0.0, 0.0, 0.0, 0.0, 0.0
1.0741159915924072, 0.0, 0.0, 0.0, 0.0, 0.0, 0.0
1.0841267108917236, 0.0, 0.0, 0.0, 0.0, 0.0, 0.0
1.0941085815429688, 0.0, 0.0, 0.0, 0.0, 0.0, 0.0
1.1040706634521484, 0.0, 0.0, 0.0, 0.0, 0.0, 0.0
1.1140358448028564, 0.0, 0.0, 0.0, 0.0, 0.0, 0.0
1.1240277290344238, 0.0, 0.0, 0.0, 0.0, 0.0, 0.0
1.1340458393096924, 0.0, 0.0, 0.0, 0.0, 0.0, 0.0
1.1440637111663818, 0.0, 0.0, 0.0, 0.0, 0.0, 0.0
1.1541168689727783, 0.0, 0.0, 0.0, 0.0, 0.0, 0.0
1.1640651226043701, 0.0, 0.0, 0.0, 0.0, 0.0, 0.0
1.174095630645752, 0.0, 0.0, 0.0, 0.0, 0.0, 0.0
1.1841092109680176, 0.0, 0.0, 0.0, 0.0, 0.0, 0.0
1.1940891742706299, 0.0, 0.0, 0.0, 0.0, 0.0, 0.0
1.2041292190551758, 0.0, 0.0, 0.0, 0.0, 0.0, 0.0
1.2141358852386475, 0.0, 0.0, 0.0, 0.0, 0.0, 0.0
1.2241268157958984, 0.0, 0.0, 0.0, 0.0, 0.0, 0.0
1.2340736389160156, 0.0, 0.0, 0.0, 0.0, 0.0, 0.0
1.2440438270568848, 0.0, 0.0, 0.0, 0.0, 0.0, 0.0
1.2540531158447266, 0.0, 0.0, 0.0, 0.0, 0.0, 0.0
1.2641363143920898, 0.0, 0.0, 0.0, 0.0, 0.0, 0.0
1.2741076946258545, 0.0, 0.0, 0.0, 0.0, 0.0, 0.0
1.2841086387634277, 0.0, 0.0, 0.0, 0.0, 0.0, 0.0
1.2940936088562012, 0.0, 0.0, 0.0, 0.0, 0.0, 0.0
1.3041150569915771, 0.0, 0.0, 0.0, 0.0, 0.0, 0.0
1.3141088485717773, 0.0, 0.0, 0.0, 0.0, 0.0, 0.0
1.3241300582885742, 0.0, 0.0, 0.0, 0.0, 0.0, 0.0
1.3341419696807861, 0.0, 0.0, 0.0, 0.0, 0.0, 0.0
1.3441262245178223, 0.0, 0.0, 0.0, 0.0, 0.0, 0.0
1.3540632724761963, 0.0, 0.0, 0.0, 0.0, 0.0, 0.0
1.3639872074127197, 0.0, 0.0, 0.0, 0.0, 0.0, 0.0
1.3739595413208008, 0.0, 0.0, 0.0, 0.0, 0.0, 0.0
1.3839550018310547, 0.0, 0.0, 0.0, 0.0, 0.0, 0.0
1.39396071434021, 0.0, 0.0, 0.0, 0.0, 0.0, 0.0
1.4039676189422607, 0.0, 0.0, 0.0, 0.0, 0.0, 0.0
1.413949728012085, 0.0, 0.0, 0.0, 0.0, 0.0, 0.0
1.4239680767059326, 0.0, 0.0, 0.0, 0.0, 0.0, 0.0
1.4339878559112549, 0.0, 0.0, 0.0, 0.0, 0.0, 0.0
1.4439911842346191, 0.0, 0.0, 0.0, 0.0, 0.0, 0.0
1.45399808883667, 0.0, 0.0, 0.0, 0.0, 0.0, 0.0
1.4639923572540283, 0.0, 0.0, 0.0, 0.0, 0.0, 0.0
1.473994493484497, 0.0, 0.0, 0.0, 0.0, 0.0, 0.0
1.483992099761963, 0.0, 0.0, 0.0, 0.0, 0.0, 0.0
1.4939639568328857, 0.0, 0.0, 0.0, 0.0, 0.0, 0.0
1.503955602645874, 0.0, 0.0, 0.0, 0.0, 0.0, 0.0
1.5139522552490234, 0.0, 0.0, 0.0, 0.0, 0.0, 0.0
1.5239567756652832, 0.0, 0.0, 0.0, 0.0, 0.0, 0.0
1.5339486598968506, 0.0, 0.0, 0.0, 0.0, 0.0, 0.0
1.5439865589141846, 0.0, 0.0, 0.0, 0.0, 0.0, 0.0
1.5539953708648682, 0.0, 0.0, 0.0, 0.0, 0.0, 0.0
1.5639758110046387, 0.0, 0.0, 0.0, 0.0, 0.0, 0.0
1.5739719867706299, 0.0, 0.0, 0.0, 0.0, 0.0, 0.0
1.5839848518371582, 0.0, 0.0, 0.0, 0.0, 0.0, 0.0
1.593928337097168, 0.0, 0.0, 0.0, 0.0, 0.0, 0.0
1.603954792022705, 0.0, 0.0, 0.0, 0.0, 0.0, 0.0
1.6139757633209229, 0.0, 0.0, 0.0, 0.0, 0.0, 0.0
1.6254796981811523, 0.0, 0.0, 0.0, 0.0, 0.0, 0.0
1.6339399814605713, 0.0, 0.0, 0.0, 0.0, 0.0, 0.0
1.6439549922943115, 0.0, 0.0, 0.0, 0.0, 0.0, 0.0
1.653944730758667, 0.0, 0.0, 0.0, 0.0, 0.0, 0.0
1.6639881134033203, 0.0, 0.0, 0.0, 0.0, 0.0, 0.0
1.6739959716796875, 0.0, 0.0, 0.0, 0.0, 0.0, 0.0
1.683971881866455, 0.0, 0.0, 0.0, 0.0, 0.0, 0.0
1.693971872329712, 0.0, 0.0, 0.0, 0.0, 0.0, 0.0
1.7039391994476318, 0.0, 0.0, 0.0, 0.0, 0.0, 0.0
1.7139389514923096, 0.0, 0.0, 0.0, 0.0, 0.0, 0.0
1.724008321762085, 0.0, 0.0, 0.0, 0.0, 0.0, 0.0
1.733973741531372, 0.0, 0.0, 0.0, 0.0, 0.0, 0.0
1.7439918518066406, 0.0, 0.0, 0.0, 0.0, 0.0, 0.0
1.7539315223693848, 0.0, 0.0, 0.0, 0.0, 0.0, 0.0
1.7639782428741455, 0.0, 0.0, 0.0, 0.0, 0.0, 0.0
1.7739765644073486, 0.0, 0.0, 0.0, 0.0, 0.0, 0.0
1.7839710712432861, 0.0, 0.0, 0.0, 0.0, 0.0, 0.0
1.793938398361206, 0.0, 0.0, 0.0, 0.0, 0.0, 0.0
1.8039488792419434, 0.0, 0.0, 0.0, 0.0, 0.0, 0.0
1.813969612121582, 0.0, 0.0, 0.0, 0.0, 0.0, 0.0
1.8239331245422363, 0.0, 0.0, 0.0, 0.0, 0.0, 0.0
1.8339736461639404, 0.0, 0.0, 0.0, 0.0, 0.0, 0.0
1.844182014465332, 0.0, 0.0, 0.0, 0.0, 0.0, 0.0
1.8539588451385498, 0.0, 0.0, 0.0, 0.0, 0.0, 0.0
1.863940715789795, 0.0, 0.0, 0.0, 0.0, 0.0, 0.0
1.8739399909973145, 0.0, 0.0, 0.0, 0.0, 0.0, 0.0
1.883957862854004, 0.0, 0.0, 0.0, 0.0, 0.0, 0.0
1.893953561782837, 0.0, 0.0, 0.0, 0.0, 0.0, 0.0
1.9039568901062012, 0.0, 0.0, 0.0, 0.0, 0.0, 0.0
1.91395902633667, 0.0, 0.0, 0.0, 0.0, 0.0, 0.0
1.9239656925201416, 0.0, 0.0, 0.0, 0.0, 0.0, 0.0
1.933946132659912, 0.0, 0.0, 0.0, 0.0, 0.0, 0.0
1.9439523220062256, 0.0, 0.0, 0.0, 0.0, 0.0, 0.0
1.9539692401885986, 0.0, 0.0, 0.0, 0.0, 0.0, 0.0
1.9639544486999512, 0.0, 0.0, 0.0, 0.0, 0.0, 0.0
1.9739875793457031, 0.0, 0.0, 0.0, 0.0, 0.0, 0.0
1.983949899673462, 0.0, 0.0, 0.0, 0.0, 0.0, 0.0
1.993983507156372, 0.0, 0.0, 0.0, 0.0, 0.0, 0.0
2.0039327144622803, 0.0, 0.0, 0.0, 0.0, 0.0, 0.0
2.013943672180176, 0.0, 0.0, 0.0, 0.0, 0.0, 0.0
2.0239975452423096, 0.0, 0.0, 0.0, 0.0, 0.0, 0.0
2.033932685852051, 0.0, 0.0, 0.0, 0.0, 0.0, 0.0
2.0439345836639404, 0.0, 0.0, 0.0, 0.0, 0.0, 0.0
2.0539655685424805, 0.0, 0.0, 0.0, 0.0, 0.0, 0.0
2.0640156269073486, 0.0, 0.0, 0.0, 0.0, 0.0, 0.0
2.0740108489990234, 0.0, 0.0, 0.0, 0.0, 0.0, 0.0
2.083986282348633, 0.0, 0.0, 0.0, 0.0, 0.0, 0.0
2.093951463699341, 0.0, 0.0, 0.0, 0.0, 0.0, 0.0
2.103954792022705, 0.0, 0.0, 0.0, 0.0, 0.0, 0.0
2.113969564437866, 0.0, 0.0, 0.0, 0.0, 0.0, 0.0
2.123995780944824, 0.0, 0.0, 0.0, 0.0, 0.0, 0.0
2.133970022201538, 0.0, 0.0, 0.0, 0.0, 0.0, 0.0
2.1439757347106934, 0.0, 0.0, 0.0, 0.0, 0.0, 0.0
2.1539359092712402, 0.0, 0.0, 0.0, 0.0, 0.0, 0.0
2.16393780708313, 0.0, 0.0, 0.0, 0.0, 0.0, 0.0
2.173966646194458, 0.0, 0.0, 0.0, 0.0, 0.0, 0.0
2.1839394569396973, 0.0, 0.0, 0.0, 0.0, 0.0, 0.0
2.1939878463745117, 0.0, 0.0, 0.0, 0.0, 0.0, 0.0
2.20400071144104, 0.0, 0.0, 0.0, 0.0, 0.0, 0.0
2.2139546871185303, 0.0, 0.0, 0.0, 0.0, 0.0, 0.0
2.223933696746826, 0.0, 0.0, 0.0, 0.0, 0.0, 0.0
2.233956813812256, 0.0, 0.0, 0.0, 0.0, 0.0, 0.0
2.2439589500427246, 0.0, 0.0, 0.0, 0.0, 0.0, 0.0
2.25394606590271, 0.0, 0.0, 0.0, 0.0, 0.0, 0.0
2.2639517784118652, 0.0, 0.0, 0.0, 0.0, 0.0, 0.0
2.273933172225952, 0.0, 0.0, 0.0, 0.0, 0.0, 0.0
2.2839407920837402, 0.0, 0.0, 0.0, 0.0, 0.0, 0.0
2.293938159942627, 0.0, 0.0, 0.0, 0.0, 0.0, 0.0
2.303976535797119, 0.0, 0.0, 0.0, 0.0, 0.0, 0.0
2.3139309883117676, 0.0, 0.0, 0.0, 0.0, 0.0, 0.0
2.3239736557006836, 0.0, 0.0, 0.0, 0.0, 0.0, 0.0
2.333970308303833, 0.0, 0.0, 0.0, 0.0, 0.0, 0.0
2.3439712524414062, 0.0, 0.0, 0.0, 0.0, 0.0, 0.0
2.353933095932007, 0.0, 0.0, 0.0, 0.0, 0.0, 0.0
2.3639352321624756, 0.0, 0.0, 0.0, 0.0, 0.0, 0.0
2.373927354812622, 0.0, 0.0, 0.0, 0.0, 0.0, 0.0
2.3839240074157715, 0.0, 0.0, 0.0, 0.0, 0.0, 0.0
2.393948554992676, 0.0, 0.0, 0.0, 0.0, 0.0, 0.0
2.4039244651794434, 0.0, 0.0, 0.0, 0.0, 0.0, 0.0
2.413926124572754, 0.0, 0.0, 0.0, 0.0, 0.0, 0.0
2.423953056335449, 0.0, 0.0, 0.0, 0.0, 0.0, 0.0
2.4339418411254883, 0.0, 0.0, 0.0, 0.0, 0.0, 0.0
2.4439337253570557, 0.0, 0.0, 0.0, 0.0, 0.0, 0.0
2.4539449214935303, 0.0, 0.0, 0.0, 0.0, 0.0, 0.0
2.463925361633301, 0.0, 0.0, 0.0, 0.0, 0.0, 0.0
2.473928213119507, 0.0, 0.0, 0.0, 0.0, 0.0, 0.0
2.4839963912963867, 0.0, 0.0, 0.0, 0.0, 0.0, 0.0
2.4939754009246826, 0.0, 0.0, 0.0, 0.0, 0.0, 0.0
2.5039618015289307, 0.0, 0.0, 0.0, 0.0, 0.0, 0.0
2.5139434337615967, 0.0, 0.0, 0.0, 0.0, 0.0, 0.0
2.523947238922119, 0.0, 0.0, 0.0, 0.0, 0.0, 0.0
2.5339300632476807, 0.0, 0.0, 0.0, 0.0, 0.0, 0.0
2.543929100036621, 0.0, 0.0, 0.0, 0.0, 0.0, 0.0
2.5539352893829346, 0.0, 0.0, 0.0, 0.0, 0.0, 0.0
2.563944101333618, 0.0, 0.0, 0.0, 0.0, 0.0, 0.0
2.5739455223083496, 0.0, 0.0, 0.0, 0.0, 0.0, 0.0
2.5839428901672363, 0.0, 0.0, 0.0, 0.0, 0.0, 0.0
2.5939698219299316, 0.0, 0.0, 0.0, 0.0, 0.0, 0.0
2.6039669513702393, 0.0, 0.0, 0.0, 0.0, 0.0, 0.0
2.613929271697998, 0.0, 0.0, 0.0, 0.0, 0.0, 0.0
2.623976707458496, 0.0, 0.0, 0.0, 0.0, 0.0, 0.0
2.633943796157837, 0.0, 0.0, 0.0, 0.0, 0.0, 0.0
2.643932819366455, 0.0, 0.0, 0.0, 0.0, 0.0, 0.0
2.6539368629455566, 0.0, 0.0, 0.0, 0.0, 0.0, 0.0
2.6639363765716553, 0.0, 0.0, 0.0, 0.0, 0.0, 0.0
2.673931121826172, 0.0, 0.0, 0.0, 0.0, 0.0, 0.0
2.6839654445648193, 0.0, 0.0, 0.0, 0.0, 0.0, 0.0
2.6939568519592285, 0.0, 0.0, 0.0, 0.0, 0.0, 0.0
2.703963279724121, 0.0, 0.0, 0.0, 0.0, 0.0, 0.0
2.7139508724212646, 0.0, 0.0, 0.0, 0.0, 0.0, 0.0
2.7239346504211426, 0.0, 0.0, 0.0, 0.0, 0.0, 0.0
2.7339682579040527, 0.0, 0.0, 0.0, 0.0, 0.0, 0.0
2.7439358234405518, 0.0, 0.0, 0.0, 0.0, 0.0, 0.0
2.7539751529693604, 0.0, 0.0, 0.0, 0.0, 0.0, 0.0
2.763951301574707, 0.0, 0.0, 0.0, 0.0, 0.0, 0.0
2.7739593982696533, 0.0, 0.0, 0.0, 0.0, 0.0, 0.0
2.7839245796203613, 0.0, 0.0, 0.0, 0.0, 0.0, 0.0
2.7939345836639404, 0.0, 0.0, 0.0, 0.0, 0.0, 0.0
2.8039252758026123, 0.0, 0.0, 0.0, 0.0, 0.0, 0.0
2.8139190673828125, 0.0, 0.0, 0.0, 0.0, 0.0, 0.0
2.82393217086792, 0.0, 0.0, 0.0, 0.0, 0.0, 0.0
2.8339381217956543, 0.0, 0.0, 0.0, 0.0, 0.0, 0.0
2.843924045562744, 0.0, 0.0, 0.0, 0.0, 0.0, 0.0
2.8539161682128906, 0.0, 0.0, 0.0, 0.0, 0.0, 0.0
2.8639578819274902, 0.0, 0.0, 0.0, 0.0, 0.0, 0.0
2.873955011367798, 0.0, 0.0, 0.0, 0.0, 0.0, 0.0
2.8839781284332275, 0.0, 0.0, 0.0, 0.0, 0.0, 0.0
2.893934965133667, 0.0, 0.0, 0.0, 0.0, 0.0, 0.0
2.9039266109466553, 0.0, 0.0, 0.0, 0.0, 0.0, 0.0
2.9139785766601562, 0.0, 0.0, 0.0, 0.0, 0.0, 0.0
2.9239351749420166, 0.0, 0.0, 0.0, 0.0, 0.0, 0.0
2.9339609146118164, 0.0, 0.0, 0.0, 0.0, 0.0, 0.0
2.9439587593078613, 0.0, 0.0, 0.0, 0.0, 0.0, 0.0
2.953937530517578, 0.0, 0.0, 0.0, 0.0, 0.0, 0.0
2.9639265537261963, 0.0, 0.0, 0.0, 0.0, 0.0, 0.0
2.9739272594451904, 0.0, 0.0, 0.0, 0.0, 0.0, 0.0
2.983935594558716, 0.0, 0.0, 0.0, 0.0, 0.0, 0.0
2.993976354598999, 0.0, 0.0, 0.0, 0.0, 0.0, 0.0
3.003941535949707, 0.0, 0.0, 0.0, 0.0, 0.0, 0.0
3.013939619064331, 0.0, 0.0, 0.0, 0.0, 0.0, 0.0
3.02394437789917, 0.0, 0.0, 0.0, 0.0, 0.0, 0.0
3.033994197845459, 0.0, 0.0, 0.0, 0.0, 0.0, 0.0
3.0439376831054688, 0.0, 0.0, 0.0, 0.0, 0.0, 0.0
3.0539350509643555, 0.0, 0.0, 0.0, 0.0, 0.0, 0.0
3.063947916030884, 0.0, 0.0, 0.0, 0.0, 0.0, 0.0
3.0739378929138184, 0.0, 0.0, 0.0, 0.0, 0.0, 0.0
3.083949327468872, 0.0, 0.0, 0.0, 0.0, 0.0, 0.0
3.0939438343048096, 0.0, 0.0, 0.0, 0.0, 0.0, 0.0
3.103933811187744, 0.0, 0.0, 0.0, 0.0, 0.0, 0.0
3.1139371395111084, 0.0, 0.0, 0.0, 0.0, 0.0, 0.0
3.1239452362060547, 0.0, 0.0, 0.0, 0.0, 0.0, 0.0
3.1339385509490967, 0.0, 0.0, 0.0, 0.0, 0.0, 0.0
3.1439461708068848, 0.0, 0.0, 0.0, 0.0, 0.0, 0.0
3.153952121734619, 0.0, 0.0, 0.0, 0.0, 0.0, 0.0
3.163935899734497, 0.0, 0.0, 0.0, 0.0, 0.0, 0.0
3.1739540100097656, 0.0, 0.0, 0.0, 0.0, 0.0, 0.0
3.183922290802002, 0.0, 0.0, 0.0, 0.0, 0.0, 0.0
3.1939215660095215, 0.0, 0.0, 0.0, 0.0, 0.0, 0.0
3.2039284706115723, 0.0, 0.0, 0.0, 0.0, 0.0, 0.0
3.2139334678649902, 0.0, 0.0, 0.0, 0.0, 0.0, 0.0
3.2239444255828857, 0.0, 0.0, 0.0, 0.0, 0.0, 0.0
3.2339749336242676, 0.0, 0.0, 0.0, 0.0, 0.0, 0.0
3.243929862976074, 0.0, 0.0, 0.0, 0.0, 0.0, 0.0
3.253925323486328, 0.0, 0.0, 0.0, 0.0, 0.0, 0.0
3.2639377117156982, 0.0, 0.0, 0.0, 0.0, 0.0, 0.0
3.2739367485046387, 0.0, 0.0, 0.0, 0.0, 0.0, 0.0
3.2839348316192627, 0.0, 0.0, 0.0, 0.0, 0.0, 0.0
3.2939562797546387, 0.0, 0.0, 0.0, 0.0, 0.0, 0.0
3.303936243057251, 0.0, 0.0, 0.0, 0.0, 0.0, 0.0
3.313960313796997, 0.0, 0.0, 0.0, 0.0, 0.0, 0.0
3.3239541053771973, 0.0, 0.0, 0.0, 0.0, 0.0, 0.0
3.3339524269104004, 0.0, 0.0, 0.0, 0.0, 0.0, 0.0
3.3439295291900635, 0.0, 0.0, 0.0, 0.0, 0.0, 0.0
3.353945016860962, 0.0, 0.0, 0.0, 0.0, 0.0, 0.0
3.363919496536255, 0.0, 0.0, 0.0, 0.0, 0.0, 0.0
3.3739356994628906, 0.0, 0.0, 0.0, 0.0, 0.0, 0.0
3.383920907974243, 0.0, 0.0, 0.0, 0.0, 0.0, 0.0
3.3939411640167236, 0.0, 0.0, 0.0, 0.0, 0.0, 0.0
3.4039559364318848, 0.0, 0.0, 0.0, 0.0, 0.0, 0.0
3.413926362991333, 0.0, 0.0, 0.0, 0.0, 0.0, 0.0
3.4239540100097656, 0.0, 0.0, 0.0, 0.0, 0.0, 0.0
3.4339308738708496, 0.0, 0.0, 0.0, 0.0, 0.0, 0.0
3.4439337253570557, 0.0, 0.0, 0.0, 0.0, 0.0, 0.0
3.45395827293396, 0.0, 0.0, 0.0, 0.0, 0.0, 0.0
3.46396803855896, 0.0, 0.0, 0.0, 0.0, 0.0, 0.0
3.473928451538086, 0.0, 0.0, 0.0, 0.0, 0.0, 0.0
3.4839303493499756, 0.0, 0.0, 0.0, 0.0, 0.0, 0.0
3.493945360183716, 0.0, 0.0, 0.0, 0.0, 0.0, 0.0
3.5039443969726562, 0.0, 0.0, 0.0, 0.0, 0.0, 0.0
3.5139267444610596, 0.0, 0.0, 0.0, 0.0, 0.0, 0.0
3.5239243507385254, 0.0, 0.0, 0.0, 0.0, 0.0, 0.0
3.5339677333831787, 0.0, 0.0, 0.0, 0.0, 0.0, 0.0
3.543930768966675, 0.0, 0.0, 0.0, 0.0, 0.0, 0.0
3.5539655685424805, 0.0, 0.0, 0.0, 0.0, 0.0, 0.0
3.563950777053833, 0.0, 0.0, 0.0, 0.0, 0.0, 0.0
3.5739407539367676, 0.0, 0.0, 0.0, 0.0, 0.0, 0.0
3.5839736461639404, 0.0, 0.0, 0.0, 0.0, 0.0, 0.0
3.5939278602600098, 0.0, 0.0, 0.0, 0.0, 0.0, 0.0
3.6039304733276367, 0.0, 0.0, 0.0, 0.0, 0.0, 0.0
3.6139347553253174, 0.0, 0.0, 0.0, 0.0, 0.0, 0.0
3.623981475830078, 0.0, 0.0, 0.0, 0.0, 0.0, 0.0
3.633936882019043, 0.0, 0.0, 0.0, 0.0, 0.0, 0.0
3.643941640853882, 0.0, 0.0, 0.0, 0.0, 0.0, 0.0
3.653927803039551, 0.0, 0.0, 0.0, 0.0, 0.0, 0.0
3.663952589035034, 0.0, 0.0, 0.0, 0.0, 0.0, 0.0
3.673950672149658, 0.0, 0.0, 0.0, 0.0, 0.0, 0.0
3.683936595916748, 0.0, 0.0, 0.0, 0.0, 0.0, 0.0
3.6939446926116943, 0.0, 0.0, 0.0, 0.0, 0.0, 0.0
3.7039477825164795, 0.0, 0.0, 0.0, 0.0, 0.0, 0.0
3.713944911956787, 0.0, 0.0, 0.0, 0.0, 0.0, 0.0
3.723942518234253, 0.0, 0.0, 0.0, 0.0, 0.0, 0.0
3.73396635055542, 0.0, 0.0, 0.0, 0.0, 0.0, 0.0
3.7439608573913574, 0.0, 0.0, 0.0, 0.0, 0.0, 0.0
3.753950357437134, 0.0, 0.0, 0.0, 0.0, 0.0, 0.0
3.763936758041382, 0.0, 0.0, 0.0, 0.0, 0.0, 0.0
3.7739694118499756, 0.0, 0.0, 0.0, 0.0, 0.0, 0.0
3.783936023712158, 0.0, 0.0, 0.0, 0.0, 0.0, 0.0
3.793931007385254, 0.0, 0.0, 0.0, 0.0, 0.0, 0.0
3.803922414779663, 0.0, 0.0, 0.0, 0.0, 0.0, 0.0
3.813971996307373, 0.0, 0.0, 0.0, 0.0, 0.0, 0.0
3.8239223957061768, 0.0, 0.0, 0.0, 0.0, 0.0, 0.0
3.833928108215332, 0.0, 0.0, 0.0, 0.0, 0.0, 0.0
3.8439278602600098, 0.0, 0.0, 0.0, 0.0, 0.0, 0.0
3.8539340496063232, 0.0, 0.0, 0.0, 0.0, 0.0, 0.0
3.863938808441162, 0.0, 0.0, 0.0, 0.0, 0.0, 0.0
3.8739445209503174, 0.0, 0.0, 0.0, 0.0, 0.0, 0.0
3.8839786052703857, 0.0, 0.0, 0.0, 0.0, 0.0, 0.0
3.8939223289489746, 0.0, 0.0, 0.0, 0.0, 0.0, 0.0
3.903961181640625, 0.0, 0.0, 0.0, 0.0, 0.0, 0.0
3.9139323234558105, 0.0, 0.0, 0.0, 0.0, 0.0, 0.0
3.9239602088928223, 0.0, 0.0, 0.0, 0.0, 0.0, 0.0
3.933927059173584, 0.0, 0.0, 0.0, 0.0, 0.0, 0.0
3.9439492225646973, 0.0, 0.0, 0.0, 0.0, 0.0, 0.0
3.9539616107940674, 0.0, 0.0, 0.0, 0.0, 0.0, 0.0
3.9639534950256348, 0.0, 0.0, 0.0, 0.0, 0.0, 0.0
3.9739649295806885, 0.0, 0.0, 0.0, 0.0, 0.0, 0.0
3.9839348793029785, 0.0, 0.0, 0.0, 0.0, 0.0, 0.0
3.993969440460205, 0.0, 0.0, 0.0, 0.0, 0.0, 0.0
4.003976106643677, 0.0, 0.0, 0.0, 0.0, 0.0, 0.0
4.013976335525513, 0.0, 0.0, 0.0, 0.0, 0.0, 0.0
4.0239503383636475, 0.0, 0.0, 0.0, 0.0, 0.0, 0.0
4.033956289291382, 0.0, 0.0, 0.0, 0.0, 0.0, 0.0
4.0439229011535645, 0.0, 0.0, 0.0, 0.0, 0.0, 0.0
4.053938865661621, 0.0, 0.0, 0.0, 0.0, 0.0, 0.0
4.063933372497559, 0.0, 0.0, 0.0, 0.0, 0.0, 0.0
4.0739312171936035, 0.0, 0.0, 0.0, 0.0, 0.0, 0.0
4.083928108215332, 0.0, 0.0, 0.0, 0.0, 0.0, 0.0
4.093937397003174, 0.0, 0.0, 0.0, 0.0, 0.0, 0.0
4.103925466537476, 0.0, 0.0, 0.0, 0.0, 0.0, 0.0
4.113933086395264, 0.0, 0.0, 0.0, 0.0, 0.0, 0.0
4.1239354610443115, 0.0, 0.0, 0.0, 0.0, 0.0, 0.0
4.133939743041992, 0.0, 0.0, 0.0, 0.0, 0.0, 0.0
4.143925905227661, 0.0, 0.0, 0.0, 0.0, 0.0, 0.0
4.153923273086548, 0.0, 0.0, 0.0, 0.0, 0.0, 0.0
4.163926839828491, 0.0, 0.0, 0.0, 0.0, 0.0, 0.0
4.173922777175903, 0.0, 0.0, 0.0, 0.0, 0.0, 0.0
4.183938980102539, 0.0, 0.0, 0.0, 0.0, 0.0, 0.0
4.193938970565796, 0.0, 0.0, 0.0, 0.0, 0.0, 0.0
4.203955173492432, 0.0, 0.0, 0.0, 0.0, 0.0, 0.0
4.213930368423462, 0.0, 0.0, 0.0, 0.0, 0.0, 0.0
4.223933935165405, 0.0, 0.0, 0.0, 0.0, 0.0, 0.0
4.233934640884399, 0.0, 0.0, 0.0, 0.0, 0.0, 0.0
4.243985414505005, 0.0, 0.0, 0.0, 0.0, 0.0, 0.0
4.253953218460083, 0.0, 0.0, 0.0, 0.0, 0.0, 0.0
4.263938665390015, 0.0, 0.0, 0.0, 0.0, 0.0, 0.0
4.273935317993164, 0.0, 0.0, 0.0, 0.0, 0.0, 0.0
4.2839438915252686, 0.0, 0.0, 0.0, 0.0, 0.0, 0.0
4.2939488887786865, 0.0, 0.0, 0.0, 0.0, 0.0, 0.0
