5.0067901611328125e-06, 0.0, 0.0, 0.0, 0.0, 0.0, 0.0
0.0025818347930908203, 0.0, 0.0, 0.0, 0.0, 0.0, 0.0
0.01256108283996582, 0.0, 0.0, 0.0, 0.0, 0.0, 0.0
0.022582530975341797, 0.0, 0.0, 0.0, 0.0, 0.0, 0.0
0.03258824348449707, 0.0, 0.0, 0.0, 0.0, 0.0, 0.0
0.04257607460021973, 0.0, 0.0, 0.0, 0.0, 0.0, 0.0
0.052564144134521484, 0.0, 0.0, 0.0, 0.0, 0.0, 0.0
0.06260490417480469, 0.0, 0.0, 0.0, 0.0, 0.0, 0.0
0.07259893417358398, 0.0, 0.0, 0.0, 0.0, 0.0, 0.0
0.08266758918762207, 0.0, 0.0, 0.0, 0.0, 0.0, 0.0
0.09264183044433594, 0.0, 0.0, 0.0, 0.0, 0.0, 0.0
0.10271215438842773, 0.0, 0.0, 0.0, 0.0, 0.0, 0.0
0.11270427703857422, 0.0, 0.0, 0.0, 0.0, 0.0, 0.0
0.12273502349853516, 0.0, 0.0, 0.0, 0.0, 0.0, 0.0
0.13268661499023438, 0.0, 0.0, 0.0, 0.0, 0.0, 0.0
0.14275741577148438, 0.0, 0.0, 0.0, 0.0, 0.0, 0.0
0.15266180038452148, 0.0, 0.0, 0.0, 0.0, 0.0, 0.0
0.16263771057128906, 0.0, 0.0, 0.0, 0.0, 0.0, 0.0
0.17264628410339355, 0.0, 0.0, 0.0, 0.0, 0.0, 0.0
0.182664155960083, 0.0, 0.0, 0.0, 0.0, 0.0, 0.0
0.19264459609985352, 0.0, 0.0, 0.0, 0.0, 0.0, 0.0
0.20262932777404785, 0.0, 0.0, 0.0, 0.0, 0.0, 0.0
0.2125835418701172, 0.0, 0.0, 0.0, 0.0, 0.0, 0.0
0.2226274013519287, 0.0, 0.0, 0.0, 0.0, 0.0, 0.0
0.23256850242614746, 0.0, 0.0, 0.0, 0.0, 0.0, 0.0
0.2425978183746338, 0.0, 0.0, 0.0, 0.0, 0.0, 0.0
0.25263333320617676, 0.0, 0.0, 0.0, 0.0, 0.0, 0.0
0.2625863552093506, 0.0, 0.0, 0.0, 0.0, 0.0, 0.0
0.2726137638092041, 0.0, 0.0, 0.0, 0.0, 0.0, 0.0
0.28265810012817383, 0.0, 0.0, 0.0, 0.0, 0.0, 0.0
0.29261350631713867, 0.0, 0.0, 0.0, 0.0, 0.0, 0.0
0.3026089668273926, 0.0, 0.0, 0.0, 0.0, 0.0, 0.0
0.3125765323638916, 0.0, 0.0, 0.0, 0.0, 0.0, 0.0
0.3225677013397217, 0.0, 0.0, 0.0, 0.0, 0.0, 0.0
0.33260011672973633, 0.0, 0.0, 0.0, 0.0, 0.0, 0.0
0.34265899658203125, 0.0, 0.0, 0.0, 0.0, 0.0, 0.0
0.3526754379272461, 0.0, 0.0, 0.0, 0.0, 0.0, 0.0
0.3626828193664551, 0.0, 0.0, 0.0, 0.0, 0.0, 0.0
0.37268590927124023, 0.0, 0.0, 0.0, 0.0, 0.0, 0.0
0.3827083110809326, 0.0, 0.0, 0.0, 0.0, 0.0, 0.0
0.39267396926879883, 0.0, 0.0, 0.0, 0.0, 0.0, 0.0
0.40268492698669434, 0.0, 0.0, 0.0, 0.0, 0.0, 0.0
0.41270875930786133, 0.0, 0.0, 0.0, 0.0, 0.0, 0.0
0.4226870536804199, 0.0, 0.0, 0.0, 0.0, 0.0, 0.0
0.43262624740600586, 0.0, 0.0, 0.0, 0.0, 0.0, 0.0
0.4425535202026367, 0.0, 0.0, 0.0, 0.0, 0.0, 0.0
0.45257067680358887, 0.0, 0.0, 0.0, 0.0, 0.0, 0.0
0.46262502670288086, 0.0, 0.0, 0.0, 0.0, 0.0, 0.0
0.47266077995300293, 0.0, 0.0, 0.0, 0.0, 0.0, 0.0
0.48260045051574707, 0.0, 0.0, 0.0, 0.0, 0.0, 0.0
0.4926168918609619, 0.0, 0.0, 0.0, 0.0, 0.0, 0.0
0.502598762512207, 0.0, 0.0, 0.0, 0.0, 0.0, 0.0
0.5125448703765869, 0.0, 0.0, 0.0, 0.0, 0.0, 0.0
0.5225675106048584, 0.0, 0.0, 0.0, 0.0, 0.0, 0.0
0.5325534343719482, 0.0, 0.0, 0.0, 0.0, 0.0, 0.0
0.5425536632537842, 0.0, 0.0, 0.0, 0.0, 0.0, 0.0
0.5525856018066406, 0.0, 0.0, 0.0, 0.0, 0.0, 0.0
0.5626358985900879, 0.0, 0.0, 0.0, 0.0, 0.0, 0.0
0.5725970268249512, 0.0, 0.0, 0.0, 0.0, 0.0, 0.0
0.5826120376586914, 0.0, 0.0, 0.0, 0.0, 0.0, 0.0
0.5925729274749756, 0.0, 0.0, 0.0, 0.0, 0.0, 0.0
0.6025500297546387, 0.0, 0.0, 0.0, 0.0, 0.0, 0.0
0.6125926971435547, 0.0, 0.0, 0.0, 0.0, 0.0, 0.0
0.6225957870483398, 0.0, 0.0, 0.0, 0.0, 0.0, 0.0
0.6326467990875244, 0.0, 0.0, 0.0, 0.0, 0.0, 0.0
0.6426355838775635, 0.0, 0.0, 0.0, 0.0, 0.0, 0.0
0.6526339054107666, 0.0, 0.0, 0.0, 0.0, 0.0, 0.0
0.6626150608062744, 0.0, 0.0, 0.0, 0.0, 0.0, 0.0
0.6726193428039551, 0.0, 0.0, 0.0, 0.0, 0.0, 0.0
0.6826934814453125, 0.0, 0.0, 0.0, 0.0, 0.0, 0.0
0.6926462650299072, 0.0, 0.0, 0.0, 0.0, 0.0, 0.0
0.7025694847106934, 0.0, 0.0, 0.0, 0.0, 0.0, 0.0
0.7125544548034668, 0.0, 0.0, 0.0, 0.0, 0.0, 0.0
0.7226879596710205, 0.0, 0.0, 0.0, 0.0, 0.0, 0.0
0.7326796054840088, 0.0, 0.0, 0.0, 0.0, 0.0, 0.0
0.7426669597625732, 0.0, 0.0, 0.0, 0.0, 0.0, 0.0
0.7526464462280273, 0.0, 0.0, 0.0, 0.0, 0.0, 0.0
0.7626473903656006, 0.0, 0.0, 0.0, 0.0, 0.0, 0.0
0.7726643085479736, 0.0, 0.0, 0.0, 0.0, 0.0, 0.0
0.7826781272888184, 0.0, 0.0, 0.0, 0.0, 0.0, 0.0
0.7926127910614014, 0.0, 0.0, 0.0, 0.0, 0.0, 0.0
0.802642822265625, 0.0, 0.0, 0.0, 0.0, 0.0, 0.0
0.8126542568206787, 0.0, 0.0, 0.0, 0.0, 0.0, 0.0
0.822739839553833, 0.0, 0.0, 0.0, 0.0, 0.0, 0.0
0.8326387405395508, 0.0, 0.0, 0.0, 0.0, 0.0, 0.0
0.8426353931427002, 0.0, 0.0, 0.0, 0.0, 0.0, 0.0
0.8526649475097656, 0.0, 0.0, 0.0, 0.0, 0.0, 0.0
0.8626425266265869, 0.0, 0.0, 0.0, 0.0, 0.0, 0.0
0.8726668357849121, 0.0, 0.0, 0.0, 0.0, 0.0, 0.0
0.8826627731323242, 0.0, 0.0, 0.0, 0.0, 0.0, 0.0
0.8925981521606445, 0.0, 0.0, 0.0, 0.0, 0.0, 0.0
0.9026291370391846, 0.0, 0.0, 0.0, 0.0, 0.0, 0.0
0.912651777267456, 0.0, 0.0, 0.0, 0.0, 0.0, 0.0
0.922727108001709, 0.0, 0.0, 0.0, 0.0, 0.0, 0.0
0.9326391220092773, 0.0, 0.0, 0.0, 0.0, 0.0, 0.0
0.9426906108856201, 0.0, 0.0, 0.0, 0.0, 0.0, 0.0
0.9526512622833252, 0.0, 0.0, 0.0, 0.0, 0.0, 0.0
0.9626901149749756, 0.0, 0.0, 0.0, 0.0, 0.0, 0.0
0.972670316696167, 0.0, 0.0, 0.0, 0.0, 0.0, 0.0
0.9827389717102051, 0.0, 0.0, 0.0, 0.0, 0.0, 0.0
0.9926519393920898, 0.0, 0.0, 0.0, 0.0, 0.0, 0.0
1.0026195049285889, 0.0, 0.0, 0.0, 0.0, 0.0, 0.0
1.0126066207885742, 0.0, 0.0, 0.0, 0.0, 0.0, 0.0
1.0226750373840332, 0.0, 0.0, 0.0, 0.0, 0.0, 0.0
1.0326337814331055, 0.0, 0.0, 0.0, 0.0, 0.0, 0.0
1.042651653289795, 0.0, 0.0, 0.0, 0.0, 0.0, 0.0
1.0526459217071533, 0.0, 0.0, 0.0, 0.0, 0.0, 0.0
1.0626142024993896, 0.0, 0.0, 0.0, 0.0, 0.0, 0.0
1.0726194381713867, 0.0, 0.0, 0.0, 0.0, 0.0, 0.0
1.082611083984375, 0.0, 0.0, 0.0, 0.0, 0.0, 0.0
1.092658281326294, 0.0, 0.0, 0.0, 0.0, 0.0, 0.0
1.1026830673217773, 0.0, 0.0, 0.0, 0.0, 0.0, 0.0
1.112656593322754, 0.0, 0.0, 0.0, 0.0, 0.0, 0.0
1.1226308345794678, 0.0, 0.0, 0.0, 0.0, 0.0, 0.0
1.1325995922088623, 0.0, 0.0, 0.0, 0.0, 0.0, 0.0
1.1426622867584229, 0.0, 0.0, 0.0, 0.0, 0.0, 0.0
1.1526544094085693, 0.0, 0.0, 0.0, 0.0, 0.0, 0.0
1.1627428531646729, 0.0, 0.0, 0.0, 0.0, 0.0, 0.0
1.172623634338379, 0.0, 0.0, 0.0, 0.0, 0.0, 0.0
1.1826694011688232, 0.0, 0.0, 0.0, 0.0, 0.0, 0.0
1.1926524639129639, 0.0, 0.0, 0.0, 0.0, 0.0, 0.0
1.202638864517212, 0.0, 0.0, 0.0, 0.0, 0.0, 0.0
1.2126038074493408, 0.0, 0.0, 0.0, 0.0, 0.0, 0.0
1.222609043121338, 0.0, 0.0, 0.0, 0.0, 0.0, 0.0
1.2326123714447021, 0.0, 0.0, 0.0, 0.0, 0.0, 0.0
1.2426741123199463, 0.0, 0.0, 0.0, 0.0, 0.0, 0.0
1.2525789737701416, 0.0, 0.0, 0.0, 0.0, 0.0, 0.0
1.2625398635864258, 0.0, 0.0, 0.0, 0.0, 0.0, 0.0
1.2725458145141602, 0.0, 0.0, 0.0, 0.0, 0.0, 0.0
1.2825422286987305, 0.0, 0.0, 0.0, 0.0, 0.0, 0.0
1.2925283908843994, 0.0, 0.0, 0.0, 0.0, 0.0, 0.0
1.3025312423706055, 0.0, 0.0, 0.0, 0.0, 0.0, 0.0
1.3125758171081543, 0.0, 0.0, 0.0, 0.0, 0.0, 0.0
1.3225338459014893, 0.0, 0.0, 0.0, 0.0, 0.0, 0.0
1.3325350284576416, 0.0, 0.0, 0.0, 0.0, 0.0, 0.0
1.3425886631011963, 0.0, 0.0, 0.0, 0.0, 0.0, 0.0
1.3526039123535156, 0.0, 0.0, 0.0, 0.0, 0.0, 0.0
1.3626036643981934, 0.0, 0.0, 0.0, 0.0, 0.0, 0.0
1.3725852966308594, 0.0, 0.0, 0.0, 0.0, 0.0, 0.0
1.3825597763061523, 0.0, 0.0, 0.0, 0.0, 0.0, 0.0
1.3925635814666748, 0.0, 0.0, 0.0, 0.0, 0.0, 0.0
1.4025309085845947, 0.0, 0.0, 0.0, 0.0, 0.0, 0.0
1.4125287532806396, 0.0, 0.0, 0.0, 0.0, 0.0, 0.0
1.4225263595581055, 0.0, 0.0, 0.0, 0.0, 0.0, 0.0
1.4325361251831055, 0.0, 0.0, 0.0, 0.0, 0.0, 0.0
1.4425456523895264, 0.0, 0.0, 0.0, 0.0, 0.0, 0.0
1.4525542259216309, 0.0, 0.0, 0.0, 0.0, 0.0, 0.0
1.4625449180603027, 0.0, 0.0, 0.0, 0.0, 0.0, 0.0
1.472571849822998, 0.0, 0.0, 0.0, 0.0, 0.0, 0.0
1.4825942516326904, 0.0, 0.0, 0.0, 0.0, 0.0, 0.0
1.4925811290740967, 0.0, 0.0, 0.0, 0.0, 0.0, 0.0
1.5025568008422852, 0.0, 0.0, 0.0, 0.0, 0.0, 0.0
1.5125470161437988, 0.8893616795539856, 0.0, 0.4684414267539978, -2.994067907333374, 0.0, 0.0
1.5225880146026611, 0.8893616795539856, 0.0, 0.46702009439468384, -2.040257453918457, 0.0, 0.0
1.5325491428375244, 0.8893616795539856, 0.0, 0.4721972942352295, 0.771055281162262, 0.0, 0.0
1.5425453186035156, 0.8893616795539856, 0.0, 0.459978848695755, -1.6941945552825928, 0.0, 0.0
1.552555799484253, 0.8893616795539856, 0.0, 0.4577404260635376, -1.1726411581039429, 0.0, 0.0
1.562544822692871, 0.8893616795539856, 0.0, 0.4550985097885132, -1.1607414484024048, 0.0, 0.0
1.5725467205047607, 0.8893616795539856, 0.0, 0.447714626789093, -1.2668237686157227, 0.0, 0.0
1.5825550556182861, 0.8893616795539856, 0.0, 0.44484037160873413, 1.1312370300292969, 0.0, 0.0
1.5925729274749756, 0.8893616795539856, 0.0, 0.43570011854171753, -1.0118305683135986, 0.0, 0.0
1.6025443077087402, 0.8893616795539856, 0.0, 0.4374076724052429, -0.1761581301689148, 0.0, 0.0
1.6125576496124268, 0.8893616795539856, 0.0, 0.4411581754684448, 0.7991665601730347, 0.0, 0.0
1.6225471496582031, 0.8893616795539856, 0.0, 0.43905213475227356, 73.00164031982422, 0.0, 0.0
1.6325433254241943, 0.8893616795539856, 0.0, 0.4294532835483551, 2.443845510482788, 0.0, 0.0
1.6425652503967285, 0.8893616795539856, 0.0, 0.41828081011772156, -1.891852855682373, 0.0, 0.0
1.6525673866271973, 0.8893616795539856, 0.0, 0.4204535484313965, -0.9102403521537781, 0.0, 0.0
1.6625449657440186, 0.8893616795539856, 0.0, 0.41419166326522827, -1.30520498752594, 0.0, 0.0
1.6725878715515137, 0.8893616795539856, 0.5896690487861633, 0.4123757779598236, 1.632239818572998, 0.0, 0.0
1.682596206665039, 0.8893616795539856, 0.0, 0.40434256196022034, -2.773204803466797, 0.0, 0.0
1.6925454139709473, 0.8893616795539856, 0.609607994556427, 0.41109827160835266, -1.6670480966567993, 0.0, 0.0
1.7025389671325684, 0.8893616795539856, 0.6053487062454224, 0.413019061088562, 2.551241159439087, 0.0, 0.0
1.71254301071167, 0.8872340321540833, 0.0, 0.3999283015727997, -0.38427093625068665, 0.0, 0.0
1.7225394248962402, 0.8872340321540833, 0.0, 0.4076516032218933, 0.6928970217704773, 0.0, 0.0
1.7325387001037598, 0.8872340321540833, 0.0, 0.39366409182548523, -0.38924381136894226, 0.0, 0.0
1.7425529956817627, 0.8872340321540833, 0.0, 0.3940281867980957, -3.5183145999908447, 0.0, 0.0
1.7525520324707031, 0.8872340321540833, 0.0, 0.40020647644996643, 1.8585970401763916, 0.0, 0.0
1.7625346183776855, 0.8872340321540833, 0.0, 0.39004895091056824, 1.08536958694458, 0.0, 0.0
1.772552728652954, 0.8872340321540833, 0.0, 0.39295023679733276, 1.7879694700241089, 0.0, 0.0
1.7825555801391602, 0.8872340321540833, 0.0, 0.3865871727466583, -0.3025381863117218, 0.0, 0.0
1.7925431728363037, 0.8872340321540833, 0.0, 0.38312119245529175, -0.4178127646446228, 0.0, 0.0
1.8025434017181396, 0.8872340321540833, 0.0, 0.38793399930000305, -1.3667081594467163, 0.0, 0.0
1.812537670135498, 0.8872340321540833, 0.0, 0.3789583742618561, -1.0296978950500488, 0.0, 0.0
1.8225524425506592, 0.8872340321540833, 0.0, 0.3755817413330078, -0.7926559448242188, 0.0, 0.0
1.83256196975708, 0.8872340321540833, 0.0, 0.38202932476997375, -0.09142081439495087, 0.0, 0.0
1.8425743579864502, 0.8872340321540833, 0.0, 0.37271997332572937, -0.9276412129402161, 0.0, 0.0
1.8525605201721191, 0.8872340321540833, 0.0, 0.37174978852272034, -0.36952292919158936, 0.0, 0.0
1.8625450134277344, 0.8872340321540833, 0.0, 0.3723870515823364, -0.44950342178344727, 0.0, 0.0
1.8725428581237793, 0.8872340321540833, 0.0, 0.3729206919670105, 0.8219652771949768, 0.0, 0.0
1.8825712203979492, 0.8872340321540833, 0.0, 0.37209489941596985, -0.18625874817371368, 0.0, 0.0
1.8925862312316895, 0.8872340321540833, 0.0, 0.3751985728740692, 1.9059098958969116, 0.0, 0.0
1.9025378227233887, 0.8872340321540833, 0.0, 0.3756231665611267, 42.004512786865234, 0.0, 0.0
1.912532091140747, 0.8872340321540833, 0.0, 0.3654320240020752, 0.9608336091041565, 0.0, 0.0
1.9225292205810547, 0.8872340321540833, 0.0, 0.3710072934627533, 0.27367740869522095, 0.0, 0.0
1.93253755569458, 0.8872340321540833, 0.0, 0.3647632598876953, -0.8822503685951233, 0.0, 0.0
1.9425513744354248, 0.8872340321540833, 0.0, 0.36607950925827026, 0.6626744866371155, 0.0, 0.0
1.9525432586669922, 0.8872340321540833, 0.0, 0.3625096380710602, 1.0461227893829346, 0.0, 0.0
1.9625377655029297, 0.8872340321540833, 0.0, 0.3628055155277252, 39.15422821044922, 0.0, 0.0
1.9725375175476074, 0.8872340321540833, 0.0, 0.3655088245868683, 1.2865732908248901, 0.0, 0.0
1.9825465679168701, 0.8872340321540833, 0.0, 0.36145299673080444, -0.49442097544670105, 0.0, 0.0
1.9925611019134521, 0.8872340321540833, 0.0, 0.36066240072250366, -0.7982927560806274, 0.0, 0.0
2.002584457397461, 0.8872340321540833, 0.0, 0.36255666613578796, 0.24734099209308624, 0.0, 0.0
2.0125551223754883, 0.8872340321540833, 0.0, 0.35948362946510315, -0.3777810037136078, 0.0, 0.0
2.022542715072632, 0.8872340321540833, 0.0, 0.35694488883018494, -0.7254496216773987, 0.0, 0.0
2.032548189163208, 0.8872340321540833, 0.0, 0.36121034622192383, 1.3462055921554565, 0.0, 0.0
2.0425500869750977, 0.8872340321540833, 0.0, 0.2444729059934616, -33.982303619384766, 0.0, 0.0
2.0525472164154053, 0.8872340321540833, 0.0, 0.36342087388038635, 1.1531524658203125, 0.0, 0.0
2.062549352645874, 0.8872340321540833, 0.0, 0.3574681878089905, -0.1420513093471527, 0.0, 0.0
2.072554349899292, 0.8872340321540833, 0.0, 0.3630738854408264, -0.12469057738780975, 0.0, 0.0
2.082545757293701, 0.8872340321540833, 0.0, 0.2542486786842346, -30.126869201660156, 0.0, 0.0
2.092569351196289, 0.8872340321540833, 0.0, 0.36539605259895325, 0.21800865232944489, 0.0, 0.0
2.1025350093841553, 0.8872340321540833, 0.0, 0.36397871375083923, 0.30511805415153503, 0.0, 0.0
2.112530469894409, 0.8872340321540833, 0.0, 0.36074042320251465, -2.756296157836914, 0.0, 0.0
2.1225388050079346, 0.8851063847541809, -0.637614369392395, 0.37094348669052124, 0.8491557836532593, 0.0, 0.0
2.132533311843872, 0.8872340321540833, 0.0, 0.371436208486557, 2.972501754760742, 0.0, 0.0
2.1425445079803467, 0.8872340321540833, 0.5542200207710266, 0.36879825592041016, -1.2645478248596191, 0.0, 0.0
2.152547836303711, 0.8851063847541809, 0.0, 0.3696082532405853, -1.4047502279281616, 0.0, 0.0
2.162545680999756, 0.8851063847541809, -0.5637429356575012, 0.37539610266685486, 0.06170317158102989, 0.0, 0.0
2.172546863555908, 0.8851063847541809, 0.0, 0.37524691224098206, 1.6725512742996216, 0.0, 0.0
2.1825430393218994, 0.8851063847541809, 0.0, 0.3779909610748291, 1.095565915107727, 0.0, 0.0
2.1925745010375977, 0.8851063847541809, 0.0, 0.38356921076774597, 1.4572628736495972, 0.0, 0.0
2.2025437355041504, 0.8851063847541809, 0.0, 0.386398047208786, 2.6273324489593506, 0.0, 0.0
2.2125518321990967, 0.8851063847541809, 0.0, 0.38563984632492065, 0.7966960668563843, 0.0, 0.0
2.222583293914795, 0.8851063847541809, 0.0, 0.3859100043773651, 1.7979955673217773, 0.0, 0.0
2.2325587272644043, 0.8851063847541809, 0.0, 0.3842497766017914, -0.48375025391578674, 0.0, 0.0
2.242593288421631, 0.8851063847541809, 0.0, 0.3127312958240509, -20.8441104888916, 0.0, 0.0
2.252544403076172, 0.8851063847541809, 0.0, 0.38727420568466187, 20.002735137939453, 0.0, 0.0
2.262539863586426, 0.8851063847541809, 0.0, 0.39080461859703064, -0.8623644709587097, 0.0, 0.0
2.272538900375366, 0.8851063847541809, 0.0, 0.3964190185070038, 1.0917584896087646, 0.0, 0.0
2.2825498580932617, 0.8851063847541809, 0.0, 0.32078856229782104, -21.690208435058594, 0.0, 0.0
2.292567491531372, 0.8851063847541809, 0.0, 0.3999668061733246, -0.6149272322654724, 0.0, 0.0
2.3026037216186523, 0.8851063847541809, 0.0, 0.4021940529346466, -0.042996443808078766, 0.0, 0.0
2.312540292739868, 0.8851063847541809, 0.0, 0.4076038599014282, 0.8093398809432983, 0.0, 0.0
2.322542190551758, 0.8851063847541809, 0.0, 0.4021499454975128, -0.9514005780220032, 0.0, 0.0
2.3326027393341064, 0.8851063847541809, 0.0, 0.3335007429122925, -18.806642532348633, 0.0, 0.0
2.3426079750061035, 0.8851063847541809, 0.0, 0.4090292751789093, 0.5872786641120911, 0.0, 0.0
2.352550983428955, 0.8851063847541809, 0.0, 0.41570308804512024, 0.5950626134872437, 0.0, 0.0
2.362579345703125, 0.8851063847541809, 0.0, 0.33875855803489685, -18.123964309692383, 0.0, 0.0
2.372547149658203, 0.8851063847541809, 0.0, 0.4205548167228699, 19.277029037475586, 0.0, 0.0
2.3825509548187256, 0.8851063847541809, 0.0, 0.41928908228874207, 0.4211185872554779, 0.0, 0.0
2.392580270767212, 0.8851063847541809, 0.0, 0.42126813530921936, 0.23376065492630005, 0.0, 0.0
2.402554750442505, 0.8851063847541809, 0.0, 0.4253208339214325, 0.9373647570610046, 0.0, 0.0
2.4125516414642334, 0.8829787373542786, 0.0, 0.42650872468948364, 1.44114089012146, 0.0, 0.0
2.4225611686706543, 0.8829787373542786, 0.0, 0.42368942499160767, 0.14587640762329102, 0.0, 0.0
2.4325881004333496, 0.8829787373542786, 0.0, 0.4265899360179901, -0.18768136203289032, 0.0, 0.0
2.4425559043884277, 0.8829787373542786, 0.0, 0.43620631098747253, 0.634086012840271, 0.0, 0.0
2.4525585174560547, 0.8829787373542786, 0.0, 0.43728819489479065, 1.40509033203125, 0.0, 0.0
2.4625608921051025, 0.8829787373542786, 0.0, 0.3879620432853699, -13.542685508728027, 0.0, 0.0
2.4725496768951416, 0.8829787373542786, 0.0, 0.4346100389957428, 1.6257566213607788, 0.0, 0.0
2.4825515747070312, 0.8829787373542786, 0.0, 0.4463787078857422, 2.655148506164551, 0.0, 0.0
2.492544412612915, 0.8829787373542786, 0.0, 0.4377298653125763, 0.8105002045631409, 0.0, 0.0
2.502542495727539, 0.8829787373542786, 0.0, 0.45040473341941833, -0.5523362755775452, 0.0, 0.0
2.512559652328491, 0.8829787373542786, 0.0, 0.4380592405796051, 7.901327133178711, 0.0, 0.0
2.5225515365600586, 0.8829787373542786, 0.0, 0.45299866795539856, -1.186367154121399, 0.0, 0.0
2.532552480697632, 0.8829787373542786, 0.0, 0.44336211681365967, -2.22546648979187, 0.0, 0.0
2.542543411254883, 0.8808510899543762, 0.0, 0.4572049677371979, 0.0035564752761274576, 0.0, 0.0
2.552543878555298, 0.8808510899543762, 0.0, 0.44390007853507996, -3.6371912956237793, 0.0, 0.0
2.5625503063201904, 0.8808510899543762, 0.0, 0.4610898792743683, 13.52287483215332, 0.0, 0.0
2.5725550651550293, 0.8808510899543762, 0.0, 0.4562961757183075, -1.8856366872787476, 0.0, 0.0
2.582563877105713, 0.8808510899543762, 0.0, 0.4597589671611786, -0.7110171914100647, 0.0, 0.0
2.5925488471984863, 0.8808510899543762, 0.0, 0.4621099531650543, -1.2102266550064087, 0.0, 0.0
2.602543830871582, 0.8808510899543762, 0.0, 0.4610564410686493, -1.209344506263733, 0.0, 0.0
2.612544298171997, 0.8808510899543762, 0.0, 0.4644192159175873, -0.6007621884346008, 0.0, 0.0
2.6225717067718506, 0.8808510899543762, 0.0, 0.4697449207305908, -0.5876032710075378, 0.0, 0.0
2.6325554847717285, 0.8808510899543762, 0.0, 0.40292850136756897, -14.658408164978027, 0.0, 0.0
2.6425507068634033, 0.8808510899543762, 0.0, 0.4701427221298218, 1.347574234008789, 0.0, 0.0
2.652541399002075, 0.8808510899543762, 0.0, 0.46639373898506165, -2.293489933013916, 0.0, 0.0
2.662539482116699, 0.8808510899543762, 0.0, 0.46997326612472534, -0.7978453636169434, 0.0, 0.0
2.672536849975586, 0.8808510899543762, 0.0, 0.47581717371940613, -0.5573247671127319, 0.0, 0.0
2.6825673580169678, 0.8808510899543762, 0.0, 0.47859668731689453, 0.6749148964881897, 0.0, 0.0
2.6925549507141113, 0.8808510899543762, 0.5506294369697571, 0.48646676540374756, 4.102465629577637, 0.0, 0.0
2.7025411128997803, 0.8787233829498291, 0.0, 0.4251340627670288, -12.285299301147461, 0.0, 0.0
2.7125391960144043, 0.8787233829498291, 0.0, 0.47821661829948425, -1.843199372291565, 0.0, 0.0
2.722545623779297, 0.8787233829498291, 0.0, 0.4786883294582367, -2.8017897605895996, 0.0, 0.0
2.7325456142425537, 0.8787233829498291, 0.0, 0.44145360589027405, -12.296637535095215, 0.0, 0.0
2.7425472736358643, 0.8787233829498291, 0.0, 0.4881388247013092, 2.0594637393951416, 0.0, 0.0
2.7525720596313477, 0.8787233829498291, 0.0, 0.4815140664577484, 9.416196823120117, 0.0, 0.0
2.762539863586426, 0.8787233829498291, 0.0, 0.4924645721912384, 3.286003589630127, 0.0, 0.0
2.7725577354431152, 0.8787233829498291, 0.0, 0.4215785562992096, -16.301034927368164, 0.0, 0.0
2.7825865745544434, 0.8787233829498291, 0.0, 0.4809858202934265, 15.735295295715332, 0.0, 0.0
2.7925562858581543, 0.8787233829498291, 0.0, 0.449670672416687, -11.155923843383789, 0.0, 0.0
2.802583932876587, 0.8787233829498291, 0.0, 0.4280298054218292, -17.071693420410156, 0.0, 0.0
2.812551498413086, 0.8787233829498291, 0.0, 0.48325446248054504, 0.43270760774612427, 0.0, 0.0
2.8225412368774414, 0.8787233829498291, 0.0, 0.49454808235168457, 0.14071442186832428, 0.0, 0.0
2.832540273666382, 0.8787233829498291, 0.0, 0.49116310477256775, 0.47757989168167114, 0.0, 0.0
2.8425421714782715, 0.8787233829498291, 0.0, 0.4320400059223175, 1.9667532444000244, 0.0, 0.0
2.8525636196136475, 0.8787233829498291, 0.0, 0.4839695990085602, 0.8537347316741943, 0.0, 0.0
2.8625807762145996, 0.8787233829498291, 0.0, 0.4955431818962097, -0.016998998820781708, 0.0, 0.0
2.8725335597991943, 0.8787233829498291, 0.0, 0.4971712529659271, -0.24379386007785797, 0.0, 0.0
2.882556676864624, 0.8787233829498291, 0.0, 0.498772531747818, 10.434609413146973, 0.0, 0.0
2.8925445079803467, 0.8787233829498291, 0.0, 0.4956824779510498, -0.11083474010229111, 0.0, 0.0
2.9025540351867676, 0.8787233829498291, 0.0, 0.4889688789844513, -0.5521245002746582, 0.0, 0.0
2.912546396255493, 0.8787233829498291, 0.0, 0.48917779326438904, 0.09472210705280304, 0.0, 0.0
2.9225428104400635, 0.8787233829498291, 0.0, 0.4888933002948761, 14.462507247924805, 0.0, 0.0
2.932546854019165, 0.8787233829498291, 0.0, 0.43967196345329285, 0.49526554346084595, 0.0, 0.0
2.9425442218780518, 0.8787233829498291, 0.0, 0.495862752199173, 0.07488088309764862, 0.0, 0.0
2.9525437355041504, 0.8787233829498291, 0.0, 0.4948503077030182, 0.052007853984832764, 0.0, 0.0
2.9625492095947266, 0.8787233829498291, 0.0, 0.4354681372642517, -14.579482078552246, 0.0, 0.0
2.9725430011749268, 0.8808510899543762, 0.5597121715545654, 0.4915953576564789, 15.472821235656738, 0.0, 0.0
2.982539176940918, 0.8808510899543762, 0.0, 0.4453892111778259, -11.774431228637695, 0.0, 0.0
2.9925589561462402, 0.8808510899543762, 0.0, 0.49189215898513794, -2.186509847640991, 0.0, 0.0
3.0025432109832764, 0.8808510899543762, 0.0, 0.4477566182613373, -0.006684779189527035, 0.0, 0.0
3.0125391483306885, 0.8808510899543762, 0.0, 0.4241572916507721, -16.644948959350586, 0.0, 0.0
3.0225348472595215, 0.8808510899543762, 0.0, 0.4889907240867615, -0.4868324100971222, 0.0, 0.0
3.0325522422790527, 0.8808510899543762, 0.0, 0.48561805486679077, 20.028104782104492, 0.0, 0.0
3.042541265487671, 0.8808510899543762, 0.0, 0.48941728472709656, 20.88408088684082, 0.0, 0.0
3.05255126953125, 0.8808510899543762, 0.0, 0.48787662386894226, 12.115375518798828, 0.0, 0.0
3.062539577484131, 0.8808510899543762, 0.0, 0.48528313636779785, 20.25179672241211, 0.0, 0.0
3.0725479125976562, 0.8808510899543762, 0.0, 0.48474156856536865, 0.023105621337890625, 0.0, 0.0
3.0825440883636475, 0.8808510899543762, 0.0, 0.48618313670158386, 1.0106271505355835, 0.0, 0.0
3.0925679206848145, 0.8829787373542786, 0.5996943116188049, 0.4084276556968689, -20.951745986938477, 0.0, 0.0
3.1025710105895996, 0.8829787373542786, 0.0, 0.48762285709381104, 0.3186240494251251, 0.0, 0.0
3.11257266998291, 0.8829787373542786, 0.0, 0.4134802520275116, -19.398021697998047, 0.0, 0.0
3.1225476264953613, 0.8829787373542786, 0.0, 0.48336875438690186, 0.10242734104394913, 0.0, 0.0
3.132584571838379, 0.8829787373542786, 0.0, 0.4860299229621887, 2.339451313018799, 0.0, 0.0
3.142547845840454, 0.8829787373542786, 0.0, 0.4026445746421814, 1.3785055875778198, 0.0, 0.0
3.15256929397583, 0.8829787373542786, 0.0, 0.48178911209106445, 0.6610845327377319, 0.0, 0.0
3.1625516414642334, 0.8829787373542786, 0.0, 0.4827210009098053, 0.49509063363075256, 0.0, 0.0
3.1725447177886963, 0.8829787373542786, 0.0, 0.48248225450515747, 0.5202596187591553, 0.0, 0.0
3.1825571060180664, 0.8829787373542786, -0.5921732783317566, 0.48129820823669434, -0.08192944526672363, 0.0, 0.0
3.1925554275512695, 0.8851063847541809, 0.0, 0.48366081714630127, 0.6280654072761536, 0.0, 0.0
3.2025742530822754, 0.8851063847541809, 0.0, 0.4740965962409973, -1.9626789093017578, 0.0, 0.0
3.2125747203826904, 0.8851063847541809, 0.0, 0.47619912028312683, -0.4808882176876068, 0.0, 0.0
3.2225394248962402, 0.8851063847541809, 0.0, 0.47492727637290955, -1.303246259689331, 0.0, 0.0
3.2325408458709717, 0.8851063847541809, 0.0, 0.3625204265117645, -30.365097045898438, 0.0, 0.0
3.242584705352783, 0.8851063847541809, 0.0, 0.476961612701416, 0.18517883121967316, 0.0, 0.0
3.2525975704193115, 0.8851063847541809, 0.0, 0.47187572717666626, -1.8529813289642334, 0.0, 0.0
3.2625365257263184, 0.8851063847541809, 0.0, 0.4744601249694824, 1.6747651100158691, 0.0, 0.0
3.272543430328369, 0.8872340321540833, 0.5439504384994507, 0.4754955470561981, 0.978670597076416, 0.0, 0.0
3.2825326919555664, 0.8872340321540833, 0.5207779407501221, 0.4695813059806824, -1.9464538097381592, 0.0, 0.0
3.2925500869750977, 0.8872340321540833, 0.0, 0.46975547075271606, 0.1973571926355362, 0.0, 0.0
3.302593946456909, 0.8872340321540833, 0.0, 0.47428980469703674, 2.156125783920288, 0.0, 0.0
3.312540054321289, 0.8872340321540833, 0.0, 0.32980358600616455, -37.392948150634766, 0.0, 0.0
3.3225364685058594, 0.8872340321540833, 0.0, 0.47132608294487, 0.7762823700904846, 0.0, 0.0
3.3325536251068115, 0.8872340321540833, 0.0, 0.4631350040435791, -0.6261477470397949, 0.0, 0.0
3.3425803184509277, 0.8872340321540833, 0.0, 0.4547329545021057, -3.6707801818847656, 0.0, 0.0
3.3525633811950684, 0.8872340321540833, 0.0, 0.46253401041030884, -0.0787506178021431, 0.0, 0.0
3.362546682357788, 0.8872340321540833, 0.0, 0.45993414521217346, -2.00624942779541, 0.0, 0.0
3.37253999710083, 0.8872340321540833, 0.0, 0.4598432779312134, -0.3342784643173218, 0.0, 0.0
3.382538080215454, 0.8872340321540833, 0.0, 0.4657531678676605, -1.3017981052398682, 0.0, 0.0
3.3925554752349854, 0.8872340321540833, 0.0, 0.4604228436946869, -2.114778757095337, 0.0, 0.0
3.4025800228118896, 0.8872340321540833, 0.0, 0.46339383721351624, 1.108431100845337, 0.0, 0.0
3.41253924369812, 0.8893616795539856, 0.0, 0.4642406404018402, -0.14384903013706207, 0.0, 0.0
3.4225311279296875, 0.8893616795539856, 0.0, 0.458054780960083, 1.6842166185379028, 0.0, 0.0
3.432542562484741, 0.8893616795539856, 0.0, 0.4522245228290558, 0.06380156427621841, 0.0, 0.0
3.44254207611084, 0.8893616795539856, 0.0, 0.26105159521102905, -56.37678909301758, 0.0, 0.0
3.452549934387207, 0.8893616795539856, 0.0, 0.45801180601119995, 1.141544222831726, 0.0, 0.0
3.46256422996521, 0.8893616795539856, 0.0, 0.4563652276992798, 1.5549709796905518, 0.0, 0.0
3.472537040710449, 0.8893616795539856, 0.0, 0.4562529921531677, 0.21390293538570404, 0.0, 0.0
3.4825761318206787, 0.8893616795539856, 0.0, 0.45875656604766846, 1.1456586122512817, 0.0, 0.0
3.4925544261932373, 0.8893616795539856, 0.0, 0.4535137116909027, 54.17387771606445, 0.0, 0.0
3.502573251724243, 0.8893616795539856, 0.0, 0.23736543953418732, -64.08644104003906, 0.0, 0.0
3.5125668048858643, 0.8893616795539856, 0.0, 0.447053462266922, 60.86796188354492, 0.0, 0.0
3.5225467681884766, 0.8893616795539856, 0.0, 0.4530707001686096, 61.723785400390625, 0.0, 0.0
3.532541275024414, 0.8893616795539856, 0.0, 0.4516892433166504, 61.622764587402344, 0.0, 0.0
3.5425496101379395, 0.8893616795539856, 0.0, 0.4524798095226288, -1.079167366027832, 0.0, 0.0
3.5525407791137695, 0.8893616795539856, 0.0, 0.455728679895401, 2.6912734508514404, 0.0, 0.0
3.5625507831573486, 0.8893616795539856, 0.0, 0.4572095572948456, 1.5771557092666626, 0.0, 0.0
3.572585105895996, 0.8893616795539856, 0.0, 0.4537568986415863, 2.484549045562744, 0.0, 0.0
3.5825657844543457, 0.8893616795539856, 0.0, 0.4540911912918091, -0.35629284381866455, 0.0, 0.0
3.5925514698028564, 0.8893616795539856, 0.0, 0.4533074200153351, 1.6322046518325806, 0.0, 0.0
3.6025452613830566, 0.8893616795539856, 0.0, 0.45478445291519165, 3.7313923835754395, 0.0, 0.0
3.6125640869140625, 0.8893616795539856, 0.0, 0.4554153382778168, 0.5335649847984314, 0.0, 0.0
3.6225428581237793, 0.8893616795539856, 0.0, 0.45569130778312683, -0.9556232690811157, 0.0, 0.0
3.6325440406799316, 0.8893616795539856, 0.0, 0.450283408164978, -1.3088555335998535, 0.0, 0.0
3.6425511837005615, 0.8872340321540833, -0.5899419188499451, 0.4578039050102234, 3.3727285861968994, 0.0, 0.0
3.652543067932129, 0.8872340321540833, 0.0, 0.461834579706192, 83.1445083618164, 0.0, 0.0
3.6625423431396484, 0.8872340321540833, 0.0, 0.4582546651363373, 3.9634501934051514, 0.0, 0.0
3.672534942626953, 0.8872340321540833, 0.0, 0.45510953664779663, 2.3428938388824463, 0.0, 0.0
3.6825385093688965, 0.8872340321540833, 0.0, 0.4520668685436249, 0.8061212301254272, 0.0, 0.0
3.6925504207611084, 0.8872340321540833, 0.0, 0.4629308879375458, 4.953632831573486, 0.0, 0.0
3.702544689178467, 0.8872340321540833, 0.0, 0.4588700830936432, 0.8637197017669678, 0.0, 0.0
3.7125635147094727, 0.8872340321540833, 0.0, 0.45875829458236694, -1.107618808746338, 0.0, 0.0
3.7225985527038574, 0.8872340321540833, 0.0, 0.4610806107521057, -3.60571026802063, 0.0, 0.0
3.732534885406494, 0.8872340321540833, 0.0, 0.4639012813568115, -1.6908499002456665, 0.0, 0.0
3.7425379753112793, 0.8872340321540833, 0.0, 0.46780312061309814, 2.382568836212158, 0.0, 0.0
3.7526044845581055, 0.8872340321540833, 0.0, 0.46768254041671753, 0.8104581236839294, 0.0, 0.0
3.762590169906616, 0.8872340321540833, 0.0, 0.46945852041244507, 0.2239186018705368, 0.0, 0.0
3.7725443840026855, 0.8872340321540833, 0.0, 0.4622706472873688, -2.996243715286255, 0.0, 0.0
3.7825660705566406, 0.8872340321540833, 0.0, 0.47763925790786743, -0.4896254241466522, 0.0, 0.0
3.792607069015503, 0.8872340321540833, 0.0, 0.47054600715637207, -0.6949343085289001, 0.0, 0.0
3.802570104598999, 0.8872340321540833, 0.0, 0.4852815270423889, 1.1784981489181519, 0.0, 0.0
3.8125619888305664, 0.8872340321540833, 0.0, 0.48067566752433777, 3.8646862506866455, 0.0, 0.0
3.8225395679473877, 0.8872340321540833, 0.0, 0.4881547689437866, 1.7637887001037598, 0.0, 0.0
3.8325307369232178, 0.8851063847541809, 0.0, 0.4889754354953766, -0.5976143479347229, 0.0, 0.0
3.8425378799438477, 0.8851063847541809, 0.0, 0.4880867004394531, 1.5128480195999146, 0.0, 0.0
3.852566957473755, 0.8851063847541809, 0.0, 0.501586377620697, 1.4685965776443481, 0.0, 0.0
3.8625857830047607, 0.8851063847541809, 0.0, 0.4955030381679535, 0.4853537976741791, 0.0, 0.0
3.8725318908691406, 0.8851063847541809, 0.0, 0.4861544966697693, -1.8402140140533447, 0.0, 0.0
3.8825454711914062, 0.8851063847541809, 0.0, 0.5076083540916443, 3.2671029567718506, 0.0, 0.0
3.8925368785858154, 0.8851063847541809, 0.0, 0.5094804763793945, -0.2856518030166626, 0.0, 0.0
3.902576446533203, 0.8851063847541809, 0.0, 0.5001392960548401, -2.6967966556549072, 0.0, 0.0
3.9125847816467285, 0.8851063847541809, 0.0, 0.5140778422355652, -0.2526369094848633, 0.0, 0.0
3.9225401878356934, 0.8851063847541809, 0.0, 0.5256968140602112, 3.488936185836792, 0.0, 0.0
3.9325461387634277, 0.8851063847541809, 0.0, 0.5215787887573242, -0.7137743234634399, 0.0, 0.0
3.9425394535064697, 0.8851063847541809, 0.0, 0.53009432554245, 3.5190491676330566, 0.0, 0.0
3.9525539875030518, 0.8851063847541809, 0.0, 0.5391495227813721, 5.85797119140625, 0.0, 0.0
3.9625797271728516, 0.8851063847541809, 0.0, 0.544188380241394, 0.13981494307518005, 0.0, 0.0
3.972540855407715, 0.8851063847541809, 0.0, 0.5442339181900024, -1.8644806146621704, 0.0, 0.0
3.982562303543091, 0.8851063847541809, 0.0, 0.5495461821556091, -1.1704213619232178, 0.0, 0.0
3.992579460144043, 0.8851063847541809, 0.0, 0.5575398802757263, 0.8504475951194763, 0.0, 0.0
4.002569675445557, 0.8829787373542786, -0.3826451897621155, 0.5669590830802917, 2.481640577316284, 0.0, 0.0
4.012553691864014, 0.8829787373542786, -0.5391524434089661, 0.5909431576728821, 4.591196537017822, 0.0, 0.0
4.02255392074585, 0.8829787373542786, -0.4901978075504303, 0.5833147764205933, 0.47076281905174255, 0.0, 0.0
4.032593727111816, 0.8851063847541809, 0.5229140520095825, 0.5915787816047668, 0.11751408874988556, 0.0, 0.0
4.042540788650513, 0.8829787373542786, 0.0, 0.5923033356666565, -0.3600800335407257, 0.0, 0.0
4.052548885345459, 0.8981081247329712, 0.0, 0.5153881907463074, -1.102769136428833, 0.0, 0.0
4.062560796737671, 0.8981081247329712, 0.0, 0.5200035572052002, 0.7405887842178345, 0.0, 0.0
4.072551012039185, 0.8829787373542786, -3.6259207725524902, 0.6148721575737, 22.90300750732422, 0.0, 0.0
4.082553386688232, 0.8954054117202759, 1.8100181818008423, 0.5181999206542969, -14.080870628356934, 0.0, 0.0
4.092564105987549, 0.8829787373542786, -3.5809881687164307, 0.639396071434021, 35.33734130859375, 0.0, 0.0
4.102566480636597, 0.8954054117202759, 0.0, 0.7787140011787415, 47.689842224121094, 0.0, 0.0
4.112562894821167, 0.8954054117202759, 0.0, 0.5090862512588501, -34.66044235229492, 0.0, 0.0
4.12260365486145, 0.8954054117202759, 0.0, 0.5190834999084473, 1.613121509552002, 0.0, 0.0
4.132588148117065, 0.8954054117202759, 0.0, 0.512728750705719, 0.5301325917243958, 0.0, 0.0
4.142586946487427, 0.8954054117202759, 0.0, 0.5066221952438354, -0.5970748662948608, 0.0, 0.0
4.152564764022827, 0.8954054117202759, 0.0, 0.505473792552948, -0.14441604912281036, 0.0, 0.0
4.162563323974609, 0.8954054117202759, 0.0, 0.5074023604393005, 0.2344854474067688, 0.0, 0.0
4.172565698623657, 0.8954054117202759, 0.0, 0.5022517442703247, 0.1575627326965332, 0.0, 0.0
4.182592391967773, 0.8954054117202759, 0.0, 0.5047376155853271, 0.5411615967750549, 0.0, 0.0
4.1925575733184814, 0.8954054117202759, 0.0, 0.503616213798523, -0.2399669736623764, 0.0, 0.0
4.202574968338013, 0.8954054117202759, 0.0, 0.5027211904525757, -0.1653176248073578, 0.0, 0.0
4.212562799453735, 0.8927026987075806, 0.0, 0.49429723620414734, -0.6213067173957825, 0.0, 0.0
4.222546577453613, 0.8927026987075806, 0.0, 0.5023317933082581, 0.20498690009117126, 0.0, 0.0
4.232558488845825, 0.8927026987075806, 0.0, 0.6821490526199341, 25.899126052856445, 0.0, 0.0
4.242549180984497, 0.8927026987075806, 0.0, 0.4938947260379791, 0.356445848941803, 0.0, 0.0
4.2525794506073, 0.8927026987075806, 0.0, 0.6766515970230103, 36.737979888916016, 0.0, 0.0
4.26255464553833, 0.8927026987075806, 0.0, 0.4895399808883667, -0.2275468409061432, 0.0, 0.0
4.272570610046387, 0.8927026987075806, 0.0, 0.4823802709579468, -1.3421831130981445, 0.0, 0.0
4.2825775146484375, 0.8927026987075806, 0.0, 0.49051064252853394, -0.08960649371147156, 0.0, 0.0
4.292542934417725, 0.8927026987075806, 0.0, 0.48740875720977783, -0.4112869203090668, 0.0, 0.0
4.302586555480957, 0.8899999856948853, -0.35580530762672424, 0.48871147632598877, 0.17149968445301056, 0.0, 0.0
4.3125669956207275, 0.8899999856948853, 0.0, 0.4833804666996002, 0.31533506512641907, 0.0, 0.0
4.322553396224976, 0.8899999856948853, 0.0, 0.6224005222320557, 24.287302017211914, 0.0, 0.0
4.332561016082764, 0.8899999856948853, 0.0, 0.6114600896835327, -2.0807812213897705, 0.0, 0.0
4.342552423477173, 0.8899999856948853, 0.0, 0.6167453527450562, 0.5820291042327881, 0.0, 0.0
4.35256552696228, 0.8899999856948853, 0.0, 0.6131443381309509, -0.709201455116272, 0.0, 0.0
4.362565279006958, 0.8872972726821899, -0.38668155670166016, 0.4746539294719696, -19.955305099487305, 0.0, 0.0
4.3725666999816895, 0.8872972726821899, 0.0, 0.6030105352401733, 19.25971221923828, 0.0, 0.0
4.382583379745483, 0.8872972726821899, 0.0, 0.469795823097229, -28.111576080322266, 0.0, 0.0
4.392591953277588, 0.8872972726821899, 0.0, 0.4743273854255676, 0.6658243536949158, 0.0, 0.0
4.4025866985321045, 0.8872972726821899, 0.0, 0.5642621517181396, -4.903721332550049, 0.0, 0.0
4.412550210952759, 0.8872972726821899, 0.0, 0.5732066035270691, -5.116233825683594, 0.0, 0.0
4.422543048858643, 0.8845946192741394, 0.0, 0.5780969858169556, 1.6209932565689087, 0.0, 0.0
4.432556390762329, 0.8845946192741394, 0.0, 0.563662588596344, 20.670949935913086, 0.0, 0.0
4.442575693130493, 0.8845946192741394, 0.0, 0.5670825242996216, 0.6527243852615356, 0.0, 0.0
4.452556133270264, 0.8845946192741394, 0.0, 0.5749337077140808, -1.2388218641281128, 0.0, 0.0
4.462561845779419, 0.8845946192741394, 0.0, 0.5763819217681885, 0.29260119795799255, 0.0, 0.0
4.472551345825195, 0.8845946192741394, 0.0, 0.5834943056106567, 23.891679763793945, 0.0, 0.0
4.482552528381348, 0.8818919062614441, -0.4563038647174835, 0.5443892478942871, 1.0874319076538086, 0.0, 0.0
4.492551326751709, 0.8818919062614441, 0.0, 0.5466212034225464, -2.9049293994903564, 0.0, 0.0
4.502544641494751, 0.8818919062614441, 0.0, 0.46778467297554016, -4.0278425216674805, 0.0, 0.0
4.512556552886963, 0.8818919062614441, 0.0, 0.5211148858070374, 7.3735198974609375, 0.0, 0.0
4.522547483444214, 0.8818919062614441, 0.0, 0.48039448261260986, -7.90821647644043, 0.0, 0.0
4.532593488693237, 0.8791891932487488, -0.21770192682743073, 0.5010769367218018, 1.6659663915634155, 0.0, 0.0
4.543477773666382, 0.8791891932487488, -0.21770192682743073, 0.5010769367218018, 1.6659663915634155, 0.0, 0.0
4.552576780319214, 0.8791891932487488, -0.21770192682743073, 0.5010769367218018, 1.6659663915634155, 0.0, 0.0
4.562594890594482, 0.8791891932487488, 0.0, 0.46012604236602783, -1.2745285034179688, 0.0, 0.0
4.5730881690979, 0.8791891932487488, 0.0, 0.46012604236602783, -1.2745285034179688, 0.0, 0.0
4.582565069198608, 0.8791891932487488, 0.0, 0.46012604236602783, -1.2745285034179688, 0.0, 0.0
4.592558145523071, 0.8791891932487488, 0.0, 0.46012604236602783, -1.2745285034179688, 0.0, 0.0
4.602544546127319, 0.8791891932487488, 0.0, 0.46012604236602783, -1.2745285034179688, 0.0, 0.0
4.612565279006958, 0.8791891932487488, 0.0, 0.46012604236602783, -1.2745285034179688, 0.0, 0.0
4.6225550174713135, 0.8791891932487488, 0.0, 0.46012604236602783, -1.2745285034179688, 0.0, 0.0
4.63256311416626, 0.8791891932487488, 0.0, 0.46012604236602783, -1.2745285034179688, 0.0, 0.0
4.642551422119141, 0.8791891932487488, 0.0, 0.46012604236602783, -1.2745285034179688, 0.0, 0.0
4.65253758430481, 0.8791891932487488, 0.0, 0.46012604236602783, -1.2745285034179688, 0.0, 0.0
4.662563800811768, 0.8791891932487488, 0.0, 0.46012604236602783, -1.2745285034179688, 0.0, 0.0
4.67254638671875, 0.8791891932487488, 0.0, 0.46012604236602783, -1.2745285034179688, 0.0, 0.0
4.6825690269470215, 0.8791891932487488, 0.0, 0.46012604236602783, -1.2745285034179688, 0.0, 0.0
4.69255518913269, 0.8791891932487488, 0.0, 0.46012604236602783, -1.2745285034179688, 0.0, 0.0
4.702544212341309, 0.8791891932487488, 0.0, 0.46012604236602783, -1.2745285034179688, 0.0, 0.0
4.712623357772827, 0.8791891932487488, 0.0, 0.46012604236602783, -1.2745285034179688, 0.0, 0.0
4.722561359405518, 0.8791891932487488, 0.0, 0.46012604236602783, -1.2745285034179688, 0.0, 0.0
4.732558965682983, 0.8791891932487488, 0.0, 0.46012604236602783, -1.2745285034179688, 0.0, 0.0
4.7425689697265625, 0.8791891932487488, 0.0, 0.46012604236602783, -1.2745285034179688, 0.0, 0.0
4.752561569213867, 0.8791891932487488, 0.0, 0.46012604236602783, -1.2745285034179688, 0.0, 0.0
4.762695550918579, 0.8791891932487488, 0.0, 0.46012604236602783, -1.2745285034179688, 0.0, 0.0
4.772565126419067, 0.8791891932487488, 0.0, 0.46012604236602783, -1.2745285034179688, 0.0, 0.0
4.782548189163208, 0.8791891932487488, 0.0, 0.46012604236602783, -1.2745285034179688, 0.0, 0.0
4.792568922042847, 0.8791891932487488, 0.0, 0.46012604236602783, -1.2745285034179688, 0.0, 0.0
4.802548408508301, 0.8791891932487488, 0.0, 0.46012604236602783, -1.2745285034179688, 0.0, 0.0
4.81255030632019, 0.8791891932487488, 0.0, 0.46012604236602783, -1.2745285034179688, 0.0, 0.0
4.8225507736206055, 0.8791891932487488, 0.0, 0.46012604236602783, -1.2745285034179688, 0.0, 0.0
4.832556247711182, 0.8791891932487488, 0.0, 0.46012604236602783, -1.2745285034179688, 0.0, 0.0
4.842547416687012, 0.8791891932487488, 0.0, 0.46012604236602783, -1.2745285034179688, 0.0, 0.0
4.85255765914917, 0.8791891932487488, 0.0, 0.46012604236602783, -1.2745285034179688, 0.0, 0.0
4.862666368484497, 0.8791891932487488, 0.0, 0.46012604236602783, -1.2745285034179688, 0.0, 0.0
4.872594594955444, 0.8791891932487488, 0.0, 0.46012604236602783, -1.2745285034179688, 0.0, 0.0
4.882573843002319, 0.8791891932487488, 0.0, 0.46012604236602783, -1.2745285034179688, 0.0, 0.0
4.892573356628418, 0.8791891932487488, 0.0, 0.46012604236602783, -1.2745285034179688, 0.0, 0.0
4.902559757232666, 0.8791891932487488, 0.0, 0.46012604236602783, -1.2745285034179688, 0.0, 0.0
4.9125587940216064, 0.8791891932487488, 0.0, 0.46012604236602783, -1.2745285034179688, 0.0, 0.0
4.922544240951538, 0.8791891932487488, 0.0, 0.46012604236602783, -1.2745285034179688, 0.0, 0.0
4.932580471038818, 0.8791891932487488, 0.0, 0.46012604236602783, -1.2745285034179688, 0.0, 0.0
4.9425506591796875, 0.8791891932487488, 0.0, 0.46012604236602783, -1.2745285034179688, 0.0, 0.0
4.952544212341309, 0.8791891932487488, 0.0, 0.46012604236602783, -1.2745285034179688, 0.0, 0.0
4.962569713592529, 0.8791891932487488, 0.0, 0.46012604236602783, -1.2745285034179688, 0.0, 0.0
4.972559690475464, 0.8791891932487488, 0.0, 0.46012604236602783, -1.2745285034179688, 0.0, 0.0
4.9825427532196045, 0.8791891932487488, 0.0, 0.46012604236602783, -1.2745285034179688, 0.0, 0.0
4.9925537109375, 0.8791891932487488, 0.0, 0.46012604236602783, -1.2745285034179688, 0.0, 0.0
5.002542972564697, 0.8791891932487488, 0.0, 0.46012604236602783, -1.2745285034179688, 0.0, 0.0
5.012554883956909, 0.8791891932487488, 0.0, 0.46012604236602783, -1.2745285034179688, 0.0, 0.0
5.022568702697754, 0.8791891932487488, 0.0, 0.46012604236602783, -1.2745285034179688, 0.0, 0.0
5.032581567764282, 0.8791891932487488, 0.0, 0.46012604236602783, -1.2745285034179688, 0.0, 0.0
5.042552471160889, 0.8791891932487488, 0.0, 0.46012604236602783, -1.2745285034179688, 0.0, 0.0
5.05253791809082, 0.8791891932487488, 0.0, 0.46012604236602783, -1.2745285034179688, 0.0, 0.0
5.062586784362793, 0.8791891932487488, 0.0, 0.46012604236602783, -1.2745285034179688, 0.0, 0.0
5.07255220413208, 0.8791891932487488, 0.0, 0.46012604236602783, -1.2745285034179688, 0.0, 0.0
5.08254599571228, 0.8791891932487488, 0.0, 0.46012604236602783, -1.2745285034179688, 0.0, 0.0
5.092557191848755, 0.8791891932487488, 0.0, 0.46012604236602783, -1.2745285034179688, 0.0, 0.0
5.102556467056274, 0.8791891932487488, 0.0, 0.46012604236602783, -1.2745285034179688, 0.0, 0.0
5.1125733852386475, 0.8791891932487488, 0.0, 0.46012604236602783, -1.2745285034179688, 0.0, 0.0
5.122565507888794, 0.8791891932487488, 0.0, 0.46012604236602783, -1.2745285034179688, 0.0, 0.0
5.132560968399048, 0.8791891932487488, 0.0, 0.46012604236602783, -1.2745285034179688, 0.0, 0.0
5.142569303512573, 0.8791891932487488, 0.0, 0.46012604236602783, -1.2745285034179688, 0.0, 0.0
5.152550220489502, 0.8791891932487488, 0.0, 0.46012604236602783, -1.2745285034179688, 0.0, 0.0
5.162549257278442, 0.8791891932487488, 0.0, 0.46012604236602783, -1.2745285034179688, 0.0, 0.0
5.1725475788116455, 0.8791891932487488, 0.0, 0.46012604236602783, -1.2745285034179688, 0.0, 0.0
5.182550668716431, 0.8791891932487488, 0.0, 0.46012604236602783, -1.2745285034179688, 0.0, 0.0
5.192558765411377, 0.8791891932487488, 0.0, 0.46012604236602783, -1.2745285034179688, 0.0, 0.0
5.202569484710693, 0.8791891932487488, 0.0, 0.46012604236602783, -1.2745285034179688, 0.0, 0.0
5.212616920471191, 0.8791891932487488, 0.0, 0.46012604236602783, -1.2745285034179688, 0.0, 0.0
5.222566604614258, 0.8791891932487488, 0.0, 0.46012604236602783, -1.2745285034179688, 0.0, 0.0
5.232600212097168, 0.8791891932487488, 0.0, 0.46012604236602783, -1.2745285034179688, 0.0, 0.0
5.242555379867554, 0.8808510899543762, 0.0024668360128998756, 1.270451545715332, 1.2028224468231201, 0.0, 0.0
5.2525365352630615, 0.8808510899543762, 0.0, 1.2618522644042969, -0.6756316423416138, 0.0, 0.0
5.2625672817230225, 0.8808510899543762, 0.0, 1.2565648555755615, -1.2738540172576904, 0.0, 0.0
5.272600173950195, 0.8808510899543762, 0.0, 1.2545491456985474, 0.30458584427833557, 0.0, 0.0
5.282551288604736, 0.8808510899543762, 0.0, 1.2545491456985474, 0.30458584427833557, 0.0, 0.0
5.292539119720459, 0.8829787373542786, 0.0, 1.2366597652435303, -2.8039700984954834, 0.0, 0.0
5.302541017532349, 0.8829787373542786, 0.0, 1.2321836948394775, -0.1453043818473816, 0.0, 0.0
5.312597751617432, 0.8829787373542786, 0.0, 1.2283879518508911, -2.3905246257781982, 0.0, 0.0
5.322544813156128, 0.8829787373542786, 0.0, 1.2208269834518433, -0.7477889657020569, 0.0, 0.0
5.332557678222656, 0.8829787373542786, 0.0, 1.22019624710083, -1.081740379333496, 0.0, 0.0
5.342582941055298, 0.8829787373542786, 0.0, 1.2116060256958008, -0.6711118221282959, 0.0, 0.0
5.352529764175415, 0.8851063847541809, 0.550731360912323, 1.2072943449020386, -0.8279402852058411, 0.0, 0.0
5.362570762634277, 0.8851063847541809, 0.0, 1.208956003189087, -0.5983757972717285, 0.0, 0.0
5.372549772262573, 0.8851063847541809, 0.0, 1.1982454061508179, -0.059779565781354904, 0.0, 0.0
5.382540702819824, 0.8851063847541809, 0.0, 1.1955387592315674, 2.091864824295044, 0.0, 0.0
5.392557144165039, 0.8851063847541809, 0.0, 1.1786216497421265, -1.7705639600753784, 0.0, 0.0
5.402530193328857, 0.8851063847541809, 0.0, 1.183250069618225, -1.6328825950622559, 0.0, 0.0
5.412532329559326, 0.8851063847541809, 0.0, 1.169725775718689, -4.5470781326293945, 0.0, 0.0
5.422545671463013, 0.8851063847541809, 0.0, 1.172576904296875, 0.8340213298797607, 0.0, 0.0
5.4325666427612305, 0.8851063847541809, 0.0, 1.165848731994629, -1.4763671159744263, 0.0, 0.0
5.442563533782959, 0.8872340321540833, 0.6213222146034241, 1.15825617313385, -2.3150792121887207, 0.0, 0.0
5.452560663223267, 0.8872340321540833, 0.0, 1.1536413431167603, 0.05774819850921631, 0.0, 0.0
5.4625561237335205, 0.8872340321540833, 0.0, 1.13746178150177, -4.601973056793213, 0.0, 0.0
5.472559213638306, 0.8872340321540833, 0.0, 1.1449530124664307, -1.7548319101333618, 0.0, 0.0
5.482573509216309, 0.8872340321540833, 0.0, 1.1383119821548462, -1.851895809173584, 0.0, 0.0
5.492559432983398, 0.8872340321540833, 0.0, 1.1392698287963867, 0.3471072018146515, 0.0, 0.0
5.5025599002838135, 0.8872340321540833, 0.0, 1.131418228149414, 1.6062846183776855, 0.0, 0.0
5.512576103210449, 0.8872340321540833, 0.0, 1.1288319826126099, -0.1985955536365509, 0.0, 0.0
5.522547721862793, 0.8872340321540833, 0.0, 1.1191107034683228, -2.2378787994384766, 0.0, 0.0
5.5325658321380615, 0.8872340321540833, 0.0, 1.1174417734146118, 0.4292261302471161, 0.0, 0.0
5.542557716369629, 0.8872340321540833, 0.0, 1.11140775680542, -0.35206905007362366, 0.0, 0.0
5.552543640136719, 0.8872340321540833, 0.0, 1.1133122444152832, 0.23048731684684753, 0.0, 0.0
5.562541961669922, 0.8872340321540833, 0.0, 1.1032328605651855, -2.2079951763153076, 0.0, 0.0
5.572541236877441, 0.8872340321540833, 0.0, 1.0973025560379028, -1.083121418952942, 0.0, 0.0
5.582535743713379, 0.8872340321540833, 0.0, 1.0960785150527954, 0.3846828043460846, 0.0, 0.0
5.592550039291382, 0.8872340321540833, 0.0, 1.093606948852539, -0.41828346252441406, 0.0, 0.0
5.602531909942627, 0.8872340321540833, 0.0, 1.0895428657531738, -1.6843308210372925, 0.0, 0.0
5.612533330917358, 0.8872340321540833, 0.0, 1.0833865404129028, 11.612141609191895, 0.0, 0.0
5.622544288635254, 0.8872340321540833, 0.0, 1.0812528133392334, -1.5246130228042603, 0.0, 0.0
5.632577180862427, 0.8872340321540833, 0.0, 1.0826212167739868, 1.6298809051513672, 0.0, 0.0
5.642551898956299, 0.8872340321540833, 0.0, 1.0842541456222534, 3.181865930557251, 0.0, 0.0
5.652545690536499, 0.8872340321540833, 0.0, 1.0765081644058228, 13.897350311279297, 0.0, 0.0
5.662545919418335, 0.8872340321540833, 0.0, 1.0175511837005615, -16.77667999267578, 0.0, 0.0
5.672563791275024, 0.8872340321540833, 0.0, 1.0174648761749268, -14.550576210021973, 0.0, 0.0
5.68257737159729, 0.8872340321540833, 0.0, 1.003288745880127, -16.773681640625, 0.0, 0.0
5.692553281784058, 0.8872340321540833, 0.0, 1.05543053150177, -2.026064872741699, 0.0, 0.0
5.702555418014526, 0.8872340321540833, 0.0, 1.0541502237319946, -2.0425734519958496, 0.0, 0.0
5.712538242340088, 0.8872340321540833, 0.0, 1.059900164604187, 1.1347720623016357, 0.0, 0.0
5.722578048706055, 0.8872340321540833, 0.0, 1.0521328449249268, -0.6159610748291016, 0.0, 0.0
5.732569456100464, 0.8872340321540833, 0.0, 1.0538774728775024, 0.152104452252388, 0.0, 0.0
5.7425408363342285, 0.8872340321540833, 0.0, 1.0466935634613037, -0.4296840727329254, 0.0, 0.0
5.752537488937378, 0.8872340321540833, 0.0, 1.0426732301712036, -1.5657321214675903, 0.0, 0.0
5.762546062469482, 0.8872340321540833, 0.0, 1.0443241596221924, -0.2875577211380005, 0.0, 0.0
5.772534608840942, 0.8872340321540833, 0.0, 1.0358541011810303, -1.6166125535964966, 0.0, 0.0
5.782538175582886, 0.8872340321540833, 0.0, 1.0399724245071411, 0.9055231213569641, 0.0, 0.0
5.792541265487671, 0.8872340321540833, 0.0, 1.0305070877075195, -2.710222005844116, 0.0, 0.0
5.802534580230713, 0.8872340321540833, 0.0, 1.0397841930389404, 1.063576340675354, 0.0, 0.0
5.8125293254852295, 0.8872340321540833, 0.0, 0.9468467831611633, -24.74649429321289, 0.0, 0.0
5.822529077529907, 0.8872340321540833, 0.0, 1.0345382690429688, 0.9592583179473877, 0.0, 0.0
5.832535743713379, 0.8872340321540833, 0.0, 1.0324575901031494, 1.027585744857788, 0.0, 0.0
5.842529296875, 0.8872340321540833, 0.0, 1.0327377319335938, 0.6937513947486877, 0.0, 0.0
5.852533340454102, 0.8872340321540833, 0.0, 1.036033034324646, 1.3512929677963257, 0.0, 0.0
5.8625524044036865, 0.8872340321540833, 0.0, 1.0281054973602295, 1.468438982963562, 0.0, 0.0
5.872534275054932, 0.8872340321540833, 0.0, 1.024665355682373, 0.1815221905708313, 0.0, 0.0
5.882530450820923, 0.8872340321540833, 0.0, 1.0250921249389648, -1.3237199783325195, 0.0, 0.0
5.892527103424072, 0.8851063847541809, -0.6265130043029785, 1.0276812314987183, 0.8037312030792236, 0.0, 0.0
5.902539968490601, 0.8851063847541809, 0.0, 1.0230909585952759, 0.18720239400863647, 0.0, 0.0
5.912564277648926, 0.8851063847541809, 0.0, 1.0246379375457764, 0.29341286420822144, 0.0, 0.0
5.922548770904541, 0.8851063847541809, 0.0, 1.019309639930725, 18.546140670776367, 0.0, 0.0
5.932541370391846, 0.8851063847541809, 0.0, 1.0173933506011963, -1.5366874933242798, 0.0, 0.0
5.942539691925049, 0.8851063847541809, 0.0, 1.0217329263687134, 1.4341405630111694, 0.0, 0.0
5.952535629272461, 0.8851063847541809, 0.0, 1.0200769901275635, 0.12511007487773895, 0.0, 0.0
5.962543725967407, 0.8851063847541809, 0.0, 1.0197479724884033, -1.4283376932144165, 0.0, 0.0
5.972541332244873, 0.8851063847541809, 0.0, 1.0168863534927368, -0.42372798919677734, 0.0, 0.0
5.982545852661133, 0.8851063847541809, 0.0, 1.0199521780014038, -0.10851187258958817, 0.0, 0.0
5.992541551589966, 0.8851063847541809, 0.0, 0.9219963550567627, -28.31449317932129, 0.0, 0.0
6.002546072006226, 0.8851063847541809, 0.0, 0.9154570698738098, -1.484028935432434, 0.0, 0.0
6.012544393539429, 0.8851063847541809, 0.0, 1.0168118476867676, 29.00599479675293, 0.0, 0.0
6.022525787353516, 0.8851063847541809, 0.0, 1.0201618671417236, 0.13081225752830505, 0.0, 0.0
6.032541513442993, 0.8851063847541809, 0.0, 1.0216909646987915, 0.16514581441879272, 0.0, 0.0
6.042529344558716, 0.8851063847541809, 0.0, 1.017691731452942, 0.5470021963119507, 0.0, 0.0
6.052527666091919, 0.8851063847541809, 0.0, 1.016940712928772, -0.38461512327194214, 0.0, 0.0
6.0625646114349365, 0.8851063847541809, 0.0, 1.0170798301696777, 0.3802189826965332, 0.0, 0.0
6.072530269622803, 0.8851063847541809, 0.0, 1.0223898887634277, 26.80680274963379, 0.0, 0.0
6.082534313201904, 0.8851063847541809, 0.0, 0.9297109842300415, -31.18712043762207, 0.0, 0.0
6.092532396316528, 0.8851063847541809, 0.0, 1.020309329032898, 0.8043670654296875, 0.0, 0.0
6.102544069290161, 0.8851063847541809, 0.0, 1.0317699909210205, 4.08746862411499, 0.0, 0.0
6.112542152404785, 0.8851063847541809, 0.0, 1.0320073366165161, 1.89899480342865, 0.0, 0.0
6.122536897659302, 0.8829787373542786, -0.6516284346580505, 1.0243842601776123, -0.9380404353141785, 0.0, 0.0
6.1325342655181885, 0.8829787373542786, -0.6543518900871277, 1.0342414379119873, 1.9317636489868164, 0.0, 0.0
6.142537593841553, 0.8829787373542786, 0.0, 1.037925124168396, 2.606746196746826, 0.0, 0.0
6.152543544769287, 0.8829787373542786, 0.0, 1.0386258363723755, 2.7775204181671143, 0.0, 0.0
6.162554740905762, 0.8829787373542786, 0.0, 1.0371347665786743, 0.9964807033538818, 0.0, 0.0
6.172544717788696, 0.8829787373542786, 0.0, 1.0447580814361572, 3.9257187843322754, 0.0, 0.0
6.1825385093688965, 0.8829787373542786, 0.0, 0.9354754090309143, -33.78060531616211, 0.0, 0.0
6.1925368309021, 0.8829787373542786, 0.0, 1.04543137550354, 0.2555190920829773, 0.0, 0.0
6.202542781829834, 0.8829787373542786, 0.0, 1.0487730503082275, 0.44002482295036316, 0.0, 0.0
6.212550163269043, 0.8829787373542786, 0.0, 0.9453062415122986, -29.71546173095703, 0.0, 0.0
6.222539663314819, 0.8829787373542786, 0.0, 1.054323434829712, 0.7760785222053528, 0.0, 0.0
6.232528209686279, 0.8829787373542786, 0.0, 0.9410390853881836, -31.66195297241211, 0.0, 0.0
6.242541074752808, 0.8829787373542786, 0.0, 1.0534441471099854, -2.731069326400757, 0.0, 0.0
6.252540349960327, 0.8829787373542786, 0.0, 1.0675486326217651, 3.0988569259643555, 0.0, 0.0
6.2625322341918945, 0.8829787373542786, 0.0, 1.0637993812561035, -2.340005397796631, 0.0, 0.0
6.272528171539307, 0.8829787373542786, 0.0, 0.9504371285438538, -37.485496520996094, 0.0, 0.0
6.282536029815674, 0.8829787373542786, 0.0, 1.07480788230896, 1.028144359588623, 0.0, 0.0
6.292528390884399, 0.8829787373542786, 0.0, 1.0840977430343628, -0.30223768949508667, 0.0, 0.0
6.302528381347656, 0.8829787373542786, 0.0, 1.0916577577590942, -0.44679540395736694, 0.0, 0.0
6.312527179718018, 0.8829787373542786, 0.0, 1.0942612886428833, 2.2838287353515625, 0.0, 0.0
6.322534799575806, 0.8829787373542786, 0.0, 1.0904544591903687, -2.8031058311462402, 0.0, 0.0
6.332536697387695, 0.8829787373542786, 0.0, 1.093583583831787, -1.6785808801651, 0.0, 0.0
6.342577219009399, 0.8829787373542786, 0.0, 1.1080995798110962, -2.655418634414673, 0.0, 0.0
6.352544069290161, 0.8829787373542786, 0.0, 1.103385090827942, 48.738929748535156, 0.0, 0.0
6.362574338912964, 0.8829787373542786, 0.0, 1.1185789108276367, 1.8852243423461914, 0.0, 0.0
6.372560739517212, 0.8829787373542786, 0.6015132665634155, 1.1289088726043701, 3.4386353492736816, 0.0, 0.0
6.382562637329102, 0.8829787373542786, 0.6455009579658508, 1.1386278867721558, 0.017745211720466614, 0.0, 0.0
6.392537593841553, 0.8808510899543762, 0.0, 1.1369421482086182, -1.4732811450958252, 0.0, 0.0
6.40253758430481, 0.8829787373542786, 0.6447547674179077, 1.1380904912948608, -1.8465527296066284, 0.0, 0.0
6.412533283233643, 0.8808510899543762, 0.0, 1.152604103088379, 2.4365651607513428, 0.0, 0.0
6.422536849975586, 0.8808510899543762, 0.0, 1.1467154026031494, -1.4541453123092651, 0.0, 0.0
6.432548761367798, 0.8808510899543762, 0.0, 1.1617604494094849, 2.3892440795898438, 0.0, 0.0
6.442571401596069, 0.8808510899543762, 0.0, 1.156957983970642, 0.12986384332180023, 0.0, 0.0
6.452538967132568, 0.8808510899543762, 0.0, 1.1710495948791504, 2.853431224822998, 0.0, 0.0
6.462586164474487, 0.8808510899543762, 0.0, 1.164863109588623, -3.522425651550293, 0.0, 0.0
6.472552299499512, 0.8808510899543762, 0.0, 1.1833521127700806, -0.9162557721138, 0.0, 0.0
6.482550144195557, 0.8808510899543762, 0.0, 1.197662115097046, 4.34999942779541, 0.0, 0.0
6.492540597915649, 0.8808510899543762, 0.0, 1.1858936548233032, -4.143247127532959, 0.0, 0.0
6.502533912658691, 0.8808510899543762, 0.0, 1.000507116317749, -61.053306579589844, 0.0, 0.0
6.512537002563477, 0.8808510899543762, 0.0, 1.2051708698272705, 0.5488254427909851, 0.0, 0.0
6.522533416748047, 0.8808510899543762, 0.0, 0.9998694062232971, -53.37617492675781, 0.0, 0.0
6.532564878463745, 0.8808510899543762, 0.0, 0.9995060563087463, -61.79731750488281, 0.0, 0.0
6.542534589767456, 0.8808510899543762, 0.0, 1.2188605070114136, -0.499049574136734, 0.0, 0.0
6.552535057067871, 0.8787233829498291, 0.0, 1.2366997003555298, 1.7148090600967407, 0.0, 0.0
6.562551736831665, 0.8787233829498291, 0.0, 1.2350682020187378, 0.7857008576393127, 0.0, 0.0
6.5725367069244385, 0.8787233829498291, 0.0, 1.2410086393356323, -0.2587173581123352, 0.0, 0.0
6.582537651062012, 0.8787233829498291, 0.0, 1.2529739141464233, 0.9417074918746948, 0.0, 0.0
6.592559576034546, 0.8787233829498291, 0.0, 1.2583513259887695, 1.1343859434127808, 0.0, 0.0
6.60253119468689, 0.8787233829498291, 0.0, 1.266505479812622, 4.278133392333984, 0.0, 0.0
6.612530469894409, 0.8787233829498291, 0.0, 1.2596797943115234, 1.0026719570159912, 0.0, 0.0
6.622541904449463, 0.8787233829498291, 0.0, 1.2803796529769897, 3.1938676834106445, 0.0, 0.0
6.632551193237305, 0.8787233829498291, 0.0, 1.2847411632537842, 0.04475505277514458, 0.0, 0.0
6.642544984817505, 0.8787233829498291, 0.0, 1.292110800743103, 3.275902509689331, 0.0, 0.0
6.652568817138672, 0.8787233829498291, 0.0, 1.2929960489273071, 4.06224250793457, 0.0, 0.0
6.66255784034729, 0.8787233829498291, 0.0, 1.300394058227539, 1.373623013496399, 0.0, 0.0
6.672559022903442, 0.8787233829498291, 0.0, 1.300872564315796, 1.7789689302444458, 0.0, 0.0
6.682569980621338, 0.8787233829498291, 0.0, 1.3057764768600464, -2.7113780975341797, 0.0, 0.0
6.692575693130493, 0.8787233829498291, 0.0, 1.321779727935791, -0.7044366002082825, 0.0, 0.0
6.702568769454956, 0.8765957355499268, -0.6297404170036316, 1.3309568166732788, 3.474118947982788, 0.0, 0.0
6.71257758140564, 0.8765957355499268, 0.0, 1.3255503177642822, -1.1869338750839233, 0.0, 0.0
6.722546339035034, 0.8765957355499268, 0.0, 1.3389101028442383, -0.6877424120903015, 0.0, 0.0
6.732549428939819, 0.8765957355499268, 0.0, 1.3340446949005127, -3.0769059658050537, 0.0, 0.0
6.742542505264282, 0.8765957355499268, 0.0, 1.3549869060516357, 4.295016765594482, 0.0, 0.0
6.752552032470703, 0.8765957355499268, 0.0, 1.3557430505752563, -1.8870658874511719, 0.0, 0.0
6.762546539306641, 0.8765957355499268, 0.0, 1.3506046533584595, 73.0976791381836, 0.0, 0.0
6.772542238235474, 0.8765957355499268, 0.0, 1.377234935760498, -0.520325243473053, 0.0, 0.0
6.782554864883423, 0.8765957355499268, 0.0, 1.3829145431518555, 3.567228078842163, 0.0, 0.0
6.7925732135772705, 0.8765957355499268, 0.0, 1.3826085329055786, -2.339303493499756, 0.0, 0.0
6.80253267288208, 0.8765957355499268, 0.0, 1.3778765201568604, 1.4066709280014038, 0.0, 0.0
6.812530279159546, 0.8765957355499268, 0.0, 1.405502200126648, 3.3243865966796875, 0.0, 0.0
6.822558641433716, 0.8765957355499268, 0.0, 1.3961379528045654, 0.6194536089897156, 0.0, 0.0
6.8325700759887695, 0.8765957355499268, 0.0, 1.4029127359390259, -1.9921998977661133, 0.0, 0.0
6.842534065246582, 0.8765957355499268, 2.553046941757202, 1.4105061292648315, 36.090877532958984, 0.0, 0.0
6.852540016174316, 0.8765957355499268, 0.0, 1.434208631515503, 3.200449228286743, 0.0, 0.0
6.862533330917358, 0.8765957355499268, 0.0, 1.4181866645812988, -4.841974258422852, 0.0, 0.0
6.872560262680054, 0.865675687789917, -2.403047800064087, 1.2673977613449097, -33.18230056762695, 0.0, 0.0
6.88254451751709, 0.865675687789917, 0.0, 1.2719173431396484, 0.25760120153427124, 0.0, 0.0
6.892540216445923, 0.865675687789917, 0.0, 1.2854578495025635, -3.8863258361816406, 0.0, 0.0
6.9025444984436035, 0.865675687789917, 0.0, 1.2755876779556274, -1.0121694803237915, 0.0, 0.0
6.912549018859863, 0.865675687789917, 0.0, 1.2829188108444214, -3.5344717502593994, 0.0, 0.0
6.922546625137329, 0.865675687789917, 0.0, 1.2992876768112183, 1.8530099391937256, 0.0, 0.0
6.932531833648682, 0.865675687789917, 0.0, 1.2769590616226196, 1.1581894159317017, 0.0, 0.0
6.9425413608551025, 0.865675687789917, 0.0, 1.2582650184631348, -1.4392695426940918, 0.0, 0.0
6.952563285827637, 0.865675687789917, 0.0, 1.2487962245941162, -1.0183366537094116, 0.0, 0.0
6.962529182434082, 0.865675687789917, 0.0, 1.2693934440612793, 2.4761056900024414, 0.0, 0.0
6.972546339035034, 0.865675687789917, 0.0, 1.2475290298461914, -3.852999687194824, 0.0, 0.0
6.982543468475342, 0.865675687789917, 0.0, 1.283301591873169, 6.104771614074707, 0.0, 0.0
6.992537021636963, 0.865675687789917, 0.0, 1.306698203086853, 10.633193969726562, 0.0, 0.0
7.0025835037231445, 0.865675687789917, 0.0, 1.3054163455963135, 8.434771537780762, 0.0, 0.0
7.012568235397339, 0.865675687789917, 0.0, 1.310418963432312, 5.2790207862854, 0.0, 0.0
7.022543907165527, 0.865675687789917, 0.0, 1.2895623445510864, -1.571683406829834, 0.0, 0.0
7.03254246711731, 0.865675687789917, 0.0, 1.286562442779541, -4.191628456115723, 0.0, 0.0
7.042558670043945, 0.865675687789917, 0.0, 1.2930810451507568, -0.7580190896987915, 0.0, 0.0
7.052580118179321, 0.865675687789917, 0.0, 1.2930810451507568, -0.7580190896987915, 0.0, 0.0
7.062529563903809, 0.865675687789917, 0.0, 1.2930810451507568, -0.7580190896987915, 0.0, 0.0
7.072548151016235, 0.865675687789917, 0.0, 1.2930810451507568, -0.7580190896987915, 0.0, 0.0
7.082567930221558, 0.8683784008026123, 0.0, 1.287695288658142, -3.452324151992798, 0.0, 0.0
7.092529058456421, 0.8683784008026123, 0.0, 1.3019490242004395, 1.635867953300476, 0.0, 0.0
7.102549314498901, 0.8683784008026123, 0.0, 1.294671654701233, -1.873185634613037, 0.0, 0.0
7.112565755844116, 0.8683784008026123, 0.0, 1.3042246103286743, 3.2039647102355957, 0.0, 0.0
7.122567415237427, 0.8683784008026123, 0.0, 1.0797171592712402, -1.2560266256332397, 0.0, 0.0
7.13254451751709, 0.8683784008026123, 0.0, 1.0848249197006226, -48.59002685546875, 0.0, 0.0
7.142558574676514, 0.8683784008026123, 0.0, 1.329940676689148, 54.05033874511719, 0.0, 0.0
7.152571678161621, 0.8683784008026123, 0.0, 1.0853382349014282, -1.2089297771453857, 0.0, 0.0
7.162564754486084, 0.8683784008026123, 0.0, 1.0893077850341797, 0.8303142786026001, 0.0, 0.0
7.172536134719849, 0.8710810542106628, 0.0, 1.0822491645812988, -0.41842517256736755, 0.0, 0.0
7.182539701461792, 0.8710810542106628, 0.0, 1.093398094177246, -1.5732789039611816, 0.0, 0.0
7.192552089691162, 0.8710810542106628, 0.0, 1.105385661125183, 1.5487557649612427, 0.0, 0.0
7.202569007873535, 0.8710810542106628, 0.0, 1.0931334495544434, -2.776916265487671, 0.0, 0.0
7.212527513504028, 0.8737837672233582, 0.0, 1.11269211769104, 0.9643383622169495, 0.0, 0.0
7.222567081451416, 0.8737837672233582, 0.0, 1.0703791379928589, -4.763103485107422, 0.0, 0.0
7.232537031173706, 0.8737837672233582, 0.0, 1.0918275117874146, 1.425489068031311, 0.0, 0.0
7.242578983306885, 0.8737837672233582, 0.0, 1.1126974821090698, 2.288973331451416, 0.0, 0.0
7.252558708190918, 0.8737837672233582, 0.0, 1.0892845392227173, -12.966398239135742, 0.0, 0.0
7.26254415512085, 0.8764864802360535, 0.0, 1.14873206615448, 2.2494022846221924, 0.0, 0.0
7.272531747817993, 0.8764864802360535, 0.0, 1.0781338214874268, -1.0092836618423462, 0.0, 0.0
7.282557964324951, 0.8764864802360535, 0.0, 1.084995150566101, 0.24439115822315216, 0.0, 0.0
7.292548179626465, 0.8764864802360535, 0.0, 1.111894965171814, 6.225522994995117, 0.0, 0.0
7.302560091018677, 0.8764864802360535, 0.0, 1.0876743793487549, -3.214118242263794, 0.0, 0.0
7.312554836273193, 0.8764864802360535, 0.0, 1.0876743793487549, -3.214118242263794, 0.0, 0.0
7.3225414752960205, 0.8764864802360535, 0.0, 1.0876743793487549, -3.214118242263794, 0.0, 0.0
7.33253026008606, 0.8764864802360535, 0.0, 1.0876743793487549, -3.214118242263794, 0.0, 0.0
7.342546224594116, 0.8764864802360535, 0.0, 1.0876743793487549, -3.214118242263794, 0.0, 0.0
7.352585077285767, 0.8764864802360535, 0.0, 1.0876743793487549, -3.214118242263794, 0.0, 0.0
7.362544536590576, 0.8764864802360535, 0.0, 1.0876743793487549, -3.214118242263794, 0.0, 0.0
7.3725409507751465, 0.8764864802360535, 0.0, 1.0876743793487549, -3.214118242263794, 0.0, 0.0
7.382546901702881, 0.8818919062614441, 0.5776872634887695, 1.118638515472412, 6.862731456756592, 0.0, 0.0
7.392576694488525, 0.8818919062614441, 0.5776872634887695, 1.118638515472412, 6.862731456756592, 0.0, 0.0
7.40255880355835, 0.8818919062614441, 0.0, 1.119339108467102, 0.03920876234769821, 0.0, 0.0
7.412549734115601, 0.8818919062614441, 0.0, 1.119339108467102, 0.03920876234769821, 0.0, 0.0
