3.0994415283203125e-06, 0.0, 0.0, 0.0, 0.0, 0.0, 0.0
7.414817810058594e-05, 0.0, 0.0, 0.0, 0.0, 0.0, 0.0
0.009089469909667969, 0.0, 0.0, 0.0, 0.0, 0.0, 0.0
0.01914072036743164, 0.0, 0.0, 0.0, 0.0, 0.0, 0.0
0.029094457626342773, 0.0, 0.0, 0.0, 0.0, 0.0, 0.0
0.0390934944152832, 0.0, 0.0, 0.0, 0.0, 0.0, 0.0
0.04912137985229492, 0.0, 0.0, 0.0, 0.0, 0.0, 0.0
0.05916261672973633, 0.0, 0.0, 0.0, 0.0, 0.0, 0.0
0.06909847259521484, 0.0, 0.0, 0.0, 0.0, 0.0, 0.0
0.07921600341796875, 0.0, 0.0, 0.0, 0.0, 0.0, 0.0
0.0891876220703125, 0.0, 0.0, 0.0, 0.0, 0.0, 0.0
0.09925031661987305, 0.0, 0.0, 0.0, 0.0, 0.0, 0.0
0.10927128791809082, 0.0, 0.0, 0.0, 0.0, 0.0, 0.0
0.11928844451904297, 0.0, 0.0, 0.0, 0.0, 0.0, 0.0
0.12929296493530273, 0.0, 0.0, 0.0, 0.0, 0.0, 0.0
0.13927125930786133, 0.0, 0.0, 0.0, 0.0, 0.0, 0.0
0.1492176055908203, 0.0, 0.0, 0.0, 0.0, 0.0, 0.0
0.15916919708251953, 0.0, 0.0, 0.0, 0.0, 0.0, 0.0
0.1691737174987793, 0.0, 0.0, 0.0, 0.0, 0.0, 0.0
0.17915964126586914, 0.0, 0.0, 0.0, 0.0, 0.0, 0.0
0.18917632102966309, 0.0, 0.0, 0.0, 0.0, 0.0, 0.0
0.19915461540222168, 0.0, 0.0, 0.0, 0.0, 0.0, 0.0
0.2090911865234375, 0.0, 0.0, 0.0, 0.0, 0.0, 0.0
0.2191178798675537, 0.0, 0.0, 0.0, 0.0, 0.0, 0.0
0.2291412353515625, 0.0, 0.0, 0.0, 0.0, 0.0, 0.0
0.23917269706726074, 0.0, 0.0, 0.0, 0.0, 0.0, 0.0
0.24915862083435059, 0.0, 0.0, 0.0, 0.0, 0.0, 0.0
0.2597830295562744, 0.0, 0.0, 0.0, 0.0, 0.0, 0.0
0.26915597915649414, 0.0, 0.0, 0.0, 0.0, 0.0, 0.0
0.27920055389404297, 0.0, 0.0, 0.0, 0.0, 0.0, 0.0
0.28911900520324707, 0.0, 0.0, 0.0, 0.0, 0.0, 0.0
0.29914355278015137, 0.0, 0.0, 0.0, 0.0, 0.0, 0.0
0.3091397285461426, 0.0, 0.0, 0.0, 0.0, 0.0, 0.0
0.31914830207824707, 0.0, 0.0, 0.0, 0.0, 0.0, 0.0
0.32913851737976074, 0.0, 0.0, 0.0, 0.0, 0.0, 0.0
0.33921289443969727, 0.0, 0.0, 0.0, 0.0, 0.0, 0.0
0.3491837978363037, 0.0, 0.0, 0.0, 0.0, 0.0, 0.0
0.35921502113342285, 0.0, 0.0, 0.0, 0.0, 0.0, 0.0
0.3691983222961426, 0.0, 0.0, 0.0, 0.0, 0.0, 0.0
0.37923693656921387, 0.0, 0.0, 0.0, 0.0, 0.0, 0.0
0.38914012908935547, 0.0, 0.0, 0.0, 0.0, 0.0, 0.0
0.3992130756378174, 0.0, 0.0, 0.0, 0.0, 0.0, 0.0
0.40917205810546875, 0.0, 0.0, 0.0, 0.0, 0.0, 0.0
0.4191570281982422, 0.0, 0.0, 0.0, 0.0, 0.0, 0.0
0.42909812927246094, 0.0, 0.0, 0.0, 0.0, 0.0, 0.0
0.43915748596191406, 0.0, 0.0, 0.0, 0.0, 0.0, 0.0
0.4491391181945801, 0.0, 0.0, 0.0, 0.0, 0.0, 0.0
0.4591691493988037, 0.0, 0.0, 0.0, 0.0, 0.0, 0.0
0.46917271614074707, 0.0, 0.0, 0.0, 0.0, 0.0, 0.0
0.4791743755340576, 0.0, 0.0, 0.0, 0.0, 0.0, 0.0
0.4891378879547119, 0.0, 0.0, 0.0, 0.0, 0.0, 0.0
0.4991459846496582, 0.0, 0.0, 0.0, 0.0, 0.0, 0.0
0.509138822555542, 0.0, 0.0, 0.0, 0.0, 0.0, 0.0
0.5191121101379395, 0.0, 0.0, 0.0, 0.0, 0.0, 0.0
0.5291056632995605, 0.0, 0.0, 0.0, 0.0, 0.0, 0.0
0.5391123294830322, 0.0, 0.0, 0.0, 0.0, 0.0, 0.0
0.5491447448730469, 0.0, 0.0, 0.0, 0.0, 0.0, 0.0
0.5591447353363037, 0.0, 0.0, 0.0, 0.0, 0.0, 0.0
0.5691564083099365, 0.0, 0.0, 0.0, 0.0, 0.0, 0.0
0.5791597366333008, 0.0, 0.0, 0.0, 0.0, 0.0, 0.0
0.5891220569610596, 0.0, 0.0, 0.0, 0.0, 0.0, 0.0
0.5991072654724121, 0.0, 0.0, 0.0, 0.0, 0.0, 0.0
0.6091063022613525, 0.0, 0.0, 0.0, 0.0, 0.0, 0.0
0.6192355155944824, 0.0, 0.0, 0.0, 0.0, 0.0, 0.0
0.6291582584381104, 0.0, 0.0, 0.0, 0.0, 0.0, 0.0
0.6392049789428711, 0.0, 0.0, 0.0, 0.0, 0.0, 0.0
0.6491963863372803, 0.0, 0.0, 0.0, 0.0, 0.0, 0.0
0.6591649055480957, 0.0, 0.0, 0.0, 0.0, 0.0, 0.0
0.6691524982452393, 0.0, 0.0, 0.0, 0.0, 0.0, 0.0
0.6791901588439941, 0.0, 0.0, 0.0, 0.0, 0.0, 0.0
0.6891882419586182, 0.0, 0.0, 0.0, 0.0, 0.0, 0.0
0.6992077827453613, 0.0, 0.0, 0.0, 0.0, 0.0, 0.0
0.7092061042785645, 0.0, 0.0, 0.0, 0.0, 0.0, 0.0
0.7192025184631348, 0.0, 0.0, 0.0, 0.0, 0.0, 0.0
0.7291717529296875, 0.0, 0.0, 0.0, 0.0, 0.0, 0.0
0.7392001152038574, 0.0, 0.0, 0.0, 0.0, 0.0, 0.0
0.7491528987884521, 0.0, 0.0, 0.0, 0.0, 0.0, 0.0
0.7592010498046875, 0.0, 0.0, 0.0, 0.0, 0.0, 0.0
0.7691576480865479, 0.0, 0.0, 0.0, 0.0, 0.0, 0.0
0.7791812419891357, 0.0, 0.0, 0.0, 0.0, 0.0, 0.0
0.789146900177002, 0.0, 0.0, 0.0, 0.0, 0.0, 0.0
0.7991559505462646, 0.0, 0.0, 0.0, 0.0, 0.0, 0.0
0.8092246055603027, 0.0, 0.0, 0.0, 0.0, 0.0, 0.0
0.8191506862640381, 0.0, 0.0, 0.0, 0.0, 0.0, 0.0
0.8291544914245605, 0.0, 0.0, 0.0, 0.0, 0.0, 0.0
0.839195728302002, 0.0, 0.0, 0.0, 0.0, 0.0, 0.0
0.8491730690002441, 0.0, 0.0, 0.0, 0.0, 0.0, 0.0
0.8592138290405273, 0.0, 0.0, 0.0, 0.0, 0.0, 0.0
0.8691515922546387, 0.0, 0.0, 0.0, 0.0, 0.0, 0.0
0.8791723251342773, 0.0, 0.0, 0.0, 0.0, 0.0, 0.0
0.8890931606292725, 0.0, 0.0, 0.0, 0.0, 0.0, 0.0
0.8992266654968262, 0.0, 0.0, 0.0, 0.0, 0.0, 0.0
0.9091606140136719, 0.0, 0.0, 0.0, 0.0, 0.0, 0.0
0.9192161560058594, 0.0, 0.0, 0.0, 0.0, 0.0, 0.0
0.9291958808898926, 0.0, 0.0, 0.0, 0.0, 0.0, 0.0
0.9392764568328857, 0.0, 0.0, 0.0, 0.0, 0.0, 0.0
0.9491775035858154, 0.0, 0.0, 0.0, 0.0, 0.0, 0.0
0.9592390060424805, 0.0, 0.0, 0.0, 0.0, 0.0, 0.0
0.9691815376281738, 0.0, 0.0, 0.0, 0.0, 0.0, 0.0
0.9792377948760986, 0.0, 0.0, 0.0, 0.0, 0.0, 0.0
0.989180326461792, 0.0, 0.0, 0.0, 0.0, 0.0, 0.0
0.9992530345916748, 0.0, 0.0, 0.0, 0.0, 0.0, 0.0
1.0092034339904785, 0.0, 0.0, 0.0, 0.0, 0.0, 0.0
1.019256830215454, 0.0, 0.0, 0.0, 0.0, 0.0, 0.0
1.0291805267333984, 0.0, 0.0, 0.0, 0.0, 0.0, 0.0
1.0391919612884521, 0.0, 0.0, 0.0, 0.0, 0.0, 0.0
1.0491716861724854, 0.0, 0.0, 0.0, 0.0, 0.0, 0.0
1.0592031478881836, 0.0, 0.0, 0.0, 0.0, 0.0, 0.0
1.0691699981689453, 0.0, 0.0, 0.0, 0.0, 0.0, 0.0
1.0792467594146729, 0.0, 0.0, 0.0, 0.0, 0.0, 0.0
1.089205265045166, 0.0, 0.0, 0.0, 0.0, 0.0, 0.0
1.0992751121520996, 0.0, 0.0, 0.0, 0.0, 0.0, 0.0
1.1091830730438232, 0.0, 0.0, 0.0, 0.0, 0.0, 0.0
1.1191856861114502, 0.0, 0.0, 0.0, 0.0, 0.0, 0.0
1.129148244857788, 0.0, 0.0, 0.0, 0.0, 0.0, 0.0
1.139155626296997, 0.0, 0.0, 0.0, 0.0, 0.0, 0.0
1.1491384506225586, 0.0, 0.0, 0.0, 0.0, 0.0, 0.0
1.1592299938201904, 0.0, 0.0, 0.0, 0.0, 0.0, 0.0
1.169175386428833, 0.0, 0.0, 0.0, 0.0, 0.0, 0.0
1.1792750358581543, 0.0, 0.0, 0.0, 0.0, 0.0, 0.0
1.189180850982666, 0.0, 0.0, 0.0, 0.0, 0.0, 0.0
1.199249029159546, 0.0, 0.0, 0.0, 0.0, 0.0, 0.0
1.209197759628296, 0.0, 0.0, 0.0, 0.0, 0.0, 0.0
1.2192516326904297, 0.0, 0.0, 0.0, 0.0, 0.0, 0.0
1.22916841506958, 0.0, 0.0, 0.0, 0.0, 0.0, 0.0
1.239285945892334, 0.0, 0.0, 0.0, 0.0, 0.0, 0.0
1.2491638660430908, 0.0, 0.0, 0.0, 0.0, 0.0, 0.0
1.2591056823730469, 0.0, 0.0, 0.0, 0.0, 0.0, 0.0
1.2690706253051758, 0.0, 0.0, 0.0, 0.0, 0.0, 0.0
1.279134750366211, 0.0, 0.0, 0.0, 0.0, 0.0, 0.0
1.2890775203704834, 0.0, 0.0, 0.0, 0.0, 0.0, 0.0
1.299065351486206, 0.0, 0.0, 0.0, 0.0, 0.0, 0.0
1.3090710639953613, 0.0, 0.0, 0.0, 0.0, 0.0, 0.0
1.319098711013794, 0.0, 0.0, 0.0, 0.0, 0.0, 0.0
1.3291049003601074, 0.0, 0.0, 0.0, 0.0, 0.0, 0.0
1.3391528129577637, 0.0, 0.0, 0.0, 0.0, 0.0, 0.0
1.3491215705871582, 0.0, 0.0, 0.0, 0.0, 0.0, 0.0
1.3591599464416504, 0.0, 0.0, 0.0, 0.0, 0.0, 0.0
1.3691248893737793, 0.0, 0.0, 0.0, 0.0, 0.0, 0.0
1.3791604042053223, 0.0, 0.0, 0.0, 0.0, 0.0, 0.0
1.3890864849090576, 0.0, 0.0, 0.0, 0.0, 0.0, 0.0
1.3991291522979736, 0.0, 0.0, 0.0, 0.0, 0.0, 0.0
1.4091284275054932, 0.0, 0.0, 0.0, 0.0, 0.0, 0.0
1.419137716293335, 0.0, 0.0, 0.0, 0.0, 0.0, 0.0
1.4290926456451416, 0.0, 0.0, 0.0, 0.0, 0.0, 0.0
1.4391562938690186, 0.0, 0.0, 0.0, 0.0, 0.0, 0.0
1.4491183757781982, 0.0, 0.0, 0.0, 0.0, 0.0, 0.0
1.4591693878173828, 0.0, 0.0, 0.0, 0.0, 0.0, 0.0
1.4690971374511719, 0.0, 0.0, 0.0, 0.0, 0.0, 0.0
1.4790825843811035, 0.0, 0.0, 0.0, 0.0, 0.0, 0.0
1.4891364574432373, 0.0, 0.0, 0.0, 0.0, 0.0, 0.0
1.499135971069336, 0.0, 0.0, 0.0, 0.0, 0.0, 0.0
1.5091264247894287, 0.8845946192741394, 0.0, 0.5279532074928284, 0.1372266411781311, 0.0, 0.0
1.5191235542297363, 0.8845946192741394, 0.0, 0.757606029510498, 0.19322916865348816, 0.0, 0.0
1.5291149616241455, 0.8851063847541809, 0.13737335801124573, 0.7121947407722473, 47.46178436279297, 0.0, 0.0
1.5391511917114258, 0.8851063847541809, 0.0, 0.7106838822364807, 171.66246032714844, 0.0, 0.0
1.5490875244140625, 0.8851063847541809, 0.0, 0.6974729299545288, -0.0902736708521843, 0.0, 0.0
1.5590941905975342, 0.8851063847541809, 0.14526602625846863, 0.6977810263633728, 48.41841125488281, 0.0, 0.0
1.5691359043121338, 0.8851063847541809, 0.0, 0.6989186406135559, -0.1292393058538437, 0.0, 0.0
1.5790979862213135, 0.8851063847541809, 0.0, 0.7024820446968079, 0.6818577647209167, 0.0, 0.0
1.589081048965454, 0.8851063847541809, 0.0, 0.6974794268608093, -0.22232702374458313, 0.0, 0.0
1.5990843772888184, 0.8851063847541809, 0.0, 0.7009729146957397, 0.32325175404548645, 0.0, 0.0
1.6090877056121826, 0.8851063847541809, 0.142678365111351, 0.7057903409004211, 49.74554443359375, 0.0, 0.0
1.6190800666809082, 0.8851063847541809, 0.1417175680398941, 0.706496000289917, 48.401817321777344, 0.0, 0.0
1.6291425228118896, 0.8845946192741394, 0.0, 0.7508357167243958, 48.00707244873047, 0.0, 0.0
1.6390905380249023, 0.8845946192741394, 0.0, 0.7670160531997681, 1.3441190719604492, 0.0, 0.0
1.6490788459777832, 0.8851063847541809, 0.1395978480577469, 0.7052920460700989, -12.78203010559082, 0.0, 0.0
1.659090518951416, 0.8845946192741394, 0.0, 0.52570641040802, -48.274513244628906, 0.0, 0.0
1.6690962314605713, 0.8845946192741394, 0.0, 0.5303662419319153, -46.59003448486328, 0.0, 0.0
1.6791305541992188, 0.8845946192741394, 0.0, 0.758716344833374, 1.4048700332641602, 0.0, 0.0
1.6891534328460693, 0.8845946192741394, 0.0, 0.5271849036216736, -0.5085723996162415, 0.0, 0.0
1.6991281509399414, 0.8845946192741394, 0.0, 0.5351499915122986, -45.614990234375, 0.0, 0.0
1.7090892791748047, 0.8845946192741394, 0.0, 0.7493005394935608, -2.0035150051116943, 0.0, 0.0
1.7190887928009033, 0.8845946192741394, 0.0, 0.7506005764007568, 1.729108452796936, 0.0, 0.0
1.7290925979614258, 0.8845946192741394, 0.0, 0.7611669898033142, 50.24628448486328, 0.0, 0.0
1.7390928268432617, 0.8845946192741394, 0.0, 0.7495400309562683, 46.74583435058594, 0.0, 0.0
1.749098777770996, 0.8845946192741394, 0.0, 0.5356732606887817, -43.41850662231445, 0.0, 0.0
1.7590899467468262, 0.8845946192741394, 0.0, 0.5316921472549438, -0.4548394978046417, 0.0, 0.0
1.7691266536712646, 0.8845946192741394, 0.0, 0.529251217842102, -46.63593292236328, 0.0, 0.0
1.7790820598602295, 0.8851063847541809, 0.13907328248023987, 0.7222920060157776, -5.900763511657715, 0.0, 0.0
1.7890870571136475, 0.8845946192741394, 0.0, 0.7458112239837646, 0.9464448094367981, 0.0, 0.0
1.799093246459961, 0.8845946192741394, 0.0, 0.74949049949646, 45.59811782836914, 0.0, 0.0
1.8090918064117432, 0.8845946192741394, 0.0, 0.5344644784927368, 0.9218135476112366, 0.0, 0.0
1.8190820217132568, 0.8845946192741394, 0.0, 0.5223025679588318, -47.50815963745117, 0.0, 0.0
1.8291356563568115, 0.8845946192741394, 0.0, 0.5298245549201965, -44.980838775634766, 0.0, 0.0
1.8391215801239014, 0.8845946192741394, 0.0, 0.7528355121612549, -0.28531336784362793, 0.0, 0.0
1.8491203784942627, 0.8845946192741394, 0.0, 0.7462335228919983, 42.66409683227539, 0.0, 0.0
1.8591082096099854, 0.8845946192741394, 0.0, 0.7521538138389587, 46.195770263671875, 0.0, 0.0
1.8691678047180176, 0.8845946192741394, 0.0, 0.7528115510940552, 45.62589645385742, 0.0, 0.0
1.8790907859802246, 0.8845946192741394, 0.0, 0.5383647084236145, -44.68435287475586, 0.0, 0.0
1.8891139030456543, 0.8845946192741394, 0.0, 0.7334840297698975, 44.54294967651367, 0.0, 0.0
1.8991138935089111, 0.8845946192741394, 0.0, 0.5248584151268005, -50.44388198852539, 0.0, 0.0
1.9091033935546875, 0.8845946192741394, 0.0, 0.5283687114715576, 0.09800981730222702, 0.0, 0.0
1.9190928936004639, 0.8845946192741394, 0.0, 0.5266688466072083, -45.96442794799805, 0.0, 0.0
1.9290950298309326, 0.8845946192741394, 0.0, 0.5273290872573853, -45.6038932800293, 0.0, 0.0
1.9391348361968994, 0.8872972726821899, 0.0, 0.5291742086410522, -43.44456100463867, 0.0, 0.0
1.9491515159606934, 0.8845946192741394, 0.0, 0.7478914856910706, -1.2695281505584717, 0.0, 0.0
1.9591050148010254, 0.8845946192741394, 0.0, 0.5261726379394531, -0.6612266302108765, 0.0, 0.0
1.9691295623779297, 0.8845946192741394, 0.0, 0.7518038153648376, 0.10081244260072708, 0.0, 0.0
1.9791300296783447, 0.8845946192741394, -0.5324545502662659, 0.74491947889328, 42.41232681274414, 0.0, 0.0
1.9890966415405273, 0.8845946192741394, -0.5476043224334717, 0.744617223739624, 3.3196074962615967, 0.0, 0.0
1.9990885257720947, 0.8845946192741394, -0.562997579574585, 0.7550265789031982, 5.17867374420166, 0.0, 0.0
2.0090835094451904, 0.8872972726821899, 0.5464692115783691, 0.7344624996185303, -3.1046345233917236, 0.0, 0.0
2.019083023071289, 0.8845946192741394, 0.0, 0.7477688789367676, 48.115455627441406, 0.0, 0.0
2.029102087020874, 0.8845946192741394, 0.0, 0.5168632864952087, -50.24981689453125, 0.0, 0.0
2.0390896797180176, 0.8845946192741394, 0.0, 0.5171235203742981, -50.258663177490234, 0.0, 0.0
2.049125909805298, 0.8845946192741394, 0.0, 0.5177018046379089, -41.107261657714844, 0.0, 0.0
2.0590932369232178, 0.8845946192741394, 0.0, 0.7152671813964844, 41.023433685302734, 0.0, 0.0
2.0690977573394775, 0.8845946192741394, -0.579192578792572, 0.5180820822715759, -2.6398322582244873, 0.0, 0.0
2.079094886779785, 0.8845946192741394, 0.0, 0.7109323740005493, 40.50251388549805, 0.0, 0.0
2.0890913009643555, 0.8845946192741394, 0.0, 0.5176620483398438, -0.39490431547164917, 0.0, 0.0
2.099109172821045, 0.8845946192741394, 0.0, 0.5180408954620361, 0.09860290586948395, 0.0, 0.0
2.1091039180755615, 0.8845946192741394, 0.0, 0.510649561882019, -1.3389803171157837, 0.0, 0.0
2.1191108226776123, 0.8872972726821899, 0.5391912460327148, 0.7127960324287415, 38.920509338378906, 0.0, 0.0
2.1290817260742188, 0.8845946192741394, 0.0, 0.712012767791748, 40.2075309753418, 0.0, 0.0
2.139092445373535, 0.8845946192741394, 0.0, 0.5167097449302673, 0.19834797084331512, 0.0, 0.0
2.1490824222564697, 0.8845946192741394, -0.5561748743057251, 0.514136016368866, 1.970712423324585, 0.0, 0.0
2.1590824127197266, 0.8872972726821899, 0.5792221426963806, 0.7055531144142151, 41.32725143432617, 0.0, 0.0
2.1690895557403564, 0.8845946192741394, 0.0, 0.5184001326560974, -0.21486827731132507, 0.0, 0.0
2.1790831089019775, 0.8872972726821899, 0.0, 0.5042002201080322, -43.35546875, 0.0, 0.0
2.1891374588012695, 0.8845946192741394, 0.0, 0.517193078994751, 1.3511911630630493, 0.0, 0.0
2.199087381362915, 0.8845946192741394, 0.0, 0.5196638107299805, 1.1551166772842407, 0.0, 0.0
2.209101915359497, 0.8845946192741394, 0.0, 0.5157849788665771, 0.2032785713672638, 0.0, 0.0
2.2190840244293213, 0.8872972726821899, 0.0, 0.5059101581573486, -39.35195541381836, 0.0, 0.0
2.2290942668914795, 0.8845946192741394, -0.5109969973564148, 0.5163179039955139, 2.166490316390991, 0.0, 0.0
2.2390921115875244, 0.8845946192741394, 0.0, 0.517440676689148, 0.09581805765628815, 0.0, 0.0
2.2491226196289062, 0.8872972726821899, 0.5679621696472168, 0.7010376453399658, 38.80775833129883, 0.0, 0.0
2.259099006652832, 0.8872972726821899, 0.0, 0.5071098804473877, 0.5407366752624512, 0.0, 0.0
2.269085168838501, 0.8845946192741394, -0.5756922960281372, 0.5172164440155029, 2.003323554992676, 0.0, 0.0
2.2791051864624023, 0.8845946192741394, -0.5493558049201965, 0.5231429934501648, 2.782846450805664, 0.0, 0.0
2.289109468460083, 0.8872972726821899, 0.0, 0.7039802670478821, 39.92270278930664, 0.0, 0.0
2.299098014831543, 0.8845946192741394, 0.0, 0.5164401531219482, 0.5370774269104004, 0.0, 0.0
2.3090901374816895, 0.8872972726821899, 0.0, 0.7030300498008728, 40.65333938598633, 0.0, 0.0
2.319091796875, 0.8872972726821899, 0.0, 0.5071262717247009, 0.4779801666736603, 0.0, 0.0
2.3290886878967285, 0.8845946192741394, -0.5861707925796509, 0.5181832909584045, 0.44426673650741577, 0.0, 0.0
2.339120626449585, 0.8872972726821899, 0.5630255937576294, 0.5116366147994995, -1.7634845972061157, 0.0, 0.0
2.34909987449646, 0.8872972726821899, 0.543091893196106, 0.5047545433044434, -2.803335428237915, 0.0, 0.0
2.3591091632843018, 0.8845946192741394, -0.5805570483207703, 0.519547164440155, 3.0735607147216797, 0.0, 0.0
2.369100332260132, 0.8845946192741394, -0.5862617492675781, 0.5189272165298462, 2.778770685195923, 0.0, 0.0
2.3791120052337646, 0.8872972726821899, 0.4449838101863861, 0.5108845829963684, -48.983089447021484, 0.0, 0.0
2.389106512069702, 0.8872972726821899, 0.0, 0.5057911276817322, -1.034089207649231, 0.0, 0.0
2.399118423461914, 0.8872972726821899, 0.0, 0.5073615312576294, -0.05075494945049286, 0.0, 0.0
2.4091031551361084, 0.8872972726821899, 0.0, 0.5029744505882263, -0.5555434823036194, 0.0, 0.0
2.419092893600464, 0.8872972726821899, 0.0, 0.5082278251647949, 0.08608299493789673, 0.0, 0.0
2.4290854930877686, 0.8845946192741394, 0.0, 0.5182532072067261, 0.02187398634850979, 0.0, 0.0
2.439082384109497, 0.8845946192741394, -0.579310953617096, 0.5176572799682617, 0.6830106377601624, 0.0, 0.0
2.4491260051727295, 0.8845946192741394, -0.5534594655036926, 0.5202760100364685, -36.726200103759766, 0.0, 0.0
2.4590861797332764, 0.8872972726821899, 0.0, 0.5070938467979431, 0.05509098246693611, 0.0, 0.0
2.4690797328948975, 0.8872972726821899, 0.0, 0.5159433484077454, 1.585858702659607, 0.0, 0.0
2.479090452194214, 0.8872972726821899, 0.0, 0.5071110129356384, -0.24752424657344818, 0.0, 0.0
2.489105701446533, 0.8872972726821899, 0.5663730502128601, 0.5089277029037476, -1.7863092422485352, 0.0, 0.0
2.4990930557250977, 0.8872972726821899, 0.56853187084198, 0.5063448548316956, -2.596254348754883, 0.0, 0.0
2.509117841720581, 0.8872972726821899, 0.0, 0.5053091049194336, -0.1440075784921646, 0.0, 0.0
2.5190799236297607, 0.8872972726821899, 0.0, 0.5060086250305176, -0.04158666729927063, 0.0, 0.0
2.529153347015381, 0.8872972726821899, 0.530983030796051, 0.5065796375274658, -2.2285685539245605, 0.0, 0.0
2.5390982627868652, 0.8872972726821899, 0.5920177698135376, 0.5075047612190247, -2.5366978645324707, 0.0, 0.0
2.549098491668701, 0.8845946192741394, -0.5690455436706543, 0.5195517539978027, 2.5223844051361084, 0.0, 0.0
2.559095859527588, 0.8872972726821899, 0.0, 0.5143173933029175, 1.3974735736846924, 0.0, 0.0
2.569119930267334, 0.8872972726821899, 0.0, 0.507347047328949, -0.09305107593536377, 0.0, 0.0
2.5790860652923584, 0.8872972726821899, 0.0, 0.5058936476707458, -0.266987144947052, 0.0, 0.0
2.589111328125, 0.8872972726821899, 0.5553574562072754, 0.5054536461830139, -2.6368026733398438, 0.0, 0.0
2.5990872383117676, 0.8872972726821899, 0.5435866713523865, 0.5064094662666321, -2.481976270675659, 0.0, 0.0
2.6090824604034424, 0.8872972726821899, 0.0, 0.5052206516265869, -0.43341946601867676, 0.0, 0.0
2.61907696723938, 0.8845946192741394, -0.5509845614433289, 0.5173900127410889, 2.2924420833587646, 0.0, 0.0
2.6290929317474365, 0.8872972726821899, 0.0, 0.5054699778556824, -0.30177831649780273, 0.0, 0.0
2.6391043663024902, 0.8872972726821899, 0.0, 0.5058637857437134, -0.6623841524124146, 0.0, 0.0
2.649099826812744, 0.8872972726821899, 0.579459011554718, 0.5079140663146973, -2.287949323654175, 0.0, 0.0
2.659113883972168, 0.8845946192741394, -0.5516549348831177, 0.5184981822967529, 2.2389180660247803, 0.0, 0.0
2.66910719871521, 0.8872972726821899, 0.0, 0.5060293078422546, -0.4390166401863098, 0.0, 0.0
2.6791141033172607, 0.8872972726821899, 0.0, 0.5053666234016418, -0.5885369777679443, 0.0, 0.0
2.6891326904296875, 0.8872972726821899, 0.0, 0.5061864256858826, 0.12231948971748352, 0.0, 0.0
2.6991071701049805, 0.8872972726821899, 0.0, 0.5088096261024475, 1.0957932472229004, 0.0, 0.0
2.7090885639190674, 0.8872972726821899, 0.556885302066803, 0.5049318671226501, -3.08687162399292, 0.0, 0.0
2.7190918922424316, 0.8872972726821899, 0.0, 0.506249189376831, 0.24135804176330566, 0.0, 0.0
2.729083776473999, 0.8872972726821899, 0.5871423482894897, 0.505283772945404, -2.832190752029419, 0.0, 0.0
2.7390971183776855, 0.8872972726821899, 0.0, 0.5071249008178711, 0.32422277331352234, 0.0, 0.0
2.7491109371185303, 0.8872972726821899, 0.5518966317176819, 0.5058706998825073, -2.4121129512786865, 0.0, 0.0
2.759084701538086, 0.8872972726821899, 0.0, 0.5054897665977478, -0.1891992837190628, 0.0, 0.0
2.7691402435302734, 0.8872972726821899, 0.5632773637771606, 0.5062403678894043, -2.4478228092193604, 0.0, 0.0
2.7790884971618652, 0.8872972726821899, 0.0, 0.5058631300926208, -0.27116167545318604, 0.0, 0.0
2.7890942096710205, 0.8872972726821899, 0.0, 0.5060218572616577, -0.0286474097520113, 0.0, 0.0
2.7990894317626953, 0.8872972726821899, 0.541690468788147, 0.5076632499694824, -35.52046585083008, 0.0, 0.0
2.8091349601745605, 0.8872972726821899, 0.0, 0.5055124759674072, 0.5403933525085449, 0.0, 0.0
2.8191444873809814, 0.8872972726821899, 0.0, 0.5073565244674683, 0.4136430025100708, 0.0, 0.0
2.8290958404541016, 0.8872972726821899, 0.0, 0.5054048895835876, -0.2678236961364746, 0.0, 0.0
2.8390822410583496, 0.8872972726821899, 0.5804083943367004, 0.5062605738639832, -0.007544949185103178, 0.0, 0.0
2.8490898609161377, 0.8872972726821899, 0.0, 0.5076807737350464, 0.4742952883243561, 0.0, 0.0
2.859083414077759, 0.8872972726821899, 0.0, 0.5059217810630798, -0.031622856855392456, 0.0, 0.0
2.8690855503082275, 0.8872972726821899, 0.0, 0.505650520324707, -0.04689870774745941, 0.0, 0.0
2.8790950775146484, 0.8872972726821899, 0.0, 0.5051363110542297, -0.21487003564834595, 0.0, 0.0
2.889089822769165, 0.8872972726821899, 0.0, 0.5023857355117798, -0.6742526292800903, 0.0, 0.0
2.8990867137908936, 0.8872972726821899, 0.0, 0.5049514770507812, -0.06103568524122238, 0.0, 0.0
2.9090847969055176, 0.8872972726821899, 0.5669679045677185, 0.5052529573440552, -0.20674124360084534, 0.0, 0.0
2.9190847873687744, 0.8872972726821899, 0.0, 0.50547856092453, -0.11355932801961899, 0.0, 0.0
2.9290928840637207, 0.8845946192741394, -0.5628578066825867, 0.506051778793335, 0.03459973260760307, 0.0, 0.0
2.939084529876709, 0.8872972726821899, 0.0, 0.5057793259620667, 0.35271376371383667, 0.0, 0.0
2.949082612991333, 0.8872972726821899, 0.5590825080871582, 0.5056092739105225, -37.48605728149414, 0.0, 0.0
2.9590859413146973, 0.8872972726821899, 0.0, 0.5026041865348816, -0.4503197968006134, 0.0, 0.0
2.969090223312378, 0.8845946192741394, 0.0, 0.6842048764228821, 33.785064697265625, 0.0, 0.0
2.9790873527526855, 0.8872972726821899, 0.0, 0.5028905272483826, 0.3070158362388611, 0.0, 0.0
2.9890949726104736, 0.8872972726821899, 0.5303123593330383, 0.5056391358375549, -35.17341613769531, 0.0, 0.0
2.999096393585205, 0.8845946192741394, 0.0, 0.6806139945983887, 0.2844929099082947, 0.0, 0.0
3.009096384048462, 0.8872972726821899, 0.5440562963485718, 0.5021320581436157, -37.2707405090332, 0.0, 0.0
3.01910662651062, 0.8845946192741394, 0.0, 0.6797220706939697, -1.010194182395935, 0.0, 0.0
3.0290918350219727, 0.8845946192741394, 0.0, 0.6785803437232971, 34.28506851196289, 0.0, 0.0
3.0390965938568115, 0.8845946192741394, -0.5331557393074036, 0.682430624961853, 35.805397033691406, 0.0, 0.0
3.049099922180176, 0.8845946192741394, 0.0, 0.5009647011756897, -0.09125151485204697, 0.0, 0.0
3.059091329574585, 0.8845946192741394, 0.0, 0.5013829469680786, 0.07877290993928909, 0.0, 0.0
3.069089651107788, 0.8845946192741394, 0.0, 0.5009535551071167, 0.11103563755750656, 0.0, 0.0
3.079110622406006, 0.8845946192741394, 0.0, 0.6768890619277954, 36.048927307128906, 0.0, 0.0
3.0891058444976807, 0.8845946192741394, 0.0, 0.5058466196060181, 0.7397557497024536, 0.0, 0.0
3.099097967147827, 0.8845946192741394, 0.0, 0.6805299520492554, 34.392269134521484, 0.0, 0.0
3.109090805053711, 0.8845946192741394, 0.0, 0.6821830868721008, 33.30933380126953, 0.0, 0.0
3.1190848350524902, 0.8845946192741394, -0.5544339418411255, 0.5049830079078674, 0.63104647397995, 0.0, 0.0
3.1290907859802246, 0.8845946192741394, 0.0, 0.5164027214050293, -33.37211990356445, 0.0, 0.0
3.1391000747680664, 0.8845946192741394, 0.0, 0.5167725086212158, -31.71147346496582, 0.0, 0.0
3.149090051651001, 0.8845946192741394, 0.0, 0.501717209815979, -32.8547477722168, 0.0, 0.0
3.1590850353240967, 0.8845946192741394, 0.0, 0.5008031725883484, -36.042179107666016, 0.0, 0.0
3.169105291366577, 0.8845946192741394, 0.0, 0.5058634877204895, -36.5703239440918, 0.0, 0.0
3.179108142852783, 0.8845946192741394, 0.0, 0.6804735660552979, 0.6331987380981445, 0.0, 0.0
3.1891191005706787, 0.8845946192741394, 0.0, 0.6768273115158081, -0.2269303947687149, 0.0, 0.0
3.199101686477661, 0.8845946192741394, 0.0, 0.5002473592758179, -34.23978042602539, 0.0, 0.0
3.209101438522339, 0.8845946192741394, 0.0, 0.5042343735694885, -33.459434509277344, 0.0, 0.0
3.2190864086151123, 0.8845946192741394, 0.0, 0.6785305142402649, 0.08315203338861465, 0.0, 0.0
3.2290871143341064, 0.8845946192741394, 0.0, 0.6794424653053284, 32.216434478759766, 0.0, 0.0
3.2391395568847656, 0.8845946192741394, 0.0, 0.6781238913536072, 0.08997590094804764, 0.0, 0.0
3.249095916748047, 0.8845946192741394, 0.0, 0.6771422028541565, 34.45323181152344, 0.0, 0.0
3.259113311767578, 0.8845946192741394, 0.0, 0.6757910251617432, 31.961496353149414, 0.0, 0.0
3.269089460372925, 0.8845946192741394, 0.0, 0.6765822768211365, -0.30187076330184937, 0.0, 0.0
3.279086112976074, 0.8845946192741394, 0.0, 0.5041748285293579, -0.4092400074005127, 0.0, 0.0
3.2891182899475098, 0.8845946192741394, -0.5311322808265686, 0.5017663836479187, 0.45362144708633423, 0.0, 0.0
3.299084424972534, 0.8845946192741394, 0.0, 0.6770138144493103, -0.4109098017215729, 0.0, 0.0
3.309098720550537, 0.8872972726821899, 0.5523268580436707, 0.5006380677223206, -1.0677827596664429, 0.0, 0.0
3.3191041946411133, 0.8845946192741394, 0.0, 0.5092357993125916, 1.6139116287231445, 0.0, 0.0
3.3290913105010986, 0.8872972726821899, 0.5536757111549377, 0.5009799003601074, -35.85725784301758, 0.0, 0.0
3.3390839099884033, 0.8845946192741394, 0.0, 0.6721987128257751, 34.28668212890625, 0.0, 0.0
3.3491005897521973, 0.8845946192741394, 0.0, 0.683276891708374, 2.4078643321990967, 0.0, 0.0
3.359091281890869, 0.8845946192741394, 0.0, 0.6749178171157837, 0.12254340201616287, 0.0, 0.0
3.3690860271453857, 0.8845946192741394, -0.5177181363105774, 0.5000854730606079, -0.7435091137886047, 0.0, 0.0
3.379103422164917, 0.8845946192741394, 0.0, 0.6723487377166748, 32.38907241821289, 0.0, 0.0
3.389101505279541, 0.8845946192741394, 0.0, 0.6763004660606384, 0.7303289175033569, 0.0, 0.0
3.3990886211395264, 0.8845946192741394, 0.0, 0.5007935166358948, -35.0297737121582, 0.0, 0.0
3.409095525741577, 0.8872972726821899, 0.5401418209075928, 0.5005524158477783, -1.2248729467391968, 0.0, 0.0
3.41910457611084, 0.8845946192741394, 0.0, 0.5117883086204529, 2.228161334991455, 0.0, 0.0
3.4291014671325684, 0.8872972726821899, 0.538269579410553, 0.5017954707145691, -34.195823669433594, 0.0, 0.0
3.4390995502471924, 0.8872972726821899, 0.5466272830963135, 0.5018482208251953, -36.14603042602539, 0.0, 0.0
3.4490950107574463, 0.8845946192741394, 0.0, 0.6741890907287598, 33.73041534423828, 0.0, 0.0
3.4590904712677, 0.8872972726821899, 0.5399617552757263, 0.5026564002037048, -33.699153900146484, 0.0, 0.0
3.469097137451172, 0.8845946192741394, -0.5291736125946045, 0.5067940950393677, 1.170530915260315, 0.0, 0.0
3.4790937900543213, 0.8845946192741394, 0.0, 0.6817139983177185, 0.2148408591747284, 0.0, 0.0
3.4890880584716797, 0.8845946192741394, 0.0, 0.6738662123680115, 35.22355651855469, 0.0, 0.0
3.4990899562835693, 0.8845946192741394, -0.5221055746078491, 0.6758213043212891, 33.682979583740234, 0.0, 0.0
3.509094476699829, 0.8845946192741394, -0.5387300252914429, 0.676552414894104, 34.532100677490234, 0.0, 0.0
3.519089698791504, 0.8845946192741394, 0.0, 0.6798564791679382, -1.364660620689392, 0.0, 0.0
3.529226303100586, 0.8845946192741394, 0.0, 0.49802112579345703, -37.576419830322266, 0.0, 0.0
3.53910231590271, 0.8845946192741394, 0.0, 0.6882020235061646, 0.9033730030059814, 0.0, 0.0
3.5491485595703125, 0.8845946192741394, 0.0, 0.6798593401908875, -1.8709818124771118, 0.0, 0.0
3.559098958969116, 0.8845946192741394, 0.0, 0.6896253228187561, 0.5666834115982056, 0.0, 0.0
3.569086790084839, 0.8845946192741394, 0.0, 0.6913341879844666, 2.375006914138794, 0.0, 0.0
3.5790929794311523, 0.8845946192741394, 0.0, 0.6885493993759155, 1.673231601715088, 0.0, 0.0
3.5890932083129883, 0.8872972726821899, 0.5423902869224548, 0.6829248666763306, -0.48798543214797974, 0.0, 0.0
3.5990962982177734, 0.8845946192741394, 0.0, 0.7013082504272461, 2.563556432723999, 0.0, 0.0
3.6090946197509766, 0.8845946192741394, 0.0, 0.6874405145645142, -0.3121068477630615, 0.0, 0.0
3.619081735610962, 0.8845946192741394, 0.0, 0.6792849898338318, -1.8299262523651123, 0.0, 0.0
3.629091739654541, 0.8845946192741394, 0.0, 0.679732084274292, -0.14545971155166626, 0.0, 0.0
3.639087677001953, 0.8845946192741394, 0.0, 0.685806930065155, 0.3710158169269562, 0.0, 0.0
3.6490979194641113, 0.8845946192741394, -0.5532163977622986, 0.6830184459686279, 1.0021005868911743, 0.0, 0.0
3.6591458320617676, 0.8845946192741394, 0.0, 0.683219850063324, 0.0334598645567894, 0.0, 0.0
3.669097900390625, 0.8845946192741394, 0.0, 0.6874395608901978, 2.688295841217041, 0.0, 0.0
3.679089307785034, 0.8845946192741394, 0.0, 0.6722120642662048, -2.8356924057006836, 0.0, 0.0
3.6890909671783447, 0.8845946192741394, 0.0, 0.6739792227745056, -1.809208869934082, 0.0, 0.0
3.6990978717803955, 0.8845946192741394, 0.0, 0.6745188236236572, -2.1381900310516357, 0.0, 0.0
3.709092140197754, 0.8845946192741394, 0.0, 0.6915045380592346, 3.0928263664245605, 0.0, 0.0
3.719086170196533, 0.8845946192741394, 0.0, 0.6790459156036377, -1.106200098991394, 0.0, 0.0
3.729090452194214, 0.8872972726821899, 0.5612415671348572, 0.6818723082542419, 0.6724859476089478, 0.0, 0.0
3.7391083240509033, 0.8845946192741394, 0.0, 0.6762585639953613, -1.1502515077590942, 0.0, 0.0
3.749102830886841, 0.8845946192741394, 0.0, 0.6769469976425171, 0.20172658562660217, 0.0, 0.0
3.759093999862671, 0.8845946192741394, -0.5464692115783691, 0.6637462377548218, -4.491763114929199, 0.0, 0.0
3.7690868377685547, 0.8845946192741394, 0.0, 0.6963878273963928, 6.1733880043029785, 0.0, 0.0
3.7790963649749756, 0.8845946192741394, 0.0, 0.6735165119171143, -0.5425029397010803, 0.0, 0.0
3.789098024368286, 0.8872972726821899, 0.5471813678741455, 0.6865460872650146, 1.4218677282333374, 0.0, 0.0
3.799086093902588, 0.8845946192741394, 0.0, 0.6824252605438232, -0.08827677369117737, 0.0, 0.0
3.809115171432495, 0.8845946192741394, 0.0, 0.6764177680015564, -3.1895885467529297, 0.0, 0.0
3.8191089630126953, 0.8845946192741394, 0.0, 0.6793346405029297, 0.707911491394043, 0.0, 0.0
3.829085111618042, 0.8845946192741394, 0.0, 0.6761213541030884, 1.1557420492172241, 0.0, 0.0
3.839106559753418, 0.8845946192741394, 0.0, 0.495983749628067, -37.159141540527344, 0.0, 0.0
3.8490912914276123, 0.8845946192741394, 0.0, 0.6766756176948547, 0.6687296032905579, 0.0, 0.0
3.859084129333496, 0.8845946192741394, 0.0, 0.676935613155365, -0.7476589679718018, 0.0, 0.0
3.8690810203552246, 0.8845946192741394, 0.0, 0.6818130612373352, -2.6035821437835693, 0.0, 0.0
3.879091501235962, 0.8845946192741394, 0.0, 0.6736974120140076, -3.2356698513031006, 0.0, 0.0
3.889085292816162, 0.8845946192741394, 0.0, 0.6665055155754089, -1.4407888650894165, 0.0, 0.0
3.8991336822509766, 0.8872972726821899, 0.5652716159820557, 0.6675319671630859, 0.21468108892440796, 0.0, 0.0
3.9091134071350098, 0.8845946192741394, 0.0, 0.4981571137905121, -0.47902339696884155, 0.0, 0.0
3.9190988540649414, 0.8872972726821899, 0.5777167081832886, 0.4993726909160614, 0.1617993265390396, 0.0, 0.0
3.929145574569702, 0.8872972726821899, 0.5549768209457397, 0.6665542125701904, 0.25578543543815613, 0.0, 0.0
3.9390907287597656, 0.8845946192741394, -0.5557658672332764, 0.49954143166542053, 0.06546184420585632, 0.0, 0.0
3.9490954875946045, 0.8845946192741394, 0.0, 0.49845340847969055, -0.5752715468406677, 0.0, 0.0
3.959089517593384, 0.8872972726821899, 0.49962347745895386, 0.49921441078186035, -0.1550513058900833, 0.0, 0.0
3.9691009521484375, 0.8845946192741394, -0.561575174331665, 0.5006056427955627, 0.2890774607658386, 0.0, 0.0
3.97908878326416, 0.8845946192741394, 0.0, 0.4993087351322174, 0.3568848967552185, 0.0, 0.0
3.9890968799591064, 0.8872972726821899, 0.0, 0.4996277689933777, 0.2972222566604614, 0.0, 0.0
3.9990904331207275, 0.8845946192741394, 0.0, 0.4991331696510315, 0.5026609897613525, 0.0, 0.0
4.009095668792725, 0.8872972726821899, 0.0, 0.5010454058647156, -27.934417724609375, 0.0, 0.0
4.019100904464722, 0.8872972726821899, 0.0, 0.5000141263008118, -0.01509600318968296, 0.0, 0.0
4.029084920883179, 0.8872972726821899, 0.0, 0.5022375583648682, 0.26949355006217957, 0.0, 0.0
4.039089202880859, 0.8845946192741394, -0.4315664768218994, 0.4982646405696869, -0.2578800618648529, 0.0, 0.0
4.049097299575806, 0.8872972726821899, 0.0, 0.49878227710723877, -0.38026678562164307, 0.0, 0.0
4.0590949058532715, 0.8872972726821899, 0.0, 0.49935925006866455, 0.07443041354417801, 0.0, 0.0
4.06908917427063, 0.8872972726821899, 0.0, 0.6623771786689758, 0.6348447203636169, 0.0, 0.0
4.0790979862213135, 0.8845946192741394, -0.525347888469696, 0.499478280544281, 0.07545096427202225, 0.0, 0.0
4.089099407196045, 0.8872972726821899, 0.5334066152572632, 0.5004774928092957, -0.22988569736480713, 0.0, 0.0
4.099094867706299, 0.8845946192741394, 0.0, 0.4996935725212097, -35.194786071777344, 0.0, 0.0
4.109089374542236, 0.8845946192741394, -0.5004837512969971, 0.4992963969707489, -30.750484466552734, 0.0, 0.0
4.119179010391235, 0.8872972726821899, 0.0, 0.4968715012073517, -0.5490688681602478, 0.0, 0.0
4.129110097885132, 0.8872972726821899, 0.0, 0.49711501598358154, -0.9586593508720398, 0.0, 0.0
4.139099359512329, 0.8872972726821899, 0.0, 0.49975907802581787, 0.5143271684646606, 0.0, 0.0
4.149091958999634, 0.8872972726821899, 0.0, 0.498505175113678, -0.15326310694217682, 0.0, 0.0
4.1590964794158936, 0.8872972726821899, 0.555738627910614, 0.4951711595058441, -0.3827432096004486, 0.0, 0.0
4.169098615646362, 0.8872972726821899, 0.0, 0.4986966848373413, -0.12177757918834686, 0.0, 0.0
4.179092884063721, 0.8872972726821899, 0.5300396084785461, 0.49749377369880676, -34.36474609375, 0.0, 0.0
4.189089298248291, 0.8872972726821899, 0.0, 0.49410003423690796, -0.5574321150779724, 0.0, 0.0
4.199089527130127, 0.8845946192741394, -0.5429878234863281, 0.6757779121398926, 36.01403045654297, 0.0, 0.0
4.2090888023376465, 0.8872972726821899, 0.0, 0.49742400646209717, 0.2354687601327896, 0.0, 0.0
4.219156265258789, 0.8872972726821899, 0.0, 0.4984888732433319, 0.7467857003211975, 0.0, 0.0
4.229101896286011, 0.8872972726821899, 0.0, 0.497311532497406, -0.10565663874149323, 0.0, 0.0
4.239086151123047, 0.8845946192741394, -0.46278655529022217, 0.4961737394332886, -0.5728709101676941, 0.0, 0.0
4.249095439910889, 0.8872972726821899, 0.0, 0.5002006888389587, 0.5769101977348328, 0.0, 0.0
4.259093523025513, 0.8872972726821899, 0.0, 0.4998566806316376, 0.05800860747694969, 0.0, 0.0
4.269099712371826, 0.8872972726821899, 0.0, 0.4983192980289459, -0.08866515010595322, 0.0, 0.0
4.279087066650391, 0.8872972726821899, 0.0, 0.4993652105331421, 0.19529175758361816, 0.0, 0.0
4.289096355438232, 0.8872972726821899, 0.0, 0.497017502784729, -0.42046406865119934, 0.0, 0.0
4.299088001251221, 0.8872972726821899, 0.0, 0.49906960129737854, 0.17950423061847687, 0.0, 0.0
4.309080362319946, 0.8872972726821899, 0.0, 0.49889513850212097, 0.6206488013267517, 0.0, 0.0
4.319089412689209, 0.8872972726821899, 0.0, 0.49970123171806335, 0.9329807758331299, 0.0, 0.0
4.329087495803833, 0.8872972726821899, 0.0, 0.49836674332618713, 0.024712521582841873, 0.0, 0.0
4.339092016220093, 0.8872972726821899, 0.0, 0.497431218624115, -0.23110032081604004, 0.0, 0.0
4.349084854125977, 0.8872972726821899, 0.0, 0.4978601336479187, 0.8981603980064392, 0.0, 0.0
4.359088659286499, 0.8872972726821899, 0.0, 0.49650058150291443, 0.4032805263996124, 0.0, 0.0
4.369107007980347, 0.8872972726821899, 0.0, 0.497219055891037, -0.20600666105747223, 0.0, 0.0
4.379107713699341, 0.8872972726821899, 0.5715416073799133, 0.6700496673583984, -0.6067681312561035, 0.0, 0.0
4.389098644256592, 0.8872972726821899, 0.0, 0.49545401334762573, -0.36672335863113403, 0.0, 0.0
4.39909815788269, 0.8872972726821899, 0.0, 0.49760618805885315, 0.25993916392326355, 0.0, 0.0
4.409094333648682, 0.8872972726821899, 0.0, 0.49673449993133545, -0.08639470487833023, 0.0, 0.0
4.419108629226685, 0.8872972726821899, 0.0, 0.49937018752098083, 1.0094175338745117, 0.0, 0.0
4.429079532623291, 0.8872972726821899, 0.0, 0.49662837386131287, 0.28912508487701416, 0.0, 0.0
4.4391396045684814, 0.8872972726821899, 0.0, 0.49506837129592896, -0.31504178047180176, 0.0, 0.0
4.449103593826294, 0.8872972726821899, 0.0, 0.4938291609287262, -0.48749956488609314, 0.0, 0.0
4.459097146987915, 0.8872972726821899, 0.0, 0.4980895519256592, 0.38865146040916443, 0.0, 0.0
4.469109058380127, 0.8872972726821899, 0.5595516562461853, 0.4965837597846985, 0.17035147547721863, 0.0, 0.0
4.479114055633545, 0.8872972726821899, 0.0, 0.4972371459007263, -0.25045689940452576, 0.0, 0.0
4.489097356796265, 0.8872972726821899, 0.0, 0.49414512515068054, -0.7123163938522339, 0.0, 0.0
4.499098539352417, 0.8872972726821899, 0.0, 0.497563898563385, -0.10827144980430603, 0.0, 0.0
4.509108304977417, 0.8872972726821899, 0.0, 0.4990394413471222, 0.6943184733390808, 0.0, 0.0
4.519099473953247, 0.8872972726821899, 0.0, 0.6650915741920471, 33.71703338623047, 0.0, 0.0
4.5291125774383545, 0.8872972726821899, 0.0, 0.4952980577945709, -0.45394691824913025, 0.0, 0.0
4.539096355438232, 0.8845946192741394, -0.5561203360557556, 0.4961565136909485, -0.2932840585708618, 0.0, 0.0
4.549087762832642, 0.8872972726821899, 0.0, 0.49782267212867737, -33.266971588134766, 0.0, 0.0
4.559101819992065, 0.8872972726821899, 0.0, 0.4965723156929016, -0.7793494462966919, 0.0, 0.0
4.56914210319519, 0.8872972726821899, 0.536359429359436, 0.4963836073875427, -33.63301086425781, 0.0, 0.0
4.579134225845337, 0.8872972726821899, 0.0, 0.4952879250049591, -0.35681790113449097, 0.0, 0.0
4.589108228683472, 0.8845946192741394, -0.5222739577293396, 0.4953687787055969, -0.5039628148078918, 0.0, 0.0
4.599119663238525, 0.8872972726821899, 0.5936298966407776, 0.4980674684047699, -37.108863830566406, 0.0, 0.0
4.609106540679932, 0.8845946192741394, -0.48058152198791504, 0.495721697807312, 0.3022080063819885, 0.0, 0.0
4.619123697280884, 0.8872972726821899, 0.0, 0.4961419105529785, 0.18234430253505707, 0.0, 0.0
4.629093647003174, 0.8872972726821899, 0.0, 0.4971008002758026, -0.33735790848731995, 0.0, 0.0
4.6391026973724365, 0.8845946192741394, -0.5189030766487122, 0.6663596034049988, 33.08213424682617, 0.0, 0.0
4.649087905883789, 0.8845946192741394, -0.530983030796051, 0.6521310806274414, 30.2691593170166, 0.0, 0.0
4.659100770950317, 0.8872972726821899, 0.0, 0.4920884072780609, -1.0023797750473022, 0.0, 0.0
4.6691107749938965, 0.8872972726821899, 0.0, 0.4979589283466339, 1.2353215217590332, 0.0, 0.0
4.679108381271362, 0.8872972726821899, 0.0, 0.49910396337509155, 0.2007600963115692, 0.0, 0.0
4.6890928745269775, 0.8872972726821899, 0.0, 0.4967828392982483, -0.19401425123214722, 0.0, 0.0
4.6990966796875, 0.8845946192741394, -0.5116658210754395, 0.49928343296051025, 0.15380607545375824, 0.0, 0.0
4.709090232849121, 0.8845946192741394, 0.0, 0.4983409643173218, -0.17970773577690125, 0.0, 0.0
4.719119548797607, 0.8845946192741394, -0.5334818959236145, 0.6579058170318604, 0.6223725080490112, 0.0, 0.0
4.729116201400757, 0.8872972726821899, 0.0, 0.4974111020565033, -31.75556182861328, 0.0, 0.0
4.739097356796265, 0.8845946192741394, 0.0, 0.6672143936157227, 2.469668388366699, 0.0, 0.0
4.749106407165527, 0.8872972726821899, 0.5588619709014893, 0.49279341101646423, -32.942813873291016, 0.0, 0.0
4.759109735488892, 0.8845946192741394, -0.4306974411010742, 0.49731123447418213, 0.719951331615448, 0.0, 0.0
4.769113063812256, 0.8872972726821899, 0.0, 0.5001443028450012, 0.044089995324611664, 0.0, 0.0
4.7791078090667725, 0.8845946192741394, -0.4746653139591217, 0.6507970094680786, 0.11453790217638016, 0.0, 0.0
4.789111852645874, 0.8872972726821899, 0.0, 0.4965096116065979, 0.8136881589889526, 0.0, 0.0
4.799103736877441, 0.8845946192741394, -0.5501289367675781, 0.6577412486076355, 32.458858489990234, 0.0, 0.0
4.80909276008606, 0.8872972726821899, 0.0, 0.6507562398910522, 26.779706954956055, 0.0, 0.0
4.8191142082214355, 0.8845946192741394, 0.0, 0.6522623300552368, 0.13784660398960114, 0.0, 0.0
4.829116582870483, 0.8872972726821899, 0.4426206350326538, 0.4910358190536499, -26.404003143310547, 0.0, 0.0
4.839109182357788, 0.8845946192741394, 0.0, 0.6638471484184265, 2.345947027206421, 0.0, 0.0
4.849142074584961, 0.8845946192741394, 0.0, 0.6539341807365417, -1.0536067485809326, 0.0, 0.0
4.859131574630737, 0.8845946192741394, 0.0, 0.6477195024490356, -0.27144384384155273, 0.0, 0.0
4.86911940574646, 0.8845946192741394, 0.0, 0.6534230709075928, 1.6229960918426514, 0.0, 0.0
4.8790974617004395, 0.8845946192741394, 0.0, 0.654991626739502, -0.34079235792160034, 0.0, 0.0
4.889086008071899, 0.8845946192741394, -0.43700680136680603, 0.6550387740135193, 25.876222610473633, 0.0, 0.0
4.899085760116577, 0.8845946192741394, 0.0, 0.6439641714096069, -2.3702731132507324, 0.0, 0.0
