4.76837158203125e-06, 0.0, 0.0, 0.0, 0.0, 0.0, 0.0
9.465217590332031e-05, 0.0, 0.0, 0.0, 0.0, 0.0, 0.0
0.004975318908691406, 0.0, 0.0, 0.0, 0.0, 0.0, 0.0
0.015004634857177734, 0.0, 0.0, 0.0, 0.0, 0.0, 0.0
0.0249788761138916, 0.0, 0.0, 0.0, 0.0, 0.0, 0.0
0.03497123718261719, 0.0, 0.0, 0.0, 0.0, 0.0, 0.0
0.04497814178466797, 0.0, 0.0, 0.0, 0.0, 0.0, 0.0
0.05499553680419922, 0.0, 0.0, 0.0, 0.0, 0.0, 0.0
0.06505298614501953, 0.0, 0.0, 0.0, 0.0, 0.0, 0.0
0.07507920265197754, 0.0, 0.0, 0.0, 0.0, 0.0, 0.0
0.0850977897644043, 0.0, 0.0, 0.0, 0.0, 0.0, 0.0
0.09511852264404297, 0.0, 0.0, 0.0, 0.0, 0.0, 0.0
0.10510468482971191, 0.0, 0.0, 0.0, 0.0, 0.0, 0.0
0.11509871482849121, 0.0, 0.0, 0.0, 0.0, 0.0, 0.0
0.12509608268737793, 0.0, 0.0, 0.0, 0.0, 0.0, 0.0
0.13511109352111816, 0.0, 0.0, 0.0, 0.0, 0.0, 0.0
0.14512372016906738, 0.0, 0.0, 0.0, 0.0, 0.0, 0.0
0.15506887435913086, 0.0, 0.0, 0.0, 0.0, 0.0, 0.0
0.16510367393493652, 0.0, 0.0, 0.0, 0.0, 0.0, 0.0
0.17505669593811035, 0.0, 0.0, 0.0, 0.0, 0.0, 0.0
0.18499088287353516, 0.0, 0.0, 0.0, 0.0, 0.0, 0.0
0.19495320320129395, 0.0, 0.0, 0.0, 0.0, 0.0, 0.0
0.20498108863830566, 0.0, 0.0, 0.0, 0.0, 0.0, 0.0
0.21494579315185547, 0.0, 0.0, 0.0, 0.0, 0.0, 0.0
0.2249917984008789, 0.0, 0.0, 0.0, 0.0, 0.0, 0.0
0.23500537872314453, 0.0, 0.0, 0.0, 0.0, 0.0, 0.0
0.24518108367919922, 0.0, 0.0, 0.0, 0.0, 0.0, 0.0
0.255054235458374, 0.0, 0.0, 0.0, 0.0, 0.0, 0.0
0.26502251625061035, 0.0, 0.0, 0.0, 0.0, 0.0, 0.0
0.27500462532043457, 0.0, 0.0, 0.0, 0.0, 0.0, 0.0
0.28497838973999023, 0.0, 0.0, 0.0, 0.0, 0.0, 0.0
0.2949669361114502, 0.0, 0.0, 0.0, 0.0, 0.0, 0.0
0.30499982833862305, 0.0, 0.0, 0.0, 0.0, 0.0, 0.0
0.3150022029876709, 0.0, 0.0, 0.0, 0.0, 0.0, 0.0
0.3250272274017334, 0.0, 0.0, 0.0, 0.0, 0.0, 0.0
0.3350644111633301, 0.0, 0.0, 0.0, 0.0, 0.0, 0.0
0.345104455947876, 0.0, 0.0, 0.0, 0.0, 0.0, 0.0
0.35509467124938965, 0.0, 0.0, 0.0, 0.0, 0.0, 0.0
0.36504554748535156, 0.0, 0.0, 0.0, 0.0, 0.0, 0.0
0.3750650882720947, 0.0, 0.0, 0.0, 0.0, 0.0, 0.0
0.3851184844970703, 0.0, 0.0, 0.0, 0.0, 0.0, 0.0
0.3950681686401367, 0.0, 0.0, 0.0, 0.0, 0.0, 0.0
0.4051637649536133, 0.0, 0.0, 0.0, 0.0, 0.0, 0.0
0.4150574207305908, 0.0, 0.0, 0.0, 0.0, 0.0, 0.0
0.42500758171081543, 0.0, 0.0, 0.0, 0.0, 0.0, 0.0
0.4349665641784668, 0.0, 0.0, 0.0, 0.0, 0.0, 0.0
0.4450256824493408, 0.0, 0.0, 0.0, 0.0, 0.0, 0.0
0.45504212379455566, 0.0, 0.0, 0.0, 0.0, 0.0, 0.0
0.46500301361083984, 0.0, 0.0, 0.0, 0.0, 0.0, 0.0
0.4750502109527588, 0.0, 0.0, 0.0, 0.0, 0.0, 0.0
0.48497533798217773, 0.0, 0.0, 0.0, 0.0, 0.0, 0.0
0.4950242042541504, 0.0, 0.0, 0.0, 0.0, 0.0, 0.0
0.5050139427185059, 0.0, 0.0, 0.0, 0.0, 0.0, 0.0
0.5149834156036377, 0.0, 0.0, 0.0, 0.0, 0.0, 0.0
0.5249829292297363, 0.0, 0.0, 0.0, 0.0, 0.0, 0.0
0.5349907875061035, 0.0, 0.0, 0.0, 0.0, 0.0, 0.0
0.5449879169464111, 0.0, 0.0, 0.0, 0.0, 0.0, 0.0
0.5550284385681152, 0.0, 0.0, 0.0, 0.0, 0.0, 0.0
0.5649869441986084, 0.0, 0.0, 0.0, 0.0, 0.0, 0.0
0.5749680995941162, 0.0, 0.0, 0.0, 0.0, 0.0, 0.0
0.584965705871582, 0.0, 0.0, 0.0, 0.0, 0.0, 0.0
0.5949757099151611, 0.0, 0.0, 0.0, 0.0, 0.0, 0.0
0.6049895286560059, 0.0, 0.0, 0.0, 0.0, 0.0, 0.0
0.6151716709136963, 0.0, 0.0, 0.0, 0.0, 0.0, 0.0
0.6250045299530029, 0.0, 0.0, 0.0, 0.0, 0.0, 0.0
0.6350142955780029, 0.0, 0.0, 0.0, 0.0, 0.0, 0.0
0.6450438499450684, 0.0, 0.0, 0.0, 0.0, 0.0, 0.0
0.6550369262695312, 0.0, 0.0, 0.0, 0.0, 0.0, 0.0
0.6650474071502686, 0.0, 0.0, 0.0, 0.0, 0.0, 0.0
0.6750426292419434, 0.0, 0.0, 0.0, 0.0, 0.0, 0.0
0.6850926876068115, 0.0, 0.0, 0.0, 0.0, 0.0, 0.0
0.6950445175170898, 0.0, 0.0, 0.0, 0.0, 0.0, 0.0
0.705085039138794, 0.0, 0.0, 0.0, 0.0, 0.0, 0.0
0.7150547504425049, 0.0, 0.0, 0.0, 0.0, 0.0, 0.0
0.7250173091888428, 0.0, 0.0, 0.0, 0.0, 0.0, 0.0
0.7350184917449951, 0.0, 0.0, 0.0, 0.0, 0.0, 0.0
0.7450172901153564, 0.0, 0.0, 0.0, 0.0, 0.0, 0.0
0.7550232410430908, 0.0, 0.0, 0.0, 0.0, 0.0, 0.0
0.7650635242462158, 0.0, 0.0, 0.0, 0.0, 0.0, 0.0
0.7750575542449951, 0.0, 0.0, 0.0, 0.0, 0.0, 0.0
0.7850182056427002, 0.0, 0.0, 0.0, 0.0, 0.0, 0.0
0.7950232028961182, 0.0, 0.0, 0.0, 0.0, 0.0, 0.0
0.8050122261047363, 0.0, 0.0, 0.0, 0.0, 0.0, 0.0
0.8150506019592285, 0.0, 0.0, 0.0, 0.0, 0.0, 0.0
0.8250179290771484, 0.0, 0.0, 0.0, 0.0, 0.0, 0.0
0.835029125213623, 0.0, 0.0, 0.0, 0.0, 0.0, 0.0
0.8450524806976318, 0.0, 0.0, 0.0, 0.0, 0.0, 0.0
0.8550832271575928, 0.0, 0.0, 0.0, 0.0, 0.0, 0.0
0.8650712966918945, 0.0, 0.0, 0.0, 0.0, 0.0, 0.0
0.875084638595581, 0.0, 0.0, 0.0, 0.0, 0.0, 0.0
0.8850517272949219, 0.0, 0.0, 0.0, 0.0, 0.0, 0.0
0.895026445388794, 0.0, 0.0, 0.0, 0.0, 0.0, 0.0
0.9050383567810059, 0.0, 0.0, 0.0, 0.0, 0.0, 0.0
0.9150485992431641, 0.0, 0.0, 0.0, 0.0, 0.0, 0.0
0.9250283241271973, 0.0, 0.0, 0.0, 0.0, 0.0, 0.0
0.9350759983062744, 0.0, 0.0, 0.0, 0.0, 0.0, 0.0
0.9451215267181396, 0.0, 0.0, 0.0, 0.0, 0.0, 0.0
0.9550659656524658, 0.0, 0.0, 0.0, 0.0, 0.0, 0.0
0.9650781154632568, 0.0, 0.0, 0.0, 0.0, 0.0, 0.0
0.975083589553833, 0.0, 0.0, 0.0, 0.0, 0.0, 0.0
0.9851090908050537, 0.0, 0.0, 0.0, 0.0, 0.0, 0.0
0.9950807094573975, 0.0, 0.0, 0.0, 0.0, 0.0, 0.0
1.0050694942474365, 0.0, 0.0, 0.0, 0.0, 0.0, 0.0
1.015089511871338, 0.0, 0.0, 0.0, 0.0, 0.0, 0.0
1.0250868797302246, 0.0, 0.0, 0.0, 0.0, 0.0, 0.0
1.0350887775421143, 0.0, 0.0, 0.0, 0.0, 0.0, 0.0
1.0451059341430664, 0.0, 0.0, 0.0, 0.0, 0.0, 0.0
1.0551536083221436, 0.0, 0.0, 0.0, 0.0, 0.0, 0.0
1.065077543258667, 0.0, 0.0, 0.0, 0.0, 0.0, 0.0
1.0750739574432373, 0.0, 0.0, 0.0, 0.0, 0.0, 0.0
1.0851025581359863, 0.0, 0.0, 0.0, 0.0, 0.0, 0.0
1.0950536727905273, 0.0, 0.0, 0.0, 0.0, 0.0, 0.0
1.1050503253936768, 0.0, 0.0, 0.0, 0.0, 0.0, 0.0
1.115037202835083, 0.0, 0.0, 0.0, 0.0, 0.0, 0.0
1.1250288486480713, 0.0, 0.0, 0.0, 0.0, 0.0, 0.0
1.1350312232971191, 0.0, 0.0, 0.0, 0.0, 0.0, 0.0
1.1450824737548828, 0.0, 0.0, 0.0, 0.0, 0.0, 0.0
1.1550424098968506, 0.0, 0.0, 0.0, 0.0, 0.0, 0.0
1.1651337146759033, 0.0, 0.0, 0.0, 0.0, 0.0, 0.0
1.175083875656128, 0.0, 0.0, 0.0, 0.0, 0.0, 0.0
1.1850862503051758, 0.0, 0.0, 0.0, 0.0, 0.0, 0.0
1.1950998306274414, 0.0, 0.0, 0.0, 0.0, 0.0, 0.0
1.2050695419311523, 0.0, 0.0, 0.0, 0.0, 0.0, 0.0
1.2150673866271973, 0.0, 0.0, 0.0, 0.0, 0.0, 0.0
1.2250206470489502, 0.0, 0.0, 0.0, 0.0, 0.0, 0.0
1.2350080013275146, 0.0, 0.0, 0.0, 0.0, 0.0, 0.0
1.2450001239776611, 0.0, 0.0, 0.0, 0.0, 0.0, 0.0
1.2549676895141602, 0.0, 0.0, 0.0, 0.0, 0.0, 0.0
1.2649476528167725, 0.0, 0.0, 0.0, 0.0, 0.0, 0.0
1.2749357223510742, 0.0, 0.0, 0.0, 0.0, 0.0, 0.0
1.2849347591400146, 0.0, 0.0, 0.0, 0.0, 0.0, 0.0
1.2949419021606445, 0.0, 0.0, 0.0, 0.0, 0.0, 0.0
1.3049309253692627, 0.0, 0.0, 0.0, 0.0, 0.0, 0.0
1.3149731159210205, 0.0, 0.0, 0.0, 0.0, 0.0, 0.0
1.3249802589416504, 0.0, 0.0, 0.0, 0.0, 0.0, 0.0
1.3349764347076416, 0.0, 0.0, 0.0, 0.0, 0.0, 0.0
1.345003604888916, 0.0, 0.0, 0.0, 0.0, 0.0, 0.0
1.354968547821045, 0.0, 0.0, 0.0, 0.0, 0.0, 0.0
1.3649659156799316, 0.0, 0.0, 0.0, 0.0, 0.0, 0.0
1.3749518394470215, 0.0, 0.0, 0.0, 0.0, 0.0, 0.0
1.3849565982818604, 0.0, 0.0, 0.0, 0.0, 0.0, 0.0
1.3949337005615234, 0.0, 0.0, 0.0, 0.0, 0.0, 0.0
1.4049320220947266, 0.0, 0.0, 0.0, 0.0, 0.0, 0.0
1.4149363040924072, 0.0, 0.0, 0.0, 0.0, 0.0, 0.0
1.4249367713928223, 0.0, 0.0, 0.0, 0.0, 0.0, 0.0
1.434957504272461, 0.0, 0.0, 0.0, 0.0, 0.0, 0.0
1.4449570178985596, 0.0, 0.0, 0.0, 0.0, 0.0, 0.0
1.4549565315246582, 0.0, 0.0, 0.0, 0.0, 0.0, 0.0
1.4649903774261475, 0.0, 0.0, 0.0, 0.0, 0.0, 0.0
1.474951982498169, 0.0, 0.0, 0.0, 0.0, 0.0, 0.0
1.4849495887756348, 0.0, 0.0, 0.0, 0.0, 0.0, 0.0
1.4949672222137451, 0.0, 0.0, 0.0, 0.0, 0.0, 0.0
1.504969835281372, 0.0, 0.0, 0.0, 0.0, 0.0, 0.0
1.5149943828582764, 0.0, 0.0, 0.0, 0.0, 0.0, 0.0
1.52500319480896, 0.0, 0.0, 0.0, 0.0, 0.0, 0.0
1.5349667072296143, 0.0, 0.0, 0.0, 0.0, 0.0, 0.0
1.5449950695037842, 0.0, 0.0, 0.0, 0.0, 0.0, 0.0
1.554976224899292, 0.0, 0.0, 0.0, 0.0, 0.0, 0.0
1.5649735927581787, 0.0, 0.0, 0.0, 0.0, 0.0, 0.0
1.5749640464782715, 0.0, 0.0, 0.0, 0.0, 0.0, 0.0
1.5849664211273193, 0.0, 0.0, 0.0, 0.0, 0.0, 0.0
1.5949687957763672, 0.0, 0.0, 0.0, 0.0, 0.0, 0.0
1.605058193206787, 0.0, 0.0, 0.0, 0.0, 0.0, 0.0
1.6149852275848389, 0.0, 0.0, 0.0, 0.0, 0.0, 0.0
1.6249496936798096, 0.0, 0.0, 0.0, 0.0, 0.0, 0.0
1.6349616050720215, 0.0, 0.0, 0.0, 0.0, 0.0, 0.0
1.6449687480926514, 0.0, 0.0, 0.0, 0.0, 0.0, 0.0
1.6549763679504395, 0.0, 0.0, 0.0, 0.0, 0.0, 0.0
1.6649773120880127, 0.0, 0.0, 0.0, 0.0, 0.0, 0.0
1.6749508380889893, 0.0, 0.0, 0.0, 0.0, 0.0, 0.0
1.6849579811096191, 0.0, 0.0, 0.0, 0.0, 0.0, 0.0
1.6949658393859863, 0.0, 0.0, 0.0, 0.0, 0.0, 0.0
1.7049829959869385, 0.0, 0.0, 0.0, 0.0, 0.0, 0.0
1.714966058731079, 0.0, 0.0, 0.0, 0.0, 0.0, 0.0
1.724961757659912, 0.0, 0.0, 0.0, 0.0, 0.0, 0.0
1.7349629402160645, 0.0, 0.0, 0.0, 0.0, 0.0, 0.0
1.7449641227722168, 0.0, 0.0, 0.0, 0.0, 0.0, 0.0
1.754960298538208, 0.0, 0.0, 0.0, 0.0, 0.0, 0.0
1.764979600906372, 0.0, 0.0, 0.0, 0.0, 0.0, 0.0
1.7749645709991455, 0.0, 0.0, 0.0, 0.0, 0.0, 0.0
1.7849600315093994, 0.0, 0.0, 0.0, 0.0, 0.0, 0.0
1.794966220855713, 0.0, 0.0, 0.0, 0.0, 0.0, 0.0
1.8049712181091309, 0.0, 0.0, 0.0, 0.0, 0.0, 0.0
1.814955234527588, 0.0, 0.0, 0.0, 0.0, 0.0, 0.0
1.8250341415405273, 0.0, 0.0, 0.0, 0.0, 0.0, 0.0
1.834949254989624, 0.0, 0.0, 0.0, 0.0, 0.0, 0.0
1.844970941543579, 0.0, 0.0, 0.0, 0.0, 0.0, 0.0
1.8549797534942627, 0.0, 0.0, 0.0, 0.0, 0.0, 0.0
1.8649654388427734, 0.0, 0.0, 0.0, 0.0, 0.0, 0.0
1.8749639987945557, 0.0, 0.0, 0.0, 0.0, 0.0, 0.0
1.8849587440490723, 0.0, 0.0, 0.0, 0.0, 0.0, 0.0
1.8949482440948486, 0.0, 0.0, 0.0, 0.0, 0.0, 0.0
1.904961347579956, 0.0, 0.0, 0.0, 0.0, 0.0, 0.0
1.9149501323699951, 0.0, 0.0, 0.0, 0.0, 0.0, 0.0
1.9249670505523682, 0.0, 0.0, 0.0, 0.0, 0.0, 0.0
1.9349660873413086, 0.0, 0.0, 0.0, 0.0, 0.0, 0.0
1.9449572563171387, 0.0, 0.0, 0.0, 0.0, 0.0, 0.0
1.9549505710601807, 0.0, 0.0, 0.0, 0.0, 0.0, 0.0
1.964949131011963, 0.0, 0.0, 0.0, 0.0, 0.0, 0.0
1.9749631881713867, 0.0, 0.0, 0.0, 0.0, 0.0, 0.0
1.9849565029144287, 0.0, 0.0, 0.0, 0.0, 0.0, 0.0
1.9949593544006348, 0.0, 0.0, 0.0, 0.0, 0.0, 0.0
2.004962205886841, 0.0, 0.0, 0.0, 0.0, 0.0, 0.0
2.0149717330932617, 0.0, 0.0, 0.0, 0.0, 0.0, 0.0
2.024965524673462, 0.0, 0.0, 0.0, 0.0, 0.0, 0.0
2.0349550247192383, 0.0, 0.0, 0.0, 0.0, 0.0, 0.0
2.044959545135498, 0.0, 0.0, 0.0, 0.0, 0.0, 0.0
2.054983139038086, 0.0, 0.0, 0.0, 0.0, 0.0, 0.0
2.0649547576904297, 0.0, 0.0, 0.0, 0.0, 0.0, 0.0
2.0749659538269043, 0.0, 0.0, 0.0, 0.0, 0.0, 0.0
2.0849609375, 0.0, 0.0, 0.0, 0.0, 0.0, 0.0
2.0949535369873047, 0.0, 0.0, 0.0, 0.0, 0.0, 0.0
2.1049623489379883, 0.0, 0.0, 0.0, 0.0, 0.0, 0.0
2.1149604320526123, 0.0, 0.0, 0.0, 0.0, 0.0, 0.0
2.124969959259033, 0.0, 0.0, 0.0, 0.0, 0.0, 0.0
2.134953260421753, 0.0, 0.0, 0.0, 0.0, 0.0, 0.0
2.144958972930908, 0.0, 0.0, 0.0, 0.0, 0.0, 0.0
2.1549530029296875, 0.0, 0.0, 0.0, 0.0, 0.0, 0.0
2.164975643157959, 0.0, 0.0, 0.0, 0.0, 0.0, 0.0
2.1749801635742188, 0.0, 0.0, 0.0, 0.0, 0.0, 0.0
2.1849541664123535, 0.0, 0.0, 0.0, 0.0, 0.0, 0.0
2.1949586868286133, 0.0, 0.0, 0.0, 0.0, 0.0, 0.0
2.2049691677093506, 0.0, 0.0, 0.0, 0.0, 0.0, 0.0
2.2149994373321533, 0.0, 0.0, 0.0, 0.0, 0.0, 0.0
2.2249512672424316, 0.0, 0.0, 0.0, 0.0, 0.0, 0.0
2.2349557876586914, 0.0, 0.0, 0.0, 0.0, 0.0, 0.0
2.2449612617492676, 0.0, 0.0, 0.0, 0.0, 0.0, 0.0
2.254971981048584, 0.0, 0.0, 0.0, 0.0, 0.0, 0.0
2.264963150024414, 0.0, 0.0, 0.0, 0.0, 0.0, 0.0
2.274968385696411, 0.0, 0.0, 0.0, 0.0, 0.0, 0.0
2.2849645614624023, 0.0, 0.0, 0.0, 0.0, 0.0, 0.0
2.29496693611145, 0.0, 0.0, 0.0, 0.0, 0.0, 0.0
2.3050954341888428, 0.0, 0.0, 0.0, 0.0, 0.0, 0.0
2.314964532852173, 0.0, 0.0, 0.0, 0.0, 0.0, 0.0
2.3249659538269043, 0.0, 0.0, 0.0, 0.0, 0.0, 0.0
2.3349621295928955, 0.0, 0.0, 0.0, 0.0, 0.0, 0.0
2.3449764251708984, 0.0, 0.0, 0.0, 0.0, 0.0, 0.0
2.3549671173095703, 0.0, 0.0, 0.0, 0.0, 0.0, 0.0
2.3649635314941406, 0.0, 0.0, 0.0, 0.0, 0.0, 0.0
2.3749759197235107, 0.0, 0.0, 0.0, 0.0, 0.0, 0.0
2.3849618434906006, 0.0, 0.0, 0.0, 0.0, 0.0, 0.0
2.394972085952759, 0.0, 0.0, 0.0, 0.0, 0.0, 0.0
2.404961585998535, 0.0, 0.0, 0.0, 0.0, 0.0, 0.0
2.4149694442749023, 0.0, 0.0, 0.0, 0.0, 0.0, 0.0
2.4249677658081055, 0.0, 0.0, 0.0, 0.0, 0.0, 0.0
2.434962511062622, 0.0, 0.0, 0.0, 0.0, 0.0, 0.0
2.444965124130249, 0.0, 0.0, 0.0, 0.0, 0.0, 0.0
2.454953908920288, 0.0, 0.0, 0.0, 0.0, 0.0, 0.0
2.464963912963867, 0.0, 0.0, 0.0, 0.0, 0.0, 0.0
2.474963665008545, 0.0, 0.0, 0.0, 0.0, 0.0, 0.0
2.4849650859832764, 0.0, 0.0, 0.0, 0.0, 0.0, 0.0
2.4949748516082764, 0.0, 0.0, 0.0, 0.0, 0.0, 0.0
2.5049595832824707, 0.0, 0.0, 0.0, 0.0, 0.0, 0.0
2.514961004257202, 0.0, 0.0, 0.0, 0.0, 0.0, 0.0
2.524953842163086, 0.0, 0.0, 0.0, 0.0, 0.0, 0.0
2.534952402114868, 0.0, 0.0, 0.0, 0.0, 0.0, 0.0
2.5449540615081787, 0.0, 0.0, 0.0, 0.0, 0.0, 0.0
2.55495285987854, 0.0, 0.0, 0.0, 0.0, 0.0, 0.0
2.5649681091308594, 0.0, 0.0, 0.0, 0.0, 0.0, 0.0
2.5749776363372803, 0.0, 0.0, 0.0, 0.0, 0.0, 0.0
2.5849769115448, 0.0, 0.0, 0.0, 0.0, 0.0, 0.0
2.594968795776367, 0.0, 0.0, 0.0, 0.0, 0.0, 0.0
2.6049699783325195, 0.0, 0.0, 0.0, 0.0, 0.0, 0.0
2.614976167678833, 0.0, 0.0, 0.0, 0.0, 0.0, 0.0
2.6249613761901855, 0.0, 0.0, 0.0, 0.0, 0.0, 0.0
2.6349611282348633, 0.0, 0.0, 0.0, 0.0, 0.0, 0.0
2.6449732780456543, 0.0, 0.0, 0.0, 0.0, 0.0, 0.0
2.6549713611602783, 0.0, 0.0, 0.0, 0.0, 0.0, 0.0
2.6649715900421143, 0.0, 0.0, 0.0, 0.0, 0.0, 0.0
2.674970865249634, 0.0, 0.0, 0.0, 0.0, 0.0, 0.0
2.6849801540374756, 0.0, 0.0, 0.0, 0.0, 0.0, 0.0
2.6949665546417236, 0.0, 0.0, 0.0, 0.0, 0.0, 0.0
2.704958438873291, 0.0, 0.0, 0.0, 0.0, 0.0, 0.0
2.71498703956604, 0.0, 0.0, 0.0, 0.0, 0.0, 0.0
2.7249531745910645, 0.0, 0.0, 0.0, 0.0, 0.0, 0.0
2.7349486351013184, 0.0, 0.0, 0.0, 0.0, 0.0, 0.0
2.744960308074951, 0.0, 0.0, 0.0, 0.0, 0.0, 0.0
2.7549633979797363, 0.0, 0.0, 0.0, 0.0, 0.0, 0.0
2.7649645805358887, 0.0, 0.0, 0.0, 0.0, 0.0, 0.0
2.7749688625335693, 0.0, 0.0, 0.0, 0.0, 0.0, 0.0
2.784960985183716, 0.0, 0.0, 0.0, 0.0, 0.0, 0.0
2.794954299926758, 0.0, 0.0, 0.0, 0.0, 0.0, 0.0
2.8050620555877686, 0.0, 0.0, 0.0, 0.0, 0.0, 0.0
2.8149795532226562, 0.0, 0.0, 0.0, 0.0, 0.0, 0.0
2.824955940246582, 0.0, 0.0, 0.0, 0.0, 0.0, 0.0
2.834963083267212, 0.0, 0.0, 0.0, 0.0, 0.0, 0.0
2.844958782196045, 0.0, 0.0, 0.0, 0.0, 0.0, 0.0
2.854954719543457, 0.0, 0.0, 0.0, 0.0, 0.0, 0.0
2.8649604320526123, 0.0, 0.0, 0.0, 0.0, 0.0, 0.0
2.8749608993530273, 0.0, 0.0, 0.0, 0.0, 0.0, 0.0
2.8849546909332275, 0.0, 0.0, 0.0, 0.0, 0.0, 0.0
2.894951581954956, 0.0, 0.0, 0.0, 0.0, 0.0, 0.0
2.9049623012542725, 0.0, 0.0, 0.0, 0.0, 0.0, 0.0
2.914961099624634, 0.0, 0.0, 0.0, 0.0, 0.0, 0.0
2.924962282180786, 0.0, 0.0, 0.0, 0.0, 0.0, 0.0
2.9349608421325684, 0.0, 0.0, 0.0, 0.0, 0.0, 0.0
2.9449591636657715, 0.0, 0.0, 0.0, 0.0, 0.0, 0.0
2.954956531524658, 0.0, 0.0, 0.0, 0.0, 0.0, 0.0
2.964970827102661, 0.0, 0.0, 0.0, 0.0, 0.0, 0.0
2.9749560356140137, 0.0, 0.0, 0.0, 0.0, 0.0, 0.0
2.984952688217163, 0.0, 0.0, 0.0, 0.0, 0.0, 0.0
2.9949634075164795, 0.0, 0.0, 0.0, 0.0, 0.0, 0.0
3.004969358444214, 0.0, 0.0, 0.0, 0.0, 0.0, 0.0
3.0149683952331543, 0.0, 0.0, 0.0, 0.0, 0.0, 0.0
3.0249722003936768, 0.0, 0.0, 0.0, 0.0, 0.0, 0.0
3.034958600997925, 0.0, 0.0, 0.0, 0.0, 0.0, 0.0
3.0449583530426025, 0.0, 0.0, 0.0, 0.0, 0.0, 0.0
3.054973602294922, 0.0, 0.0, 0.0, 0.0, 0.0, 0.0
3.064959764480591, 0.0, 0.0, 0.0, 0.0, 0.0, 0.0
3.0749499797821045, 0.0, 0.0, 0.0, 0.0, 0.0, 0.0
3.0849626064300537, 0.0, 0.0, 0.0, 0.0, 0.0, 0.0
3.0949690341949463, 0.0, 0.0, 0.0, 0.0, 0.0, 0.0
3.104973316192627, 0.0, 0.0, 0.0, 0.0, 0.0, 0.0
3.1149508953094482, 0.0, 0.0, 0.0, 0.0, 0.0, 0.0
3.1249537467956543, 0.0, 0.0, 0.0, 0.0, 0.0, 0.0
3.1349740028381348, 0.0, 0.0, 0.0, 0.0, 0.0, 0.0
3.1449649333953857, 0.0, 0.0, 0.0, 0.0, 0.0, 0.0
3.154960870742798, 0.0, 0.0, 0.0, 0.0, 0.0, 0.0
3.16495418548584, 0.0, 0.0, 0.0, 0.0, 0.0, 0.0
3.1749608516693115, 0.0, 0.0, 0.0, 0.0, 0.0, 0.0
3.1849594116210938, 0.0, 0.0, 0.0, 0.0, 0.0, 0.0
3.194959878921509, 0.0, 0.0, 0.0, 0.0, 0.0, 0.0
3.2049553394317627, 0.0, 0.0, 0.0, 0.0, 0.0, 0.0
3.214972496032715, 0.0, 0.0, 0.0, 0.0, 0.0, 0.0
3.2249577045440674, 0.0, 0.0, 0.0, 0.0, 0.0, 0.0
3.234966993331909, 0.0, 0.0, 0.0, 0.0, 0.0, 0.0
3.244954824447632, 0.0, 0.0, 0.0, 0.0, 0.0, 0.0
3.2549476623535156, 0.0, 0.0, 0.0, 0.0, 0.0, 0.0
3.2649593353271484, 0.0, 0.0, 0.0, 0.0, 0.0, 0.0
3.2749574184417725, 0.0, 0.0, 0.0, 0.0, 0.0, 0.0
3.2849671840667725, 0.0, 0.0, 0.0, 0.0, 0.0, 0.0
3.294959783554077, 0.0, 0.0, 0.0, 0.0, 0.0, 0.0
3.304965019226074, 0.0, 0.0, 0.0, 0.0, 0.0, 0.0
3.3149611949920654, 0.0, 0.0, 0.0, 0.0, 0.0, 0.0
3.3249707221984863, 0.0, 0.0, 0.0, 0.0, 0.0, 0.0
3.3349781036376953, 0.0, 0.0, 0.0, 0.0, 0.0, 0.0
3.3449764251708984, 0.0, 0.0, 0.0, 0.0, 0.0, 0.0
3.3549656867980957, 0.0, 0.0, 0.0, 0.0, 0.0, 0.0
3.3649709224700928, 0.0, 0.0, 0.0, 0.0, 0.0, 0.0
3.3749594688415527, 0.0, 0.0, 0.0, 0.0, 0.0, 0.0
3.3849692344665527, 0.0, 0.0, 0.0, 0.0, 0.0, 0.0
3.3949527740478516, 0.0, 0.0, 0.0, 0.0, 0.0, 0.0
3.4049806594848633, 0.0, 0.0, 0.0, 0.0, 0.0, 0.0
3.414968967437744, 0.0, 0.0, 0.0, 0.0, 0.0, 0.0
3.4250032901763916, 0.0, 0.0, 0.0, 0.0, 0.0, 0.0
3.4349842071533203, 0.0, 0.0, 0.0, 0.0, 0.0, 0.0
3.4449665546417236, 0.0, 0.0, 0.0, 0.0, 0.0, 0.0
3.4550793170928955, 0.0, 0.0, 0.0, 0.0, 0.0, 0.0
3.4649600982666016, 0.0, 0.0, 0.0, 0.0, 0.0, 0.0
3.4750425815582275, 0.0, 0.0, 0.0, 0.0, 0.0, 0.0
3.4849696159362793, 0.0, 0.0, 0.0, 0.0, 0.0, 0.0
3.4949491024017334, 0.0, 0.0, 0.0, 0.0, 0.0, 0.0
3.504967212677002, 0.0, 0.0, 0.0, 0.0, 0.0, 0.0
3.5149645805358887, 0.0, 0.0, 0.0, 0.0, 0.0, 0.0
3.524972438812256, 0.0, 0.0, 0.0, 0.0, 0.0, 0.0
3.534970760345459, 0.0, 0.0, 0.0, 0.0, 0.0, 0.0
3.5449764728546143, 0.0, 0.0, 0.0, 0.0, 0.0, 0.0
3.555002450942993, 0.0, 0.0, 0.0, 0.0, 0.0, 0.0
3.5649590492248535, 0.0, 0.0, 0.0, 0.0, 0.0, 0.0
3.574960470199585, 0.0, 0.0, 0.0, 0.0, 0.0, 0.0
3.584970712661743, 0.0, 0.0, 0.0, 0.0, 0.0, 0.0
3.5949740409851074, 0.0, 0.0, 0.0, 0.0, 0.0, 0.0
3.6049768924713135, 0.0, 0.0, 0.0, 0.0, 0.0, 0.0
3.6149635314941406, 0.0, 0.0, 0.0, 0.0, 0.0, 0.0
3.6249616146087646, 0.0, 0.0, 0.0, 0.0, 0.0, 0.0
3.634958267211914, 0.0, 0.0, 0.0, 0.0, 0.0, 0.0
3.6449620723724365, 0.0, 0.0, 0.0, 0.0, 0.0, 0.0
3.6549534797668457, 0.0, 0.0, 0.0, 0.0, 0.0, 0.0
3.6649670600891113, 0.0, 0.0, 0.0, 0.0, 0.0, 0.0
3.6749610900878906, 0.0, 0.0, 0.0, 0.0, 0.0, 0.0
3.6849660873413086, 0.0, 0.0, 0.0, 0.0, 0.0, 0.0
3.6949820518493652, 0.0, 0.0, 0.0, 0.0, 0.0, 0.0
3.7049663066864014, 0.0, 0.0, 0.0, 0.0, 0.0, 0.0
3.714984655380249, 0.0, 0.0, 0.0, 0.0, 0.0, 0.0
3.724968671798706, 0.0, 0.0, 0.0, 0.0, 0.0, 0.0
3.7349650859832764, 0.0, 0.0, 0.0, 0.0, 0.0, 0.0
3.744966983795166, 0.0, 0.0, 0.0, 0.0, 0.0, 0.0
3.754974126815796, 0.0, 0.0, 0.0, 0.0, 0.0, 0.0
3.764979362487793, 0.0, 0.0, 0.0, 0.0, 0.0, 0.0
3.774962902069092, 0.0, 0.0, 0.0, 0.0, 0.0, 0.0
3.784960985183716, 0.0, 0.0, 0.0, 0.0, 0.0, 0.0
3.7949700355529785, 0.0, 0.0, 0.0, 0.0, 0.0, 0.0
3.804960012435913, 0.0, 0.0, 0.0, 0.0, 0.0, 0.0
3.8149564266204834, 0.0, 0.0, 0.0, 0.0, 0.0, 0.0
3.8249576091766357, 0.0, 0.0, 0.0, 0.0, 0.0, 0.0
3.834955930709839, 0.0, 0.0, 0.0, 0.0, 0.0, 0.0
3.8449671268463135, 0.0, 0.0, 0.0, 0.0, 0.0, 0.0
3.8549869060516357, 0.0, 0.0, 0.0, 0.0, 0.0, 0.0
3.864975690841675, 0.0, 0.0, 0.0, 0.0, 0.0, 0.0
3.8749637603759766, 0.0, 0.0, 0.0, 0.0, 0.0, 0.0
3.8849730491638184, 0.0, 0.0, 0.0, 0.0, 0.0, 0.0
3.894953966140747, 0.0, 0.0, 0.0, 0.0, 0.0, 0.0
3.9049649238586426, 0.0, 0.0, 0.0, 0.0, 0.0, 0.0
3.914973020553589, 0.0, 0.0, 0.0, 0.0, 0.0, 0.0
3.9249565601348877, 0.0, 0.0, 0.0, 0.0, 0.0, 0.0
3.934964179992676, 0.0, 0.0, 0.0, 0.0, 0.0, 0.0
3.944956064224243, 0.0, 0.0, 0.0, 0.0, 0.0, 0.0
3.9549520015716553, 0.0, 0.0, 0.0, 0.0, 0.0, 0.0
3.964956521987915, 0.0, 0.0, 0.0, 0.0, 0.0, 0.0
3.9749677181243896, 0.0, 0.0, 0.0, 0.0, 0.0, 0.0
3.9849660396575928, 0.0, 0.0, 0.0, 0.0, 0.0, 0.0
3.9949758052825928, 0.0, 0.0, 0.0, 0.0, 0.0, 0.0
4.004962205886841, 0.0, 0.0, 0.0, 0.0, 0.0, 0.0
4.014969348907471, 0.0, 0.0, 0.0, 0.0, 0.0, 0.0
4.024973154067993, 0.0, 0.0, 0.0, 0.0, 0.0, 0.0
4.034974813461304, 0.0, 0.0, 0.0, 0.0, 0.0, 0.0
4.0449607372283936, 0.0, 0.0, 0.0, 0.0, 0.0, 0.0
4.054961204528809, 0.0, 0.0, 0.0, 0.0, 0.0, 0.0
4.064976692199707, 0.0, 0.0, 0.0, 0.0, 0.0, 0.0
4.074955701828003, 0.0, 0.0, 0.0, 0.0, 0.0, 0.0
4.084954500198364, 0.0, 0.0, 0.0, 0.0, 0.0, 0.0
4.094952344894409, 0.0, 0.0, 0.0, 0.0, 0.0, 0.0
4.104947566986084, 0.0, 0.0, 0.0, 0.0, 0.0, 0.0
4.114965200424194, 0.0, 0.0, 0.0, 0.0, 0.0, 0.0
4.124970436096191, 0.0, 0.0, 0.0, 0.0, 0.0, 0.0
4.13498067855835, 0.0, 0.0, 0.0, 0.0, 0.0, 0.0
4.144959211349487, 0.0, 0.0, 0.0, 0.0, 0.0, 0.0
4.154963970184326, 0.0, 0.0, 0.0, 0.0, 0.0, 0.0
4.165009260177612, 0.0, 0.0, 0.0, 0.0, 0.0, 0.0
4.17496132850647, 0.0, 0.0, 0.0, 0.0, 0.0, 0.0
4.1849610805511475, 0.0, 0.0, 0.0, 0.0, 0.0, 0.0
4.194963455200195, 0.0, 0.0, 0.0, 0.0, 0.0, 0.0
4.20495343208313, 0.0, 0.0, 0.0, 0.0, 0.0, 0.0
4.214963436126709, 0.0, 0.0, 0.0, 0.0, 0.0, 0.0
4.224982500076294, 0.0, 0.0, 0.0, 0.0, 0.0, 0.0
4.234968423843384, 0.0, 0.0, 0.0, 0.0, 0.0, 0.0
4.2449541091918945, 0.0, 0.0, 0.0, 0.0, 0.0, 0.0
4.254953622817993, 0.0, 0.0, 0.0, 0.0, 0.0, 0.0
4.264958143234253, 0.0, 0.0, 0.0, 0.0, 0.0, 0.0
4.274955749511719, 0.0, 0.0, 0.0, 0.0, 0.0, 0.0
4.284960508346558, 0.0, 0.0, 0.0, 0.0, 0.0, 0.0
4.294963359832764, 0.0, 0.0, 0.0, 0.0, 0.0, 0.0
4.304978847503662, 0.0, 0.0, 0.0, 0.0, 0.0, 0.0
4.314979314804077, 0.0, 0.0, 0.0, 0.0, 0.0, 0.0
4.324953556060791, 0.0, 0.0, 0.0, 0.0, 0.0, 0.0
4.334982872009277, 0.0, 0.0, 0.0, 0.0, 0.0, 0.0
4.3449554443359375, 0.0, 0.0, 0.0, 0.0, 0.0, 0.0
4.354969263076782, 0.0, 0.0, 0.0, 0.0, 0.0, 0.0
4.364951133728027, 0.0, 0.0, 0.0, 0.0, 0.0, 0.0
4.3749659061431885, 0.0, 0.0, 0.0, 0.0, 0.0, 0.0
4.384968519210815, 0.0, 0.0, 0.0, 0.0, 0.0, 0.0
4.394965410232544, 0.0, 0.0, 0.0, 0.0, 0.0, 0.0
4.404966831207275, 0.0, 0.0, 0.0, 0.0, 0.0, 0.0
4.414958238601685, 0.0, 0.0, 0.0, 0.0, 0.0, 0.0
4.424954414367676, 0.0, 0.0, 0.0, 0.0, 0.0, 0.0
4.434959888458252, 0.8510638475418091, 0.2880946397781372, 1.2530959844589233, 0.4241870045661926, 0.0, 0.0
4.444955825805664, 0.8510638475418091, 0.2880946397781372, 1.2530959844589233, 0.4241870045661926, 0.0, 0.0
4.454973936080933, 0.8510638475418091, 0.2880946397781372, 1.2530959844589233, 0.4241870045661926, 0.0, 0.0
4.464962720870972, 0.8510638475418091, 0.2880946397781372, 1.2530959844589233, 0.4241870045661926, 0.0, 0.0
4.474963665008545, 0.8510638475418091, 0.0, 1.2461977005004883, -0.18539907038211823, 0.0, 0.0
4.484960079193115, 0.8510638475418091, 0.0, 1.2461977005004883, -0.18539907038211823, 0.0, 0.0
4.494954824447632, 0.8510638475418091, 0.0, 1.2461977005004883, -0.18539907038211823, 0.0, 0.0
4.5049614906311035, 0.8510638475418091, 0.0, 1.2461977005004883, -0.18539907038211823, 0.0, 0.0
4.514963865280151, 0.8510638475418091, 0.0, 1.2461977005004883, -0.18539907038211823, 0.0, 0.0
4.524959087371826, 0.8510638475418091, 0.0, 1.2461977005004883, -0.18539907038211823, 0.0, 0.0
4.534974575042725, 0.8510638475418091, 0.0, 1.2461977005004883, -0.18539907038211823, 0.0, 0.0
4.544964075088501, 0.8510638475418091, 0.0, 1.2413564920425415, -0.06712175905704498, 0.0, 0.0
4.5549540519714355, 0.8510638475418091, 0.0, 1.2429310083389282, 0.47496461868286133, 0.0, 0.0
4.564954042434692, 0.8510638475418091, 0.0, 1.2429310083389282, 0.47496461868286133, 0.0, 0.0
4.574950933456421, 0.8510638475418091, 0.0, 1.2429310083389282, 0.47496461868286133, 0.0, 0.0
4.584955215454102, 0.8510638475418091, 0.0, 1.241782784461975, -0.035148344933986664, 0.0, 0.0
4.594955921173096, 0.8510638475418091, 0.0, 1.2949588298797607, 4.380568027496338, 0.0, 0.0
4.604948043823242, 0.8510638475418091, 0.0, 1.2949588298797607, 4.380568027496338, 0.0, 0.0
4.614953994750977, 0.8510638475418091, 0.0, 1.2949588298797607, 4.380568027496338, 0.0, 0.0
4.624966621398926, 0.8510638475418091, 0.0, 1.2949588298797607, 4.380568027496338, 0.0, 0.0
4.634959697723389, 0.8510638475418091, 0.0, 1.2949588298797607, 4.380568027496338, 0.0, 0.0
4.644960403442383, 0.8510638475418091, 0.0, 1.2949588298797607, 4.380568027496338, 0.0, 0.0
4.654952764511108, 0.8510638475418091, 0.0, 1.2949588298797607, 4.380568027496338, 0.0, 0.0
4.664971351623535, 0.8510638475418091, 0.0, 1.2949588298797607, 4.380568027496338, 0.0, 0.0
4.674960374832153, 0.8510638475418091, 0.0, 1.2938261032104492, -0.014350805431604385, 0.0, 0.0
4.684959650039673, 0.8510638475418091, 0.0, 1.2938261032104492, -0.014350805431604385, 0.0, 0.0
4.694972991943359, 0.8510638475418091, 0.0, 1.2938261032104492, -0.014350805431604385, 0.0, 0.0
4.704949140548706, 0.8510638475418091, 0.0, 1.2938261032104492, -0.014350805431604385, 0.0, 0.0
4.714968204498291, 0.8510638475418091, 0.0, 1.2938261032104492, -0.014350805431604385, 0.0, 0.0
4.724982500076294, 0.8510638475418091, 0.0, 1.2938261032104492, -0.014350805431604385, 0.0, 0.0
4.734967470169067, 0.8510638475418091, 0.0, 1.2938261032104492, -0.014350805431604385, 0.0, 0.0
4.744971990585327, 0.8510638475418091, 0.0, 1.2415097951889038, -0.7209150195121765, 0.0, 0.0
4.75495982170105, 0.8510638475418091, 0.0, 1.2415097951889038, -0.7209150195121765, 0.0, 0.0
4.764950513839722, 0.8510638475418091, 0.0, 1.2409465312957764, -0.03501071780920029, 0.0, 0.0
4.774954080581665, 0.8510638475418091, 0.0, 1.2409465312957764, -0.03501071780920029, 0.0, 0.0
4.784965515136719, 0.8510638475418091, 0.0, 1.2409465312957764, -0.03501071780920029, 0.0, 0.0
4.794993162155151, 0.8510638475418091, 0.0, 1.2409465312957764, -0.03501071780920029, 0.0, 0.0
4.8049681186676025, 0.8510638475418091, 0.0, 1.2409465312957764, -0.03501071780920029, 0.0, 0.0
4.8149614334106445, 0.8510638475418091, 0.0, 1.2409465312957764, -0.03501071780920029, 0.0, 0.0
4.824969530105591, 0.8510638475418091, 0.0, 1.2409465312957764, -0.03501071780920029, 0.0, 0.0
4.8349549770355225, 0.8510638475418091, 0.0, 1.2409465312957764, -0.03501071780920029, 0.0, 0.0
4.844965696334839, 0.8510638475418091, 0.0, 1.2409465312957764, -0.03501071780920029, 0.0, 0.0
4.854964971542358, 0.8510638475418091, 0.0, 1.2409465312957764, -0.03501071780920029, 0.0, 0.0
4.864963531494141, 0.8510638475418091, 0.0, 1.2409465312957764, -0.03501071780920029, 0.0, 0.0
4.874950408935547, 0.8510638475418091, 0.0, 1.2409465312957764, -0.03501071780920029, 0.0, 0.0
4.884962797164917, 0.8510638475418091, 0.0, 1.2409465312957764, -0.03501071780920029, 0.0, 0.0
4.894968509674072, 0.8510638475418091, 0.0, 1.2409465312957764, -0.03501071780920029, 0.0, 0.0
4.904955625534058, 0.8510638475418091, 0.0, 1.2409465312957764, -0.03501071780920029, 0.0, 0.0
