3.5762786865234375e-06, 0.0, 0.0, 0.0, 0.0, 0.0, 0.0
7.724761962890625e-05, 0.0, 0.0, 0.0, 0.0, 0.0, 0.0
0.006192445755004883, 0.0, 0.0, 0.0, 0.0, 0.0, 0.0
0.016224384307861328, 0.0, 0.0, 0.0, 0.0, 0.0, 0.0
0.026177167892456055, 0.0, 0.0, 0.0, 0.0, 0.0, 0.0
0.036186933517456055, 0.0, 0.0, 0.0, 0.0, 0.0, 0.0
0.0462191104888916, 0.0, 0.0, 0.0, 0.0, 0.0, 0.0
0.0562746524810791, 0.0, 0.0, 0.0, 0.0, 0.0, 0.0
0.06625652313232422, 0.0, 0.0, 0.0, 0.0, 0.0, 0.0
0.07625722885131836, 0.0, 0.0, 0.0, 0.0, 0.0, 0.0
0.08625292778015137, 0.0, 0.0, 0.0, 0.0, 0.0, 0.0
0.09636235237121582, 0.0, 0.0, 0.0, 0.0, 0.0, 0.0
0.10628867149353027, 0.0, 0.0, 0.0, 0.0, 0.0, 0.0
0.11632275581359863, 0.0, 0.0, 0.0, 0.0, 0.0, 0.0
0.1262822151184082, 0.0, 0.0, 0.0, 0.0, 0.0, 0.0
0.1362626552581787, 0.0, 0.0, 0.0, 0.0, 0.0, 0.0
0.1462399959564209, 0.0, 0.0, 0.0, 0.0, 0.0, 0.0
0.1563119888305664, 0.0, 0.0, 0.0, 0.0, 0.0, 0.0
0.166168212890625, 0.0, 0.0, 0.0, 0.0, 0.0, 0.0
0.17617440223693848, 0.0, 0.0, 0.0, 0.0, 0.0, 0.0
0.1861884593963623, 0.0, 0.0, 0.0, 0.0, 0.0, 0.0
0.196336030960083, 0.0, 0.0, 0.0, 0.0, 0.0, 0.0
0.20627593994140625, 0.0, 0.0, 0.0, 0.0, 0.0, 0.0
0.21623873710632324, 0.0, 0.0, 0.0, 0.0, 0.0, 0.0
0.22623348236083984, 0.0, 0.0, 0.0, 0.0, 0.0, 0.0
0.23621463775634766, 0.0, 0.0, 0.0, 0.0, 0.0, 0.0
0.24620532989501953, 0.0, 0.0, 0.0, 0.0, 0.0, 0.0
0.25623059272766113, 0.0, 0.0, 0.0, 0.0, 0.0, 0.0
0.2661890983581543, 0.0, 0.0, 0.0, 0.0, 0.0, 0.0
0.2762176990509033, 0.0, 0.0, 0.0, 0.0, 0.0, 0.0
0.286238431930542, 0.0, 0.0, 0.0, 0.0, 0.0, 0.0
0.2962627410888672, 0.0, 0.0, 0.0, 0.0, 0.0, 0.0
0.3062553405761719, 0.0, 0.0, 0.0, 0.0, 0.0, 0.0
0.3162410259246826, 0.0, 0.0, 0.0, 0.0, 0.0, 0.0
0.3262214660644531, 0.0, 0.0, 0.0, 0.0, 0.0, 0.0
0.33634352684020996, 0.0, 0.0, 0.0, 0.0, 0.0, 0.0
0.34624671936035156, 0.0, 0.0, 0.0, 0.0, 0.0, 0.0
0.35631895065307617, 0.0, 0.0, 0.0, 0.0, 0.0, 0.0
0.3662686347961426, 0.0, 0.0, 0.0, 0.0, 0.0, 0.0
0.37627577781677246, 0.0, 0.0, 0.0, 0.0, 0.0, 0.0
0.3861963748931885, 0.0, 0.0, 0.0, 0.0, 0.0, 0.0
0.39616990089416504, 0.0, 0.0, 0.0, 0.0, 0.0, 0.0
0.40624427795410156, 0.0, 0.0, 0.0, 0.0, 0.0, 0.0
0.41628003120422363, 0.0, 0.0, 0.0, 0.0, 0.0, 0.0
0.4262685775756836, 0.0, 0.0, 0.0, 0.0, 0.0, 0.0
0.4362623691558838, 0.0, 0.0, 0.0, 0.0, 0.0, 0.0
0.4462442398071289, 0.0, 0.0, 0.0, 0.0, 0.0, 0.0
0.4562368392944336, 0.0, 0.0, 0.0, 0.0, 0.0, 0.0
0.46618103981018066, 0.0, 0.0, 0.0, 0.0, 0.0, 0.0
0.47622203826904297, 0.0, 0.0, 0.0, 0.0, 0.0, 0.0
0.4861762523651123, 0.0, 0.0, 0.0, 0.0, 0.0, 0.0
0.4961886405944824, 0.0, 0.0, 0.0, 0.0, 0.0, 0.0
0.5061988830566406, 0.0, 0.0, 0.0, 0.0, 0.0, 0.0
0.5161929130554199, 0.0, 0.0, 0.0, 0.0, 0.0, 0.0
0.5262272357940674, 0.0, 0.0, 0.0, 0.0, 0.0, 0.0
0.536219596862793, 0.0, 0.0, 0.0, 0.0, 0.0, 0.0
0.5462141036987305, 0.0, 0.0, 0.0, 0.0, 0.0, 0.0
0.5562536716461182, 0.0, 0.0, 0.0, 0.0, 0.0, 0.0
0.5662577152252197, 0.0, 0.0, 0.0, 0.0, 0.0, 0.0
0.5762269496917725, 0.0, 0.0, 0.0, 0.0, 0.0, 0.0
0.5862641334533691, 0.0, 0.0, 0.0, 0.0, 0.0, 0.0
0.5962865352630615, 0.0, 0.0, 0.0, 0.0, 0.0, 0.0
0.606255292892456, 0.0, 0.0, 0.0, 0.0, 0.0, 0.0
0.6162929534912109, 0.0, 0.0, 0.0, 0.0, 0.0, 0.0
0.626251220703125, 0.0, 0.0, 0.0, 0.0, 0.0, 0.0
0.6362907886505127, 0.0, 0.0, 0.0, 0.0, 0.0, 0.0
0.6462483406066895, 0.0, 0.0, 0.0, 0.0, 0.0, 0.0
0.6563122272491455, 0.0, 0.0, 0.0, 0.0, 0.0, 0.0
0.6662964820861816, 0.0, 0.0, 0.0, 0.0, 0.0, 0.0
0.6763060092926025, 0.0, 0.0, 0.0, 0.0, 0.0, 0.0
0.6862943172454834, 0.0, 0.0, 0.0, 0.0, 0.0, 0.0
0.6962852478027344, 0.0, 0.0, 0.0, 0.0, 0.0, 0.0
0.7062397003173828, 0.0, 0.0, 0.0, 0.0, 0.0, 0.0
0.7162930965423584, 0.0, 0.0, 0.0, 0.0, 0.0, 0.0
0.7262592315673828, 0.0, 0.0, 0.0, 0.0, 0.0, 0.0
0.73624587059021, 0.0, 0.0, 0.0, 0.0, 0.0, 0.0
0.7462239265441895, 0.0, 0.0, 0.0, 0.0, 0.0, 0.0
0.7562456130981445, 0.0, 0.0, 0.0, 0.0, 0.0, 0.0
0.7662811279296875, 0.0, 0.0, 0.0, 0.0, 0.0, 0.0
0.7762372493743896, 0.0, 0.0, 0.0, 0.0, 0.0, 0.0
0.786210298538208, 0.0, 0.0, 0.0, 0.0, 0.0, 0.0
0.796215295791626, 0.0, 0.0, 0.0, 0.0, 0.0, 0.0
0.8062355518341064, 0.0, 0.0, 0.0, 0.0, 0.0, 0.0
0.8162319660186768, 0.0, 0.0, 0.0, 0.0, 0.0, 0.0
0.8262755870819092, 0.0, 0.0, 0.0, 0.0, 0.0, 0.0
0.83624267578125, 0.0, 0.0, 0.0, 0.0, 0.0, 0.0
0.8462460041046143, 0.0, 0.0, 0.0, 0.0, 0.0, 0.0
0.8563261032104492, 0.0, 0.0, 0.0, 0.0, 0.0, 0.0
0.8662428855895996, 0.0, 0.0, 0.0, 0.0, 0.0, 0.0
0.8762826919555664, 0.0, 0.0, 0.0, 0.0, 0.0, 0.0
0.8862371444702148, 0.0, 0.0, 0.0, 0.0, 0.0, 0.0
0.8963346481323242, 0.0, 0.0, 0.0, 0.0, 0.0, 0.0
0.90627121925354, 0.0, 0.0, 0.0, 0.0, 0.0, 0.0
0.9163296222686768, 0.0, 0.0, 0.0, 0.0, 0.0, 0.0
0.9262759685516357, 0.0, 0.0, 0.0, 0.0, 0.0, 0.0
0.9362554550170898, 0.0, 0.0, 0.0, 0.0, 0.0, 0.0
0.9462490081787109, 0.0, 0.0, 0.0, 0.0, 0.0, 0.0
0.9562633037567139, 0.0, 0.0, 0.0, 0.0, 0.0, 0.0
0.9662394523620605, 0.0, 0.0, 0.0, 0.0, 0.0, 0.0
0.9762413501739502, 0.0, 0.0, 0.0, 0.0, 0.0, 0.0
0.9862139225006104, 0.0, 0.0, 0.0, 0.0, 0.0, 0.0
0.9963600635528564, 0.0, 0.0, 0.0, 0.0, 0.0, 0.0
1.006298303604126, 0.0, 0.0, 0.0, 0.0, 0.0, 0.0
1.0163178443908691, 0.0, 0.0, 0.0, 0.0, 0.0, 0.0
1.026258945465088, 0.0, 0.0, 0.0, 0.0, 0.0, 0.0
1.036280870437622, 0.0, 0.0, 0.0, 0.0, 0.0, 0.0
1.0462775230407715, 0.0, 0.0, 0.0, 0.0, 0.0, 0.0
1.0563616752624512, 0.0, 0.0, 0.0, 0.0, 0.0, 0.0
1.066263198852539, 0.0, 0.0, 0.0, 0.0, 0.0, 0.0
1.0763309001922607, 0.0, 0.0, 0.0, 0.0, 0.0, 0.0
1.0863120555877686, 0.0, 0.0, 0.0, 0.0, 0.0, 0.0
1.0962789058685303, 0.0, 0.0, 0.0, 0.0, 0.0, 0.0
1.1062641143798828, 0.0, 0.0, 0.0, 0.0, 0.0, 0.0
1.1162323951721191, 0.0, 0.0, 0.0, 0.0, 0.0, 0.0
1.1262362003326416, 0.0, 0.0, 0.0, 0.0, 0.0, 0.0
1.1363129615783691, 0.0, 0.0, 0.0, 0.0, 0.0, 0.0
1.1462812423706055, 0.0, 0.0, 0.0, 0.0, 0.0, 0.0
1.1563029289245605, 0.0, 0.0, 0.0, 0.0, 0.0, 0.0
1.166287899017334, 0.0, 0.0, 0.0, 0.0, 0.0, 0.0
1.1763415336608887, 0.0, 0.0, 0.0, 0.0, 0.0, 0.0
1.1862459182739258, 0.0, 0.0, 0.0, 0.0, 0.0, 0.0
1.1963531970977783, 0.0, 0.0, 0.0, 0.0, 0.0, 0.0
1.206247329711914, 0.0, 0.0, 0.0, 0.0, 0.0, 0.0
1.2163007259368896, 0.0, 0.0, 0.0, 0.0, 0.0, 0.0
1.2262780666351318, 0.0, 0.0, 0.0, 0.0, 0.0, 0.0
1.236266851425171, 0.0, 0.0, 0.0, 0.0, 0.0, 0.0
1.2461915016174316, 0.0, 0.0, 0.0, 0.0, 0.0, 0.0
1.2561578750610352, 0.0, 0.0, 0.0, 0.0, 0.0, 0.0
1.2661802768707275, 0.0, 0.0, 0.0, 0.0, 0.0, 0.0
1.276193380355835, 0.0, 0.0, 0.0, 0.0, 0.0, 0.0
1.2861652374267578, 0.0, 0.0, 0.0, 0.0, 0.0, 0.0
1.296217918395996, 0.0, 0.0, 0.0, 0.0, 0.0, 0.0
1.3062093257904053, 0.0, 0.0, 0.0, 0.0, 0.0, 0.0
1.3162400722503662, 0.0, 0.0, 0.0, 0.0, 0.0, 0.0
1.3262381553649902, 0.0, 0.0, 0.0, 0.0, 0.0, 0.0
1.3362715244293213, 0.0, 0.0, 0.0, 0.0, 0.0, 0.0
1.3461976051330566, 0.0, 0.0, 0.0, 0.0, 0.0, 0.0
1.3562343120574951, 0.0, 0.0, 0.0, 0.0, 0.0, 0.0
1.3661863803863525, 0.0, 0.0, 0.0, 0.0, 0.0, 0.0
1.3761982917785645, 0.0, 0.0, 0.0, 0.0, 0.0, 0.0
1.3861825466156006, 0.0, 0.0, 0.0, 0.0, 0.0, 0.0
1.396191120147705, 0.0, 0.0, 0.0, 0.0, 0.0, 0.0
1.4061510562896729, 0.0, 0.0, 0.0, 0.0, 0.0, 0.0
1.4162349700927734, 0.0, 0.0, 0.0, 0.0, 0.0, 0.0
1.426213264465332, 0.0, 0.0, 0.0, 0.0, 0.0, 0.0
1.4362211227416992, 0.0, 0.0, 0.0, 0.0, 0.0, 0.0
1.4461934566497803, 0.0, 0.0, 0.0, 0.0, 0.0, 0.0
1.456238031387329, 0.0, 0.0, 0.0, 0.0, 0.0, 0.0
1.4661893844604492, 0.0, 0.0, 0.0, 0.0, 0.0, 0.0
1.476158857345581, 0.0, 0.0, 0.0, 0.0, 0.0, 0.0
1.486173391342163, 0.0, 0.0, 0.0, 0.0, 0.0, 0.0
1.4961771965026855, 0.0, 0.0, 0.0, 0.0, 0.0, 0.0
1.5061945915222168, 0.0, 0.0, 0.0, 0.0, 0.0, 0.0
1.516171932220459, 0.0, 0.0, 0.0, 0.0, 0.0, 0.0
1.5261576175689697, 0.0, 0.0, 0.0, 0.0, 0.0, 0.0
1.5361759662628174, 0.0, 0.0, 0.0, 0.0, 0.0, 0.0
1.546201229095459, 0.0, 0.0, 0.0, 0.0, 0.0, 0.0
1.556175947189331, 0.0, 0.0, 0.0, 0.0, 0.0, 0.0
1.5661752223968506, 0.0, 0.0, 0.0, 0.0, 0.0, 0.0
1.576192855834961, 0.0, 0.0, 0.0, 0.0, 0.0, 0.0
1.586211919784546, 0.0, 0.0, 0.0, 0.0, 0.0, 0.0
1.5961675643920898, 0.0, 0.0, 0.0, 0.0, 0.0, 0.0
1.6061956882476807, 0.0, 0.0, 0.0, 0.0, 0.0, 0.0
1.6161694526672363, 0.0, 0.0, 0.0, 0.0, 0.0, 0.0
1.6261723041534424, 0.0, 0.0, 0.0, 0.0, 0.0, 0.0
1.6361610889434814, 0.0, 0.0, 0.0, 0.0, 0.0, 0.0
1.646186351776123, 0.0, 0.0, 0.0, 0.0, 0.0, 0.0
1.6561601161956787, 0.0, 0.0, 0.0, 0.0, 0.0, 0.0
1.666168451309204, 0.0, 0.0, 0.0, 0.0, 0.0, 0.0
1.6762089729309082, 0.0, 0.0, 0.0, 0.0, 0.0, 0.0
1.6861824989318848, 0.0, 0.0, 0.0, 0.0, 0.0, 0.0
1.6961638927459717, 0.0, 0.0, 0.0, 0.0, 0.0, 0.0
1.7061586380004883, 0.0, 0.0, 0.0, 0.0, 0.0, 0.0
1.7161669731140137, 0.0, 0.0, 0.0, 0.0, 0.0, 0.0
1.7262017726898193, 0.0, 0.0, 0.0, 0.0, 0.0, 0.0
1.736203908920288, 0.0, 0.0, 0.0, 0.0, 0.0, 0.0
1.7461752891540527, 0.0, 0.0, 0.0, 0.0, 0.0, 0.0
1.7563655376434326, 0.0, 0.0, 0.0, 0.0, 0.0, 0.0
1.7661831378936768, 0.0, 0.0, 0.0, 0.0, 0.0, 0.0
1.7761640548706055, 0.0, 0.0, 0.0, 0.0, 0.0, 0.0
1.786189317703247, 0.0, 0.0, 0.0, 0.0, 0.0, 0.0
1.7961540222167969, 0.0, 0.0, 0.0, 0.0, 0.0, 0.0
1.8061881065368652, 0.0, 0.0, 0.0, 0.0, 0.0, 0.0
1.816162347793579, 0.0, 0.0, 0.0, 0.0, 0.0, 0.0
1.826157569885254, 0.0, 0.0, 0.0, 0.0, 0.0, 0.0
1.8361682891845703, 0.0, 0.0, 0.0, 0.0, 0.0, 0.0
1.8461740016937256, 0.0, 0.0, 0.0, 0.0, 0.0, 0.0
1.8561570644378662, 0.0, 0.0, 0.0, 0.0, 0.0, 0.0
1.866166114807129, 0.0, 0.0, 0.0, 0.0, 0.0, 0.0
1.8761696815490723, 0.0, 0.0, 0.0, 0.0, 0.0, 0.0
1.8861753940582275, 0.0, 0.0, 0.0, 0.0, 0.0, 0.0
1.8961639404296875, 0.0, 0.0, 0.0, 0.0, 0.0, 0.0
1.9061551094055176, 0.0, 0.0, 0.0, 0.0, 0.0, 0.0
1.9161629676818848, 0.0, 0.0, 0.0, 0.0, 0.0, 0.0
1.9261553287506104, 0.0, 0.0, 0.0, 0.0, 0.0, 0.0
1.9361591339111328, 0.0, 0.0, 0.0, 0.0, 0.0, 0.0
1.9461669921875, 0.0, 0.0, 0.0, 0.0, 0.0, 0.0
1.9561667442321777, 0.0, 0.0, 0.0, 0.0, 0.0, 0.0
1.966153621673584, 0.0, 0.0, 0.0, 0.0, 0.0, 0.0
1.976163625717163, 0.0, 0.0, 0.0, 0.0, 0.0, 0.0
1.9861714839935303, 0.0, 0.0, 0.0, 0.0, 0.0, 0.0
1.9961700439453125, 0.0, 0.0, 0.0, 0.0, 0.0, 0.0
2.006171941757202, 0.0, 0.0, 0.0, 0.0, 0.0, 0.0
2.0161685943603516, 0.0, 0.0, 0.0, 0.0, 0.0, 0.0
2.0262064933776855, 0.0, 0.0, 0.0, 0.0, 0.0, 0.0
2.0361573696136475, 0.0, 0.0, 0.0, 0.0, 0.0, 0.0
2.0461626052856445, 0.0, 0.0, 0.0, 0.0, 0.0, 0.0
2.0561742782592773, 0.0, 0.0, 0.0, 0.0, 0.0, 0.0
2.0661637783050537, 0.0, 0.0, 0.0, 0.0, 0.0, 0.0
2.076176643371582, 0.0, 0.0, 0.0, 0.0, 0.0, 0.0
2.086177110671997, 0.0, 0.0, 0.0, 0.0, 0.0, 0.0
2.0961928367614746, 0.0, 0.0, 0.0, 0.0, 0.0, 0.0
2.1061763763427734, 0.0, 0.0, 0.0, 0.0, 0.0, 0.0
2.1161954402923584, 0.0, 0.0, 0.0, 0.0, 0.0, 0.0
2.1262047290802, 0.0, 0.0, 0.0, 0.0, 0.0, 0.0
2.1361896991729736, 0.0, 0.0, 0.0, 0.0, 0.0, 0.0
2.1461644172668457, 0.0, 0.0, 0.0, 0.0, 0.0, 0.0
2.1561715602874756, 0.0, 0.0, 0.0, 0.0, 0.0, 0.0
2.166170597076416, 0.0, 0.0, 0.0, 0.0, 0.0, 0.0
2.176208019256592, 0.0, 0.0, 0.0, 0.0, 0.0, 0.0
2.186192274093628, 0.0, 0.0, 0.0, 0.0, 0.0, 0.0
2.1961843967437744, 0.0, 0.0, 0.0, 0.0, 0.0, 0.0
2.2061707973480225, 0.0, 0.0, 0.0, 0.0, 0.0, 0.0
2.2161762714385986, 0.0, 0.0, 0.0, 0.0, 0.0, 0.0
2.226167917251587, 0.0, 0.0, 0.0, 0.0, 0.0, 0.0
2.2361629009246826, 0.0, 0.0, 0.0, 0.0, 0.0, 0.0
2.2461562156677246, 0.0, 0.0, 0.0, 0.0, 0.0, 0.0
2.2561862468719482, 0.0, 0.0, 0.0, 0.0, 0.0, 0.0
2.266157865524292, 0.0, 0.0, 0.0, 0.0, 0.0, 0.0
2.2761640548706055, 0.0, 0.0, 0.0, 0.0, 0.0, 0.0
2.2861597537994385, 0.0, 0.0, 0.0, 0.0, 0.0, 0.0
2.2961575984954834, 0.0, 0.0, 0.0, 0.0, 0.0, 0.0
2.306163787841797, 0.0, 0.0, 0.0, 0.0, 0.0, 0.0
2.316157579421997, 0.0, 0.0, 0.0, 0.0, 0.0, 0.0
2.3261876106262207, 0.0, 0.0, 0.0, 0.0, 0.0, 0.0
2.336155652999878, 0.0, 0.0, 0.0, 0.0, 0.0, 0.0
2.3461673259735107, 0.0, 0.0, 0.0, 0.0, 0.0, 0.0
2.3561642169952393, 0.0, 0.0, 0.0, 0.0, 0.0, 0.0
2.3661601543426514, 0.0, 0.0, 0.0, 0.0, 0.0, 0.0
2.3761682510375977, 0.0, 0.0, 0.0, 0.0, 0.0, 0.0
2.3861711025238037, 0.0, 0.0, 0.0, 0.0, 0.0, 0.0
2.3961946964263916, 0.0, 0.0, 0.0, 0.0, 0.0, 0.0
2.406165361404419, 0.0, 0.0, 0.0, 0.0, 0.0, 0.0
2.416173219680786, 0.0, 0.0, 0.0, 0.0, 0.0, 0.0
2.426182746887207, 0.0, 0.0, 0.0, 0.0, 0.0, 0.0
2.436171770095825, 0.0, 0.0, 0.0, 0.0, 0.0, 0.0
2.4461777210235596, 0.0, 0.0, 0.0, 0.0, 0.0, 0.0
2.456197500228882, 0.0, 0.0, 0.0, 0.0, 0.0, 0.0
2.4661552906036377, 0.0, 0.0, 0.0, 0.0, 0.0, 0.0
2.476167678833008, 0.0, 0.0, 0.0, 0.0, 0.0, 0.0
2.486198902130127, 0.0, 0.0, 0.0, 0.0, 0.0, 0.0
2.4961724281311035, 0.0, 0.0, 0.0, 0.0, 0.0, 0.0
2.5061655044555664, 0.0, 0.0, 0.0, 0.0, 0.0, 0.0
2.5161983966827393, 0.0, 0.0, 0.0, 0.0, 0.0, 0.0
2.5261752605438232, 0.0, 0.0, 0.0, 0.0, 0.0, 0.0
2.53617525100708, 0.0, 0.0, 0.0, 0.0, 0.0, 0.0
2.5461723804473877, 0.0, 0.0, 0.0, 0.0, 0.0, 0.0
2.556156635284424, 0.0, 0.0, 0.0, 0.0, 0.0, 0.0
2.566166639328003, 0.0, 0.0, 0.0, 0.0, 0.0, 0.0
2.576195478439331, 0.0, 0.0, 0.0, 0.0, 0.0, 0.0
2.5861945152282715, 0.0, 0.0, 0.0, 0.0, 0.0, 0.0
2.596160411834717, 0.0, 0.0, 0.0, 0.0, 0.0, 0.0
2.6062092781066895, 0.0, 0.0, 0.0, 0.0, 0.0, 0.0
2.6161742210388184, 0.0, 0.0, 0.0, 0.0, 0.0, 0.0
2.62616229057312, 0.0, 0.0, 0.0, 0.0, 0.0, 0.0
2.6361749172210693, 0.0, 0.0, 0.0, 0.0, 0.0, 0.0
2.6461710929870605, 0.0, 0.0, 0.0, 0.0, 0.0, 0.0
2.656172513961792, 0.0, 0.0, 0.0, 0.0, 0.0, 0.0
2.6661906242370605, 0.0, 0.0, 0.0, 0.0, 0.0, 0.0
2.6761634349823, 0.0, 0.0, 0.0, 0.0, 0.0, 0.0
2.6861908435821533, 0.0, 0.0, 0.0, 0.0, 0.0, 0.0
2.696180820465088, 0.0, 0.0, 0.0, 0.0, 0.0, 0.0
2.706191301345825, 0.0, 0.0, 0.0, 0.0, 0.0, 0.0
2.7161619663238525, 0.0, 0.0, 0.0, 0.0, 0.0, 0.0
2.726180076599121, 0.0, 0.0, 0.0, 0.0, 0.0, 0.0
2.7361948490142822, 0.0, 0.0, 0.0, 0.0, 0.0, 0.0
2.7461559772491455, 0.0, 0.0, 0.0, 0.0, 0.0, 0.0
2.75616455078125, 0.0, 0.0, 0.0, 0.0, 0.0, 0.0
2.7661831378936768, 0.0, 0.0, 0.0, 0.0, 0.0, 0.0
2.776165008544922, 0.0, 0.0, 0.0, 0.0, 0.0, 0.0
2.786205768585205, 0.0, 0.0, 0.0, 0.0, 0.0, 0.0
2.796149730682373, 0.0, 0.0, 0.0, 0.0, 0.0, 0.0
2.8061585426330566, 0.0, 0.0, 0.0, 0.0, 0.0, 0.0
2.8161606788635254, 0.0, 0.0, 0.0, 0.0, 0.0, 0.0
2.8261892795562744, 0.0, 0.0, 0.0, 0.0, 0.0, 0.0
2.836155891418457, 0.0, 0.0, 0.0, 0.0, 0.0, 0.0
2.8461577892303467, 0.0, 0.0, 0.0, 0.0, 0.0, 0.0
2.856163263320923, 0.0, 0.0, 0.0, 0.0, 0.0, 0.0
2.8661537170410156, 0.0, 0.0, 0.0, 0.0, 0.0, 0.0
2.876189947128296, 0.0, 0.0, 0.0, 0.0, 0.0, 0.0
2.8861684799194336, 0.0, 0.0, 0.0, 0.0, 0.0, 0.0
2.8961570262908936, 0.0, 0.0, 0.0, 0.0, 0.0, 0.0
2.9061551094055176, 0.0, 0.0, 0.0, 0.0, 0.0, 0.0
2.916168689727783, 0.0, 0.0, 0.0, 0.0, 0.0, 0.0
2.9261841773986816, 0.0, 0.0, 0.0, 0.0, 0.0, 0.0
2.936159372329712, 0.0, 0.0, 0.0, 0.0, 0.0, 0.0
2.9461543560028076, 0.0, 0.0, 0.0, 0.0, 0.0, 0.0
2.9561679363250732, 0.0, 0.0, 0.0, 0.0, 0.0, 0.0
2.966154098510742, 0.0, 0.0, 0.0, 0.0, 0.0, 0.0
2.97615909576416, 0.0, 0.0, 0.0, 0.0, 0.0, 0.0
2.986192226409912, 0.0, 0.0, 0.0, 0.0, 0.0, 0.0
2.996161699295044, 0.0, 0.0, 0.0, 0.0, 0.0, 0.0
3.0061631202697754, 0.0, 0.0, 0.0, 0.0, 0.0, 0.0
3.0161964893341064, 0.0, 0.0, 0.0, 0.0, 0.0, 0.0
3.026198387145996, 0.0, 0.0, 0.0, 0.0, 0.0, 0.0
3.036177158355713, 0.0, 0.0, 0.0, 0.0, 0.0, 0.0
3.0461816787719727, 0.0, 0.0, 0.0, 0.0, 0.0, 0.0
3.0561881065368652, 0.0, 0.0, 0.0, 0.0, 0.0, 0.0
3.0661561489105225, 0.0, 0.0, 0.0, 0.0, 0.0, 0.0
3.076169729232788, 0.0, 0.0, 0.0, 0.0, 0.0, 0.0
3.0861618518829346, 0.0, 0.0, 0.0, 0.0, 0.0, 0.0
3.096188545227051, 0.0, 0.0, 0.0, 0.0, 0.0, 0.0
3.1061642169952393, 0.0, 0.0, 0.0, 0.0, 0.0, 0.0
3.1161651611328125, 0.0, 0.0, 0.0, 0.0, 0.0, 0.0
3.1261816024780273, 0.0, 0.0, 0.0, 0.0, 0.0, 0.0
3.1361706256866455, 0.0, 0.0, 0.0, 0.0, 0.0, 0.0
3.1462063789367676, 0.0, 0.0, 0.0, 0.0, 0.0, 0.0
3.156172275543213, 0.0, 0.0, 0.0, 0.0, 0.0, 0.0
3.1661739349365234, 0.0, 0.0, 0.0, 0.0, 0.0, 0.0
3.176168441772461, 0.0, 0.0, 0.0, 0.0, 0.0, 0.0
3.186163902282715, 0.0, 0.0, 0.0, 0.0, 0.0, 0.0
3.1961586475372314, 0.0, 0.0, 0.0, 0.0, 0.0, 0.0
3.2061893939971924, 0.0, 0.0, 0.0, 0.0, 0.0, 0.0
3.2161667346954346, 0.0, 0.0, 0.0, 0.0, 0.0, 0.0
3.226189374923706, 0.0, 0.0, 0.0, 0.0, 0.0, 0.0
3.2361674308776855, 0.0, 0.0, 0.0, 0.0, 0.0, 0.0
3.246189594268799, 0.0, 0.0, 0.0, 0.0, 0.0, 0.0
3.2561652660369873, 0.0, 0.0, 0.0, 0.0, 0.0, 0.0
3.2661635875701904, 0.0, 0.0, 0.0, 0.0, 0.0, 0.0
3.276167392730713, 0.0, 0.0, 0.0, 0.0, 0.0, 0.0
3.286165714263916, 0.0, 0.0, 0.0, 0.0, 0.0, 0.0
3.296172857284546, 0.0, 0.0, 0.0, 0.0, 0.0, 0.0
3.3061652183532715, 0.0, 0.0, 0.0, 0.0, 0.0, 0.0
3.3161981105804443, 0.0, 0.0, 0.0, 0.0, 0.0, 0.0
3.32615327835083, 0.0, 0.0, 0.0, 0.0, 0.0, 0.0
3.336176872253418, 0.0, 0.0, 0.0, 0.0, 0.0, 0.0
3.346177101135254, 0.0, 0.0, 0.0, 0.0, 0.0, 0.0
3.356158494949341, 0.0, 0.0, 0.0, 0.0, 0.0, 0.0
3.3661997318267822, 0.0, 0.0, 0.0, 0.0, 0.0, 0.0
3.37619686126709, 0.0, 0.0, 0.0, 0.0, 0.0, 0.0
3.3861708641052246, 0.0, 0.0, 0.0, 0.0, 0.0, 0.0
3.396169900894165, 0.0, 0.0, 0.0, 0.0, 0.0, 0.0
3.4061553478240967, 0.0, 0.0, 0.0, 0.0, 0.0, 0.0
3.4161858558654785, 0.0, 0.0, 0.0, 0.0, 0.0, 0.0
3.4261748790740967, 0.0, 0.0, 0.0, 0.0, 0.0, 0.0
3.4361655712127686, 0.0, 0.0, 0.0, 0.0, 0.0, 0.0
3.446153402328491, 0.0, 0.0, 0.0, 0.0, 0.0, 0.0
3.4561588764190674, 0.0, 0.0, 0.0, 0.0, 0.0, 0.0
3.4661738872528076, 0.0, 0.0, 0.0, 0.0, 0.0, 0.0
3.4762017726898193, 0.0, 0.0, 0.0, 0.0, 0.0, 0.0
3.4861550331115723, 0.0, 0.0, 0.0, 0.0, 0.0, 0.0
3.4961581230163574, 0.0, 0.0, 0.0, 0.0, 0.0, 0.0
3.50616455078125, 0.0, 0.0, 0.0, 0.0, 0.0, 0.0
3.516174554824829, 0.0, 0.0, 0.0, 0.0, 0.0, 0.0
3.52618408203125, 0.0, 0.0, 0.0, 0.0, 0.0, 0.0
3.5361990928649902, 0.0, 0.0, 0.0, 0.0, 0.0, 0.0
3.5462052822113037, 0.0, 0.0, 0.0, 0.0, 0.0, 0.0
3.5561683177948, 0.0, 0.0, 0.0, 0.0, 0.0, 0.0
3.5661725997924805, 0.0, 0.0, 0.0, 0.0, 0.0, 0.0
3.576218605041504, 0.0, 0.0, 0.0, 0.0, 0.0, 0.0
3.5861895084381104, 0.0, 0.0, 0.0, 0.0, 0.0, 0.0
3.596162796020508, 0.0, 0.0, 0.0, 0.0, 0.0, 0.0
3.6061999797821045, 0.0, 0.0, 0.0, 0.0, 0.0, 0.0
3.616164207458496, 0.0, 0.0, 0.0, 0.0, 0.0, 0.0
3.626162052154541, 0.0, 0.0, 0.0, 0.0, 0.0, 0.0
3.636172294616699, 0.0, 0.0, 0.0, 0.0, 0.0, 0.0
3.6461904048919678, 0.0, 0.0, 0.0, 0.0, 0.0, 0.0
3.656186580657959, 0.0, 0.0, 0.0, 0.0, 0.0, 0.0
3.6661880016326904, 0.0, 0.0, 0.0, 0.0, 0.0, 0.0
3.6761727333068848, 0.0, 0.0, 0.0, 0.0, 0.0, 0.0
3.686157703399658, 0.0, 0.0, 0.0, 0.0, 0.0, 0.0
3.6961963176727295, 0.0, 0.0, 0.0, 0.0, 0.0, 0.0
3.7061562538146973, 0.0, 0.0, 0.0, 0.0, 0.0, 0.0
3.7161550521850586, 0.0, 0.0, 0.0, 0.0, 0.0, 0.0
3.7261877059936523, 0.0, 0.0, 0.0, 0.0, 0.0, 0.0
3.73616099357605, 0.0, 0.0, 0.0, 0.0, 0.0, 0.0
3.746152877807617, 0.0, 0.0, 0.0, 0.0, 0.0, 0.0
3.7561745643615723, 0.0, 0.0, 0.0, 0.0, 0.0, 0.0
3.766188144683838, 0.0, 0.0, 0.0, 0.0, 0.0, 0.0
3.7761950492858887, 0.0, 0.0, 0.0, 0.0, 0.0, 0.0
3.786176919937134, 0.0, 0.0, 0.0, 0.0, 0.0, 0.0
3.796189785003662, 0.0, 0.0, 0.0, 0.0, 0.0, 0.0
3.806168556213379, 0.0, 0.0, 0.0, 0.0, 0.0, 0.0
3.8161709308624268, 0.0, 0.0, 0.0, 0.0, 0.0, 0.0
3.8261709213256836, 0.0, 0.0, 0.0, 0.0, 0.0, 0.0
3.8361661434173584, 0.0, 0.0, 0.0, 0.0, 0.0, 0.0
3.8461592197418213, 0.0, 0.0, 0.0, 0.0, 0.0, 0.0
3.8561718463897705, 0.0, 0.0, 0.0, 0.0, 0.0, 0.0
3.866159677505493, 0.0, 0.0, 0.0, 0.0, 0.0, 0.0
3.876159906387329, 0.0, 0.0, 0.0, 0.0, 0.0, 0.0
3.886178970336914, 0.0, 0.0, 0.0, 0.0, 0.0, 0.0
3.8961973190307617, 0.0, 0.0, 0.0, 0.0, 0.0, 0.0
3.906161308288574, 0.0, 0.0, 0.0, 0.0, 0.0, 0.0
3.9161698818206787, 0.0, 0.0, 0.0, 0.0, 0.0, 0.0
3.926161766052246, 0.0, 0.0, 0.0, 0.0, 0.0, 0.0
3.9361696243286133, 0.0, 0.0, 0.0, 0.0, 0.0, 0.0
3.946166753768921, 0.0, 0.0, 0.0, 0.0, 0.0, 0.0
3.9561662673950195, 0.0, 0.0, 0.0, 0.0, 0.0, 0.0
3.9662063121795654, 0.0, 0.0, 0.0, 0.0, 0.0, 0.0
3.976170063018799, 0.0, 0.0, 0.0, 0.0, 0.0, 0.0
3.9861674308776855, 0.0, 0.0, 0.0, 0.0, 0.0, 0.0
3.996164560317993, 0.0, 0.0, 0.0, 0.0, 0.0, 0.0
4.006171703338623, 0.0, 0.0, 0.0, 0.0, 0.0, 0.0
4.016158819198608, 0.0, 0.0, 0.0, 0.0, 0.0, 0.0
4.026156425476074, 0.0, 0.0, 0.0, 0.0, 0.0, 0.0
4.0361785888671875, 0.0, 0.0, 0.0, 0.0, 0.0, 0.0
4.046226501464844, 0.0, 0.0, 0.0, 0.0, 0.0, 0.0
4.056191444396973, 0.0, 0.0, 0.0, 0.0, 0.0, 0.0
4.066173076629639, 0.0, 0.0, 0.0, 0.0, 0.0, 0.0
4.076165199279785, 0.0, 0.0, 0.0, 0.0, 0.0, 0.0
4.08616828918457, 0.0, 0.0, 0.0, 0.0, 0.0, 0.0
4.096171140670776, 0.0, 0.0, 0.0, 0.0, 0.0, 0.0
4.106166124343872, 0.0, 0.0, 0.0, 0.0, 0.0, 0.0
4.116183280944824, 0.0, 0.0, 0.0, 0.0, 0.0, 0.0
4.12617039680481, 0.0, 0.0, 0.0, 0.0, 0.0, 0.0
4.136170387268066, 0.0, 0.0, 0.0, 0.0, 0.0, 0.0
4.146162748336792, 0.0, 0.0, 0.0, 0.0, 0.0, 0.0
4.1561598777771, 0.0, 0.0, 0.0, 0.0, 0.0, 0.0
4.1661763191223145, 0.0, 0.0, 0.0, 0.0, 0.0, 0.0
4.176163673400879, 0.0, 0.0, 0.0, 0.0, 0.0, 0.0
4.18615984916687, 0.0, 0.0, 0.0, 0.0, 0.0, 0.0
4.196174144744873, 0.0, 0.0, 0.0, 0.0, 0.0, 0.0
4.206166744232178, 0.0, 0.0, 0.0, 0.0, 0.0, 0.0
4.216155767440796, 0.0, 0.0, 0.0, 0.0, 0.0, 0.0
4.226156234741211, 0.0, 0.0, 0.0, 0.0, 0.0, 0.0
4.236156463623047, 0.0, 0.0, 0.0, 0.0, 0.0, 0.0
4.24615478515625, 0.0, 0.0, 0.0, 0.0, 0.0, 0.0
4.256171464920044, 0.0, 0.0, 0.0, 0.0, 0.0, 0.0
4.266171932220459, 0.0, 0.0, 0.0, 0.0, 0.0, 0.0
4.276165008544922, 0.0, 0.0, 0.0, 0.0, 0.0, 0.0
4.286181926727295, 0.0, 0.0, 0.0, 0.0, 0.0, 0.0
4.2961835861206055, 0.0, 0.0, 0.0, 0.0, 0.0, 0.0
4.306201457977295, 0.0, 0.0, 0.0, 0.0, 0.0, 0.0
4.316192150115967, 0.0, 0.0, 0.0, 0.0, 0.0, 0.0
4.326209783554077, 0.0, 0.0, 0.0, 0.0, 0.0, 0.0
4.3361921310424805, 0.0, 0.0, 0.0, 0.0, 0.0, 0.0
4.346174716949463, 0.0, 0.0, 0.0, 0.0, 0.0, 0.0
4.356184482574463, 0.0, 0.0, 0.0, 0.0, 0.0, 0.0
4.366196393966675, 0.0, 0.0, 0.0, 0.0, 0.0, 0.0
4.376178979873657, 0.0, 0.0, 0.0, 0.0, 0.0, 0.0
4.386175632476807, 0.0, 0.0, 0.0, 0.0, 0.0, 0.0
4.396203994750977, 0.0, 0.0, 0.0, 0.0, 0.0, 0.0
4.406209707260132, 0.0, 0.0, 0.0, 0.0, 0.0, 0.0
4.41617488861084, 0.0, 0.0, 0.0, 0.0, 0.0, 0.0
4.426177740097046, 0.0, 0.0, 0.0, 0.0, 0.0, 0.0
4.436223268508911, 0.0, 0.0, 0.0, 0.0, 0.0, 0.0
4.446179151535034, 0.0, 0.0, 0.0, 0.0, 0.0, 0.0
4.456188678741455, 0.0, 0.0, 0.0, 0.0, 0.0, 0.0
4.466191291809082, 0.0, 0.0, 0.0, 0.0, 0.0, 0.0
4.476206064224243, 0.0, 0.0, 0.0, 0.0, 0.0, 0.0
4.4861979484558105, 0.0, 0.0, 0.0, 0.0, 0.0, 0.0
4.496163368225098, 0.0, 0.0, 0.0, 0.0, 0.0, 0.0
4.5061774253845215, 0.0, 0.0, 0.0, 0.0, 0.0, 0.0
4.5161731243133545, 0.0, 0.0, 0.0, 0.0, 0.0, 0.0
4.5261664390563965, 0.0, 0.0, 0.0, 0.0, 0.0, 0.0
4.536185264587402, 0.0, 0.0, 0.0, 0.0, 0.0, 0.0
4.546172142028809, 0.0, 0.0, 0.0, 0.0, 0.0, 0.0
4.556165933609009, 0.0, 0.0, 0.0, 0.0, 0.0, 0.0
4.566316843032837, 0.0, 0.0, 0.0, 0.0, 0.0, 0.0
4.576168537139893, 0.0, 0.0, 0.0, 0.0, 0.0, 0.0
4.586177825927734, 0.0, 0.0, 0.0, 0.0, 0.0, 0.0
4.596161127090454, 0.0, 0.0, 0.0, 0.0, 0.0, 0.0
4.606166362762451, 0.0, 0.0, 0.0, 0.0, 0.0, 0.0
4.61618447303772, 0.0, 0.0, 0.0, 0.0, 0.0, 0.0
4.626171112060547, 0.0, 0.0, 0.0, 0.0, 0.0, 0.0
4.636172533035278, 0.0, 0.0, 0.0, 0.0, 0.0, 0.0
4.6461498737335205, 0.0, 0.0, 0.0, 0.0, 0.0, 0.0
4.656160354614258, 0.0, 0.0, 0.0, 0.0, 0.0, 0.0
4.666163444519043, 0.0, 0.0, 0.0, 0.0, 0.0, 0.0
4.67620849609375, 0.0, 0.0, 0.0, 0.0, 0.0, 0.0
4.686169147491455, 0.0, 0.0, 0.0, 0.0, 0.0, 0.0
4.696167230606079, 0.0, 0.0, 0.0, 0.0, 0.0, 0.0
4.706181526184082, 0.0, 0.0, 0.0, 0.0, 0.0, 0.0
4.716156005859375, 0.0, 0.0, 0.0, 0.0, 0.0, 0.0
4.7261574268341064, 0.0, 0.0, 0.0, 0.0, 0.0, 0.0
4.736195802688599, 0.0, 0.0, 0.0, 0.0, 0.0, 0.0
4.746155738830566, 0.0, 0.0, 0.0, 0.0, 0.0, 0.0
4.756167888641357, 0.0, 0.0, 0.0, 0.0, 0.0, 0.0
4.766170978546143, 0.0, 0.0, 0.0, 0.0, 0.0, 0.0
4.776200294494629, 0.0, 0.0, 0.0, 0.0, 0.0, 0.0
4.786172389984131, 0.0, 0.0, 0.0, 0.0, 0.0, 0.0
4.796175718307495, 0.0, 0.0, 0.0, 0.0, 0.0, 0.0
4.80618691444397, 0.0, 0.0, 0.0, 0.0, 0.0, 0.0
4.81617546081543, 0.0, 0.0, 0.0, 0.0, 0.0, 0.0
4.826174259185791, 0.0, 0.0, 0.0, 0.0, 0.0, 0.0
4.8361656665802, 0.0, 0.0, 0.0, 0.0, 0.0, 0.0
4.84617280960083, 0.0, 0.0, 0.0, 0.0, 0.0, 0.0
4.856173038482666, 0.0, 0.0, 0.0, 0.0, 0.0, 0.0
4.866170406341553, 0.0, 0.0, 0.0, 0.0, 0.0, 0.0
4.876163721084595, 0.0, 0.0, 0.0, 0.0, 0.0, 0.0
4.886176109313965, 0.0, 0.0, 0.0, 0.0, 0.0, 0.0
4.896202325820923, 0.0, 0.0, 0.0, 0.0, 0.0, 0.0
4.906159400939941, 0.0, 0.0, 0.0, 0.0, 0.0, 0.0
4.916172027587891, 0.0, 0.0, 0.0, 0.0, 0.0, 0.0
4.926169395446777, 0.0, 0.0, 0.0, 0.0, 0.0, 0.0
4.93615984916687, 0.0, 0.0, 0.0, 0.0, 0.0, 0.0
4.946160078048706, 0.0, 0.0, 0.0, 0.0, 0.0, 0.0
4.956172227859497, 0.0, 0.0, 0.0, 0.0, 0.0, 0.0
4.966175317764282, 0.0, 0.0, 0.0, 0.0, 0.0, 0.0
4.976164817810059, 0.0, 0.0, 0.0, 0.0, 0.0, 0.0
4.986166000366211, 0.0, 0.0, 0.0, 0.0, 0.0, 0.0
4.996161460876465, 0.0, 0.0, 0.0, 0.0, 0.0, 0.0
5.006153106689453, 0.0, 0.0, 0.0, 0.0, 0.0, 0.0
5.016169786453247, 0.0, 0.0, 0.0, 0.0, 0.0, 0.0
5.026165962219238, 0.0, 0.0, 0.0, 0.0, 0.0, 0.0
5.036160945892334, 0.0, 0.0, 0.0, 0.0, 0.0, 0.0
5.0461602210998535, 0.0, 0.0, 0.0, 0.0, 0.0, 0.0
5.056171178817749, 0.0, 0.0, 0.0, 0.0, 0.0, 0.0
5.066158294677734, 0.0, 0.0, 0.0, 0.0, 0.0, 0.0
5.076175689697266, 0.0, 0.0, 0.0, 0.0, 0.0, 0.0
5.086188077926636, 0.0, 0.0, 0.0, 0.0, 0.0, 0.0
5.096192359924316, 0.0, 0.0, 0.0, 0.0, 0.0, 0.0
5.106201648712158, 0.0, 0.0, 0.0, 0.0, 0.0, 0.0
5.116159200668335, 0.0, 0.0, 0.0, 0.0, 0.0, 0.0
5.1261656284332275, 0.0, 0.0, 0.0, 0.0, 0.0, 0.0
5.1361658573150635, 0.0, 0.0, 0.0, 0.0, 0.0, 0.0
5.1461710929870605, 0.0, 0.0, 0.0, 0.0, 0.0, 0.0
5.156198978424072, 0.0, 0.0, 0.0, 0.0, 0.0, 0.0
5.166162729263306, 0.0, 0.0, 0.0, 0.0, 0.0, 0.0
5.176166534423828, 0.0, 0.0, 0.0, 0.0, 0.0, 0.0
5.186203479766846, 0.0, 0.0, 0.0, 0.0, 0.0, 0.0
5.196154594421387, 0.0, 0.0, 0.0, 0.0, 0.0, 0.0
5.2061684131622314, 0.0, 0.0, 0.0, 0.0, 0.0, 0.0
5.216197729110718, 0.0, 0.0, 0.0, 0.0, 0.0, 0.0
5.2261669635772705, 0.0, 0.0, 0.0, 0.0, 0.0, 0.0
5.236159086227417, 0.0, 0.0, 0.0, 0.0, 0.0, 0.0
5.246162176132202, 0.0, 0.0, 0.0, 0.0, 0.0, 0.0
