4.291534423828125e-06, 0.0, 0.0, 0.0, 0.0, 0.0, 0.0
7.987022399902344e-05, 0.0, 0.0, 0.0, 0.0, 0.0, 0.0
0.006419658660888672, 0.0, 0.0, 0.0, 0.0, 0.0, 0.0
0.016458511352539062, 0.0, 0.0, 0.0, 0.0, 0.0, 0.0
0.02643561363220215, 0.0, 0.0, 0.0, 0.0, 0.0, 0.0
0.03644275665283203, 0.0, 0.0, 0.0, 0.0, 0.0, 0.0
0.04642081260681152, 0.0, 0.0, 0.0, 0.0, 0.0, 0.0
0.056436777114868164, 0.0, 0.0, 0.0, 0.0, 0.0, 0.0
0.06646847724914551, 0.0, 0.0, 0.0, 0.0, 0.0, 0.0
0.0764613151550293, 0.0, 0.0, 0.0, 0.0, 0.0, 0.0
0.0865013599395752, 0.0, 0.0, 0.0, 0.0, 0.0, 0.0
0.09649538993835449, 0.0, 0.0, 0.0, 0.0, 0.0, 0.0
0.10649895668029785, 0.0, 0.0, 0.0, 0.0, 0.0, 0.0
0.1165006160736084, 0.0, 0.0, 0.0, 0.0, 0.0, 0.0
0.12649989128112793, 0.0, 0.0, 0.0, 0.0, 0.0, 0.0
0.1364915370941162, 0.0, 0.0, 0.0, 0.0, 0.0, 0.0
0.1464831829071045, 0.0, 0.0, 0.0, 0.0, 0.0, 0.0
0.15646839141845703, 0.0, 0.0, 0.0, 0.0, 0.0, 0.0
0.16646766662597656, 0.0, 0.0, 0.0, 0.0, 0.0, 0.0
0.17647218704223633, 0.0, 0.0, 0.0, 0.0, 0.0, 0.0
0.18644094467163086, 0.0, 0.0, 0.0, 0.0, 0.0, 0.0
0.19645953178405762, 0.0, 0.0, 0.0, 0.0, 0.0, 0.0
0.20646238327026367, 0.0, 0.0, 0.0, 0.0, 0.0, 0.0
0.21703553199768066, 0.0, 0.0, 0.0, 0.0, 0.0, 0.0
0.22645092010498047, 0.0, 0.0, 0.0, 0.0, 0.0, 0.0
0.2364811897277832, 0.0, 0.0, 0.0, 0.0, 0.0, 0.0
0.24643445014953613, 0.0, 0.0, 0.0, 0.0, 0.0, 0.0
0.2564985752105713, 0.0, 0.0, 0.0, 0.0, 0.0, 0.0
0.26651573181152344, 0.0, 0.0, 0.0, 0.0, 0.0, 0.0
0.2765030860900879, 0.0, 0.0, 0.0, 0.0, 0.0, 0.0
0.2864978313446045, 0.0, 0.0, 0.0, 0.0, 0.0, 0.0
0.2964606285095215, 0.0, 0.0, 0.0, 0.0, 0.0, 0.0
0.30641603469848633, 0.0, 0.0, 0.0, 0.0, 0.0, 0.0
0.3164370059967041, 0.0, 0.0, 0.0, 0.0, 0.0, 0.0
0.32646703720092773, 0.0, 0.0, 0.0, 0.0, 0.0, 0.0
0.3364725112915039, 0.0, 0.0, 0.0, 0.0, 0.0, 0.0
0.34647393226623535, 0.0, 0.0, 0.0, 0.0, 0.0, 0.0
0.35656309127807617, 0.0, 0.0, 0.0, 0.0, 0.0, 0.0
0.3665657043457031, 0.0, 0.0, 0.0, 0.0, 0.0, 0.0
0.37656354904174805, 0.0, 0.0, 0.0, 0.0, 0.0, 0.0
0.38649415969848633, 0.0, 0.0, 0.0, 0.0, 0.0, 0.0
0.3965573310852051, 0.0, 0.0, 0.0, 0.0, 0.0, 0.0
0.40657830238342285, 0.0, 0.0, 0.0, 0.0, 0.0, 0.0
0.4164423942565918, 0.0, 0.0, 0.0, 0.0, 0.0, 0.0
0.42641282081604004, 0.0, 0.0, 0.0, 0.0, 0.0, 0.0
0.4364461898803711, 0.0, 0.0, 0.0, 0.0, 0.0, 0.0
0.44646549224853516, 0.0, 0.0, 0.0, 0.0, 0.0, 0.0
0.4565396308898926, 0.0, 0.0, 0.0, 0.0, 0.0, 0.0
0.46646642684936523, 0.0, 0.0, 0.0, 0.0, 0.0, 0.0
0.4764442443847656, 0.0, 0.0, 0.0, 0.0, 0.0, 0.0
0.4864339828491211, 0.0, 0.0, 0.0, 0.0, 0.0, 0.0
0.49640417098999023, 0.0, 0.0, 0.0, 0.0, 0.0, 0.0
0.5064408779144287, 0.0, 0.0, 0.0, 0.0, 0.0, 0.0
0.5164191722869873, 0.0, 0.0, 0.0, 0.0, 0.0, 0.0
0.5264544486999512, 0.0, 0.0, 0.0, 0.0, 0.0, 0.0
0.536419153213501, 0.0, 0.0, 0.0, 0.0, 0.0, 0.0
0.54642653465271, 0.0, 0.0, 0.0, 0.0, 0.0, 0.0
0.5564205646514893, 0.0, 0.0, 0.0, 0.0, 0.0, 0.0
0.5664348602294922, 0.0, 0.0, 0.0, 0.0, 0.0, 0.0
0.5764133930206299, 0.0, 0.0, 0.0, 0.0, 0.0, 0.0
0.5864415168762207, 0.0, 0.0, 0.0, 0.0, 0.0, 0.0
0.5964550971984863, 0.0, 0.0, 0.0, 0.0, 0.0, 0.0
0.6064846515655518, 0.0, 0.0, 0.0, 0.0, 0.0, 0.0
0.6164941787719727, 0.0, 0.0, 0.0, 0.0, 0.0, 0.0
0.6265170574188232, 0.0, 0.0, 0.0, 0.0, 0.0, 0.0
0.636437177658081, 0.0, 0.0, 0.0, 0.0, 0.0, 0.0
0.6464333534240723, 0.0, 0.0, 0.0, 0.0, 0.0, 0.0
0.6564335823059082, 0.0, 0.0, 0.0, 0.0, 0.0, 0.0
0.6664299964904785, 0.0, 0.0, 0.0, 0.0, 0.0, 0.0
0.6764364242553711, 0.0, 0.0, 0.0, 0.0, 0.0, 0.0
0.6864621639251709, 0.0, 0.0, 0.0, 0.0, 0.0, 0.0
0.6964597702026367, 0.0, 0.0, 0.0, 0.0, 0.0, 0.0
0.7064359188079834, 0.0, 0.0, 0.0, 0.0, 0.0, 0.0
0.7164452075958252, 0.0, 0.0, 0.0, 0.0, 0.0, 0.0
0.7264358997344971, 0.0, 0.0, 0.0, 0.0, 0.0, 0.0
0.7364354133605957, 0.0, 0.0, 0.0, 0.0, 0.0, 0.0
0.7465131282806396, 0.0, 0.0, 0.0, 0.0, 0.0, 0.0
0.7564644813537598, 0.0, 0.0, 0.0, 0.0, 0.0, 0.0
0.7664597034454346, 0.0, 0.0, 0.0, 0.0, 0.0, 0.0
0.7764737606048584, 0.0, 0.0, 0.0, 0.0, 0.0, 0.0
0.7864773273468018, 0.0, 0.0, 0.0, 0.0, 0.0, 0.0
0.7965269088745117, 0.0, 0.0, 0.0, 0.0, 0.0, 0.0
0.8064908981323242, 0.0, 0.0, 0.0, 0.0, 0.0, 0.0
0.816472053527832, 0.0, 0.0, 0.0, 0.0, 0.0, 0.0
0.8264837265014648, 0.0, 0.0, 0.0, 0.0, 0.0, 0.0
0.8364734649658203, 0.0, 0.0, 0.0, 0.0, 0.0, 0.0
0.8464913368225098, 0.0, 0.0, 0.0, 0.0, 0.0, 0.0
0.8564772605895996, 0.0, 0.0, 0.0, 0.0, 0.0, 0.0
0.8664944171905518, 0.0, 0.0, 0.0, 0.0, 0.0, 0.0
0.8765032291412354, 0.0, 0.0, 0.0, 0.0, 0.0, 0.0
0.8865206241607666, 0.0, 0.0, 0.0, 0.0, 0.0, 0.0
0.896475076675415, 0.0, 0.0, 0.0, 0.0, 0.0, 0.0
0.9064815044403076, 0.0, 0.0, 0.0, 0.0, 0.0, 0.0
0.9164741039276123, 0.0, 0.0, 0.0, 0.0, 0.0, 0.0
0.9264895915985107, 0.0, 0.0, 0.0, 0.0, 0.0, 0.0
0.9364793300628662, 0.0, 0.0, 0.0, 0.0, 0.0, 0.0
0.9465067386627197, 0.0, 0.0, 0.0, 0.0, 0.0, 0.0
0.9564738273620605, 0.0, 0.0, 0.0, 0.0, 0.0, 0.0
0.966498851776123, 0.0, 0.0, 0.0, 0.0, 0.0, 0.0
0.9764914512634277, 0.0, 0.0, 0.0, 0.0, 0.0, 0.0
0.9864609241485596, 0.0, 0.0, 0.0, 0.0, 0.0, 0.0
0.9964754581451416, 0.0, 0.0, 0.0, 0.0, 0.0, 0.0
1.0065104961395264, 0.0, 0.0, 0.0, 0.0, 0.0, 0.0
1.0164945125579834, 0.0, 0.0, 0.0, 0.0, 0.0, 0.0
1.0264885425567627, 0.0, 0.0, 0.0, 0.0, 0.0, 0.0
1.0364716053009033, 0.0, 0.0, 0.0, 0.0, 0.0, 0.0
1.0465073585510254, 0.0, 0.0, 0.0, 0.0, 0.0, 0.0
1.05647873878479, 0.0, 0.0, 0.0, 0.0, 0.0, 0.0
1.0665106773376465, 0.0, 0.0, 0.0, 0.0, 0.0, 0.0
1.0764820575714111, 0.0, 0.0, 0.0, 0.0, 0.0, 0.0
1.0865345001220703, 0.0, 0.0, 0.0, 0.0, 0.0, 0.0
1.0964889526367188, 0.0, 0.0, 0.0, 0.0, 0.0, 0.0
1.1065223217010498, 0.0, 0.0, 0.0, 0.0, 0.0, 0.0
1.1165053844451904, 0.0, 0.0, 0.0, 0.0, 0.0, 0.0
1.1264779567718506, 0.0, 0.0, 0.0, 0.0, 0.0, 0.0
1.1364469528198242, 0.0, 0.0, 0.0, 0.0, 0.0, 0.0
1.1464691162109375, 0.0, 0.0, 0.0, 0.0, 0.0, 0.0
1.1564826965332031, 0.0, 0.0, 0.0, 0.0, 0.0, 0.0
1.1665050983428955, 0.0, 0.0, 0.0, 0.0, 0.0, 0.0
1.1764540672302246, 0.0, 0.0, 0.0, 0.0, 0.0, 0.0
1.1864819526672363, 0.0, 0.0, 0.0, 0.0, 0.0, 0.0
1.1964833736419678, 0.0, 0.0, 0.0, 0.0, 0.0, 0.0
1.2064869403839111, 0.0, 0.0, 0.0, 0.0, 0.0, 0.0
1.2164862155914307, 0.0, 0.0, 0.0, 0.0, 0.0, 0.0
1.2264931201934814, 0.0, 0.0, 0.0, 0.0, 0.0, 0.0
1.2365562915802002, 0.0, 0.0, 0.0, 0.0, 0.0, 0.0
1.246462345123291, 0.0, 0.0, 0.0, 0.0, 0.0, 0.0
1.256453275680542, 0.0, 0.0, 0.0, 0.0, 0.0, 0.0
1.2664222717285156, 0.0, 0.0, 0.0, 0.0, 0.0, 0.0
1.2764577865600586, 0.0, 0.0, 0.0, 0.0, 0.0, 0.0
1.2864165306091309, 0.0, 0.0, 0.0, 0.0, 0.0, 0.0
1.2964212894439697, 0.0, 0.0, 0.0, 0.0, 0.0, 0.0
1.3064136505126953, 0.0, 0.0, 0.0, 0.0, 0.0, 0.0
1.3164689540863037, 0.0, 0.0, 0.0, 0.0, 0.0, 0.0
1.3264241218566895, 0.0, 0.0, 0.0, 0.0, 0.0, 0.0
1.3364484310150146, 0.0, 0.0, 0.0, 0.0, 0.0, 0.0
1.3464503288269043, 0.0, 0.0, 0.0, 0.0, 0.0, 0.0
1.3564801216125488, 0.0, 0.0, 0.0, 0.0, 0.0, 0.0
1.3664917945861816, 0.0, 0.0, 0.0, 0.0, 0.0, 0.0
1.3764076232910156, 0.0, 0.0, 0.0, 0.0, 0.0, 0.0
1.386415958404541, 0.0, 0.0, 0.0, 0.0, 0.0, 0.0
1.3964569568634033, 0.0, 0.0, 0.0, 0.0, 0.0, 0.0
1.4064459800720215, 0.0, 0.0, 0.0, 0.0, 0.0, 0.0
1.4164421558380127, 0.0, 0.0, 0.0, 0.0, 0.0, 0.0
1.4263896942138672, 0.0, 0.0, 0.0, 0.0, 0.0, 0.0
1.4364385604858398, 0.0, 0.0, 0.0, 0.0, 0.0, 0.0
1.4464168548583984, 0.0, 0.0, 0.0, 0.0, 0.0, 0.0
1.4564661979675293, 0.0, 0.0, 0.0, 0.0, 0.0, 0.0
1.4664263725280762, 0.0, 0.0, 0.0, 0.0, 0.0, 0.0
1.4764039516448975, 0.0, 0.0, 0.0, 0.0, 0.0, 0.0
1.486443281173706, 0.0, 0.0, 0.0, 0.0, 0.0, 0.0
1.4964029788970947, 0.0, 0.0, 0.0, 0.0, 0.0, 0.0
1.5064008235931396, 0.8744680881500244, -2.473137140274048, 0.6331394910812378, -22.603158950805664, 0.0, 0.0
1.5164480209350586, 0.8744680881500244, 0.0, 0.6336153745651245, -0.04876849800348282, 0.0, 0.0
1.526397466659546, 0.8744680881500244, -2.6702916622161865, 0.6467041373252869, -13.28830623626709, 0.0, 0.0
1.5364232063293457, 0.8744680881500244, 0.0, 0.6511954069137573, 3.420774459838867, 0.0, 0.0
1.5463974475860596, 0.8744680881500244, 0.0, 0.6397007703781128, -0.41229957342147827, 0.0, 0.0
1.5564038753509521, 0.8744680881500244, -2.968940258026123, 0.6365177631378174, -20.49033546447754, 0.0, 0.0
1.5664441585540771, 0.8744680881500244, -3.0114619731903076, 0.6352275013923645, -18.327585220336914, 0.0, 0.0
1.5764048099517822, 0.8744680881500244, -2.8251736164093018, 0.6329859495162964, -21.133190155029297, 0.0, 0.0
1.5864295959472656, 0.8744680881500244, 0.0, 0.6499367356300354, 0.0810876190662384, 0.0, 0.0
1.5964250564575195, 0.8744680881500244, -3.023897171020508, 0.6486266851425171, -13.094502449035645, 0.0, 0.0
1.606400966644287, 0.8744680881500244, 0.0, 0.6351790428161621, -3.7641608715057373, 0.0, 0.0
1.6164271831512451, 0.8845946192741394, 2.0242903232574463, 0.7095007300376892, 14.479379653930664, 0.0, 0.0
1.6264030933380127, 0.8744680881500244, 0.0, 0.6289733648300171, 0.07947837561368942, 0.0, 0.0
1.6364052295684814, 0.8845946192741394, 2.0529584884643555, 0.7078322172164917, 15.155913352966309, 0.0, 0.0
1.646425724029541, 0.8744680881500244, -2.9087562561035156, 0.6282235383987427, -21.649065017700195, 0.0, 0.0
1.6564226150512695, 0.8744680881500244, -0.573783278465271, 0.6307574510574341, -3.055110454559326, 0.0, 0.0
1.666407585144043, 0.8744680881500244, 0.0, 0.6423868536949158, 3.35223388671875, 0.0, 0.0
1.6764090061187744, 0.8765957355499268, -2.189493417739868, 0.6304768919944763, -18.58432960510254, 0.0, 0.0
1.686431646347046, 0.8845946192741394, 0.8581340312957764, 0.7341110110282898, 11.118091583251953, 0.0, 0.0
1.6964149475097656, 0.8845946192741394, 0.0, 0.7338051795959473, -1.4417835474014282, 0.0, 0.0
1.7063980102539062, 0.8765957355499268, 0.0, 0.6374669671058655, -2.1740405559539795, 0.0, 0.0
1.7164227962493896, 0.8765957355499268, 0.0, 0.08385995030403137, 0.721383273601532, 0.0, 0.0
1.726405143737793, 0.8765957355499268, 0.0, 0.6537331938743591, -0.6280378699302673, 0.0, 0.0
1.7364017963409424, 0.8845946192741394, 1.639204978942871, 0.7449105978012085, 24.20083999633789, 0.0, 0.0
1.746431827545166, 0.8765957355499268, 0.0, 0.660038411617279, 7.611792087554932, 0.0, 0.0
1.756406307220459, 0.8765957355499268, 0.0, 0.6341376900672913, 0.019139032810926437, 0.0, 0.0
1.7664070129394531, 0.8765957355499268, 0.0, 0.6451818943023682, 3.1486105918884277, 0.0, 0.0
1.776426076889038, 0.8845946192741394, 1.5446412563323975, 0.7544299364089966, 20.08007049560547, 0.0, 0.0
1.7864129543304443, 0.8765957355499268, 0.0, 0.6364369988441467, -7.232827663421631, 0.0, 0.0
1.7964322566986084, 0.8845946192741394, 0.0, 0.7701031565666199, -0.6704168915748596, 0.0, 0.0
1.8064143657684326, 0.8787233829498291, -1.605002760887146, 0.6393314003944397, -35.74897766113281, 0.0, 0.0
1.816413402557373, 0.8787233829498291, 0.0, 0.6463246941566467, -1.2339451313018799, 0.0, 0.0
1.8263530731201172, 0.8787233829498291, 0.0, 0.6424858570098877, -1.819088339805603, 0.0, 0.0
1.8364086151123047, 0.8787233829498291, 0.0, 0.645531952381134, -3.257108449935913, 0.0, 0.0
1.846405029296875, 0.8787233829498291, -1.6896910667419434, 0.6417170166969299, 34.91279602050781, 0.0, 0.0
1.8564293384552002, 0.8872972726821899, 1.7952929735183716, 0.511282742023468, -31.18634605407715, 0.0, 0.0
1.866410255432129, 0.8787233829498291, 0.0, 0.6605392098426819, 0.3496992886066437, 0.0, 0.0
1.876410722732544, 0.8787233829498291, -2.2682929039001465, 0.6550790071487427, -31.081985473632812, 0.0, 0.0
1.886413335800171, 0.8872972726821899, 1.7824790477752686, 0.5113260746002197, -28.095022201538086, 0.0, 0.0
1.8964126110076904, 0.8808510899543762, 0.0, 0.6381701231002808, 0.9497780203819275, 0.0, 0.0
1.906400203704834, 0.8808510899543762, 0.0, 0.655566930770874, 0.7191240191459656, 0.0, 0.0
1.9164133071899414, 0.8872972726821899, 0.0, 0.7746437788009644, 53.05054473876953, 0.0, 0.0
1.9264051914215088, 0.8808510899543762, 0.0, 0.6501339077949524, 1.9254029989242554, 0.0, 0.0
1.9364376068115234, 0.8808510899543762, 0.0, 0.6534751057624817, 1.5695891380310059, 0.0, 0.0
1.9464054107666016, 0.8872972726821899, 1.3072311878204346, 0.519132137298584, -30.018686294555664, 0.0, 0.0
1.9564177989959717, 0.8808510899543762, -0.6283215284347534, 0.6626858711242676, -1.1727268695831299, 0.0, 0.0
1.9663989543914795, 0.8808510899543762, -0.5808416604995728, 0.6412377953529358, -2.294804334640503, 0.0, 0.0
1.9764082431793213, 0.8829787373542786, 0.0, 0.6561951637268066, 0.791816234588623, 0.0, 0.0
1.986405849456787, 0.8829787373542786, 0.0, 0.6415594220161438, 0.9612894058227539, 0.0, 0.0
1.9964003562927246, 0.8829787373542786, 0.0, 0.6598003506660461, 4.725531101226807, 0.0, 0.0
2.0064008235931396, 0.8829787373542786, 0.0, 0.6702167391777039, 4.621523857116699, 0.0, 0.0
2.016404628753662, 0.8872972726821899, 0.8863481879234314, 0.7685374021530151, 21.127370834350586, 0.0, 0.0
2.0264017581939697, 0.8872972726821899, 0.0, 0.5342963933944702, 0.27442556619644165, 0.0, 0.0
2.0364091396331787, 0.8851063847541809, 0.6110271215438843, 0.6683657169342041, -0.23534919321537018, 0.0, 0.0
2.046401262283325, 0.8851063847541809, -0.5897799134254456, 0.6508210897445679, 31.70685577392578, 0.0, 0.0
2.0564019680023193, 0.8851063847541809, 0.0, 0.6799601316452026, 0.30054181814193726, 0.0, 0.0
2.0663936138153076, 0.8851063847541809, -0.607802152633667, 0.6723108291625977, 36.59798049926758, 0.0, 0.0
2.076399326324463, 0.8851063847541809, 0.0, 0.6633127927780151, -0.4877023696899414, 0.0, 0.0
2.086402177810669, 0.8872972726821899, 0.4547387659549713, 0.5343134999275208, -28.81197738647461, 0.0, 0.0
2.096397876739502, 0.8851063847541809, -0.6044439077377319, 0.6703611016273499, 36.65350341796875, 0.0, 0.0
2.1064047813415527, 0.8872340321540833, -0.017712105065584183, 0.6863744258880615, 42.83394241333008, 0.0, 0.0
2.116431713104248, 0.8872340321540833, 0.0, 0.6812359690666199, -1.1495275497436523, 0.0, 0.0
2.126418113708496, 0.8872340321540833, 0.0, 0.6928331255912781, 4.287520408630371, 0.0, 0.0
2.1364028453826904, 0.8872340321540833, 0.0, 0.6577200889587402, 0.4723183512687683, 0.0, 0.0
2.1464109420776367, 0.8872340321540833, 0.0, 0.6747175455093384, -0.7069374322891235, 0.0, 0.0
2.1564018726348877, 0.8872972726821899, 0.01162007823586464, 0.5400813221931458, -26.40498161315918, 0.0, 0.0
2.1664061546325684, 0.8872340321540833, 0.0, 0.6773121953010559, 1.140764832496643, 0.0, 0.0
2.1764066219329834, 0.8872340321540833, 0.0, 0.6866531372070312, -0.3567557632923126, 0.0, 0.0
2.186415910720825, 0.8893616795539856, 0.0, 0.6905521154403687, -2.5333285331726074, 0.0, 0.0
2.19640851020813, 0.8893616795539856, 0.0, 0.6871463656425476, 0.1028403714299202, 0.0, 0.0
2.206605911254883, 0.8893616795539856, 0.0, 0.6925733685493469, -1.096288800239563, 0.0, 0.0
2.2164080142974854, 0.8893616795539856, 0.0, 0.6811515688896179, 1.177740216255188, 0.0, 0.0
2.2264034748077393, 0.8893616795539856, 0.0, 0.6901012063026428, -4.542166709899902, 0.0, 0.0
2.2364792823791504, 0.8893616795539856, 0.0, 0.6899036169052124, -0.009609922766685486, 0.0, 0.0
2.2464122772216797, 0.8893616795539856, 0.0, 0.6787660121917725, -1.0341376066207886, 0.0, 0.0
2.256402015686035, 0.8893616795539856, 0.0, 0.7032718658447266, -0.02822362631559372, 0.0, 0.0
2.266414165496826, 0.8893616795539856, 0.0, 0.7040389180183411, 0.1707352101802826, 0.0, 0.0
2.2764134407043457, 0.8893616795539856, 0.0, 0.7051616907119751, 0.09472838789224625, 0.0, 0.0
2.2864017486572266, 0.8893616795539856, 0.0, 0.7054582834243774, -0.32632726430892944, 0.0, 0.0
2.296405792236328, 0.8914893865585327, 0.0, 0.6924217343330383, -0.41416922211647034, 0.0, 0.0
2.306439161300659, 0.8872972726821899, -0.8410002589225769, 0.5651118159294128, -27.700761795043945, 0.0, 0.0
2.3164353370666504, 0.8872972726821899, 0.0, 0.5563149452209473, -1.0429716110229492, 0.0, 0.0
2.3265380859375, 0.8872972726821899, -0.9015429615974426, 0.5629014372825623, -30.796154022216797, 0.0, 0.0
2.3364057540893555, 0.8914893865585327, 0.0, 0.7023428678512573, 1.1642097234725952, 0.0, 0.0
2.346404552459717, 0.8914893865585327, 0.0, 0.7158442139625549, 2.6950161457061768, 0.0, 0.0
2.3563990592956543, 0.8914893865585327, 0.0, 0.7191256880760193, 4.072737216949463, 0.0, 0.0
2.3663957118988037, 0.8914893865585327, 1.2376147508621216, 0.7188608646392822, 46.89924240112305, 0.0, 0.0
2.3764021396636963, 0.8872972726821899, -0.9384997487068176, 0.5673263072967529, -30.644237518310547, 0.0, 0.0
2.386592388153076, 0.8872972726821899, -0.9488312602043152, 0.5669509768486023, -30.880537033081055, 0.0, 0.0
2.396416425704956, 0.8936170339584351, 0.0, 0.725354015827179, -0.05804431438446045, 0.0, 0.0
2.4064383506774902, 0.8936170339584351, 0.6182231307029724, 0.7302462458610535, -0.09469570964574814, 0.0, 0.0
2.416409730911255, 0.8914893865585327, 0.0, 0.7071765065193176, 1.1172767877578735, 0.0, 0.0
2.426431179046631, 0.8936170339584351, 0.0, 0.7263264060020447, 5.349113941192627, 0.0, 0.0
2.436436891555786, 0.8936170339584351, 1.769954800605774, 0.7240357995033264, 44.54121780395508, 0.0, 0.0
2.446432590484619, 0.8936170339584351, 0.0, 0.7168132662773132, -1.2266769409179688, 0.0, 0.0
2.4564030170440674, 0.8936170339584351, 1.038465976715088, 0.6969296336174011, 22.437238693237305, 0.0, 0.0
2.4664385318756104, 0.8872972726821899, -1.3737674951553345, 0.5625995993614197, -30.2467098236084, 0.0, 0.0
2.4764463901519775, 0.8936170339584351, 0.0, 0.7087644934654236, -5.919929027557373, 0.0, 0.0
2.4863994121551514, 0.8936170339584351, 1.9725289344787598, 0.7391511797904968, 54.75779724121094, 0.0, 0.0
2.4963929653167725, 0.8872972726821899, -1.4494911432266235, 0.566259503364563, -40.04358673095703, 0.0, 0.0
2.5064563751220703, 0.8936170339584351, 0.0, 0.7211244106292725, -8.204825401306152, 0.0, 0.0
2.5164506435394287, 0.8936170339584351, 0.0, 0.7078801989555359, -0.9340971112251282, 0.0, 0.0
2.5264105796813965, 0.8872972726821899, -1.375264286994934, 0.5677587985992432, -32.574737548828125, 0.0, 0.0
2.536393880844116, 0.8936170339584351, 0.0, 0.730552613735199, -0.19246572256088257, 0.0, 0.0
2.546433687210083, 0.8936170339584351, 0.0, 0.7462403178215027, 0.9565474987030029, 0.0, 0.0
2.55639910697937, 0.8936170339584351, 1.8381999731063843, 0.7409128546714783, 49.8515739440918, 0.0, 0.0
2.5664381980895996, 0.8936170339584351, 0.0, 0.730617880821228, -9.000130653381348, 0.0, 0.0
2.576427698135376, 0.8872972726821899, 0.0, 0.575451672077179, -0.2839471995830536, 0.0, 0.0
2.5864124298095703, 0.8936170339584351, 1.6347112655639648, 0.736096203327179, 41.47776794433594, 0.0, 0.0
2.59641695022583, 0.8936170339584351, 0.0, 0.7361684441566467, 1.3414052724838257, 0.0, 0.0
2.606412410736084, 0.8872972726821899, -0.9880658984184265, 0.5602158308029175, -29.054988861083984, 0.0, 0.0
2.616426467895508, 0.8872972726821899, 0.0, 0.5572014451026917, -0.2643698751926422, 0.0, 0.0
2.6264376640319824, 0.8845946192741394, -0.558504045009613, 0.5679944157600403, 2.4550461769104004, 0.0, 0.0
2.636399030685425, 0.8936170339584351, 0.0, 0.7110353112220764, -7.125320911407471, 0.0, 0.0
2.646401882171631, 0.8936170339584351, 0.0, 0.7155565023422241, -5.840178966522217, 0.0, 0.0
2.656409502029419, 0.8936170339584351, 0.0, 0.7389644980430603, 2.232137680053711, 0.0, 0.0
2.6664626598358154, 0.8872972726821899, -1.268816351890564, 0.5692410469055176, -35.432376861572266, 0.0, 0.0
2.676408529281616, 0.8936170339584351, 0.0, 0.747698187828064, -0.5129363536834717, 0.0, 0.0
2.686427116394043, 0.8845946192741394, 0.0, 0.5658215880393982, -0.6460806727409363, 0.0, 0.0
2.696390151977539, 0.8845946192741394, 0.0, 0.5651671886444092, -0.4748191833496094, 0.0, 0.0
2.7064049243927, 0.8845946192741394, -1.7560464143753052, 0.569359302520752, -34.42902755737305, 0.0, 0.0
2.716454267501831, 0.8936170339584351, 0.0, 0.7471761107444763, 0.0036823973059654236, 0.0, 0.0
2.7264184951782227, 0.8914893865585327, 1.931909203529358, 0.7497875094413757, 50.65739059448242, 0.0, 0.0
2.736483097076416, 0.8914893865585327, 1.9542336463928223, 0.7512054443359375, 51.9893913269043, 0.0, 0.0
2.7463998794555664, 0.8845946192741394, 0.0, 0.5718048810958862, 1.415671944618225, 0.0, 0.0
2.756410598754883, 0.8845946192741394, -1.362677812576294, 0.560423731803894, -36.92919921875, 0.0, 0.0
2.7664268016815186, 0.8914893865585327, 1.8553121089935303, 0.7490043640136719, 50.6629524230957, 0.0, 0.0
2.7764196395874023, 0.8845946192741394, 0.0, 0.5584388971328735, -1.3474764823913574, 0.0, 0.0
2.7864158153533936, 0.8845946192741394, 0.0, 0.5648854374885559, -0.10842576622962952, 0.0, 0.0
2.7964026927948, 0.8914893865585327, 1.930619478225708, 0.7454172372817993, 52.1816520690918, 0.0, 0.0
2.8063955307006836, 0.8914893865585327, 1.9702104330062866, 0.7547448873519897, 55.59125518798828, 0.0, 0.0
2.816408157348633, 0.8914893865585327, 1.9551584720611572, 0.7558494806289673, 54.09628677368164, 0.0, 0.0
2.826446056365967, 0.8845946192741394, -1.4244285821914673, 0.5589256882667542, -40.674835205078125, 0.0, 0.0
2.8364064693450928, 0.8845946192741394, 0.0, 0.5598803758621216, 0.1473100185394287, 0.0, 0.0
2.846409797668457, 0.8845946192741394, 0.0, 0.554340660572052, -1.575963020324707, 0.0, 0.0
2.8563954830169678, 0.8893616795539856, 1.288899540901184, 0.7458702325820923, 51.184017181396484, 0.0, 0.0
2.866461992263794, 0.8845946192741394, -0.9709935188293457, 0.55705326795578, -39.00389862060547, 0.0, 0.0
2.876434326171875, 0.8893616795539856, 1.3155272006988525, 0.7517601847648621, 54.711368560791016, 0.0, 0.0
2.886402130126953, 0.8845946192741394, 0.0, 0.5538960695266724, 1.2596547603607178, 0.0, 0.0
2.896392583847046, 0.8845946192741394, -0.9712293148040771, 0.5396097302436829, -43.05717468261719, 0.0, 0.0
2.906403064727783, 0.8845946192741394, 0.0, 0.5459648370742798, -1.8289752006530762, 0.0, 0.0
2.916417360305786, 0.8893616795539856, 1.3552052974700928, 0.7472721338272095, 57.51286697387695, 0.0, 0.0
2.9264209270477295, 0.8845946192741394, 0.0, 0.5411118865013123, -1.6615270376205444, 0.0, 0.0
2.936540126800537, 0.8845946192741394, 0.0, 0.7704794406890869, 47.13473129272461, 0.0, 0.0
2.946415662765503, 0.8845946192741394, 0.0, 0.537774920463562, 0.24552562832832336, 0.0, 0.0
2.9564340114593506, 0.8872340321540833, 0.0, 0.753217875957489, -0.3951471745967865, 0.0, 0.0
2.9664466381073, 0.8845946192741394, 0.0, 0.7537208199501038, -2.064037561416626, 0.0, 0.0
2.9764277935028076, 0.8845946192741394, -0.5561741590499878, 0.7546828389167786, -2.112086296081543, 0.0, 0.0
2.9864017963409424, 0.8845946192741394, 0.0, 0.7548685073852539, -0.4875187873840332, 0.0, 0.0
2.9964277744293213, 0.8845946192741394, 0.0, 0.7517656683921814, 48.1356315612793, 0.0, 0.0
3.006420135498047, 0.8845946192741394, 0.0, 0.7510719895362854, 3.0614256858825684, 0.0, 0.0
3.016430377960205, 0.8845946192741394, 0.0, 0.7398499846458435, 2.237846612930298, 0.0, 0.0
3.0264170169830322, 0.8845946192741394, 0.0, 0.5362043976783752, 1.7916455268859863, 0.0, 0.0
3.036405563354492, 0.8845946192741394, 0.0, 0.7352198958396912, -1.9629682302474976, 0.0, 0.0
3.046433448791504, 0.8845946192741394, 0.0, 0.7246267795562744, 1.230808138847351, 0.0, 0.0
3.05643892288208, 0.8818919062614441, -0.5002408027648926, 0.7238473296165466, -4.496097087860107, 0.0, 0.0
3.0664284229278564, 0.8845946192741394, 0.0, 0.7179973125457764, -1.1486761569976807, 0.0, 0.0
3.0764033794403076, 0.8845946192741394, 0.0, 0.7276462316513062, -1.9756250381469727, 0.0, 0.0
3.086404323577881, 0.8845946192741394, -0.09685931354761124, 0.7180750966072083, -6.834868431091309, 0.0, 0.0
3.096405029296875, 0.8818919062614441, -0.5370709896087646, 0.517240583896637, -42.765892028808594, 0.0, 0.0
3.106410264968872, 0.8818919062614441, 0.0, 0.7284517884254456, 42.17299270629883, 0.0, 0.0
3.1164393424987793, 0.8818919062614441, 0.0, 0.7265685796737671, 0.38823068141937256, 0.0, 0.0
3.1264097690582275, 0.8818919062614441, 0.0, 0.7316122651100159, 1.130730152130127, 0.0, 0.0
3.1364128589630127, 0.8818919062614441, 0.0, 0.7174529433250427, -1.015694499015808, 0.0, 0.0
3.146413564682007, 0.8818919062614441, 0.0, 0.7240806818008423, 3.5819714069366455, 0.0, 0.0
3.1564266681671143, 0.8818919062614441, 0.0, 0.7265182733535767, 0.9821942448616028, 0.0, 0.0
3.1664035320281982, 0.8845946192741394, 0.5399874448776245, 0.5063868165016174, -43.36676788330078, 0.0, 0.0
3.1763997077941895, 0.8818919062614441, 0.0, 0.729430615901947, 3.75705623626709, 0.0, 0.0
3.186412811279297, 0.8818919062614441, 0.0, 0.7251796722412109, -1.2555921077728271, 0.0, 0.0
3.1964032649993896, 0.8818919062614441, 0.0, 0.7112110257148743, 0.445107102394104, 0.0, 0.0
3.2064225673675537, 0.8818919062614441, 0.0, 0.7393863201141357, 43.834781646728516, 0.0, 0.0
3.216397762298584, 0.8818919062614441, 0.0, 0.7009465098381042, -3.788360834121704, 0.0, 0.0
3.2264225482940674, 0.8818919062614441, 0.0, 0.7347166538238525, 1.9054828882217407, 0.0, 0.0
3.2364132404327393, 0.8818919062614441, 0.0, 0.699042558670044, 2.1614954471588135, 0.0, 0.0
3.246403455734253, 0.8818919062614441, 0.0, 0.7106846570968628, 5.522796154022217, 0.0, 0.0
3.256397247314453, 0.8818919062614441, 0.0, 0.5128675699234009, -37.935020446777344, 0.0, 0.0
3.2664129734039307, 0.8818919062614441, 0.0, 0.6744349002838135, -3.7899646759033203, 0.0, 0.0
3.2764198780059814, 0.8818919062614441, 0.0, 0.7163478136062622, 15.099656105041504, 0.0, 0.0
3.2864181995391846, 0.8818919062614441, 0.0, 0.6398928761482239, -2.7727649211883545, 0.0, 0.0
3.296412467956543, 0.8818919062614441, 0.0, 0.6568655371665955, -1.0219660997390747, 0.0, 0.0
3.3064210414886475, 0.8818919062614441, 0.0, 0.632632315158844, -4.647409439086914, 0.0, 0.0
3.3164050579071045, 0.8818919062614441, 0.0, 0.6140792369842529, -0.32237377762794495, 0.0, 0.0
3.3264224529266357, 0.8818919062614441, 0.0, 0.6369513273239136, -10.547567367553711, 0.0, 0.0
3.3364055156707764, 0.8845946192741394, 0.26591500639915466, 0.6936376690864563, 5.577289581298828, 0.0, 0.0
3.346428871154785, 0.8845946192741394, 0.26591500639915466, 0.6936376690864563, 5.577289581298828, 0.0, 0.0
3.3564987182617188, 0.8818919062614441, -0.15346857905387878, 0.6779422163963318, -0.891242265701294, 0.0, 0.0
3.366424322128296, 0.8818919062614441, 0.0, 0.6905810832977295, 1.435532569885254, 0.0, 0.0
3.3764379024505615, 0.8818919062614441, 0.0, 0.6905810832977295, 1.435532569885254, 0.0, 0.0
3.3864428997039795, 0.8818919062614441, -0.5416128635406494, 0.669163703918457, -3.267503023147583, 0.0, 0.0
3.396416664123535, 0.8818919062614441, 0.0, 0.6764204502105713, 0.9892342686653137, 0.0, 0.0
3.406458854675293, 0.8818919062614441, 0.0, 0.6478680372238159, -1.9891382455825806, 0.0, 0.0
3.416402578353882, 0.8845946192741394, 0.542961835861206, 0.646345853805542, -3.6318960189819336, 0.0, 0.0
3.426405429840088, 0.8845946192741394, 0.0, 0.6671153903007507, 1.909973382949829, 0.0, 0.0
3.436418294906616, 0.8845946192741394, 0.5056857466697693, 0.6358863711357117, -7.32295036315918, 0.0, 0.0
3.4464054107666016, 0.8818919062614441, -0.4817047119140625, 0.6621819138526917, 4.686680793762207, 0.0, 0.0
3.456407308578491, 0.8845946192741394, 0.0, 0.6263577342033386, 2.190995693206787, 0.0, 0.0
3.466404438018799, 0.8845946192741394, 0.0, 0.6474180817604065, 5.219903469085693, 0.0, 0.0
3.4764084815979004, 0.8845946192741394, 0.0, 0.6267510056495667, -2.859537124633789, 0.0, 0.0
3.4864752292633057, 0.8845946192741394, 0.0, 0.6544095873832703, 10.696625709533691, 0.0, 0.0
3.4963936805725098, 0.8845946192741394, 0.0, 0.6025246977806091, -5.28967809677124, 0.0, 0.0
3.5064423084259033, 0.8845946192741394, 0.0, 0.6264874935150146, -2.2558891773223877, 0.0, 0.0
3.5164313316345215, 0.8845946192741394, 0.0, 0.6206926107406616, -3.582716703414917, 0.0, 0.0
3.526433229446411, 0.8845946192741394, 0.0, 0.6184813380241394, -0.30780941247940063, 0.0, 0.0
3.53641414642334, 0.8845946192741394, 0.0, 0.6056737303733826, -3.771181106567383, 0.0, 0.0
3.5464117527008057, 0.8845946192741394, 0.0, 0.6338345408439636, 1.1251980066299438, 0.0, 0.0
3.556410074234009, 0.8845946192741394, 0.0, 0.6004186868667603, -1.779371738433838, 0.0, 0.0
3.5664098262786865, 0.8845946192741394, 0.0, 0.6209412217140198, 9.62236499786377, 0.0, 0.0
3.576404571533203, 0.8845946192741394, 0.0, 0.6292672157287598, 5.255348205566406, 0.0, 0.0
3.5864031314849854, 0.8845946192741394, 0.0, 0.6108337640762329, -1.9467216730117798, 0.0, 0.0
3.5964128971099854, 0.8845946192741394, 0.0, 0.6101453304290771, -3.8568389415740967, 0.0, 0.0
3.60640287399292, 0.8845946192741394, 0.0, 0.6074891686439514, 0.7179701924324036, 0.0, 0.0
3.6163904666900635, 0.8845946192741394, 0.0, 0.6092396974563599, 1.1535104513168335, 0.0, 0.0
3.6264283657073975, 0.8845946192741394, 0.0, 0.6349648237228394, 4.207565784454346, 0.0, 0.0
3.6364200115203857, 0.8845946192741394, 0.0, 0.6250516176223755, -2.0350890159606934, 0.0, 0.0
3.646406412124634, 0.8845946192741394, 0.0, 0.6270846128463745, 0.7094041109085083, 0.0, 0.0
3.6563985347747803, 0.8845946192741394, 0.0, 0.6158657670021057, -2.445084571838379, 0.0, 0.0
3.666403293609619, 0.8845946192741394, 0.0, 0.6080765724182129, -2.766671895980835, 0.0, 0.0
3.676431894302368, 0.8845946192741394, 0.0, 0.612583577632904, -4.536186695098877, 0.0, 0.0
3.6864490509033203, 0.8845946192741394, 0.0, 0.6474597454071045, 2.778813123703003, 0.0, 0.0
3.696404457092285, 0.8845946192741394, 0.0, 0.6920865774154663, 5.164470672607422, 0.0, 0.0
3.7064149379730225, 0.8845946192741394, 0.0, 0.6475841403007507, -1.47370445728302, 0.0, 0.0
3.7163994312286377, 0.8845946192741394, 0.0, 0.6137957572937012, -1.7576355934143066, 0.0, 0.0
3.7263972759246826, 0.8845946192741394, 0.0, 0.6628795862197876, 1.7357516288757324, 0.0, 0.0
3.736424446105957, 0.8845946192741394, 0.0, 0.652881920337677, 4.577940940856934, 0.0, 0.0
3.7463979721069336, 0.8845946192741394, 0.0, 0.4700026512145996, -40.666648864746094, 0.0, 0.0
3.756432294845581, 0.8845946192741394, 0.0, 0.46995809674263, -30.8685245513916, 0.0, 0.0
3.766396999359131, 0.8845946192741394, -0.5663730502128601, 0.6667492985725403, 1.6774110794067383, 0.0, 0.0
3.776404857635498, 0.8845946192741394, 0.0, 0.6724275946617126, 1.2003439664840698, 0.0, 0.0
3.7864129543304443, 0.8845946192741394, -0.5858981013298035, 0.691288948059082, 10.611438751220703, 0.0, 0.0
3.796407699584961, 0.8872972726821899, 0.5892481803894043, 0.6971800327301025, 1.0031827688217163, 0.0, 0.0
3.8064019680023193, 0.8872972726821899, 0.5926368236541748, 0.6715585589408875, 38.23952865600586, 0.0, 0.0
3.8164098262786865, 0.8845946192741394, -0.5469437837600708, 0.6872272491455078, 41.44886016845703, 0.0, 0.0
3.826415538787842, 0.8872972726821899, 0.5608528256416321, 0.6944948434829712, 0.6973042488098145, 0.0, 0.0
3.836398124694824, 0.8872972726821899, 0.0, 0.6866249442100525, 3.7637717723846436, 0.0, 0.0
3.846392869949341, 0.8872972726821899, 0.0, 0.6822890639305115, 1.4563910961151123, 0.0, 0.0
3.856398344039917, 0.8872972726821899, 0.0, 0.4830755889415741, -37.605281829833984, 0.0, 0.0
3.86641526222229, 0.8872972726821899, 0.0, 0.6727864742279053, 38.325477600097656, 0.0, 0.0
3.8764092922210693, 0.8872972726821899, 0.0, 0.4955163598060608, 1.2965425252914429, 0.0, 0.0
3.8864119052886963, 0.8872972726821899, 0.0, 0.6892958879470825, 42.5484733581543, 0.0, 0.0
3.8964321613311768, 0.8872972726821899, 0.0, 0.688344419002533, 2.5807507038116455, 0.0, 0.0
3.906438112258911, 0.8872972726821899, 0.0, 0.49407637119293213, -0.4250773787498474, 0.0, 0.0
3.9163997173309326, 0.8872972726821899, 0.0, 0.6868640184402466, 40.8969612121582, 0.0, 0.0
3.9264163970947266, 0.8872972726821899, 0.0, 0.6883450150489807, -1.7790871858596802, 0.0, 0.0
3.936436176300049, 0.8872972726821899, 0.0, 0.6894646883010864, 40.283451080322266, 0.0, 0.0
3.9464111328125, 0.8872972726821899, 0.0, 0.6899532079696655, 0.8437116146087646, 0.0, 0.0
3.9564218521118164, 0.8872972726821899, 0.0, 0.5101307034492493, -35.35429763793945, 0.0, 0.0
3.9664273262023926, 0.8872972726821899, 0.0, 0.6789994835853577, -4.743751049041748, 0.0, 0.0
3.9764046669006348, 0.8872972726821899, 0.0, 0.5087612867355347, -41.17017364501953, 0.0, 0.0
3.9864065647125244, 0.8872972726821899, 0.0, 0.672849714756012, -0.6570585370063782, 0.0, 0.0
3.996427059173584, 0.8872972726821899, 0.0, 0.5119039416313171, -36.47026062011719, 0.0, 0.0
