3.814697265625e-06, 0.0, 0.0, 0.0, 0.0, 0.0, 0.0
7.343292236328125e-05, 0.0, 0.0, 0.0, 0.0, 0.0, 0.0
0.0052032470703125, 0.0, 0.0, 0.0, 0.0, 0.0, 0.0
0.015188932418823242, 0.0, 0.0, 0.0, 0.0, 0.0, 0.0
0.02522444725036621, 0.0, 0.0, 0.0, 0.0, 0.0, 0.0
0.035208702087402344, 0.0, 0.0, 0.0, 0.0, 0.0, 0.0
0.0452878475189209, 0.0, 0.0, 0.0, 0.0, 0.0, 0.0
0.05522775650024414, 0.0, 0.0, 0.0, 0.0, 0.0, 0.0
0.06530523300170898, 0.0, 0.0, 0.0, 0.0, 0.0, 0.0
0.0753178596496582, 0.0, 0.0, 0.0, 0.0, 0.0, 0.0
0.08535265922546387, 0.0, 0.0, 0.0, 0.0, 0.0, 0.0
0.09530520439147949, 0.0, 0.0, 0.0, 0.0, 0.0, 0.0
0.1053466796875, 0.0, 0.0, 0.0, 0.0, 0.0, 0.0
0.11533212661743164, 0.0, 0.0, 0.0, 0.0, 0.0, 0.0
0.1253519058227539, 0.0, 0.0, 0.0, 0.0, 0.0, 0.0
0.13532280921936035, 0.0, 0.0, 0.0, 0.0, 0.0, 0.0
0.1453266143798828, 0.0, 0.0, 0.0, 0.0, 0.0, 0.0
0.1552867889404297, 0.0, 0.0, 0.0, 0.0, 0.0, 0.0
0.1652970314025879, 0.0, 0.0, 0.0, 0.0, 0.0, 0.0
0.17525076866149902, 0.0, 0.0, 0.0, 0.0, 0.0, 0.0
0.18522930145263672, 0.0, 0.0, 0.0, 0.0, 0.0, 0.0
0.19521474838256836, 0.0, 0.0, 0.0, 0.0, 0.0, 0.0
0.2051997184753418, 0.0, 0.0, 0.0, 0.0, 0.0, 0.0
0.2151942253112793, 0.0, 0.0, 0.0, 0.0, 0.0, 0.0
0.22530817985534668, 0.0, 0.0, 0.0, 0.0, 0.0, 0.0
0.23522019386291504, 0.0, 0.0, 0.0, 0.0, 0.0, 0.0
0.24525213241577148, 0.0, 0.0, 0.0, 0.0, 0.0, 0.0
0.2552616596221924, 0.0, 0.0, 0.0, 0.0, 0.0, 0.0
0.2652466297149658, 0.0, 0.0, 0.0, 0.0, 0.0, 0.0
0.2752189636230469, 0.0, 0.0, 0.0, 0.0, 0.0, 0.0
0.28520798683166504, 0.0, 0.0, 0.0, 0.0, 0.0, 0.0
0.29522204399108887, 0.0, 0.0, 0.0, 0.0, 0.0, 0.0
0.305311918258667, 0.0, 0.0, 0.0, 0.0, 0.0, 0.0
0.3152461051940918, 0.0, 0.0, 0.0, 0.0, 0.0, 0.0
0.3253328800201416, 0.0, 0.0, 0.0, 0.0, 0.0, 0.0
0.3352961540222168, 0.0, 0.0, 0.0, 0.0, 0.0, 0.0
0.3453502655029297, 0.0, 0.0, 0.0, 0.0, 0.0, 0.0
0.3553011417388916, 0.0, 0.0, 0.0, 0.0, 0.0, 0.0
0.3653686046600342, 0.0, 0.0, 0.0, 0.0, 0.0, 0.0
0.3753368854522705, 0.0, 0.0, 0.0, 0.0, 0.0, 0.0
0.38521695137023926, 0.0, 0.0, 0.0, 0.0, 0.0, 0.0
0.39519643783569336, 0.0, 0.0, 0.0, 0.0, 0.0, 0.0
0.40520620346069336, 0.0, 0.0, 0.0, 0.0, 0.0, 0.0
0.41521334648132324, 0.0, 0.0, 0.0, 0.0, 0.0, 0.0
0.42528438568115234, 0.0, 0.0, 0.0, 0.0, 0.0, 0.0
0.43527650833129883, 0.0, 0.0, 0.0, 0.0, 0.0, 0.0
0.44527482986450195, 0.0, 0.0, 0.0, 0.0, 0.0, 0.0
0.4552183151245117, 0.0, 0.0, 0.0, 0.0, 0.0, 0.0
0.46520209312438965, 0.0, 0.0, 0.0, 0.0, 0.0, 0.0
0.4752211570739746, 0.0, 0.0, 0.0, 0.0, 0.0, 0.0
0.48519086837768555, 0.0, 0.0, 0.0, 0.0, 0.0, 0.0
0.495192289352417, 0.0, 0.0, 0.0, 0.0, 0.0, 0.0
0.5051901340484619, 0.0, 0.0, 0.0, 0.0, 0.0, 0.0
0.5152795314788818, 0.0, 0.0, 0.0, 0.0, 0.0, 0.0
0.5252227783203125, 0.0, 0.0, 0.0, 0.0, 0.0, 0.0
0.5352187156677246, 0.0, 0.0, 0.0, 0.0, 0.0, 0.0
0.5452251434326172, 0.0, 0.0, 0.0, 0.0, 0.0, 0.0
0.5552160739898682, 0.0, 0.0, 0.0, 0.0, 0.0, 0.0
0.56528639793396, 0.0, 0.0, 0.0, 0.0, 0.0, 0.0
0.5752530097961426, 0.0, 0.0, 0.0, 0.0, 0.0, 0.0
0.5852580070495605, 0.0, 0.0, 0.0, 0.0, 0.0, 0.0
0.595416784286499, 0.0, 0.0, 0.0, 0.0, 0.0, 0.0
0.6052567958831787, 0.0, 0.0, 0.0, 0.0, 0.0, 0.0
0.6152524948120117, 0.0, 0.0, 0.0, 0.0, 0.0, 0.0
0.6252310276031494, 0.0, 0.0, 0.0, 0.0, 0.0, 0.0
0.6352384090423584, 0.0, 0.0, 0.0, 0.0, 0.0, 0.0
0.6452643871307373, 0.0, 0.0, 0.0, 0.0, 0.0, 0.0
0.6552910804748535, 0.0, 0.0, 0.0, 0.0, 0.0, 0.0
0.665273904800415, 0.0, 0.0, 0.0, 0.0, 0.0, 0.0
0.6752622127532959, 0.0, 0.0, 0.0, 0.0, 0.0, 0.0
0.6852717399597168, 0.0, 0.0, 0.0, 0.0, 0.0, 0.0
0.6952528953552246, 0.0, 0.0, 0.0, 0.0, 0.0, 0.0
0.705294132232666, 0.0, 0.0, 0.0, 0.0, 0.0, 0.0
0.7152588367462158, 0.0, 0.0, 0.0, 0.0, 0.0, 0.0
0.7252712249755859, 0.0, 0.0, 0.0, 0.0, 0.0, 0.0
0.7353379726409912, 0.0, 0.0, 0.0, 0.0, 0.0, 0.0
0.7452678680419922, 0.0, 0.0, 0.0, 0.0, 0.0, 0.0
0.7552571296691895, 0.0, 0.0, 0.0, 0.0, 0.0, 0.0
0.7652461528778076, 0.0, 0.0, 0.0, 0.0, 0.0, 0.0
0.7752492427825928, 0.0, 0.0, 0.0, 0.0, 0.0, 0.0
0.7852048873901367, 0.0, 0.0, 0.0, 0.0, 0.0, 0.0
0.795203447341919, 0.0, 0.0, 0.0, 0.0, 0.0, 0.0
0.8052024841308594, 0.0, 0.0, 0.0, 0.0, 0.0, 0.0
0.815237283706665, 0.0, 0.0, 0.0, 0.0, 0.0, 0.0
0.8252236843109131, 0.0, 0.0, 0.0, 0.0, 0.0, 0.0
0.8352651596069336, 0.0, 0.0, 0.0, 0.0, 0.0, 0.0
0.8452131748199463, 0.0, 0.0, 0.0, 0.0, 0.0, 0.0
0.8551967144012451, 0.0, 0.0, 0.0, 0.0, 0.0, 0.0
0.8651957511901855, 0.0, 0.0, 0.0, 0.0, 0.0, 0.0
0.8751606941223145, 0.0, 0.0, 0.0, 0.0, 0.0, 0.0
0.8851885795593262, 0.0, 0.0, 0.0, 0.0, 0.0, 0.0
0.8951764106750488, 0.0, 0.0, 0.0, 0.0, 0.0, 0.0
0.9051928520202637, 0.0, 0.0, 0.0, 0.0, 0.0, 0.0
0.9151825904846191, 0.0, 0.0, 0.0, 0.0, 0.0, 0.0
0.925194501876831, 0.0, 0.0, 0.0, 0.0, 0.0, 0.0
0.9351811408996582, 0.0, 0.0, 0.0, 0.0, 0.0, 0.0
0.9451618194580078, 0.0, 0.0, 0.0, 0.0, 0.0, 0.0
0.9551894664764404, 0.0, 0.0, 0.0, 0.0, 0.0, 0.0
0.9652054309844971, 0.0, 0.0, 0.0, 0.0, 0.0, 0.0
0.9752204418182373, 0.0, 0.0, 0.0, 0.0, 0.0, 0.0
0.9852118492126465, 0.0, 0.0, 0.0, 0.0, 0.0, 0.0
0.9952166080474854, 0.0, 0.0, 0.0, 0.0, 0.0, 0.0
1.005199670791626, 0.0, 0.0, 0.0, 0.0, 0.0, 0.0
1.0151784420013428, 0.0, 0.0, 0.0, 0.0, 0.0, 0.0
1.0251946449279785, 0.0, 0.0, 0.0, 0.0, 0.0, 0.0
1.0352115631103516, 0.0, 0.0, 0.0, 0.0, 0.0, 0.0
1.0452077388763428, 0.0, 0.0, 0.0, 0.0, 0.0, 0.0
1.0552151203155518, 0.0, 0.0, 0.0, 0.0, 0.0, 0.0
1.0652060508728027, 0.0, 0.0, 0.0, 0.0, 0.0, 0.0
1.0752413272857666, 0.0, 0.0, 0.0, 0.0, 0.0, 0.0
1.08522629737854, 0.0, 0.0, 0.0, 0.0, 0.0, 0.0
1.0952379703521729, 0.0, 0.0, 0.0, 0.0, 0.0, 0.0
1.1052067279815674, 0.0, 0.0, 0.0, 0.0, 0.0, 0.0
1.1152355670928955, 0.0, 0.0, 0.0, 0.0, 0.0, 0.0
1.12522292137146, 0.0, 0.0, 0.0, 0.0, 0.0, 0.0
1.1352503299713135, 0.0, 0.0, 0.0, 0.0, 0.0, 0.0
1.145334005355835, 0.0, 0.0, 0.0, 0.0, 0.0, 0.0
1.1552460193634033, 0.0, 0.0, 0.0, 0.0, 0.0, 0.0
1.1652605533599854, 0.0, 0.0, 0.0, 0.0, 0.0, 0.0
1.1752119064331055, 0.0, 0.0, 0.0, 0.0, 0.0, 0.0
1.1852173805236816, 0.0, 0.0, 0.0, 0.0, 0.0, 0.0
1.1952180862426758, 0.0, 0.0, 0.0, 0.0, 0.0, 0.0
1.205249547958374, 0.0, 0.0, 0.0, 0.0, 0.0, 0.0
1.2152302265167236, 0.0, 0.0, 0.0, 0.0, 0.0, 0.0
1.2252213954925537, 0.0, 0.0, 0.0, 0.0, 0.0, 0.0
1.2352335453033447, 0.0, 0.0, 0.0, 0.0, 0.0, 0.0
1.2452101707458496, 0.0, 0.0, 0.0, 0.0, 0.0, 0.0
1.2551860809326172, 0.0, 0.0, 0.0, 0.0, 0.0, 0.0
1.2651662826538086, 0.0, 0.0, 0.0, 0.0, 0.0, 0.0
1.2751343250274658, 0.0, 0.0, 0.0, 0.0, 0.0, 0.0
1.2851786613464355, 0.0, 0.0, 0.0, 0.0, 0.0, 0.0
1.295140266418457, 0.0, 0.0, 0.0, 0.0, 0.0, 0.0
1.3051893711090088, 0.0, 0.0, 0.0, 0.0, 0.0, 0.0
1.3151841163635254, 0.0, 0.0, 0.0, 0.0, 0.0, 0.0
1.32521390914917, 0.0, 0.0, 0.0, 0.0, 0.0, 0.0
1.3352339267730713, 0.0, 0.0, 0.0, 0.0, 0.0, 0.0
1.3452186584472656, 0.0, 0.0, 0.0, 0.0, 0.0, 0.0
1.3552219867706299, 0.0, 0.0, 0.0, 0.0, 0.0, 0.0
1.365206241607666, 0.0, 0.0, 0.0, 0.0, 0.0, 0.0
1.375176191329956, 0.0, 0.0, 0.0, 0.0, 0.0, 0.0
1.385180950164795, 0.0, 0.0, 0.0, 0.0, 0.0, 0.0
1.3951811790466309, 0.0, 0.0, 0.0, 0.0, 0.0, 0.0
1.4051809310913086, 0.0, 0.0, 0.0, 0.0, 0.0, 0.0
1.4151842594146729, 0.0, 0.0, 0.0, 0.0, 0.0, 0.0
1.4251821041107178, 0.0, 0.0, 0.0, 0.0, 0.0, 0.0
1.4352009296417236, 0.0, 0.0, 0.0, 0.0, 0.0, 0.0
1.4452064037322998, 0.0, 0.0, 0.0, 0.0, 0.0, 0.0
1.4552052021026611, 0.0, 0.0, 0.0, 0.0, 0.0, 0.0
1.4652214050292969, 0.0, 0.0, 0.0, 0.0, 0.0, 0.0
1.4752116203308105, 0.0, 0.0, 0.0, 0.0, 0.0, 0.0
1.485222339630127, 0.0, 0.0, 0.0, 0.0, 0.0, 0.0
1.4951636791229248, 0.8574467897415161, 59.47793197631836, 1.1948978900909424, 82.88567352294922, 0.0, 0.0
1.505167007446289, 0.8617021441459656, 0.5044686794281006, 1.196559190750122, 0.72849041223526, 0.0, 0.0
1.5151610374450684, 0.8659574389457703, 0.58065265417099, 1.1928824186325073, -2.1451098918914795, 0.0, 0.0
1.525209903717041, 0.8680850863456726, 0.6182231307029724, 1.191541314125061, -2.5568480491638184, 0.0, 0.0
1.5351698398590088, 0.8680850863456726, 0.0, 1.2026830911636353, 0.707520067691803, 0.0, 0.0
1.5451712608337402, 0.8702127933502197, 0.0, 1.2007458209991455, 0.9896466135978699, 0.0, 0.0
1.555204153060913, 0.8744680881500244, 0.5520942211151123, 1.198710322380066, -0.6194494366645813, 0.0, 0.0
1.5652077198028564, 0.8744680881500244, 0.0, 1.1946969032287598, -2.7466390132904053, 0.0, 0.0
1.575199842453003, 0.8765957355499268, 0.0, 1.1990480422973633, -0.7459781765937805, 0.0, 0.0
1.5851612091064453, 0.8787233829498291, 0.0, 1.2028865814208984, -0.3782542943954468, 0.0, 0.0
1.5951528549194336, 0.8808510899543762, 0.0, 1.2060620784759521, 0.9619759321212769, 0.0, 0.0
1.6051859855651855, 0.8829787373542786, 0.6088593006134033, 1.2042744159698486, 0.23916439712047577, 0.0, 0.0
1.6151623725891113, 0.8829787373542786, 0.0, 1.206505298614502, -0.7501259446144104, 0.0, 0.0
1.6251544952392578, 0.8851063847541809, 0.43902450799942017, 1.2030152082443237, 0.6562768220901489, 0.0, 0.0
1.6352124214172363, 0.8851063847541809, 0.0, 1.2044596672058105, 0.09650176763534546, 0.0, 0.0
1.6451947689056396, 0.8851063847541809, 0.0, 1.1980562210083008, -1.3612096309661865, 0.0, 0.0
1.6551690101623535, 0.8872340321540833, 0.5740047097206116, 1.2027885913848877, -0.09710364043712616, 0.0, 0.0
1.6651570796966553, 0.8872340321540833, 0.0, 1.203052282333374, -0.8481372594833374, 0.0, 0.0
1.6751673221588135, 0.8872340321540833, 0.0, 1.1986002922058105, -1.7317615747451782, 0.0, 0.0
1.6852161884307861, 0.8893616795539856, 0.0, 1.1996872425079346, -0.19646474719047546, 0.0, 0.0
1.6951587200164795, 0.8893616795539856, 0.0, 1.2050923109054565, 1.4091171026229858, 0.0, 0.0
1.7052135467529297, 0.8893616795539856, 0.0, 1.2019296884536743, -0.026902249082922935, 0.0, 0.0
1.7151694297790527, 0.8914893865585327, 0.0, 1.2044689655303955, -0.08358411490917206, 0.0, 0.0
1.7251574993133545, 0.8914893865585327, 0.0, 1.2027039527893066, 0.4887566566467285, 0.0, 0.0
1.73518967628479, 0.8936170339584351, 0.5179668664932251, 1.2054013013839722, 0.6816121339797974, 0.0, 0.0
1.7451672554016113, 0.8936170339584351, 0.0, 1.209740161895752, -0.3394591212272644, 0.0, 0.0
1.7551612854003906, 0.8936170339584351, 0.0, 1.2037339210510254, -1.405787467956543, 0.0, 0.0
1.7651872634887695, 0.8957446813583374, 0.0, 1.2087483406066895, 1.4149272441864014, 0.0, 0.0
1.7751660346984863, 0.8957446813583374, 0.0, 1.2082293033599854, -0.45675578713417053, 0.0, 0.0
1.7851624488830566, 0.8978723287582397, 0.5482614040374756, 1.2083594799041748, -0.24895153939723969, 0.0, 0.0
1.7951924800872803, 0.8978723287582397, 0.0, 1.214174747467041, 2.0569112300872803, 0.0, 0.0
1.805178165435791, 0.8999999761581421, 0.0, 1.2135841846466064, 1.2957593202590942, 0.0, 0.0
1.8151764869689941, 0.9021276831626892, 0.49885690212249756, 1.2025940418243408, -2.2327640056610107, 0.0, 0.0
1.8251714706420898, 0.9021276831626892, 0.0, 1.2142279148101807, 0.33344823122024536, 0.0, 0.0
1.8351807594299316, 0.9021276831626892, 0.0, 1.2123453617095947, -0.3601733446121216, 0.0, 0.0
1.8451666831970215, 0.9021276831626892, 0.0, 1.2113969326019287, 0.30786600708961487, 0.0, 0.0
1.8551645278930664, 0.9021276831626892, 0.0, 1.2111061811447144, -0.10109029710292816, 0.0, 0.0
1.8651673793792725, 0.9042553305625916, 0.0, 1.2110880613327026, 0.6355547904968262, 0.0, 0.0
1.8751702308654785, 0.9042553305625916, 0.0, 1.2059210538864136, -0.4596502482891083, 0.0, 0.0
1.885185718536377, 0.9042553305625916, 0.0, 1.2067677974700928, -0.17529785633087158, 0.0, 0.0
1.895171880722046, 0.9042553305625916, 0.0, 1.2027382850646973, -0.2792319357395172, 0.0, 0.0
1.9051833152770996, 0.9042553305625916, 0.0, 1.1988375186920166, -2.5348494052886963, 0.0, 0.0
1.9151639938354492, 0.9042553305625916, 0.0, 1.1960344314575195, -0.8464576005935669, 0.0, 0.0
1.9251680374145508, 0.9042553305625916, 0.0, 1.2001222372055054, 0.9505405426025391, 0.0, 0.0
1.9352054595947266, 0.9021276831626892, -0.5541856288909912, 1.1949541568756104, -0.1475224494934082, 0.0, 0.0
1.9451584815979004, 0.9021276831626892, 0.0, 1.1924469470977783, -0.9649659991264343, 0.0, 0.0
1.9551875591278076, 0.9021276831626892, 0.0, 1.1920604705810547, 0.7158894538879395, 0.0, 0.0
1.9651827812194824, 0.9021276831626892, 0.0, 1.187869668006897, 0.8853452801704407, 0.0, 0.0
1.9751672744750977, 0.9021276831626892, 0.0, 1.1862684488296509, 0.979851245880127, 0.0, 0.0
1.985159158706665, 0.9021276831626892, 0.0, 1.1863878965377808, 0.08981699496507645, 0.0, 0.0
1.995206594467163, 0.8999999761581421, 0.0, 1.1764647960662842, -0.3888772130012512, 0.0, 0.0
2.005156993865967, 0.8999999761581421, 0.0, 1.176700234413147, 0.0829177275300026, 0.0, 0.0
2.0151898860931396, 0.8999999761581421, 0.0, 1.1754783391952515, -0.17285074293613434, 0.0, 0.0
2.0251946449279785, 0.8978723287582397, 0.0, 1.175959587097168, -0.49271082878112793, 0.0, 0.0
2.035179376602173, 0.8978723287582397, 0.0, 1.176976203918457, 1.0043507814407349, 0.0, 0.0
2.045177698135376, 0.8957446813583374, -0.575448215007782, 1.1768215894699097, 0.3729706406593323, 0.0, 0.0
2.0551645755767822, 0.8957446813583374, 0.0, 1.1791869401931763, -0.9045634269714355, 0.0, 0.0
2.0651724338531494, 0.8957446813583374, 0.0, 1.176833987236023, -0.5353730916976929, 0.0, 0.0
2.0751824378967285, 0.8957446813583374, 0.0, 1.178666353225708, -1.4690653085708618, 0.0, 0.0
2.0851595401763916, 0.8936170339584351, 0.0, 1.1850626468658447, 1.0206116437911987, 0.0, 0.0
2.095175266265869, 0.8936170339584351, 0.0, 1.1884807348251343, -0.8806854486465454, 0.0, 0.0
2.1051862239837646, 0.8914893865585327, 0.0, 1.186469554901123, -0.5808956027030945, 0.0, 0.0
2.1151669025421143, 0.8893616795539856, -0.4786040484905243, 1.1926223039627075, -0.8561053276062012, 0.0, 0.0
2.1251749992370605, 0.8872340321540833, -0.5934333801269531, 1.2031619548797607, 1.8876283168792725, 0.0, 0.0
2.135197877883911, 0.8872340321540833, 0.0, 1.1931458711624146, -1.4227914810180664, 0.0, 0.0
2.145158529281616, 0.8851063847541809, 0.0, 1.2135876417160034, 1.4218618869781494, 0.0, 0.0
2.1551661491394043, 0.8829787373542786, -0.5708104968070984, 1.2157126665115356, 1.0286991596221924, 0.0, 0.0
2.165203332901001, 0.8829787373542786, 0.0, 1.2168645858764648, -0.028007861226797104, 0.0, 0.0
2.175227642059326, 0.8829787373542786, 0.0, 1.2243821620941162, 0.2586120069026947, 0.0, 0.0
2.1851603984832764, 0.8829787373542786, 0.0, 1.226373314857483, 1.3187576532363892, 0.0, 0.0
2.195188522338867, 0.8829787373542786, 0.0, 1.230326533317566, 0.21162869036197662, 0.0, 0.0
2.205169677734375, 0.8829787373542786, 0.0, 1.2304222583770752, 1.7329379320144653, 0.0, 0.0
2.2151851654052734, 0.8829787373542786, 0.0, 1.2281767129898071, 1.023476481437683, 0.0, 0.0
2.2252116203308105, 0.8829787373542786, 0.0, 1.2217330932617188, -0.9795451164245605, 0.0, 0.0
2.2351646423339844, 0.8829787373542786, 0.0, 1.2186059951782227, 0.2682819366455078, 0.0, 0.0
2.245182514190674, 0.8808510899543762, 0.0, 1.2090204954147339, 0.2980325520038605, 0.0, 0.0
2.2551958560943604, 0.8808510899543762, 0.0, 1.204202651977539, -1.7146490812301636, 0.0, 0.0
2.2651710510253906, 0.8808510899543762, 0.0, 1.197589635848999, -0.553229033946991, 0.0, 0.0
2.2751803398132324, 0.8808510899543762, 0.0, 1.1947206258773804, -0.1383630931377411, 0.0, 0.0
2.285163164138794, 0.8787233829498291, -0.6331359148025513, 1.1829994916915894, -1.809920310974121, 0.0, 0.0
2.295170307159424, 0.8787233829498291, 0.0, 1.1857086420059204, 0.8211943507194519, 0.0, 0.0
2.3051846027374268, 0.8787233829498291, 0.0, 1.1893960237503052, 3.447133779525757, 0.0, 0.0
2.3151628971099854, 0.8765957355499268, 0.0, 1.1764615774154663, 3.029721736907959, 0.0, 0.0
2.3251874446868896, 0.8744680881500244, 0.0, 1.176339864730835, 0.49263817071914673, 0.0, 0.0
2.335174798965454, 0.8744680881500244, 0.0, 1.1645482778549194, -2.95737886428833, 0.0, 0.0
2.3451781272888184, 0.8723404407501221, -0.1672360748052597, 1.159259557723999, -0.41570043563842773, 0.0, 0.0
2.3551626205444336, 0.8702127933502197, -0.16313938796520233, 1.1614470481872559, 0.16772836446762085, 0.0, 0.0
2.3651883602142334, 0.8702127933502197, 0.0, 1.155930757522583, -1.4451603889465332, 0.0, 0.0
2.3751845359802246, 0.8680850863456726, -0.25585007667541504, 1.1675933599472046, 1.4024277925491333, 0.0, 0.0
2.3851914405822754, 0.8680850863456726, -0.25585007667541504, 1.1675933599472046, 1.4024277925491333, 0.0, 0.0
2.3951690196990967, 0.8638297915458679, 0.0, 1.177105188369751, 4.270170211791992, 0.0, 0.0
2.405163288116455, 0.8638297915458679, 0.0, 1.1649366617202759, -3.537959575653076, 0.0, 0.0
2.4151804447174072, 0.8595744967460632, -0.2584958076477051, 1.179714560508728, 0.8977066874504089, 0.0, 0.0
2.425161600112915, 0.8595744967460632, 0.0, 1.1827272176742554, 0.21433527767658234, 0.0, 0.0
2.4351508617401123, 0.8574467897415161, -0.6248460412025452, 1.1973217725753784, 0.8745362162590027, 0.0, 0.0
2.445159912109375, 0.8574467897415161, 0.0, 1.197994589805603, 0.07505448907613754, 0.0, 0.0
2.4551827907562256, 0.8553191423416138, -0.6168982982635498, 1.2038884162902832, 1.7088693380355835, 0.0, 0.0
2.4652011394500732, 0.8553191423416138, 0.0, 1.210117220878601, 1.1540206670761108, 0.0, 0.0
2.4751687049865723, 0.8531914949417114, 0.0, 1.2224645614624023, 1.3770183324813843, 0.0, 0.0
2.48514986038208, 0.8531914949417114, 0.0, 1.2240585088729858, -1.1100038290023804, 0.0, 0.0
2.49516224861145, 0.8510638475418091, 0.0, 1.2250059843063354, -5.934527397155762, 0.0, 0.0
2.5051581859588623, 0.8510638475418091, 0.0, 1.2269724607467651, 0.5940876007080078, 0.0, 0.0
2.5151445865631104, 0.848936140537262, 0.0, 1.2322152853012085, -0.07803179323673248, 0.0, 0.0
2.525151491165161, 0.848936140537262, 0.0, 1.2416887283325195, 2.0367648601531982, 0.0, 0.0
2.5351598262786865, 0.848936140537262, 0.0, 1.2320165634155273, -0.6335582137107849, 0.0, 0.0
2.545156240463257, 0.8468084931373596, -0.6281446218490601, 1.2545335292816162, 6.647638320922852, 0.0, 0.0
2.555159568786621, 0.8468084931373596, 0.0, 1.2268990278244019, -1.6414990425109863, 0.0, 0.0
2.56516432762146, 0.8468084931373596, 0.0, 1.2268990278244019, -1.6414990425109863, 0.0, 0.0
2.575176239013672, 0.8468084931373596, 0.0, 1.2229583263397217, -0.31211990118026733, 0.0, 0.0
2.5851643085479736, 0.8446808457374573, -0.17515654861927032, 1.2212098836898804, -0.14393562078475952, 0.0, 0.0
2.595167875289917, 0.8446808457374573, -0.17515654861927032, 1.2212098836898804, -0.14393562078475952, 0.0, 0.0
2.605160713195801, 0.8446808457374573, 0.0, 1.2138862609863281, 0.11737732589244843, 0.0, 0.0
2.615189552307129, 0.8446808457374573, 0.0, 1.2138862609863281, 0.11737732589244843, 0.0, 0.0
2.6252074241638184, 0.8446808457374573, 0.0, 1.2138862609863281, 0.11737732589244843, 0.0, 0.0
2.6351735591888428, 0.8446808457374573, 0.0, 1.2138862609863281, 0.11737732589244843, 0.0, 0.0
2.645203113555908, 0.8446808457374573, 0.0, 1.2138862609863281, 0.11737732589244843, 0.0, 0.0
2.6551876068115234, 0.8446808457374573, 0.0, 1.2138862609863281, 0.11737732589244843, 0.0, 0.0
2.665163278579712, 0.8446808457374573, 0.0, 1.2138862609863281, 0.11737732589244843, 0.0, 0.0
2.675210475921631, 0.8446808457374573, 0.0, 1.2138862609863281, 0.11737732589244843, 0.0, 0.0
2.685170888900757, 0.8446808457374573, 0.0, 1.2138862609863281, 0.11737732589244843, 0.0, 0.0
2.6952011585235596, 0.8446808457374573, 0.0, 1.2138862609863281, 0.11737732589244843, 0.0, 0.0
2.7051894664764404, 0.8446808457374573, 0.0, 1.2138862609863281, 0.11737732589244843, 0.0, 0.0
2.7151710987091064, 0.8446808457374573, 0.0, 1.2138862609863281, 0.11737732589244843, 0.0, 0.0
2.725162982940674, 0.8446808457374573, 0.0, 1.2138862609863281, 0.11737732589244843, 0.0, 0.0
2.735161781311035, 0.8446808457374573, 0.0, 1.2138862609863281, 0.11737732589244843, 0.0, 0.0
2.7451744079589844, 0.8446808457374573, 0.0, 1.2138862609863281, 0.11737732589244843, 0.0, 0.0
2.7551984786987305, 0.8446808457374573, 0.0, 1.2138862609863281, 0.11737732589244843, 0.0, 0.0
2.765162467956543, 0.8446808457374573, 0.0, 1.2138862609863281, 0.11737732589244843, 0.0, 0.0
2.7751569747924805, 0.8446808457374573, 0.0, 1.2138862609863281, 0.11737732589244843, 0.0, 0.0
2.7851648330688477, 0.8446808457374573, 0.0, 1.2138862609863281, 0.11737732589244843, 0.0, 0.0
2.795212745666504, 0.8446808457374573, 0.0, 1.2138862609863281, 0.11737732589244843, 0.0, 0.0
2.8051609992980957, 0.8446808457374573, 0.0, 1.2138862609863281, 0.11737732589244843, 0.0, 0.0
2.8151652812957764, 0.8425531983375549, 0.0, 1.2249364852905273, -2.4330554008483887, 0.0, 0.0
2.8252105712890625, 0.8425531983375549, 0.0, 1.2249364852905273, -2.4330554008483887, 0.0, 0.0
2.835195302963257, 0.8425531983375549, 0.0, 1.2249364852905273, -2.4330554008483887, 0.0, 0.0
2.8452069759368896, 0.8425531983375549, 0.0, 1.2249364852905273, -2.4330554008483887, 0.0, 0.0
2.8551769256591797, 0.8446808457374573, 0.053581491112709045, 1.2492542266845703, 0.6123993992805481, 0.0, 0.0
2.865178108215332, 0.8446808457374573, 0.053581491112709045, 1.2492542266845703, 0.6123993992805481, 0.0, 0.0
2.8751633167266846, 0.8446808457374573, 0.0, 1.2517476081848145, 0.11452799290418625, 0.0, 0.0
2.8851566314697266, 0.8446808457374573, 0.0, 1.2517476081848145, 0.11452799290418625, 0.0, 0.0
2.8951711654663086, 0.8446808457374573, 0.0, 1.2517476081848145, 0.11452799290418625, 0.0, 0.0
2.905177354812622, 0.8446808457374573, 0.0, 1.2517476081848145, 0.11452799290418625, 0.0, 0.0
2.915160655975342, 0.8446808457374573, 0.0, 1.2517476081848145, 0.11452799290418625, 0.0, 0.0
2.925170660018921, 0.8446808457374573, 0.0, 1.2517476081848145, 0.11452799290418625, 0.0, 0.0
2.935197353363037, 0.8446808457374573, 0.0, 1.2517476081848145, 0.11452799290418625, 0.0, 0.0
2.9451582431793213, 0.8510638475418091, 0.0, 1.243608832359314, -1.567610740661621, 0.0, 0.0
2.9551711082458496, 0.8510638475418091, 0.0, 1.243608832359314, -1.567610740661621, 0.0, 0.0
2.9651718139648438, 0.8510638475418091, 0.0, 1.243608832359314, -1.567610740661621, 0.0, 0.0
2.975159168243408, 0.8510638475418091, 0.0, 1.243608832359314, -1.567610740661621, 0.0, 0.0
2.985194683074951, 0.8510638475418091, 0.0, 1.243608832359314, -1.567610740661621, 0.0, 0.0
2.9952189922332764, 0.8510638475418091, 0.0, 1.243608832359314, -1.567610740661621, 0.0, 0.0
3.005183219909668, 0.8510638475418091, 0.0, 1.243608832359314, -1.567610740661621, 0.0, 0.0
3.015223264694214, 0.8510638475418091, 0.0, 1.243608832359314, -1.567610740661621, 0.0, 0.0
3.0251729488372803, 0.8510638475418091, 0.0, 1.243608832359314, -1.567610740661621, 0.0, 0.0
3.035175085067749, 0.8510638475418091, 0.0, 1.243608832359314, -1.567610740661621, 0.0, 0.0
3.045173168182373, 0.8510638475418091, 0.0, 1.243608832359314, -1.567610740661621, 0.0, 0.0
3.0552008152008057, 0.8510638475418091, 0.0, 1.243608832359314, -1.567610740661621, 0.0, 0.0
3.0652058124542236, 0.8510638475418091, 0.0, 1.243608832359314, -1.567610740661621, 0.0, 0.0
3.075181007385254, 0.8510638475418091, 0.0, 1.243608832359314, -1.567610740661621, 0.0, 0.0
3.0851755142211914, 0.8510638475418091, 0.0, 1.243608832359314, -1.567610740661621, 0.0, 0.0
3.095175266265869, 0.8510638475418091, 0.0, 1.243608832359314, -1.567610740661621, 0.0, 0.0
3.1051740646362305, 0.8510638475418091, 0.0, 1.243608832359314, -1.567610740661621, 0.0, 0.0
3.115180492401123, 0.8510638475418091, 0.0, 1.243608832359314, -1.567610740661621, 0.0, 0.0
3.1251771450042725, 0.8510638475418091, 0.0, 1.243608832359314, -1.567610740661621, 0.0, 0.0
3.1351656913757324, 0.8510638475418091, 0.0, 1.243608832359314, -1.567610740661621, 0.0, 0.0
3.1452152729034424, 0.8510638475418091, 0.0, 1.243608832359314, -1.567610740661621, 0.0, 0.0
3.155172824859619, 0.8510638475418091, 0.0, 1.243608832359314, -1.567610740661621, 0.0, 0.0
3.165221691131592, 0.8510638475418091, 0.0, 1.243608832359314, -1.567610740661621, 0.0, 0.0
3.175168514251709, 0.8510638475418091, 0.0, 1.243608832359314, -1.567610740661621, 0.0, 0.0
3.1851813793182373, 0.8510638475418091, 0.0, 1.243608832359314, -1.567610740661621, 0.0, 0.0
3.195190191268921, 0.8510638475418091, 0.0, 1.243608832359314, -1.567610740661621, 0.0, 0.0
3.205160617828369, 0.8787233829498291, 0.10499871522188187, 1.2682263851165771, 0.09345101565122604, 0.0, 0.0
3.215188503265381, 0.8845946192741394, 0.0, 0.3090059757232666, -97.68071746826172, 0.0, 0.0
3.225216865539551, 0.8845946192741394, 0.0, 0.3090059757232666, -97.68071746826172, 0.0, 0.0
3.2351596355438232, 0.8845946192741394, 0.0, 0.7930291891098022, 23.44814682006836, 0.0, 0.0
3.2451696395874023, 0.8845946192741394, 0.0, 0.33422020077705383, -48.76056671142578, 0.0, 0.0
3.2551634311676025, 0.8845946192741394, 0.0, 0.7771720886230469, 70.7842788696289, 0.0, 0.0
3.2651729583740234, 0.8818919062614441, -0.5785422325134277, 0.7194522619247437, -5.024157524108887, 0.0, 0.0
3.275160789489746, 0.8818919062614441, -0.5785422325134277, 0.7194522619247437, -5.024157524108887, 0.0, 0.0
3.2851665019989014, 0.8818919062614441, -0.5785422325134277, 0.7194522619247437, -5.024157524108887, 0.0, 0.0
3.2951879501342773, 0.8845946192741394, 0.07946580648422241, 0.29025909304618835, -12.619287490844727, 0.0, 0.0
3.3051955699920654, 0.8845946192741394, 0.07946580648422241, 0.29025909304618835, -12.619287490844727, 0.0, 0.0
3.3151931762695312, 0.8845946192741394, 0.07946580648422241, 0.29025909304618835, -12.619287490844727, 0.0, 0.0
3.3251686096191406, 0.8845946192741394, 0.0, 0.33401456475257874, 9.136823654174805, 0.0, 0.0
3.335160732269287, 0.8845946192741394, 0.0, 0.33401456475257874, 9.136823654174805, 0.0, 0.0
3.3451592922210693, 0.8845946192741394, 0.0, 0.33401456475257874, 9.136823654174805, 0.0, 0.0
3.3551692962646484, 0.8936170339584351, 0.35768917202949524, 1.2667038440704346, 36.975955963134766, 0.0, 0.0
3.365182876586914, 0.8845946192741394, -1.0100032091140747, 0.34641915559768677, -103.02000427246094, 0.0, 0.0
3.375202178955078, 0.8845946192741394, -2.2982382774353027, 0.3606623411178589, -198.2093048095703, 0.0, 0.0
3.385211706161499, 0.8845946192741394, 0.0, 0.35963761806488037, -0.22234869003295898, 0.0, 0.0
3.395172595977783, 0.8978723287582397, 1.0876280069351196, 1.3153533935546875, 78.28611755371094, 0.0, 0.0
3.405184268951416, 0.8818919062614441, 0.0, 0.7051413059234619, 72.57377624511719, 0.0, 0.0
3.4151694774627686, 0.8999999761581421, 2.3200325965881348, 1.2438621520996094, 69.02156829833984, 0.0, 0.0
3.4251954555511475, 0.8818919062614441, -3.8508801460266113, 0.3730669319629669, -185.18377685546875, 0.0, 0.0
3.4352121353149414, 0.8999999761581421, 5.387735843658447, 1.2359061241149902, 263.1749572753906, 0.0, 0.0
3.445186138153076, 0.8818919062614441, -4.076369285583496, 0.38582924008369446, -191.36331176757812, 0.0, 0.0
3.4552040100097656, 0.8791891932487488, -0.2001722902059555, 0.36521458625793457, -1.5267975330352783, 0.0, 0.0
3.465169668197632, 0.8791891932487488, 0.0, 0.7287615537643433, 39.309783935546875, 0.0, 0.0
3.4751927852630615, 0.8791891932487488, 0.0, 0.387000173330307, -36.63585662841797, 0.0, 0.0
3.4851696491241455, 0.8791891932487488, 0.0, 0.4011390507221222, 2.0920307636260986, 0.0, 0.0
3.495199680328369, 0.8791891932487488, 0.0, 0.39723360538482666, -0.4245997965335846, 0.0, 0.0
3.5051915645599365, 0.8791891932487488, 0.0, 0.3847900629043579, -1.3611165285110474, 0.0, 0.0
3.51516056060791, 0.8791891932487488, 0.0, 0.3782779574394226, 0.5404835939407349, 0.0, 0.0
3.5251591205596924, 0.8764864802360535, -0.5822268724441528, 0.364872545003891, -6.591453552246094, 0.0, 0.0
3.535212755203247, 0.8764864802360535, 0.0, 0.3924831748008728, 0.05507083609700203, 0.0, 0.0
3.5451650619506836, 0.9063829779624939, 0.0, 1.2435811758041382, 0.18368420004844666, 0.0, 0.0
3.555156707763672, 0.8764864802360535, 0.0, 0.3878117501735687, 0.24536563456058502, 0.0, 0.0
3.565155267715454, 0.8764864802360535, 0.0, 0.38758182525634766, -92.56314849853516, 0.0, 0.0
3.575209140777588, 0.8764864802360535, 0.0, 0.39778339862823486, 1.7151567935943604, 0.0, 0.0
3.585176944732666, 0.8764864802360535, 0.0, 0.3885940909385681, -1.0170388221740723, 0.0, 0.0
3.595184803009033, 0.8737837672233582, -0.5015687942504883, 0.8395692110061646, 83.2394790649414, 0.0, 0.0
3.6051645278930664, 0.8737837672233582, -0.5828255414962769, 0.4004049301147461, -0.04867889732122421, 0.0, 0.0
3.615199089050293, 0.8737837672233582, 0.0, 0.8477928638458252, 93.11174774169922, 0.0, 0.0
3.625208854675293, 0.8737837672233582, 0.0, 0.4080788791179657, -94.62751007080078, 0.0, 0.0
3.6351969242095947, 0.8737837672233582, 0.0, 0.857640266418457, 2.7082507610321045, 0.0, 0.0
3.645169973373413, 0.8737837672233582, 0.0, 0.39720776677131653, -88.18529510498047, 0.0, 0.0
3.6551761627197266, 0.8737837672233582, 0.0, 0.8489910364151001, 0.2416791319847107, 0.0, 0.0
3.6651575565338135, 0.8737837672233582, 0.0, 0.8513944745063782, -0.5392488837242126, 0.0, 0.0
3.675151824951172, 0.8737837672233582, 0.0, 0.414092093706131, -90.08521270751953, 0.0, 0.0
3.685176372528076, 0.8737837672233582, 0.0, 0.8451464176177979, 90.93116760253906, 0.0, 0.0
3.6951701641082764, 0.8737837672233582, 0.0, 0.8499922752380371, -0.717619001865387, 0.0, 0.0
3.70516037940979, 0.8737837672233582, 0.0, 0.8476102352142334, 0.10494034737348557, 0.0, 0.0
3.715160369873047, 0.8737837672233582, 0.0, 0.8605077266693115, 92.42491149902344, 0.0, 0.0
3.7251596450805664, 0.8737837672233582, 0.0, 0.4113233983516693, -0.029493242502212524, 0.0, 0.0
3.7352046966552734, 0.8737837672233582, 0.0, 0.8731071949005127, 91.3214111328125, 0.0, 0.0
3.745185375213623, 0.8737837672233582, 0.0, 0.8434863686561584, -3.3168375492095947, 0.0, 0.0
3.755162239074707, 0.8737837672233582, 0.0, 0.8672386407852173, 5.883853435516357, 0.0, 0.0
3.7651636600494385, 0.9085106253623962, 9.046331405639648, 1.2937099933624268, 117.7633285522461, 0.0, 0.0
3.7751576900482178, 0.8737837672233582, 0.0, 0.819935142993927, -2.8435752391815186, 0.0, 0.0
3.785216808319092, 0.8737837672233582, 0.0, 0.41974788904190063, -85.67313385009766, 0.0, 0.0
3.795177936553955, 0.8737837672233582, 0.0, 0.41741475462913513, 0.2360188364982605, 0.0, 0.0
3.8051533699035645, 0.8737837672233582, 0.0, 0.8237936496734619, 82.30535888671875, 0.0, 0.0
3.8151957988739014, 0.8737837672233582, 0.0, 0.8167163729667664, -0.9220079779624939, 0.0, 0.0
3.825202465057373, 0.8737837672233582, 0.0, 0.41481471061706543, -81.38294219970703, 0.0, 0.0
3.8351783752441406, 0.8737837672233582, 0.0, 0.8270494341850281, 80.06059265136719, 0.0, 0.0
3.84519100189209, 0.8764864802360535, 0.5557931065559387, 0.8100006580352783, 3.8081133365631104, 0.0, 0.0
3.8551838397979736, 0.8764864802360535, 0.5274255275726318, 0.40793290734291077, -74.24440002441406, 0.0, 0.0
3.8651514053344727, 0.8764864802360535, 0.0, 0.40337124466896057, -0.771779477596283, 0.0, 0.0
3.875157594680786, 0.8764864802360535, 0.0, 0.40746763348579407, 1.0437629222869873, 0.0, 0.0
3.8851914405822754, 0.8764864802360535, 0.0, 0.4042789936065674, -2.4671695232391357, 0.0, 0.0
3.895148515701294, 0.8764864802360535, 0.0, 0.41524165868759155, 0.2726028263568878, 0.0, 0.0
3.905162811279297, 0.8764864802360535, 0.0, 0.4091246724128723, 0.39804813265800476, 0.0, 0.0
3.9151690006256104, 0.8764864802360535, 0.0, 0.4116004407405853, 3.8403141498565674, 0.0, 0.0
3.9251861572265625, 0.8791891932487488, 0.538090705871582, 0.4086909592151642, -1.0916420221328735, 0.0, 0.0
3.935178518295288, 0.8791891932487488, 0.0, 0.4222868084907532, 4.266596794128418, 0.0, 0.0
3.945164680480957, 0.8791891932487488, 0.0, 0.42307308316230774, 3.4856650829315186, 0.0, 0.0
3.955158233642578, 0.8791891932487488, 0.0, 0.41075819730758667, -1.0893669128417969, 0.0, 0.0
3.9651591777801514, 0.8791891932487488, 0.0, 0.4125022888183594, 2.318589687347412, 0.0, 0.0
3.975158214569092, 0.8818919062614441, 0.2922692894935608, 0.3951387405395508, -1.877687692642212, 0.0, 0.0
3.9851605892181396, 0.8818919062614441, 0.0, 0.3991314172744751, -0.0992416962981224, 0.0, 0.0
3.995147705078125, 0.8818919062614441, 0.0, 0.40744322538375854, -61.630027770996094, 0.0, 0.0
4.005156993865967, 0.8818919062614441, 0.0, 0.4016202688217163, 3.6081018447875977, 0.0, 0.0
4.015169143676758, 0.8845946192741394, 0.5553302764892578, 0.6849679946899414, 57.827598571777344, 0.0, 0.0
4.025192737579346, 0.8845946192741394, 0.0, 0.37723585963249207, -35.135074615478516, 0.0, 0.0
4.0351738929748535, 0.8845946192741394, 0.0, 0.37723585963249207, -35.135074615478516, 0.0, 0.0
4.045169353485107, 0.8845946192741394, 0.0, 0.39910688996315, 1.2231501340866089, 0.0, 0.0
4.0551605224609375, 0.8845946192741394, 0.0, 0.40113967657089233, -28.458415985107422, 0.0, 0.0
4.065168142318726, 0.8845946192741394, 0.0, 0.391308456659317, -2.1708407402038574, 0.0, 0.0
4.075170993804932, 0.8845946192741394, 0.0, 0.36799362301826477, -5.334939479827881, 0.0, 0.0
4.085159778594971, 0.8872972726821899, 0.5415351986885071, 0.6487891674041748, 54.91181182861328, 0.0, 0.0
4.095176696777344, 0.8872972726821899, 0.0, 0.3699871003627777, -56.5437126159668, 0.0, 0.0
4.1051576137542725, 0.8872972726821899, 0.0, 0.3327360451221466, 0.22627975046634674, 0.0, 0.0
4.1151556968688965, 0.8872972726821899, 0.0, 0.3327360451221466, 0.22627975046634674, 0.0, 0.0
4.125187873840332, 0.8872972726821899, 0.0, 0.3327360451221466, 0.22627975046634674, 0.0, 0.0
4.135152339935303, 0.8872972726821899, 0.0, 0.3327360451221466, 0.22627975046634674, 0.0, 0.0
4.145159721374512, 0.8872972726821899, 0.0, 0.3327360451221466, 0.22627975046634674, 0.0, 0.0
4.155154705047607, 0.8872972726821899, 0.0, 0.621344804763794, 5.549018383026123, 0.0, 0.0
4.165215015411377, 0.8872972726821899, 0.0, 0.3754867613315582, -49.790122985839844, 0.0, 0.0
4.1751508712768555, 0.8872972726821899, 0.0, 0.3601613938808441, -1.1468814611434937, 0.0, 0.0
4.185187578201294, 0.8872972726821899, 0.0, 0.3456838130950928, -0.9426566958427429, 0.0, 0.0
4.195192337036133, 0.8872972726821899, 0.0, 0.3456838130950928, -0.9426566958427429, 0.0, 0.0
4.205168724060059, 0.8872972726821899, 0.0, 0.6002081632614136, 58.43370056152344, 0.0, 0.0
4.215177059173584, 0.8845946192741394, -0.20060089230537415, 0.6084078550338745, 0.6086010932922363, 0.0, 0.0
4.225195646286011, 0.8845946192741394, -0.5531893968582153, 0.6207407116889954, 3.119889497756958, 0.0, 0.0
4.2351977825164795, 0.8845946192741394, 0.0, 0.616393506526947, -0.4699506163597107, 0.0, 0.0
4.245167255401611, 0.8845946192741394, 0.0, 0.616393506526947, -0.4699506163597107, 0.0, 0.0
4.2551820278167725, 0.8845946192741394, 0.0, 0.650657057762146, 2.1638243198394775, 0.0, 0.0
4.2651567459106445, 0.8872972726821899, 0.0, 0.31192511320114136, -67.90569305419922, 0.0, 0.0
4.275193452835083, 0.8872972726821899, 0.0, 0.604056715965271, 3.3743667602539062, 0.0, 0.0
4.285156488418579, 0.8872972726821899, 0.0, 0.5820575952529907, -2.991565465927124, 0.0, 0.0
4.295159339904785, 0.8872972726821899, 0.0, 0.5541436076164246, -1.469941258430481, 0.0, 0.0
4.305168867111206, 0.8872972726821899, 0.0, 0.5541436076164246, -1.469941258430481, 0.0, 0.0
4.31516170501709, 0.8872972726821899, 0.0, 0.5541436076164246, -1.469941258430481, 0.0, 0.0
4.325159311294556, 0.8872972726821899, 0.0, 0.5541436076164246, -1.469941258430481, 0.0, 0.0
4.335160493850708, 0.8872972726821899, 0.0, 0.5541436076164246, -1.469941258430481, 0.0, 0.0
4.34517502784729, 0.8872972726821899, 0.0, 0.5541436076164246, -1.469941258430481, 0.0, 0.0
4.3551716804504395, 0.8872972726821899, 0.0, 0.5541436076164246, -1.469941258430481, 0.0, 0.0
4.365168571472168, 0.8872972726821899, 0.0, 0.5541436076164246, -1.469941258430481, 0.0, 0.0
4.375164270401001, 0.8872972726821899, 0.0, 0.5541436076164246, -1.469941258430481, 0.0, 0.0
4.385160684585571, 0.8872972726821899, 0.0, 0.5541436076164246, -1.469941258430481, 0.0, 0.0
4.395165681838989, 0.8872972726821899, 0.0, 0.5541436076164246, -1.469941258430481, 0.0, 0.0
4.4051690101623535, 0.8872972726821899, 0.0, 0.5541436076164246, -1.469941258430481, 0.0, 0.0
4.415158271789551, 0.8872972726821899, 0.0, 0.5541436076164246, -1.469941258430481, 0.0, 0.0
4.42519211769104, 0.8872972726821899, 0.0, 0.5541436076164246, -1.469941258430481, 0.0, 0.0
4.435162544250488, 0.8872972726821899, 0.0, 0.5541436076164246, -1.469941258430481, 0.0, 0.0
4.445159673690796, 0.8872972726821899, 0.0, 0.5541436076164246, -1.469941258430481, 0.0, 0.0
4.45516037940979, 0.8872972726821899, 0.0, 0.5541436076164246, -1.469941258430481, 0.0, 0.0
4.465193748474121, 0.8872972726821899, 0.0, 0.5541436076164246, -1.469941258430481, 0.0, 0.0
4.4752209186553955, 0.8872972726821899, 0.0, 0.5541436076164246, -1.469941258430481, 0.0, 0.0
4.485172748565674, 0.8872972726821899, 0.0, 0.5541436076164246, -1.469941258430481, 0.0, 0.0
4.4952075481414795, 0.8872972726821899, 0.0, 0.5541436076164246, -1.469941258430481, 0.0, 0.0
4.50516939163208, 0.8872972726821899, 0.0, 0.5541436076164246, -1.469941258430481, 0.0, 0.0
4.515174388885498, 0.8872972726821899, 0.0, 0.5541436076164246, -1.469941258430481, 0.0, 0.0
4.525221109390259, 0.8872972726821899, 0.0, 0.5541436076164246, -1.469941258430481, 0.0, 0.0
4.535154104232788, 0.8872972726821899, 0.0, 0.5541436076164246, -1.469941258430481, 0.0, 0.0
4.545289516448975, 0.8872972726821899, 0.0, 0.5541436076164246, -1.469941258430481, 0.0, 0.0
4.555183410644531, 0.8872972726821899, 0.0, 0.5541436076164246, -1.469941258430481, 0.0, 0.0
4.5651867389678955, 0.8872972726821899, 0.0, 0.5541436076164246, -1.469941258430481, 0.0, 0.0
4.575170516967773, 0.8872972726821899, 0.0, 0.5541436076164246, -1.469941258430481, 0.0, 0.0
4.585223913192749, 0.8872972726821899, 0.0, 0.5541436076164246, -1.469941258430481, 0.0, 0.0
4.5951762199401855, 0.8872972726821899, 0.0, 0.5541436076164246, -1.469941258430481, 0.0, 0.0
4.605179071426392, 0.8872972726821899, 0.0, 0.5541436076164246, -1.469941258430481, 0.0, 0.0
4.615204095840454, 0.8872972726821899, 0.0, 0.5541436076164246, -1.469941258430481, 0.0, 0.0
4.625168800354004, 0.8872972726821899, 0.0, 0.5541436076164246, -1.469941258430481, 0.0, 0.0
4.635163068771362, 0.8872972726821899, 0.0, 0.5541436076164246, -1.469941258430481, 0.0, 0.0
4.645171165466309, 0.8872972726821899, 0.0, 0.5541436076164246, -1.469941258430481, 0.0, 0.0
4.655178070068359, 0.8872972726821899, 0.0, 0.5541436076164246, -1.469941258430481, 0.0, 0.0
4.66518497467041, 0.8872972726821899, 0.0, 0.5541436076164246, -1.469941258430481, 0.0, 0.0
4.675161600112915, 0.8872972726821899, 0.0, 0.5541436076164246, -1.469941258430481, 0.0, 0.0
4.685161590576172, 0.8872972726821899, 0.0, 0.5541436076164246, -1.469941258430481, 0.0, 0.0
4.695165157318115, 0.8872972726821899, 0.0, 0.5541436076164246, -1.469941258430481, 0.0, 0.0
4.70515775680542, 0.8872972726821899, 0.0, 0.5541436076164246, -1.469941258430481, 0.0, 0.0
4.715193748474121, 0.8872972726821899, 0.0, 0.5541436076164246, -1.469941258430481, 0.0, 0.0
4.725170135498047, 0.8872972726821899, 0.0, 0.5541436076164246, -1.469941258430481, 0.0, 0.0
4.735184669494629, 0.8872972726821899, 0.0, 0.5541436076164246, -1.469941258430481, 0.0, 0.0
4.745340585708618, 0.8872972726821899, 0.0, 0.5541436076164246, -1.469941258430481, 0.0, 0.0
4.755190372467041, 0.8872972726821899, 0.0, 0.5541436076164246, -1.469941258430481, 0.0, 0.0
4.76516318321228, 0.8872972726821899, 0.0, 0.5541436076164246, -1.469941258430481, 0.0, 0.0
4.775163888931274, 0.8872972726821899, 0.0, 0.5541436076164246, -1.469941258430481, 0.0, 0.0
