4.0531158447265625e-06, 0.0, 0.0, 0.0, 0.0, 0.0, 0.0
7.319450378417969e-05, 0.0, 0.0, 0.0, 0.0, 0.0, 0.0
0.005683422088623047, 0.0, 0.0, 0.0, 0.0, 0.0, 0.0
0.01567816734313965, 0.0, 0.0, 0.0, 0.0, 0.0, 0.0
0.025686264038085938, 0.0, 0.0, 0.0, 0.0, 0.0, 0.0
0.03565239906311035, 0.0, 0.0, 0.0, 0.0, 0.0, 0.0
0.04570508003234863, 0.0, 0.0, 0.0, 0.0, 0.0, 0.0
0.05571413040161133, 0.0, 0.0, 0.0, 0.0, 0.0, 0.0
0.06580400466918945, 0.0, 0.0, 0.0, 0.0, 0.0, 0.0
0.07575082778930664, 0.0, 0.0, 0.0, 0.0, 0.0, 0.0
0.0857858657836914, 0.0, 0.0, 0.0, 0.0, 0.0, 0.0
0.095794677734375, 0.0, 0.0, 0.0, 0.0, 0.0, 0.0
0.1057748794555664, 0.0, 0.0, 0.0, 0.0, 0.0, 0.0
0.11578488349914551, 0.0, 0.0, 0.0, 0.0, 0.0, 0.0
0.12584924697875977, 0.0, 0.0, 0.0, 0.0, 0.0, 0.0
0.13573312759399414, 0.0, 0.0, 0.0, 0.0, 0.0, 0.0
0.14576363563537598, 0.0, 0.0, 0.0, 0.0, 0.0, 0.0
0.1557157039642334, 0.0, 0.0, 0.0, 0.0, 0.0, 0.0
0.16574788093566895, 0.0, 0.0, 0.0, 0.0, 0.0, 0.0
0.17571020126342773, 0.0, 0.0, 0.0, 0.0, 0.0, 0.0
0.18571758270263672, 0.0, 0.0, 0.0, 0.0, 0.0, 0.0
0.19569754600524902, 0.0, 0.0, 0.0, 0.0, 0.0, 0.0
0.20572423934936523, 0.0, 0.0, 0.0, 0.0, 0.0, 0.0
0.2156519889831543, 0.0, 0.0, 0.0, 0.0, 0.0, 0.0
0.22572851181030273, 0.0, 0.0, 0.0, 0.0, 0.0, 0.0
0.23566651344299316, 0.0, 0.0, 0.0, 0.0, 0.0, 0.0
0.24571514129638672, 0.0, 0.0, 0.0, 0.0, 0.0, 0.0
0.25647592544555664, 0.0, 0.0, 0.0, 0.0, 0.0, 0.0
0.2656877040863037, 0.0, 0.0, 0.0, 0.0, 0.0, 0.0
0.2756965160369873, 0.0, 0.0, 0.0, 0.0, 0.0, 0.0
0.2857365608215332, 0.0, 0.0, 0.0, 0.0, 0.0, 0.0
0.29572057723999023, 0.0, 0.0, 0.0, 0.0, 0.0, 0.0
0.3056759834289551, 0.0, 0.0, 0.0, 0.0, 0.0, 0.0
0.31564855575561523, 0.0, 0.0, 0.0, 0.0, 0.0, 0.0
0.325730562210083, 0.0, 0.0, 0.0, 0.0, 0.0, 0.0
0.3356809616088867, 0.0, 0.0, 0.0, 0.0, 0.0, 0.0
0.3456614017486572, 0.0, 0.0, 0.0, 0.0, 0.0, 0.0
0.355731725692749, 0.0, 0.0, 0.0, 0.0, 0.0, 0.0
0.36574792861938477, 0.0, 0.0, 0.0, 0.0, 0.0, 0.0
0.3757450580596924, 0.0, 0.0, 0.0, 0.0, 0.0, 0.0
0.3857121467590332, 0.0, 0.0, 0.0, 0.0, 0.0, 0.0
0.395719051361084, 0.0, 0.0, 0.0, 0.0, 0.0, 0.0
0.4057178497314453, 0.0, 0.0, 0.0, 0.0, 0.0, 0.0
0.4156975746154785, 0.0, 0.0, 0.0, 0.0, 0.0, 0.0
0.4256424903869629, 0.0, 0.0, 0.0, 0.0, 0.0, 0.0
0.4356725215911865, 0.0, 0.0, 0.0, 0.0, 0.0, 0.0
0.4456770420074463, 0.0, 0.0, 0.0, 0.0, 0.0, 0.0
0.4556877613067627, 0.0, 0.0, 0.0, 0.0, 0.0, 0.0
0.46570897102355957, 0.0, 0.0, 0.0, 0.0, 0.0, 0.0
0.4756462574005127, 0.0, 0.0, 0.0, 0.0, 0.0, 0.0
0.48567676544189453, 0.0, 0.0, 0.0, 0.0, 0.0, 0.0
0.4956941604614258, 0.0, 0.0, 0.0, 0.0, 0.0, 0.0
0.5057079792022705, 0.0, 0.0, 0.0, 0.0, 0.0, 0.0
0.5157186985015869, 0.0, 0.0, 0.0, 0.0, 0.0, 0.0
0.5256719589233398, 0.0, 0.0, 0.0, 0.0, 0.0, 0.0
0.5357108116149902, 0.0, 0.0, 0.0, 0.0, 0.0, 0.0
0.5457251071929932, 0.0, 0.0, 0.0, 0.0, 0.0, 0.0
0.5557126998901367, 0.0, 0.0, 0.0, 0.0, 0.0, 0.0
0.565753698348999, 0.0, 0.0, 0.0, 0.0, 0.0, 0.0
0.5757026672363281, 0.0, 0.0, 0.0, 0.0, 0.0, 0.0
0.5857100486755371, 0.0, 0.0, 0.0, 0.0, 0.0, 0.0
0.5957105159759521, 0.0, 0.0, 0.0, 0.0, 0.0, 0.0
0.6057145595550537, 0.0, 0.0, 0.0, 0.0, 0.0, 0.0
0.615713357925415, 0.0, 0.0, 0.0, 0.0, 0.0, 0.0
0.6257200241088867, 0.0, 0.0, 0.0, 0.0, 0.0, 0.0
0.6357297897338867, 0.0, 0.0, 0.0, 0.0, 0.0, 0.0
0.6457433700561523, 0.0, 0.0, 0.0, 0.0, 0.0, 0.0
0.655719518661499, 0.0, 0.0, 0.0, 0.0, 0.0, 0.0
0.6657578945159912, 0.0, 0.0, 0.0, 0.0, 0.0, 0.0
0.6757519245147705, 0.0, 0.0, 0.0, 0.0, 0.0, 0.0
0.6857728958129883, 0.0, 0.0, 0.0, 0.0, 0.0, 0.0
0.6957406997680664, 0.0, 0.0, 0.0, 0.0, 0.0, 0.0
0.705756664276123, 0.0, 0.0, 0.0, 0.0, 0.0, 0.0
0.7157752513885498, 0.0, 0.0, 0.0, 0.0, 0.0, 0.0
0.7257740497589111, 0.0, 0.0, 0.0, 0.0, 0.0, 0.0
0.7357437610626221, 0.0, 0.0, 0.0, 0.0, 0.0, 0.0
0.7457425594329834, 0.0, 0.0, 0.0, 0.0, 0.0, 0.0
0.7557227611541748, 0.0, 0.0, 0.0, 0.0, 0.0, 0.0
0.7656776905059814, 0.0, 0.0, 0.0, 0.0, 0.0, 0.0
0.7757587432861328, 0.0, 0.0, 0.0, 0.0, 0.0, 0.0
0.7857155799865723, 0.0, 0.0, 0.0, 0.0, 0.0, 0.0
0.7957124710083008, 0.0, 0.0, 0.0, 0.0, 0.0, 0.0
0.8056960105895996, 0.0, 0.0, 0.0, 0.0, 0.0, 0.0
0.8157253265380859, 0.0, 0.0, 0.0, 0.0, 0.0, 0.0
0.8258593082427979, 0.0, 0.0, 0.0, 0.0, 0.0, 0.0
0.8357360363006592, 0.0, 0.0, 0.0, 0.0, 0.0, 0.0
0.8457386493682861, 0.0, 0.0, 0.0, 0.0, 0.0, 0.0
0.85575270652771, 0.0, 0.0, 0.0, 0.0, 0.0, 0.0
0.865720272064209, 0.0, 0.0, 0.0, 0.0, 0.0, 0.0
0.8757503032684326, 0.0, 0.0, 0.0, 0.0, 0.0, 0.0
0.8857240676879883, 0.0, 0.0, 0.0, 0.0, 0.0, 0.0
0.8957202434539795, 0.0, 0.0, 0.0, 0.0, 0.0, 0.0
0.9057676792144775, 0.0, 0.0, 0.0, 0.0, 0.0, 0.0
0.9157185554504395, 0.0, 0.0, 0.0, 0.0, 0.0, 0.0
0.925743818283081, 0.0, 0.0, 0.0, 0.0, 0.0, 0.0
0.9357423782348633, 0.0, 0.0, 0.0, 0.0, 0.0, 0.0
0.9457886219024658, 0.0, 0.0, 0.0, 0.0, 0.0, 0.0
0.9557516574859619, 0.0, 0.0, 0.0, 0.0, 0.0, 0.0
0.9657340049743652, 0.0, 0.0, 0.0, 0.0, 0.0, 0.0
0.9757306575775146, 0.0, 0.0, 0.0, 0.0, 0.0, 0.0
0.9858307838439941, 0.0, 0.0, 0.0, 0.0, 0.0, 0.0
0.9957540035247803, 0.0, 0.0, 0.0, 0.0, 0.0, 0.0
1.0057923793792725, 0.0, 0.0, 0.0, 0.0, 0.0, 0.0
1.0157365798950195, 0.0, 0.0, 0.0, 0.0, 0.0, 0.0
1.0257658958435059, 0.0, 0.0, 0.0, 0.0, 0.0, 0.0
1.035731554031372, 0.0, 0.0, 0.0, 0.0, 0.0, 0.0
1.0458323955535889, 0.0, 0.0, 0.0, 0.0, 0.0, 0.0
1.0557365417480469, 0.0, 0.0, 0.0, 0.0, 0.0, 0.0
1.0657448768615723, 0.0, 0.0, 0.0, 0.0, 0.0, 0.0
1.0757412910461426, 0.0, 0.0, 0.0, 0.0, 0.0, 0.0
1.0857949256896973, 0.0, 0.0, 0.0, 0.0, 0.0, 0.0
1.0957398414611816, 0.0, 0.0, 0.0, 0.0, 0.0, 0.0
1.1057088375091553, 0.0, 0.0, 0.0, 0.0, 0.0, 0.0
1.1157069206237793, 0.0, 0.0, 0.0, 0.0, 0.0, 0.0
1.1256885528564453, 0.0, 0.0, 0.0, 0.0, 0.0, 0.0
1.1357066631317139, 0.0, 0.0, 0.0, 0.0, 0.0, 0.0
1.1457335948944092, 0.0, 0.0, 0.0, 0.0, 0.0, 0.0
1.1557040214538574, 0.0, 0.0, 0.0, 0.0, 0.0, 0.0
1.1656994819641113, 0.0, 0.0, 0.0, 0.0, 0.0, 0.0
1.1757662296295166, 0.0, 0.0, 0.0, 0.0, 0.0, 0.0
1.1857926845550537, 0.0, 0.0, 0.0, 0.0, 0.0, 0.0
1.1957745552062988, 0.0, 0.0, 0.0, 0.0, 0.0, 0.0
1.205824375152588, 0.0, 0.0, 0.0, 0.0, 0.0, 0.0
1.2160313129425049, 0.0, 0.0, 0.0, 0.0, 0.0, 0.0
1.2257921695709229, 0.0, 0.0, 0.0, 0.0, 0.0, 0.0
1.2358217239379883, 0.0, 0.0, 0.0, 0.0, 0.0, 0.0
1.2457785606384277, 0.0, 0.0, 0.0, 0.0, 0.0, 0.0
1.255915641784668, 0.0, 0.0, 0.0, 0.0, 0.0, 0.0
1.2656629085540771, 0.0, 0.0, 0.0, 0.0, 0.0, 0.0
1.2756414413452148, 0.0, 0.0, 0.0, 0.0, 0.0, 0.0
1.2856707572937012, 0.0, 0.0, 0.0, 0.0, 0.0, 0.0
1.295656442642212, 0.0, 0.0, 0.0, 0.0, 0.0, 0.0
1.305659294128418, 0.0, 0.0, 0.0, 0.0, 0.0, 0.0
1.3156318664550781, 0.0, 0.0, 0.0, 0.0, 0.0, 0.0
1.3256900310516357, 0.0, 0.0, 0.0, 0.0, 0.0, 0.0
1.3357124328613281, 0.0, 0.0, 0.0, 0.0, 0.0, 0.0
1.3457114696502686, 0.0, 0.0, 0.0, 0.0, 0.0, 0.0
1.3557324409484863, 0.0, 0.0, 0.0, 0.0, 0.0, 0.0
1.3657183647155762, 0.0, 0.0, 0.0, 0.0, 0.0, 0.0
1.3756499290466309, 0.0, 0.0, 0.0, 0.0, 0.0, 0.0
1.3856720924377441, 0.0, 0.0, 0.0, 0.0, 0.0, 0.0
1.395625114440918, 0.0, 0.0, 0.0, 0.0, 0.0, 0.0
1.4056322574615479, 0.0, 0.0, 0.0, 0.0, 0.0, 0.0
1.4156510829925537, 0.0, 0.0, 0.0, 0.0, 0.0, 0.0
1.4256200790405273, 0.0, 0.0, 0.0, 0.0, 0.0, 0.0
1.435652256011963, 0.0, 0.0, 0.0, 0.0, 0.0, 0.0
1.445695400238037, 0.0, 0.0, 0.0, 0.0, 0.0, 0.0
1.4556536674499512, 0.0, 0.0, 0.0, 0.0, 0.0, 0.0
1.4656991958618164, 0.0, 0.0, 0.0, 0.0, 0.0, 0.0
1.4756803512573242, 0.0, 0.0, 0.0, 0.0, 0.0, 0.0
1.485652208328247, 0.0, 0.0, 0.0, 0.0, 0.0, 0.0
1.4956715106964111, 0.0, 0.0, 0.0, 0.0, 0.0, 0.0
1.5056819915771484, 0.8872972726821899, 0.0, 0.4899626076221466, -0.5952333807945251, 0.0, 0.0
1.51564359664917, 0.8872972726821899, 0.0, 0.4928150475025177, 0.17642644047737122, 0.0, 0.0
1.525679349899292, 0.8872972726821899, 0.0, 0.4947015941143036, -0.06140963360667229, 0.0, 0.0
1.5356535911560059, 0.8872972726821899, 0.0, 0.49471354484558105, 0.03303736448287964, 0.0, 0.0
1.5456762313842773, 0.8872972726821899, 0.0, 0.48900261521339417, -1.2124550342559814, 0.0, 0.0
1.5556695461273193, 0.8872972726821899, 0.0, 0.493569016456604, -0.2226533591747284, 0.0, 0.0
1.5656521320343018, 0.8872972726821899, 0.0, 0.4933086037635803, 0.3114841878414154, 0.0, 0.0
1.5756416320800781, 0.8872972726821899, 0.0, 0.4917422831058502, 0.0626261755824089, 0.0, 0.0
1.5856420993804932, 0.8872972726821899, 0.0, 0.49457114934921265, -0.1449892371892929, 0.0, 0.0
1.5956401824951172, 0.8872972726821899, 0.0, 0.4920223355293274, 0.19723868370056152, 0.0, 0.0
1.6056585311889648, 0.8845946192741394, -0.6012813448905945, 0.4906623959541321, 0.5043417811393738, 0.0, 0.0
1.6156411170959473, 0.8872972726821899, 0.0, 0.4906853437423706, 0.0032235165126621723, 0.0, 0.0
1.6256451606750488, 0.8872972726821899, 0.0, 0.6341814398765564, 31.413150787353516, 0.0, 0.0
1.6356837749481201, 0.8872972726821899, 0.0, 0.4901045560836792, -0.21296733617782593, 0.0, 0.0
1.6456687450408936, 0.8872972726821899, 0.5829454064369202, 0.49257758259773254, -0.3309687077999115, 0.0, 0.0
1.6556446552276611, 0.8872972726821899, 0.0, 0.49375301599502563, 0.18018297851085663, 0.0, 0.0
1.6656513214111328, 0.8872972726821899, 0.0, 0.49233338236808777, 0.05700923874974251, 0.0, 0.0
1.6756532192230225, 0.8872972726821899, 0.5912458300590515, 0.6290560364723206, -0.24473445117473602, 0.0, 0.0
1.6856639385223389, 0.8872972726821899, 0.0, 0.4933673143386841, -0.18542402982711792, 0.0, 0.0
1.695659875869751, 0.8872972726821899, 0.0, 0.4928203821182251, -30.908885955810547, 0.0, 0.0
1.7056338787078857, 0.8872972726821899, 0.0, 0.4928402006626129, 0.46071696281433105, 0.0, 0.0
1.7156367301940918, 0.8872972726821899, 0.0, 0.4961366653442383, 0.29312047362327576, 0.0, 0.0
1.7256412506103516, 0.8872972726821899, 0.0, 0.4947851300239563, 0.45196887850761414, 0.0, 0.0
1.735644817352295, 0.8872972726821899, 0.0, 0.4896758198738098, -0.5716639757156372, 0.0, 0.0
1.7456426620483398, 0.8872972726821899, 0.0, 0.4951331913471222, 0.33216843008995056, 0.0, 0.0
1.75581955909729, 0.8872972726821899, 0.0, 0.49272459745407104, 0.07468331605195999, 0.0, 0.0
1.7656712532043457, 0.8872972726821899, 0.0, 0.49212589859962463, 0.14258116483688354, 0.0, 0.0
1.775608777999878, 0.8872972726821899, 0.0, 0.49235105514526367, 0.21469955146312714, 0.0, 0.0
1.7856495380401611, 0.8872972726821899, 0.0, 0.49456191062927246, 0.8049401044845581, 0.0, 0.0
1.795656681060791, 0.8872972726821899, 0.0, 0.4921724200248718, -0.08695653825998306, 0.0, 0.0
1.8056561946868896, 0.8872972726821899, 0.0, 0.4895274043083191, -0.2528151869773865, 0.0, 0.0
1.8156492710113525, 0.8872972726821899, 0.0, 0.4921378493309021, -0.14199277758598328, 0.0, 0.0
1.8256559371948242, 0.8872972726821899, 0.0, 0.49301624298095703, -0.41039884090423584, 0.0, 0.0
1.8356332778930664, 0.8872972726821899, 0.0, 0.49191367626190186, 0.21320678293704987, 0.0, 0.0
1.8456428050994873, 0.8872972726821899, 0.0, 0.4923560619354248, -0.5056948065757751, 0.0, 0.0
1.8556463718414307, 0.8872972726821899, 0.0, 0.4929119050502777, 0.17756085097789764, 0.0, 0.0
1.8656744956970215, 0.8872972726821899, 0.5745251774787903, 0.4921823740005493, 0.09569960832595825, 0.0, 0.0
1.8756506443023682, 0.8872972726821899, 0.0, 0.49495866894721985, 0.6184467077255249, 0.0, 0.0
1.8856620788574219, 0.8872972726821899, 0.6041654944419861, 0.49086302518844604, -1.6419479846954346, 0.0, 0.0
1.8956947326660156, 0.8872972726821899, 0.0, 0.4904946982860565, -0.610413670539856, 0.0, 0.0
1.9056682586669922, 0.8872972726821899, 0.0, 0.4917989671230316, -0.19908377528190613, 0.0, 0.0
1.9156427383422852, 0.8872972726821899, 0.0, 0.49687454104423523, 1.2398897409439087, 0.0, 0.0
1.9256386756896973, 0.8872972726821899, 0.0, 0.4935417175292969, 0.11695123463869095, 0.0, 0.0
1.935633659362793, 0.8872972726821899, 0.0, 0.4928123950958252, -0.24205517768859863, 0.0, 0.0
1.9456567764282227, 0.8845946192741394, -0.5576523542404175, 0.6438894867897034, 31.40645408630371, 0.0, 0.0
1.9556419849395752, 0.8872972726821899, 0.0, 0.49183812737464905, -0.441875696182251, 0.0, 0.0
1.9656643867492676, 0.8872972726821899, 0.0, 0.4903131127357483, -0.7382718920707703, 0.0, 0.0
1.975663661956787, 0.8872972726821899, 0.5547052621841431, 0.49197009205818176, -1.493659496307373, 0.0, 0.0
1.9856586456298828, 0.8845946192741394, -0.5523268580436707, 0.4915230870246887, -0.706841766834259, 0.0, 0.0
1.9956378936767578, 0.8872972726821899, 0.0, 0.4937130808830261, 0.042805179953575134, 0.0, 0.0
2.005661725997925, 0.8872972726821899, 0.0, 0.4934062361717224, 0.39919933676719666, 0.0, 0.0
2.0156428813934326, 0.8872972726821899, 0.5674219727516174, 0.4925260841846466, -1.1970869302749634, 0.0, 0.0
2.0256400108337402, 0.8872972726821899, 0.0, 0.49683552980422974, 0.7053622007369995, 0.0, 0.0
2.035639524459839, 0.8845946192741394, -0.5406570434570312, 0.49098142981529236, -0.4182533919811249, 0.0, 0.0
2.0456438064575195, 0.8872972726821899, 0.0, 0.4923665523529053, -0.051777664572000504, 0.0, 0.0
2.0556509494781494, 0.8872972726821899, 0.0, 0.4937806725502014, 0.4781306982040405, 0.0, 0.0
2.065652370452881, 0.8872972726821899, 0.0, 0.49189797043800354, -0.13580073416233063, 0.0, 0.0
2.07564640045166, 0.8872972726821899, 0.0, 0.4953077435493469, 0.8990643620491028, 0.0, 0.0
2.0856471061706543, 0.8872972726821899, 0.0, 0.4907415807247162, -0.02295558899641037, 0.0, 0.0
2.0956857204437256, 0.8845946192741394, -0.6010581254959106, 0.6442568898200989, 33.59955596923828, 0.0, 0.0
2.105649948120117, 0.8872972726821899, 0.0, 0.4941786527633667, 0.5449907183647156, 0.0, 0.0
2.1156423091888428, 0.8872972726821899, 0.0, 0.4933997690677643, 0.31695839762687683, 0.0, 0.0
2.125638246536255, 0.8872972726821899, 0.0, 0.49393540620803833, 0.16428914666175842, 0.0, 0.0
2.1357007026672363, 0.8872972726821899, 0.0, 0.49164319038391113, -0.3828619122505188, 0.0, 0.0
2.1456549167633057, 0.8872972726821899, 0.5837860107421875, 0.49533262848854065, -0.7945629358291626, 0.0, 0.0
2.1556663513183594, 0.8872972726821899, 0.0, 0.49157238006591797, -0.2200012356042862, 0.0, 0.0
2.1656641960144043, 0.8872972726821899, 0.0, 0.4897417426109314, -0.5712803602218628, 0.0, 0.0
2.1756386756896973, 0.8872972726821899, 0.0, 0.49260005354881287, -0.1225934624671936, 0.0, 0.0
2.185688018798828, 0.8872972726821899, 0.0, 0.49267688393592834, -0.30929794907569885, 0.0, 0.0
2.195646286010742, 0.8845946192741394, -0.5935988426208496, 0.5003551840782166, 1.5921621322631836, 0.0, 0.0
2.20564341545105, 0.8872972726821899, 0.5666844844818115, 0.49349144101142883, -30.92657470703125, 0.0, 0.0
2.215635061264038, 0.8872972726821899, 0.0, 0.4957173764705658, 0.6360604763031006, 0.0, 0.0
2.2256317138671875, 0.8872972726821899, 0.0, 0.49324917793273926, 0.3429131805896759, 0.0, 0.0
2.235687255859375, 0.8872972726821899, 0.0, 0.49670088291168213, 0.7051081657409668, 0.0, 0.0
2.2456777095794678, 0.8845946192741394, -0.5691884160041809, 0.4963604211807251, 0.6595340371131897, 0.0, 0.0
2.255634307861328, 0.8845946192741394, -0.5676777362823486, 0.49797523021698, 0.7153450846672058, 0.0, 0.0
2.2656428813934326, 0.8872972726821899, 0.0, 0.49326950311660767, -0.11501027643680573, 0.0, 0.0
2.275627374649048, 0.8872972726821899, 0.0, 0.49356645345687866, -0.09806085377931595, 0.0, 0.0
2.285653591156006, 0.8872972726821899, 0.0, 0.4957351088523865, 0.6556124091148376, 0.0, 0.0
2.2956461906433105, 0.8872972726821899, 0.0, 0.49295496940612793, 0.24109461903572083, 0.0, 0.0
2.305661678314209, 0.8872972726821899, 0.590537428855896, 0.4925360381603241, -34.28714370727539, 0.0, 0.0
2.315664768218994, 0.8872972726821899, 0.0, 0.49423569440841675, 0.05590962991118431, 0.0, 0.0
2.325631618499756, 0.8872972726821899, 0.0, 0.4933772385120392, 0.0696205273270607, 0.0, 0.0
2.33565092086792, 0.8845946192741394, -0.5907220840454102, 0.6418218016624451, 31.80069351196289, 0.0, 0.0
2.345635414123535, 0.8872972726821899, 0.0, 0.49579018354415894, -0.4587487280368805, 0.0, 0.0
2.3556575775146484, 0.8872972726821899, 0.0, 0.49678516387939453, 0.802539587020874, 0.0, 0.0
2.365642786026001, 0.8872972726821899, 0.0, 0.49840882420539856, 0.51353919506073, 0.0, 0.0
2.3756392002105713, 0.8872972726821899, 0.0, 0.49849316477775574, 1.1352099180221558, 0.0, 0.0
2.3856406211853027, 0.8872972726821899, 0.5566664934158325, 0.4958144724369049, 0.44414016604423523, 0.0, 0.0
2.395648241043091, 0.8872972726821899, 0.0, 0.4983464181423187, -0.3778184950351715, 0.0, 0.0
2.4056737422943115, 0.8872972726821899, 0.0, 0.4925895035266876, -0.35466986894607544, 0.0, 0.0
2.4157350063323975, 0.8872972726821899, 0.0, 0.4981076717376709, -0.0031572917941957712, 0.0, 0.0
2.425633668899536, 0.8872972726821899, 0.0, 0.5021005868911743, 1.299504041671753, 0.0, 0.0
2.43562912940979, 0.8872972726821899, 0.0, 0.4967762231826782, 0.7354335188865662, 0.0, 0.0
2.445667266845703, 0.8872972726821899, 0.0, 0.49502861499786377, -0.0045230756513774395, 0.0, 0.0
2.455631971359253, 0.8872972726821899, 0.0, 0.49830666184425354, -0.08168841153383255, 0.0, 0.0
2.465634346008301, 0.8872972726821899, 0.0, 0.49692046642303467, -1.4392887353897095, 0.0, 0.0
2.4756276607513428, 0.8872972726821899, 0.0, 0.4955980181694031, -0.5588141679763794, 0.0, 0.0
2.4856491088867188, 0.8872972726821899, 0.0, 0.49741294980049133, 0.5129082202911377, 0.0, 0.0
2.495654344558716, 0.8872972726821899, 0.0, 0.4980696737766266, -31.76363182067871, 0.0, 0.0
2.5056676864624023, 0.8872972726821899, 0.0, 0.49849599599838257, -0.047145675867795944, 0.0, 0.0
2.5156404972076416, 0.8872972726821899, 0.0, 0.4958828091621399, -0.010327114723622799, 0.0, 0.0
2.525686264038086, 0.8872972726821899, 0.0, 0.49665337800979614, -0.6188990473747253, 0.0, 0.0
2.5356462001800537, 0.8872972726821899, 0.0, 0.4997718632221222, 0.7124233841896057, 0.0, 0.0
2.545677900314331, 0.8872972726821899, 0.0, 0.49865543842315674, 0.4517431855201721, 0.0, 0.0
2.555619478225708, 0.8872972726821899, 0.0, 0.49668920040130615, -0.11678929626941681, 0.0, 0.0
2.5656239986419678, 0.8872972726821899, 0.0, 0.49564364552497864, -0.2516755759716034, 0.0, 0.0
2.5756421089172363, 0.8872972726821899, 0.0, 0.4995104670524597, 0.3215215504169464, 0.0, 0.0
2.5856332778930664, 0.8872972726821899, 0.0, 0.49711644649505615, 0.2962189018726349, 0.0, 0.0
2.5956382751464844, 0.8872972726821899, 0.0, 0.49937713146209717, 0.3990561068058014, 0.0, 0.0
2.605635404586792, 0.8872972726821899, 0.0, 0.49873679876327515, 0.3680229187011719, 0.0, 0.0
2.615626573562622, 0.8872972726821899, 0.0, 0.4985271990299225, 0.4148542582988739, 0.0, 0.0
2.6256344318389893, 0.8872972726821899, 0.0, 0.49587976932525635, -0.08978360891342163, 0.0, 0.0
2.635641574859619, 0.8872972726821899, 0.0, 0.4976803958415985, 0.8411944508552551, 0.0, 0.0
2.645643472671509, 0.8872972726821899, 0.0, 0.4964303970336914, -0.01788741536438465, 0.0, 0.0
2.6556339263916016, 0.8872972726821899, 0.0, 0.4946858286857605, -0.49639415740966797, 0.0, 0.0
2.6656384468078613, 0.8872972726821899, 0.0, 0.49893131852149963, 0.6145014762878418, 0.0, 0.0
2.675642967224121, 0.8872972726821899, 0.0, 0.4979313611984253, 0.16569694876670837, 0.0, 0.0
2.685640573501587, 0.8872972726821899, 0.0, 0.49408406019210815, -1.1825048923492432, 0.0, 0.0
2.69563627243042, 0.8872972726821899, 0.5675072073936462, 0.4981769621372223, 0.4625808596611023, 0.0, 0.0
2.7056610584259033, 0.8872972726821899, 0.0, 0.4939482510089874, -0.1476704478263855, 0.0, 0.0
2.71567964553833, 0.8845946192741394, -0.5783356428146362, 0.49605947732925415, -0.6234997510910034, 0.0, 0.0
2.7256410121917725, 0.8845946192741394, -0.6048101782798767, 0.4945872128009796, 0.031069019809365273, 0.0, 0.0
2.7356414794921875, 0.8872972726821899, 0.0, 0.49722737073898315, 0.18441049754619598, 0.0, 0.0
2.745664119720459, 0.8845946192741394, -0.5700757503509521, 0.49513185024261475, -0.43539753556251526, 0.0, 0.0
2.7556464672088623, 0.8872972726821899, 0.0, 0.49539393186569214, 0.4835255742073059, 0.0, 0.0
2.765662670135498, 0.8872972726821899, 0.5454174876213074, 0.4948257803916931, -0.13711833953857422, 0.0, 0.0
2.7756712436676025, 0.8872972726821899, 0.0, 0.49813178181648254, 0.8741493225097656, 0.0, 0.0
2.7856671810150146, 0.8872972726821899, 0.570018470287323, 0.4994238018989563, 1.1495565176010132, 0.0, 0.0
2.7956502437591553, 0.8872972726821899, 0.0, 0.4977265000343323, 0.12222214043140411, 0.0, 0.0
2.8056511878967285, 0.8845946192741394, 0.0, 0.6516137719154358, 33.88600158691406, 0.0, 0.0
2.815659523010254, 0.8845946192741394, 0.0, 0.49835994839668274, -33.47543716430664, 0.0, 0.0
2.8256306648254395, 0.8872972726821899, 0.0, 0.5006623864173889, -33.40763473510742, 0.0, 0.0
2.835636615753174, 0.8872972726821899, 0.0, 0.49141618609428406, -2.027118444442749, 0.0, 0.0
2.845649480819702, 0.8872972726821899, 0.5599939227104187, 0.4968735873699188, 0.20303981006145477, 0.0, 0.0
2.8556430339813232, 0.8845946192741394, 0.0, 0.6585054993629456, 0.020052805542945862, 0.0, 0.0
2.8656721115112305, 0.8845946192741394, -0.6006759405136108, 0.65362948179245, 35.42033004760742, 0.0, 0.0
2.875645875930786, 0.8872972726821899, 0.0, 0.4996618330478668, 0.42835691571235657, 0.0, 0.0
2.885641574859619, 0.8872972726821899, 0.0, 0.6621110439300537, 34.97758102416992, 0.0, 0.0
2.895637273788452, 0.8872972726821899, 0.0, 0.4981815218925476, -0.046940337866544724, 0.0, 0.0
2.905635118484497, 0.8872972726821899, 0.5873857140541077, 0.4954935312271118, -0.3609722852706909, 0.0, 0.0
2.915666103363037, 0.8872972726821899, 0.0, 0.6597740650177002, 0.27466320991516113, 0.0, 0.0
2.925644636154175, 0.8872972726821899, 0.0, 0.6577248573303223, -0.3648357093334198, 0.0, 0.0
2.935640811920166, 0.8872972726821899, 0.0, 0.4979417324066162, -34.639102935791016, 0.0, 0.0
2.9456489086151123, 0.8872972726821899, 0.0, 0.6591001152992249, 0.4445648789405823, 0.0, 0.0
2.9556660652160645, 0.8872972726821899, 0.0, 0.6653176546096802, 0.8191390633583069, 0.0, 0.0
2.965656280517578, 0.8845946192741394, -0.6146149039268494, 0.6612741947174072, 36.24519348144531, 0.0, 0.0
2.9756462574005127, 0.8872972726821899, 0.0, 0.6669732332229614, 0.6849253177642822, 0.0, 0.0
2.9856557846069336, 0.8845946192741394, -0.5590549111366272, 0.6644662022590637, 0.2941299378871918, 0.0, 0.0
2.9956395626068115, 0.8872972726821899, 0.5915235280990601, 0.6641255617141724, 0.7687511444091797, 0.0, 0.0
3.0056309700012207, 0.8845946192741394, -0.5723785161972046, 0.6602581739425659, 34.77994918823242, 0.0, 0.0
3.0156357288360596, 0.8845946192741394, 0.0, 0.6588680744171143, -1.2901643514633179, 0.0, 0.0
3.0256481170654297, 0.8845946192741394, 0.0, 0.6619714498519897, -0.43864014744758606, 0.0, 0.0
3.0356435775756836, 0.8845946192741394, 0.0, 0.6572861671447754, -1.0488262176513672, 0.0, 0.0
3.0456366539001465, 0.8845946192741394, 0.0, 0.6640482544898987, 1.1533876657485962, 0.0, 0.0
3.055640935897827, 0.8845946192741394, 0.0, 0.6494949460029602, -3.319204092025757, 0.0, 0.0
3.065645456314087, 0.8845946192741394, 0.0, 0.49797937273979187, -36.88025665283203, 0.0, 0.0
3.0756332874298096, 0.8845946192741394, 0.0, 0.6676028966903687, 1.9509859085083008, 0.0, 0.0
3.0856456756591797, 0.8845946192741394, 0.0, 0.6722261905670166, 38.24269104003906, 0.0, 0.0
3.0956497192382812, 0.8845946192741394, 0.0, 0.6741665601730347, 1.4638559818267822, 0.0, 0.0
3.1056294441223145, 0.8845946192741394, 0.0, 0.6698974370956421, -0.5355398058891296, 0.0, 0.0
3.1156363487243652, 0.8845946192741394, 0.0, 0.6678305864334106, -1.777012825012207, 0.0, 0.0
3.125640630722046, 0.8845946192741394, 0.0, 0.6725396513938904, 38.461090087890625, 0.0, 0.0
3.135653495788574, 0.8845946192741394, 0.0, 0.6721764206886292, 0.6029537320137024, 0.0, 0.0
3.145658493041992, 0.8845946192741394, 0.0, 0.6742754578590393, 0.613989531993866, 0.0, 0.0
3.155660629272461, 0.8845946192741394, 0.0, 0.6764470934867859, 1.4907222986221313, 0.0, 0.0
3.1656482219696045, 0.8845946192741394, 0.0, 0.6727161407470703, 0.5562846064567566, 0.0, 0.0
3.1756539344787598, 0.8845946192741394, 0.0, 0.6745986938476562, 2.8147435188293457, 0.0, 0.0
3.1856751441955566, 0.8845946192741394, 0.0, 0.6730236411094666, -0.891215443611145, 0.0, 0.0
3.1956377029418945, 0.8872972726821899, 0.583455502986908, 0.6834700703620911, -0.16761620342731476, 0.0, 0.0
3.205634593963623, 0.8845946192741394, 0.0, 0.6738260388374329, -0.4665243327617645, 0.0, 0.0
3.215632200241089, 0.8845946192741394, 0.0, 0.6749866604804993, -0.2994503080844879, 0.0, 0.0
3.225667715072632, 0.8845946192741394, 0.0, 0.6816418766975403, 1.9872058629989624, 0.0, 0.0
3.235661029815674, 0.8845946192741394, 0.0, 0.6729497909545898, 0.34238913655281067, 0.0, 0.0
3.2456347942352295, 0.8845946192741394, 0.0, 0.6719879508018494, 0.14221322536468506, 0.0, 0.0
3.2556424140930176, 0.8845946192741394, 0.0, 0.6749429106712341, -1.0341756343841553, 0.0, 0.0
3.265634536743164, 0.8845946192741394, 0.0, 0.6782276630401611, -0.19125229120254517, 0.0, 0.0
3.275679111480713, 0.8845946192741394, 0.0, 0.6785551905632019, 0.5786250233650208, 0.0, 0.0
3.285832643508911, 0.8872972726821899, 0.0, 0.6773990988731384, -0.12115602195262909, 0.0, 0.0
3.295646905899048, 0.8872972726821899, 0.5968492031097412, 0.6772897839546204, -0.019765842705965042, 0.0, 0.0
3.305661678314209, 0.8845946192741394, 0.0, 0.6806181073188782, 0.20765326917171478, 0.0, 0.0
3.315633773803711, 0.8872972726821899, 0.5997226238250732, 0.6883578300476074, 1.7896219491958618, 0.0, 0.0
3.325627088546753, 0.8872972726821899, 0.5488238334655762, 0.6776502132415771, -0.3766234815120697, 0.0, 0.0
3.3356449604034424, 0.8845946192741394, -0.5830353498458862, 0.681180477142334, 1.201242208480835, 0.0, 0.0
3.3456735610961914, 0.8845946192741394, 0.0, 0.6743699312210083, -1.101613163948059, 0.0, 0.0
3.3556361198425293, 0.8845946192741394, -0.5987722873687744, 0.6808516383171082, 0.23440980911254883, 0.0, 0.0
3.365752935409546, 0.8845946192741394, -0.6175277233123779, 0.6640637516975403, -3.790268659591675, 0.0, 0.0
3.375641345977783, 0.8845946192741394, -0.5696460604667664, 0.6816678643226624, 0.8775474429130554, 0.0, 0.0
3.3856754302978516, 0.8845946192741394, -0.6040688753128052, 0.6803714036941528, 39.949729919433594, 0.0, 0.0
3.395646572113037, 0.8872972726821899, 0.6026238203048706, 0.5025856494903564, -38.755680084228516, 0.0, 0.0
3.4056499004364014, 0.8872972726821899, 0.4518657624721527, 0.6795334219932556, -0.43520957231521606, 0.0, 0.0
3.4157652854919434, 0.8845946192741394, 0.0, 0.6818087697029114, -0.09437365084886551, 0.0, 0.0
3.425640106201172, 0.8845946192741394, 0.0, 0.6833241581916809, 0.4753241240978241, 0.0, 0.0
3.435797691345215, 0.8845946192741394, 0.0, 0.6845609545707703, 0.30881020426750183, 0.0, 0.0
3.445647954940796, 0.8845946192741394, 0.0, 0.6856611371040344, 0.41439345479011536, 0.0, 0.0
3.4556355476379395, 0.8845946192741394, 0.0, 0.6796458959579468, -0.5903139710426331, 0.0, 0.0
3.4656338691711426, 0.8845946192741394, 0.0, 0.6852753162384033, 0.8988692760467529, 0.0, 0.0
3.4756386280059814, 0.8845946192741394, -0.5292724370956421, 0.6856113076210022, 35.54002380371094, 0.0, 0.0
3.485644817352295, 0.8872972726821899, 0.5338838696479797, 0.5023066997528076, -36.120059967041016, 0.0, 0.0
3.49564266204834, 0.8845946192741394, 0.0, 0.6819117665290833, -0.39851465821266174, 0.0, 0.0
3.505646228790283, 0.8845946192741394, -0.5862010717391968, 0.6822871565818787, 38.72371292114258, 0.0, 0.0
3.5156638622283936, 0.8872972726821899, 0.0, 0.5037369728088379, -0.10563721507787704, 0.0, 0.0
3.525648355484009, 0.8845946192741394, 0.0, 0.6827547550201416, -0.8065968155860901, 0.0, 0.0
3.5356481075286865, 0.8845946192741394, -0.5557931065559387, 0.6845054030418396, 37.122989654541016, 0.0, 0.0
3.545687437057495, 0.8845946192741394, -0.5365117788314819, 0.6825958490371704, 35.58205795288086, 0.0, 0.0
3.555637836456299, 0.8845946192741394, 0.0, 0.6846933364868164, 0.1440529078245163, 0.0, 0.0
3.5656819343566895, 0.8845946192741394, -0.5649898648262024, 0.6866858601570129, 38.23956298828125, 0.0, 0.0
3.575680732727051, 0.8872972726821899, 0.5260792970657349, 0.503846287727356, -35.29449462890625, 0.0, 0.0
3.5856471061706543, 0.8872972726821899, 0.0, 0.505282998085022, 0.26175859570503235, 0.0, 0.0
3.5956380367279053, 0.8845946192741394, 0.0, 0.6844088435173035, 0.03357945382595062, 0.0, 0.0
3.6056506633758545, 0.8872972726821899, 0.0, 0.5024245381355286, -0.3332946002483368, 0.0, 0.0
3.6156485080718994, 0.8872972726821899, 0.5854442119598389, 0.502765953540802, -0.7217251062393188, 0.0, 0.0
3.6256675720214844, 0.8872972726821899, 0.0, 0.5042938590049744, 0.022356189787387848, 0.0, 0.0
3.635690212249756, 0.8872972726821899, 0.0, 0.5034549832344055, 0.037546057254076004, 0.0, 0.0
3.6456809043884277, 0.8872972726821899, 0.0, 0.5027255415916443, -0.48081132769584656, 0.0, 0.0
3.655656337738037, 0.8872972726821899, 0.0, 0.5040034055709839, 0.13148146867752075, 0.0, 0.0
3.665674924850464, 0.8872972726821899, 0.0, 0.5038215517997742, -0.33668291568756104, 0.0, 0.0
3.675652027130127, 0.8872972726821899, 0.0, 0.5021785497665405, 0.0014511916087940335, 0.0, 0.0
3.6856601238250732, 0.8872972726821899, 0.0, 0.5044122934341431, -0.12753210961818695, 0.0, 0.0
3.6956803798675537, 0.8872972726821899, 0.0, 0.503473162651062, -0.3082692623138428, 0.0, 0.0
3.7056784629821777, 0.8872972726821899, 0.0, 0.5032601356506348, 0.09664112329483032, 0.0, 0.0
3.7156972885131836, 0.8872972726821899, 0.0, 0.5033560991287231, -0.03569876030087471, 0.0, 0.0
3.7256855964660645, 0.8872972726821899, 0.0, 0.5017637014389038, -0.8848027586936951, 0.0, 0.0
3.7356491088867188, 0.8872972726821899, 0.0, 0.5023843050003052, 0.09332173317670822, 0.0, 0.0
3.745647668838501, 0.8845946192741394, 0.0, 0.5133213400840759, 1.820264220237732, 0.0, 0.0
3.7556426525115967, 0.8872972726821899, 0.0, 0.5020485520362854, -0.4174635708332062, 0.0, 0.0
3.7656447887420654, 0.8872972726821899, 0.550663411617279, 0.5062981843948364, 1.0504627227783203, 0.0, 0.0
3.7756307125091553, 0.8845946192741394, -0.560908317565918, 0.5141286253929138, 2.5189530849456787, 0.0, 0.0
3.7856297492980957, 0.8872972726821899, 0.0, 0.5022414922714233, -0.57315993309021, 0.0, 0.0
3.7956504821777344, 0.8872972726821899, 0.0, 0.5019403100013733, 0.004688696935772896, 0.0, 0.0
3.8056373596191406, 0.8872972726821899, 0.0, 0.5023490786552429, 0.09426510334014893, 0.0, 0.0
3.815643310546875, 0.8872972726821899, 0.0, 0.5036850571632385, -0.16098672151565552, 0.0, 0.0
3.825636148452759, 0.8845946192741394, -0.5818383693695068, 0.5172690749168396, 2.4354822635650635, 0.0, 0.0
3.8356387615203857, 0.8872972726821899, 0.0, 0.504980206489563, -0.20863796770572662, 0.0, 0.0
3.84566593170166, 0.8872972726821899, 0.0, 0.5014265775680542, -1.100051760673523, 0.0, 0.0
3.855642318725586, 0.8872972726821899, 0.5147092342376709, 0.5008640885353088, -0.9621268510818481, 0.0, 0.0
3.8656418323516846, 0.8845946192741394, -0.554108738899231, 0.5167307257652283, 2.467728614807129, 0.0, 0.0
3.875638961791992, 0.8872972726821899, 0.0, 0.505405843257904, 0.09945410490036011, 0.0, 0.0
3.885638475418091, 0.8845946192741394, 0.0, 0.5223388075828552, 1.1308683156967163, 0.0, 0.0
3.8956379890441895, 0.8845946192741394, -0.5246913433074951, 0.5207616090774536, 3.5676534175872803, 0.0, 0.0
3.9056437015533447, 0.8872972726821899, 0.0, 0.5060305595397949, -0.09088914841413498, 0.0, 0.0
3.9156479835510254, 0.8872972726821899, 0.534664511680603, 0.5051256418228149, -0.10369321703910828, 0.0, 0.0
3.9256670475006104, 0.8872972726821899, 0.5411216020584106, 0.5028111338615417, -2.2414190769195557, 0.0, 0.0
3.93562650680542, 0.8845946192741394, -0.5531893968582153, 0.5216136574745178, 3.3118956089019775, 0.0, 0.0
3.9457602500915527, 0.8845946192741394, 0.0, 0.5084654688835144, -2.3762385845184326, 0.0, 0.0
3.9556374549865723, 0.8872972726821899, 0.0, 0.5054014325141907, -0.8340096473693848, 0.0, 0.0
3.9656600952148438, 0.8872972726821899, 0.0, 0.5052587389945984, 0.8015835881233215, 0.0, 0.0
3.9756455421447754, 0.8845946192741394, 0.0, 0.5170444250106812, 0.6054207682609558, 0.0, 0.0
3.9856390953063965, 0.8845946192741394, 0.0, 0.5214253067970276, 1.9277756214141846, 0.0, 0.0
3.9956421852111816, 0.8845946192741394, 0.0, 0.517992377281189, -0.49338874220848083, 0.0, 0.0
4.005646467208862, 0.8845946192741394, 0.0, 0.5167392492294312, 0.13227683305740356, 0.0, 0.0
4.015634536743164, 0.8872972726821899, 0.5914309620857239, 0.6924297213554382, 37.412132263183594, 0.0, 0.0
4.025635242462158, 0.8845946192741394, 0.0, 0.518142580986023, 0.1187376007437706, 0.0, 0.0
4.035658836364746, 0.8845946192741394, 0.0, 0.5163872838020325, -0.18104131519794464, 0.0, 0.0
4.0456647872924805, 0.8845946192741394, -0.6065576672554016, 0.520889401435852, 2.7251226902008057, 0.0, 0.0
4.0556347370147705, 0.8845946192741394, 0.0, 0.5215825438499451, -0.0298022273927927, 0.0, 0.0
4.065644025802612, 0.8845946192741394, 0.0, 0.518035352230072, -0.663497269153595, 0.0, 0.0
4.075640439987183, 0.8845946192741394, 0.0, 0.5178775191307068, 2.663350820541382, 0.0, 0.0
4.085637092590332, 0.8845946192741394, 0.0, 0.5219081044197083, 0.9803425669670105, 0.0, 0.0
4.095634698867798, 0.8845946192741394, -0.5853837728500366, 0.5122278332710266, 0.7800998091697693, 0.0, 0.0
4.105834484100342, 0.8845946192741394, 0.0, 0.5211217999458313, -0.16053980588912964, 0.0, 0.0
4.115653038024902, 0.8845946192741394, 0.0, 0.5211145877838135, 0.7727067470550537, 0.0, 0.0
4.125635862350464, 0.8845946192741394, 0.0, 0.5174142122268677, 0.2183142453432083, 0.0, 0.0
4.135629415512085, 0.8845946192741394, 0.0, 0.516765832901001, -0.3166303336620331, 0.0, 0.0
4.145644426345825, 0.8845946192741394, 0.0, 0.5188665986061096, 0.3359706699848175, 0.0, 0.0
4.155648946762085, 0.8845946192741394, 0.0, 0.523382306098938, 0.5456318259239197, 0.0, 0.0
4.165687561035156, 0.8845946192741394, 0.0, 0.5172642469406128, -1.0563405752182007, 0.0, 0.0
4.175652980804443, 0.8845946192741394, 0.0, 0.5211006999015808, -0.08830664306879044, 0.0, 0.0
4.185640096664429, 0.8845946192741394, -0.5842072367668152, 0.5182154178619385, 2.136589288711548, 0.0, 0.0
4.195863723754883, 0.8845946192741394, 0.0, 0.5223727226257324, 0.146026149392128, 0.0, 0.0
4.205672740936279, 0.8845946192741394, 0.0, 0.5217324495315552, 0.8904324769973755, 0.0, 0.0
4.215653657913208, 0.8845946192741394, 0.0, 0.5249304175376892, 1.63346266746521, 0.0, 0.0
4.2256481647491455, 0.8845946192741394, 0.0, 0.5177430510520935, -0.8528188467025757, 0.0, 0.0
4.235637187957764, 0.8845946192741394, 0.0, 0.517353892326355, -0.029122432693839073, 0.0, 0.0
4.245631694793701, 0.8845946192741394, 0.0, 0.5134555697441101, -0.9323713779449463, 0.0, 0.0
4.255662679672241, 0.8845946192741394, 0.0, 0.5243811011314392, 0.5714030861854553, 0.0, 0.0
4.265660285949707, 0.8845946192741394, 0.0, 0.5172795057296753, -0.8603100180625916, 0.0, 0.0
4.275651931762695, 0.8845946192741394, 0.0, 0.5196364521980286, 0.10236677527427673, 0.0, 0.0
4.285650730133057, 0.8845946192741394, 0.0, 0.5218466520309448, 1.222196102142334, 0.0, 0.0
4.295649766921997, 0.8845946192741394, 0.0, 0.5168209671974182, -0.5648377537727356, 0.0, 0.0
4.305669546127319, 0.8845946192741394, 0.0, 0.5203251838684082, -0.5428126454353333, 0.0, 0.0
4.315653562545776, 0.8845946192741394, 0.0, 0.5218625664710999, -0.06040249392390251, 0.0, 0.0
4.325654983520508, 0.8845946192741394, 0.0, 0.5219942331314087, 0.41195085644721985, 0.0, 0.0
4.335684776306152, 0.8845946192741394, 0.0, 0.5147258639335632, -1.2543010711669922, 0.0, 0.0
4.345652341842651, 0.8845946192741394, 0.0, 0.5196577310562134, 0.797882080078125, 0.0, 0.0
4.355657339096069, 0.8845946192741394, 0.0, 0.5159048438072205, -1.4254239797592163, 0.0, 0.0
4.365653991699219, 0.8845946192741394, 0.0, 0.5211440920829773, 0.22614043951034546, 0.0, 0.0
4.375654697418213, 0.8845946192741394, 0.0, 0.5232389569282532, 0.42417627573013306, 0.0, 0.0
4.3856353759765625, 0.8845946192741394, 0.0, 0.518995463848114, -0.11057352274656296, 0.0, 0.0
4.3956873416900635, 0.8845946192741394, 0.0, 0.5207408666610718, 1.1232211589813232, 0.0, 0.0
4.405685901641846, 0.8845946192741394, 0.0, 0.5204619765281677, 0.13054104149341583, 0.0, 0.0
4.415666580200195, 0.8845946192741394, 0.0, 0.5213871002197266, 0.3530184328556061, 0.0, 0.0
4.425640344619751, 0.8845946192741394, 0.0, 0.520171582698822, 0.05170821771025658, 0.0, 0.0
4.435647487640381, 0.8845946192741394, 0.0, 0.5197727084159851, 0.026058169081807137, 0.0, 0.0
4.445680618286133, 0.8845946192741394, 0.0, 0.5196713209152222, 0.5771421790122986, 0.0, 0.0
4.45567774772644, 0.8845946192741394, 0.0, 0.5204437971115112, -0.03299159184098244, 0.0, 0.0
4.465641498565674, 0.8845946192741394, 0.0, 0.5191864371299744, 0.6061345338821411, 0.0, 0.0
4.475634574890137, 0.8845946192741394, 0.0, 0.519257128238678, 0.01513583678752184, 0.0, 0.0
4.485669136047363, 0.8845946192741394, 0.0, 0.5190953016281128, -0.1720503866672516, 0.0, 0.0
4.495645046234131, 0.8845946192741394, 0.0, 0.5182716250419617, -0.24046620726585388, 0.0, 0.0
4.505685091018677, 0.8845946192741394, 0.0, 0.5203275084495544, 0.6571245193481445, 0.0, 0.0
4.5156495571136475, 0.8845946192741394, 0.0, 0.5212491154670715, 0.49044227600097656, 0.0, 0.0
4.525635480880737, 0.8845946192741394, 0.0, 0.5196667313575745, 0.15549463033676147, 0.0, 0.0
4.535646677017212, 0.8845946192741394, 0.0, 0.5188806056976318, -0.6996855139732361, 0.0, 0.0
4.5456383228302, 0.8845946192741394, 0.0, 0.5120975971221924, -0.9000602960586548, 0.0, 0.0
4.555653095245361, 0.8845946192741394, 0.0, 0.5132649540901184, 0.13299842178821564, 0.0, 0.0
4.565633058547974, 0.8845946192741394, 0.0, 0.5168265700340271, -0.1931486874818802, 0.0, 0.0
4.575636386871338, 0.8845946192741394, 0.0, 0.520746648311615, 0.1965801864862442, 0.0, 0.0
4.585643768310547, 0.8845946192741394, 0.0, 0.5193121433258057, 0.05962038040161133, 0.0, 0.0
4.595629453659058, 0.8845946192741394, 0.0, 0.5206975340843201, 0.4769125282764435, 0.0, 0.0
4.60563850402832, 0.8845946192741394, 0.0, 0.5176425576210022, -0.1785937249660492, 0.0, 0.0
4.615722417831421, 0.8845946192741394, 0.0, 0.521301805973053, 0.0024065219331532717, 0.0, 0.0
4.625649929046631, 0.8845946192741394, 0.0, 0.5204953551292419, 1.253460168838501, 0.0, 0.0
4.635639190673828, 0.8845946192741394, 0.0, 0.5204001665115356, -0.0590817853808403, 0.0, 0.0
4.6456687450408936, 0.8845946192741394, 0.0, 0.5212789177894592, -0.04974549263715744, 0.0, 0.0
4.655660629272461, 0.8845946192741394, 0.0, 0.520835280418396, 0.8376561999320984, 0.0, 0.0
4.665692090988159, 0.8845946192741394, 0.0, 0.5175964832305908, -0.35377010703086853, 0.0, 0.0
4.675638675689697, 0.8845946192741394, 0.0, 0.5225247144699097, 1.0496569871902466, 0.0, 0.0
4.685638904571533, 0.8845946192741394, 0.0, 0.5197078585624695, 0.590525209903717, 0.0, 0.0
4.695678949356079, 0.8845946192741394, 0.0, 0.5217157006263733, 0.044317834079265594, 0.0, 0.0
4.705633878707886, 0.8845946192741394, 0.0, 0.51678866147995, -3.4407520294189453, 0.0, 0.0
4.7156572341918945, 0.8845946192741394, 0.0, 0.7611995935440063, 36.87917709350586, 0.0, 0.0
4.725640058517456, 0.8845946192741394, 0.0, 0.7600213289260864, 0.9356582760810852, 0.0, 0.0
4.735677003860474, 0.8845946192741394, 0.0, 0.5274955630302429, -0.5669410228729248, 0.0, 0.0
4.745859622955322, 0.8845946192741394, 0.0, 0.7406463623046875, -2.7758665084838867, 0.0, 0.0
4.755640506744385, 0.8845946192741394, 0.0, 0.5245991349220276, -43.50510025024414, 0.0, 0.0
4.765649795532227, 0.8845946192741394, 0.0, 0.7496281266212463, 34.61796951293945, 0.0, 0.0
4.775645971298218, 0.8845946192741394, 0.0, 0.7500836849212646, 0.05174703523516655, 0.0, 0.0
4.785677909851074, 0.8845946192741394, 0.0, 0.7506151795387268, 47.41718292236328, 0.0, 0.0
4.795698642730713, 0.8845946192741394, 0.0, 0.528771162033081, -0.6681129932403564, 0.0, 0.0
4.8056511878967285, 0.8845946192741394, 0.0, 0.5297449231147766, -1.022823691368103, 0.0, 0.0
4.815666913986206, 0.8845946192741394, 0.0, 0.5283700823783875, 0.23125170171260834, 0.0, 0.0
4.82565712928772, 0.8845946192741394, 0.0, 0.5359619855880737, 1.045495629310608, 0.0, 0.0
4.835670471191406, 0.8845946192741394, 0.0, 0.7416068911552429, 43.40672302246094, 0.0, 0.0
4.8456714153289795, 0.8845946192741394, 0.0, 0.7513828873634338, 44.27241516113281, 0.0, 0.0
4.8556809425354, 0.8845946192741394, 0.0, 0.5343276858329773, 0.2123413383960724, 0.0, 0.0
4.865644931793213, 0.8845946192741394, 0.0, 0.5254462957382202, -0.33799993991851807, 0.0, 0.0
4.8756561279296875, 0.8845946192741394, 0.0, 0.5260013937950134, -49.64216995239258, 0.0, 0.0
4.885652780532837, 0.8845946192741394, 0.0, 0.5324211120605469, -44.6773681640625, 0.0, 0.0
4.895652770996094, 0.8845946192741394, 0.0, 0.7495436072349548, 47.962215423583984, 0.0, 0.0
4.905669927597046, 0.8845946192741394, 0.0, 0.7460331916809082, -2.078878402709961, 0.0, 0.0
4.915645122528076, 0.8845946192741394, 0.0, 0.5288876891136169, 1.4053330421447754, 0.0, 0.0
4.925691604614258, 0.8845946192741394, 0.0, 0.756175696849823, 47.43720626831055, 0.0, 0.0
4.935714244842529, 0.8845946192741394, 0.0, 0.5288597941398621, 0.5864525437355042, 0.0, 0.0
4.945659637451172, 0.8845946192741394, 0.0, 0.5225667357444763, -41.94038772583008, 0.0, 0.0
4.95565390586853, 0.8845946192741394, 0.0, 0.7502701282501221, -3.6749162673950195, 0.0, 0.0
4.965670824050903, 0.8845946192741394, 0.0, 0.5298580527305603, -35.183258056640625, 0.0, 0.0
4.975660800933838, 0.8845946192741394, 0.0, 0.7586880922317505, -0.12992167472839355, 0.0, 0.0
4.985804319381714, 0.8845946192741394, 0.0, 0.7574354410171509, 0.7144230008125305, 0.0, 0.0
4.995639324188232, 0.8845946192741394, 0.0, 0.7526600956916809, 40.932891845703125, 0.0, 0.0
5.005647659301758, 0.8845946192741394, 0.0, 0.731981635093689, -3.8150649070739746, 0.0, 0.0
5.015657424926758, 0.8845946192741394, 0.0, 0.7539228796958923, -1.0514798164367676, 0.0, 0.0
5.025666236877441, 0.8845946192741394, 0.0, 0.7677382230758667, 1.3318030834197998, 0.0, 0.0
5.0356481075286865, 0.8845946192741394, 0.0, 0.7515048980712891, -0.8269540071487427, 0.0, 0.0
5.045633316040039, 0.8845946192741394, -0.07349846512079239, 0.7508916854858398, 4.477227687835693, 0.0, 0.0
5.055637359619141, 0.8845946192741394, 0.0, 0.7564243674278259, 1.0171313285827637, 0.0, 0.0
5.065668344497681, 0.8845946192741394, 0.0, 0.5308605432510376, -0.7034173011779785, 0.0, 0.0
5.075650691986084, 0.8845946192741394, 0.0, 0.7555074095726013, 0.2294299304485321, 0.0, 0.0
5.085651636123657, 0.8845946192741394, 0.0, 0.7554682493209839, -0.891869306564331, 0.0, 0.0
5.095649719238281, 0.8845946192741394, 0.0, 0.5284463167190552, -39.453033447265625, 0.0, 0.0
5.105678081512451, 0.8845946192741394, 0.0, 0.5270341038703918, -0.4739285409450531, 0.0, 0.0
5.115686655044556, 0.8845946192741394, 0.0, 0.5258856415748596, -0.5569247007369995, 0.0, 0.0
5.125634670257568, 0.8845946192741394, 0.0, 0.7585277557373047, 45.50520706176758, 0.0, 0.0
5.13565731048584, 0.8845946192741394, 0.0, 0.529624879360199, -31.932693481445312, 0.0, 0.0
5.145641088485718, 0.8845946192741394, 0.0, 0.5299397110939026, 0.5885999202728271, 0.0, 0.0
5.155686378479004, 0.8845946192741394, 0.0, 0.5342010855674744, -48.326839447021484, 0.0, 0.0
5.165637493133545, 0.8845946192741394, 0.0, 0.5297802686691284, 0.7245676517486572, 0.0, 0.0
5.1756556034088135, 0.8845946192741394, 0.0, 0.7615039348602295, 40.049583435058594, 0.0, 0.0
5.185654640197754, 0.8845946192741394, 0.0, 0.764733612537384, 50.058162689208984, 0.0, 0.0
5.1958394050598145, 0.8845946192741394, 0.0, 0.7684831619262695, 42.70686340332031, 0.0, 0.0
5.205645561218262, 0.8845946192741394, 0.0, 0.7605316638946533, 51.42036056518555, 0.0, 0.0
5.2156407833099365, 0.8845946192741394, 0.0, 0.7585180401802063, -1.8366162776947021, 0.0, 0.0
5.225658655166626, 0.8845946192741394, 0.0, 0.7613648772239685, 43.749149322509766, 0.0, 0.0
5.235653877258301, 0.8845946192741394, 0.0, 0.760479211807251, 0.9775417447090149, 0.0, 0.0
5.245676040649414, 0.8845946192741394, 0.0, 0.7576534152030945, -0.09456154704093933, 0.0, 0.0
5.255638122558594, 0.8845946192741394, 0.0, 0.760267436504364, -0.05820951238274574, 0.0, 0.0
5.265646457672119, 0.8845946192741394, 0.0, 0.5328174829483032, -42.48782730102539, 0.0, 0.0
5.275655508041382, 0.8845946192741394, 0.0, 0.761879026889801, 47.520320892333984, 0.0, 0.0
5.285689353942871, 0.8845946192741394, 0.0, 0.762015700340271, 5.156097412109375, 0.0, 0.0
5.295640468597412, 0.8845946192741394, 0.0, 0.5303089618682861, -0.602942943572998, 0.0, 0.0
5.30566668510437, 0.8845946192741394, -0.11388985812664032, 0.7596375346183777, 13.174643516540527, 0.0, 0.0
5.315666437149048, 0.8845946192741394, 0.0, 0.7631843090057373, 47.22780227661133, 0.0, 0.0
5.325639009475708, 0.8845946192741394, 0.0, 0.5343692898750305, -0.47902506589889526, 0.0, 0.0
5.335635185241699, 0.8845946192741394, 0.0, 0.5331791043281555, -0.09543417394161224, 0.0, 0.0
5.345650911331177, 0.8845946192741394, 0.0, 0.5354795455932617, 0.3705902397632599, 0.0, 0.0
5.355676174163818, 0.8845946192741394, 0.0, 0.5325965285301208, -52.1721076965332, 0.0, 0.0
5.365675449371338, 0.8845946192741394, 0.0, 0.5344893932342529, 0.21173995733261108, 0.0, 0.0
5.375640392303467, 0.8845946192741394, -0.11620181053876877, 0.5353387594223022, -39.408451080322266, 0.0, 0.0
5.385676383972168, 0.8851063847541809, 0.14409586787223816, 0.6895583271980286, 43.41559982299805, 0.0, 0.0
5.395646572113037, 0.8851063847541809, 0.0, 0.6870900988578796, -1.098002552986145, 0.0, 0.0
5.40563702583313, 0.8845946192741394, 0.0, 0.5361853837966919, 0.29884859919548035, 0.0, 0.0
5.415648698806763, 0.8845946192741394, -0.11282435059547424, 0.5360450744628906, -34.40361785888672, 0.0, 0.0
5.425647974014282, 0.8845946192741394, 0.0, 0.531534731388092, -1.1207892894744873, 0.0, 0.0
5.435656785964966, 0.8851063847541809, 0.14647532999515533, 0.6895946264266968, 44.68617630004883, 0.0, 0.0
5.44564151763916, 0.8845946192741394, -0.10964887589216232, 0.5338526368141174, -33.60573196411133, 0.0, 0.0
5.455685615539551, 0.8851063847541809, 0.1353636085987091, 0.6965553760528564, 42.54689025878906, 0.0, 0.0
5.465646028518677, 0.8851063847541809, 0.0, 0.6952277421951294, -1.1962921619415283, 0.0, 0.0
5.475647211074829, 0.8851063847541809, 0.0, 0.6965121030807495, 4.138474464416504, 0.0, 0.0
5.485643148422241, 0.8851063847541809, 0.0, 0.6950421333312988, 2.704779863357544, 0.0, 0.0
5.495667457580566, 0.8851063847541809, 0.0, 0.6937792301177979, 3.30210018157959, 0.0, 0.0
5.505680322647095, 0.8851063847541809, 0.0, 0.7058180570602417, 3.719738721847534, 0.0, 0.0
5.515645265579224, 0.8851063847541809, 0.0, 0.6920642852783203, 2.7802751064300537, 0.0, 0.0
5.525665998458862, 0.8851063847541809, 0.0, 0.6923527121543884, 4.918620586395264, 0.0, 0.0
5.535712242126465, 0.8851063847541809, 0.0, 0.7056147456169128, -0.1750538945198059, 0.0, 0.0
5.545636177062988, 0.8851063847541809, 0.0, 0.6763854622840881, -3.7737627029418945, 0.0, 0.0
5.555637836456299, 0.8851063847541809, 0.0, 0.7047300338745117, 4.6414899826049805, 0.0, 0.0
5.565637111663818, 0.8851063847541809, 0.0, 0.6923596262931824, -2.910876989364624, 0.0, 0.0
5.575639009475708, 0.8845946192741394, -0.11319918185472488, 0.5345467925071716, -35.21786880493164, 0.0, 0.0
5.585633039474487, 0.8851063847541809, 0.0, 0.696844220161438, 2.289930582046509, 0.0, 0.0
5.595661163330078, 0.8851063847541809, 0.0, 0.6930822730064392, 0.9036713242530823, 0.0, 0.0
5.60563325881958, 0.8851063847541809, 0.0, 0.6980990767478943, 6.435494422912598, 0.0, 0.0
5.61565375328064, 0.8851063847541809, 0.0, 0.6961991786956787, 1.6605685949325562, 0.0, 0.0
5.62563419342041, 0.8851063847541809, 0.0, 0.687325119972229, -2.1489851474761963, 0.0, 0.0
5.635636329650879, 0.8851063847541809, 0.0, 0.6843998432159424, -1.2437095642089844, 0.0, 0.0
5.645636796951294, 0.8851063847541809, 0.0, 0.6858713626861572, 0.08882386237382889, 0.0, 0.0
5.655636787414551, 0.8851063847541809, 0.0, 0.6942977905273438, 1.3328977823257446, 0.0, 0.0
5.665639162063599, 0.8851063847541809, 0.0, 0.6876887083053589, 1.4950250387191772, 0.0, 0.0
5.675645351409912, 0.8851063847541809, 0.0, 0.6947585344314575, 5.522157669067383, 0.0, 0.0
5.685657024383545, 0.8851063847541809, 0.0, 0.6877612471580505, -1.7551809549331665, 0.0, 0.0
5.695667505264282, 0.8851063847541809, 0.0, 0.6837202310562134, -0.8195105195045471, 0.0, 0.0
5.705667018890381, 0.8851063847541809, 0.0, 0.6858206987380981, 0.09844723343849182, 0.0, 0.0
5.715641260147095, 0.8851063847541809, 0.0, 0.6822798252105713, -1.4624061584472656, 0.0, 0.0
