4.5299530029296875e-06, 0.0, 0.0, 0.0, 0.0, 0.0, 0.0
0.0057830810546875, 0.0, 0.0, 0.0, 0.0, 0.0, 0.0
0.01573801040649414, 0.0, 0.0, 0.0, 0.0, 0.0, 0.0
0.025753021240234375, 0.0, 0.0, 0.0, 0.0, 0.0, 0.0
0.03574872016906738, 0.0, 0.0, 0.0, 0.0, 0.0, 0.0
0.04575061798095703, 0.0, 0.0, 0.0, 0.0, 0.0, 0.0
0.05574345588684082, 0.0, 0.0, 0.0, 0.0, 0.0, 0.0
0.06575608253479004, 0.0, 0.0, 0.0, 0.0, 0.0, 0.0
0.07570910453796387, 0.0, 0.0, 0.0, 0.0, 0.0, 0.0
0.08575224876403809, 0.0, 0.0, 0.0, 0.0, 0.0, 0.0
0.09579086303710938, 0.0, 0.0, 0.0, 0.0, 0.0, 0.0
0.10586953163146973, 0.0, 0.0, 0.0, 0.0, 0.0, 0.0
0.11581039428710938, 0.0, 0.0, 0.0, 0.0, 0.0, 0.0
0.1258707046508789, 0.0, 0.0, 0.0, 0.0, 0.0, 0.0
0.13586759567260742, 0.0, 0.0, 0.0, 0.0, 0.0, 0.0
0.1458878517150879, 0.0, 0.0, 0.0, 0.0, 0.0, 0.0
0.1558685302734375, 0.0, 0.0, 0.0, 0.0, 0.0, 0.0
0.16581487655639648, 0.0, 0.0, 0.0, 0.0, 0.0, 0.0
0.17576217651367188, 0.0, 0.0, 0.0, 0.0, 0.0, 0.0
0.18573617935180664, 0.0, 0.0, 0.0, 0.0, 0.0, 0.0
0.19587469100952148, 0.0, 0.0, 0.0, 0.0, 0.0, 0.0
0.20577073097229004, 0.0, 0.0, 0.0, 0.0, 0.0, 0.0
0.21579957008361816, 0.0, 0.0, 0.0, 0.0, 0.0, 0.0
0.22574090957641602, 0.0, 0.0, 0.0, 0.0, 0.0, 0.0
0.23575782775878906, 0.0, 0.0, 0.0, 0.0, 0.0, 0.0
0.24583745002746582, 0.0, 0.0, 0.0, 0.0, 0.0, 0.0
0.25577211380004883, 0.0, 0.0, 0.0, 0.0, 0.0, 0.0
0.2657430171966553, 0.0, 0.0, 0.0, 0.0, 0.0, 0.0
0.2757608890533447, 0.0, 0.0, 0.0, 0.0, 0.0, 0.0
0.2857677936553955, 0.0, 0.0, 0.0, 0.0, 0.0, 0.0
0.2957570552825928, 0.0, 0.0, 0.0, 0.0, 0.0, 0.0
0.30576395988464355, 0.0, 0.0, 0.0, 0.0, 0.0, 0.0
0.3157334327697754, 0.0, 0.0, 0.0, 0.0, 0.0, 0.0
0.3257617950439453, 0.0, 0.0, 0.0, 0.0, 0.0, 0.0
0.33574771881103516, 0.0, 0.0, 0.0, 0.0, 0.0, 0.0
0.3458411693572998, 0.0, 0.0, 0.0, 0.0, 0.0, 0.0
0.35579562187194824, 0.0, 0.0, 0.0, 0.0, 0.0, 0.0
0.3658463954925537, 0.0, 0.0, 0.0, 0.0, 0.0, 0.0
0.3758237361907959, 0.0, 0.0, 0.0, 0.0, 0.0, 0.0
0.38579630851745605, 0.0, 0.0, 0.0, 0.0, 0.0, 0.0
0.3958015441894531, 0.0, 0.0, 0.0, 0.0, 0.0, 0.0
0.40587949752807617, 0.0, 0.0, 0.0, 0.0, 0.0, 0.0
0.4158287048339844, 0.0, 0.0, 0.0, 0.0, 0.0, 0.0
0.4258544445037842, 0.0, 0.0, 0.0, 0.0, 0.0, 0.0
0.4357869625091553, 0.0, 0.0, 0.0, 0.0, 0.0, 0.0
0.44574832916259766, 0.0, 0.0, 0.0, 0.0, 0.0, 0.0
0.4557504653930664, 0.0, 0.0, 0.0, 0.0, 0.0, 0.0
0.4657864570617676, 0.0, 0.0, 0.0, 0.0, 0.0, 0.0
0.47579264640808105, 0.0, 0.0, 0.0, 0.0, 0.0, 0.0
0.48580360412597656, 0.0, 0.0, 0.0, 0.0, 0.0, 0.0
0.49572300910949707, 0.0, 0.0, 0.0, 0.0, 0.0, 0.0
0.5057621002197266, 0.0, 0.0, 0.0, 0.0, 0.0, 0.0
0.5157685279846191, 0.0, 0.0, 0.0, 0.0, 0.0, 0.0
0.5257666110992432, 0.0, 0.0, 0.0, 0.0, 0.0, 0.0
0.5357515811920166, 0.0, 0.0, 0.0, 0.0, 0.0, 0.0
0.5457358360290527, 0.0, 0.0, 0.0, 0.0, 0.0, 0.0
0.5557255744934082, 0.0, 0.0, 0.0, 0.0, 0.0, 0.0
0.5657548904418945, 0.0, 0.0, 0.0, 0.0, 0.0, 0.0
0.5757415294647217, 0.0, 0.0, 0.0, 0.0, 0.0, 0.0
0.5857300758361816, 0.0, 0.0, 0.0, 0.0, 0.0, 0.0
0.5957386493682861, 0.0, 0.0, 0.0, 0.0, 0.0, 0.0
0.6057074069976807, 0.0, 0.0, 0.0, 0.0, 0.0, 0.0
0.6157999038696289, 0.0, 0.0, 0.0, 0.0, 0.0, 0.0
0.6257719993591309, 0.0, 0.0, 0.0, 0.0, 0.0, 0.0
0.6358175277709961, 0.0, 0.0, 0.0, 0.0, 0.0, 0.0
0.6457874774932861, 0.0, 0.0, 0.0, 0.0, 0.0, 0.0
0.6558034420013428, 0.0, 0.0, 0.0, 0.0, 0.0, 0.0
0.6657919883728027, 0.0, 0.0, 0.0, 0.0, 0.0, 0.0
0.6757981777191162, 0.0, 0.0, 0.0, 0.0, 0.0, 0.0
0.68575119972229, 0.0, 0.0, 0.0, 0.0, 0.0, 0.0
0.6957874298095703, 0.0, 0.0, 0.0, 0.0, 0.0, 0.0
0.705829381942749, 0.0, 0.0, 0.0, 0.0, 0.0, 0.0
0.7158212661743164, 0.0, 0.0, 0.0, 0.0, 0.0, 0.0
0.7258243560791016, 0.0, 0.0, 0.0, 0.0, 0.0, 0.0
0.7358171939849854, 0.0, 0.0, 0.0, 0.0, 0.0, 0.0
0.7458505630493164, 0.0, 0.0, 0.0, 0.0, 0.0, 0.0
0.7557528018951416, 0.0, 0.0, 0.0, 0.0, 0.0, 0.0
0.7657475471496582, 0.0, 0.0, 0.0, 0.0, 0.0, 0.0
0.7757391929626465, 0.0, 0.0, 0.0, 0.0, 0.0, 0.0
0.7857208251953125, 0.0, 0.0, 0.0, 0.0, 0.0, 0.0
0.795771598815918, 0.0, 0.0, 0.0, 0.0, 0.0, 0.0
0.8057401180267334, 0.0, 0.0, 0.0, 0.0, 0.0, 0.0
0.8157122135162354, 0.0, 0.0, 0.0, 0.0, 0.0, 0.0
0.8257429599761963, 0.0, 0.0, 0.0, 0.0, 0.0, 0.0
0.8357284069061279, 0.0, 0.0, 0.0, 0.0, 0.0, 0.0
0.8459079265594482, 0.0, 0.0, 0.0, 0.0, 0.0, 0.0
0.8557360172271729, 0.0, 0.0, 0.0, 0.0, 0.0, 0.0
0.8657238483428955, 0.0, 0.0, 0.0, 0.0, 0.0, 0.0
0.875701904296875, 0.0, 0.0, 0.0, 0.0, 0.0, 0.0
0.8857266902923584, 0.0, 0.0, 0.0, 0.0, 0.0, 0.0
0.895719051361084, 0.0, 0.0, 0.0, 0.0, 0.0, 0.0
0.905745267868042, 0.0, 0.0, 0.0, 0.0, 0.0, 0.0
0.9157366752624512, 0.0, 0.0, 0.0, 0.0, 0.0, 0.0
0.9257612228393555, 0.0, 0.0, 0.0, 0.0, 0.0, 0.0
0.9357211589813232, 0.0, 0.0, 0.0, 0.0, 0.0, 0.0
0.9457747936248779, 0.0, 0.0, 0.0, 0.0, 0.0, 0.0
0.9557349681854248, 0.0, 0.0, 0.0, 0.0, 0.0, 0.0
0.9657464027404785, 0.0, 0.0, 0.0, 0.0, 0.0, 0.0
0.9757719039916992, 0.0, 0.0, 0.0, 0.0, 0.0, 0.0
0.9857335090637207, 0.0, 0.0, 0.0, 0.0, 0.0, 0.0
0.9957113265991211, 0.0, 0.0, 0.0, 0.0, 0.0, 0.0
1.0057311058044434, 0.0, 0.0, 0.0, 0.0, 0.0, 0.0
1.0157427787780762, 0.0, 0.0, 0.0, 0.0, 0.0, 0.0
1.025740146636963, 0.0, 0.0, 0.0, 0.0, 0.0, 0.0
1.0356976985931396, 0.0, 0.0, 0.0, 0.0, 0.0, 0.0
1.0457086563110352, 0.0, 0.0, 0.0, 0.0, 0.0, 0.0
1.055694341659546, 0.0, 0.0, 0.0, 0.0, 0.0, 0.0
1.0657079219818115, 0.0, 0.0, 0.0, 0.0, 0.0, 0.0
1.075721263885498, 0.0, 0.0, 0.0, 0.0, 0.0, 0.0
1.0857110023498535, 0.0, 0.0, 0.0, 0.0, 0.0, 0.0
1.0957098007202148, 0.0, 0.0, 0.0, 0.0, 0.0, 0.0
1.105710506439209, 0.0, 0.0, 0.0, 0.0, 0.0, 0.0
1.1157171726226807, 0.0, 0.0, 0.0, 0.0, 0.0, 0.0
1.1257119178771973, 0.0, 0.0, 0.0, 0.0, 0.0, 0.0
1.135707139968872, 0.0, 0.0, 0.0, 0.0, 0.0, 0.0
1.1457231044769287, 0.0, 0.0, 0.0, 0.0, 0.0, 0.0
1.1557021141052246, 0.0, 0.0, 0.0, 0.0, 0.0, 0.0
1.1657111644744873, 0.0, 0.0, 0.0, 0.0, 0.0, 0.0
1.175708293914795, 0.0, 0.0, 0.0, 0.0, 0.0, 0.0
1.1857070922851562, 0.0, 0.0, 0.0, 0.0, 0.0, 0.0
1.195697546005249, 0.0, 0.0, 0.0, 0.0, 0.0, 0.0
1.2058892250061035, 0.0, 0.0, 0.0, 0.0, 0.0, 0.0
1.2157073020935059, 0.0, 0.0, 0.0, 0.0, 0.0, 0.0
1.2256951332092285, 0.0, 0.0, 0.0, 0.0, 0.0, 0.0
1.2357161045074463, 0.0, 0.0, 0.0, 0.0, 0.0, 0.0
1.245720624923706, 0.0, 0.0, 0.0, 0.0, 0.0, 0.0
1.2557106018066406, 0.0, 0.0, 0.0, 0.0, 0.0, 0.0
1.265761137008667, 0.0, 0.0, 0.0, 0.0, 0.0, 0.0
1.2757580280303955, 0.0, 0.0, 0.0, 0.0, 0.0, 0.0
1.2857427597045898, 0.0, 0.0, 0.0, 0.0, 0.0, 0.0
1.295759677886963, 0.0, 0.0, 0.0, 0.0, 0.0, 0.0
1.3057849407196045, 0.0, 0.0, 0.0, 0.0, 0.0, 0.0
1.3157529830932617, 0.0, 0.0, 0.0, 0.0, 0.0, 0.0
1.325749397277832, 0.0, 0.0, 0.0, 0.0, 0.0, 0.0
1.3357374668121338, 0.0, 0.0, 0.0, 0.0, 0.0, 0.0
1.3457651138305664, 0.0, 0.0, 0.0, 0.0, 0.0, 0.0
1.3557093143463135, 0.0, 0.0, 0.0, 0.0, 0.0, 0.0
1.3657495975494385, 0.0, 0.0, 0.0, 0.0, 0.0, 0.0
1.3757197856903076, 0.9744681119918823, 69.46675109863281, -0.9927951693534851, -70.77323150634766, 0.0, 0.0
1.385702133178711, 0.9744681119918823, 0.0, -0.9881585836410522, 2.595392942428589, 0.0, 0.0
1.3956882953643799, 0.9744681119918823, 0.0, -0.9909898042678833, 0.18872356414794922, 0.0, 0.0
1.4056828022003174, 0.9744681119918823, 0.0, -0.9968121647834778, -1.686889410018921, 0.0, 0.0
1.4156994819641113, 0.9744681119918823, 0.0, -0.9976047873497009, -1.3310538530349731, 0.0, 0.0
1.4256923198699951, 0.9744681119918823, 0.0, -0.994326114654541, 0.8302210569381714, 0.0, 0.0
1.43569016456604, 0.9744681119918823, 0.0, -0.9993138313293457, -1.3435665369033813, 0.0, 0.0
1.4457123279571533, 0.9744681119918823, 0.0, -0.9923592805862427, 1.2264130115509033, 0.0, 0.0
1.455723524093628, 0.9744681119918823, 0.0, -0.9926827549934387, 0.5348471999168396, 0.0, 0.0
1.465733289718628, 0.9744681119918823, 0.0, -0.9897539019584656, 0.8940528035163879, 0.0, 0.0
1.4756922721862793, 0.9744681119918823, 0.0, -0.9955353140830994, -0.7666282653808594, 0.0, 0.0
1.4856836795806885, 0.9744681119918823, 0.0, -0.9962021112442017, -1.273456335067749, 0.0, 0.0
1.4956936836242676, 0.9744681119918823, 0.0, -0.9933066964149475, -0.26952508091926575, 0.0, 0.0
1.5056779384613037, 0.9744681119918823, 0.0, -0.9928123950958252, 0.03996415063738823, 0.0, 0.0
1.5156786441802979, 0.9744681119918823, 0.0, -0.9937958121299744, -0.3487846851348877, 0.0, 0.0
1.5256941318511963, 0.9744681119918823, 0.0, -0.9939115643501282, -0.3314124643802643, 0.0, 0.0
1.5356802940368652, 0.9744681119918823, 0.0, -0.992829442024231, 0.1644463688135147, 0.0, 0.0
1.5456981658935547, 0.9744681119918823, 0.0, -0.9933328628540039, -0.4385371208190918, 0.0, 0.0
1.555680274963379, 0.9744681119918823, 0.0, -0.9938089847564697, 0.18932080268859863, 0.0, 0.0
1.565673589706421, 0.9744681119918823, 0.0, -0.9988406300544739, -1.5789142847061157, 0.0, 0.0
1.575688362121582, 0.9744681119918823, 0.0, -0.9968171715736389, 1.2440310716629028, 0.0, 0.0
1.5857231616973877, 0.9744681119918823, 0.0, -1.0004122257232666, -0.13522949814796448, 0.0, 0.0
1.5956854820251465, 0.9744681119918823, 0.0, -0.9934614896774292, 0.3887985348701477, 0.0, 0.0
1.6056902408599854, 0.9744681119918823, 0.0, -0.9953004121780396, 0.5225791931152344, 0.0, 0.0
1.6157081127166748, 0.9744681119918823, 0.0, -0.9953107237815857, 0.22779741883277893, 0.0, 0.0
1.6257209777832031, 0.9744681119918823, 0.0, -0.9949427247047424, -0.19728069007396698, 0.0, 0.0
1.6356902122497559, 0.9744681119918823, 0.0, -1.000354290008545, -1.5263174772262573, 0.0, 0.0
1.645691156387329, 0.9744681119918823, 0.0, -0.996057391166687, -1.372107982635498, 0.0, 0.0
1.6557180881500244, 0.9744681119918823, 0.0, -0.9954831004142761, 0.23796513676643372, 0.0, 0.0
1.6657114028930664, 0.9744681119918823, 0.0, -0.9959225654602051, 0.4253755807876587, 0.0, 0.0
1.6756930351257324, 0.9744681119918823, 0.0, -1.002893090248108, -1.8411405086517334, 0.0, 0.0
1.6857054233551025, 0.9744681119918823, 0.0, -0.9955379962921143, 1.1692874431610107, 0.0, 0.0
1.6956841945648193, 0.9744681119918823, 0.0, -0.9941752552986145, -0.16568802297115326, 0.0, 0.0
1.7056915760040283, 0.9744681119918823, 0.0, -0.994464099407196, 0.05828079208731651, 0.0, 0.0
1.715691328048706, 0.9744681119918823, 0.0, -0.9910759329795837, 1.2876238822937012, 0.0, 0.0
1.7256817817687988, 0.9744681119918823, 0.0, -0.989738941192627, 0.598736584186554, 0.0, 0.0
1.7356925010681152, 0.9744681119918823, 0.0, -0.9904226064682007, -0.3194563388824463, 0.0, 0.0
1.7457280158996582, 0.9744681119918823, 0.0, -0.9894565939903259, 1.7265093326568604, 0.0, 0.0
1.7557225227355957, 0.9744681119918823, 0.0, -0.9982907176017761, 0.0004807003424502909, 0.0, 0.0
1.7657175064086914, 0.9744681119918823, 0.0, -0.9928995370864868, 1.4113305807113647, 0.0, 0.0
1.7756884098052979, 0.9744681119918823, 0.0, -0.9997372627258301, 0.19636820256710052, 0.0, 0.0
1.7856907844543457, 0.9744681119918823, 0.0, -0.9972502589225769, 1.652229905128479, 0.0, 0.0
1.7956759929656982, 0.9744681119918823, 0.0, -0.9998080730438232, -0.3798283040523529, 0.0, 0.0
1.8056845664978027, 0.9744681119918823, 0.0, -0.9977315664291382, 0.11977266520261765, 0.0, 0.0
1.8156890869140625, 0.9744681119918823, 0.0, -0.9937355518341064, 0.6311219930648804, 0.0, 0.0
1.8257064819335938, 0.9744681119918823, 0.0, -0.9928915500640869, 0.0893692672252655, 0.0, 0.0
1.8356881141662598, 0.9744681119918823, 0.0, -0.9968199133872986, -0.04513617232441902, 0.0, 0.0
1.8456923961639404, 0.9744681119918823, 0.0, -0.9985318779945374, 0.13395138084888458, 0.0, 0.0
1.8556959629058838, 0.9744681119918823, 0.0, -0.9991904497146606, -0.26074111461639404, 0.0, 0.0
1.8657104969024658, 0.9744681119918823, 0.0, -0.9987008571624756, 0.5075241327285767, 0.0, 0.0
1.8757176399230957, 0.9744681119918823, 0.0, -0.9989408850669861, -0.03256339579820633, 0.0, 0.0
1.885702133178711, 0.9744681119918823, 0.0, -1.0042517185211182, -0.7955416440963745, 0.0, 0.0
1.8956871032714844, 0.9744681119918823, 0.0, -1.0019363164901733, -0.06299521774053574, 0.0, 0.0
1.905686616897583, 0.9744681119918823, 0.0, -1.0009759664535522, 1.0567514896392822, 0.0, 0.0
1.9157328605651855, 0.9744681119918823, 0.0, -1.0037115812301636, 0.6496913433074951, 0.0, 0.0
1.9257044792175293, 0.9744681119918823, 0.0, -0.9924389123916626, 3.648585319519043, 0.0, 0.0
1.9357213973999023, 0.9744681119918823, 0.0, -1.0046942234039307, -0.964903712272644, 0.0, 0.0
1.9456989765167236, 0.9723404049873352, -0.612116813659668, -0.997303307056427, -0.6872105598449707, 0.0, 0.0
1.9557037353515625, 0.9744681119918823, 0.6443358063697815, -0.9998897314071655, -1.5578006505966187, 0.0, 0.0
1.9656970500946045, 0.9744681119918823, 0.0, -0.9985599517822266, 0.28773969411849976, 0.0, 0.0
1.9757003784179688, 0.9744681119918823, 0.0, -0.9999287128448486, -0.715183436870575, 0.0, 0.0
1.9857003688812256, 0.9744681119918823, 0.0, -0.9978734254837036, -0.3013676106929779, 0.0, 0.0
1.995729684829712, 0.9744681119918823, 0.0, -0.9991934299468994, -0.7628541588783264, 0.0, 0.0
2.0057168006896973, 0.9744681119918823, 0.0, -0.9979509711265564, 1.2393754720687866, 0.0, 0.0
2.015707015991211, 0.9744681119918823, 0.6305858492851257, -1.000950574874878, 2.5541470050811768, 0.0, 0.0
2.025686264038086, 0.9723404049873352, 0.0, -1.0011450052261353, -0.7919665575027466, 0.0, 0.0
2.035687208175659, 0.9723404049873352, 0.0, -0.9996128082275391, 0.33835071325302124, 0.0, 0.0
2.045689821243286, 0.9723404049873352, 0.0, -0.9997207522392273, 0.6278688907623291, 0.0, 0.0
2.0556836128234863, 0.9723404049873352, 0.0, -1.0020618438720703, 0.11471553891897202, 0.0, 0.0
2.0656931400299072, 0.9744681119918823, 0.0, -1.003418207168579, -0.10462256520986557, 0.0, 0.0
2.0757253170013428, 0.9744681119918823, 0.0, -1.001028299331665, 0.6747145652770996, 0.0, 0.0
2.0857207775115967, 0.9744681119918823, 0.0, -0.999910831451416, 0.4623020887374878, 0.0, 0.0
2.095719337463379, 0.9744681119918823, 0.0, -1.0011560916900635, -0.24789781868457794, 0.0, 0.0
2.1056859493255615, 0.9744681119918823, 0.0, -1.005419135093689, 0.05830427631735802, 0.0, 0.0
2.1157026290893555, 0.9723404049873352, -0.5978062152862549, -0.999106764793396, 0.3033772110939026, 0.0, 0.0
2.1256911754608154, 0.9744681119918823, 0.0, -1.0055147409439087, 0.0808102935552597, 0.0, 0.0
2.1356828212738037, 0.9744681119918823, 0.0, -1.0063700675964355, -0.028260082006454468, 0.0, 0.0
2.1456735134124756, 0.9723404049873352, -0.6367045640945435, -1.0062565803527832, -0.19174842536449432, 0.0, 0.0
2.1557154655456543, 0.9744681119918823, 0.0, -1.0092130899429321, -0.15303130447864532, 0.0, 0.0
2.1656880378723145, 0.9744681119918823, 0.0, -1.0095584392547607, -0.24029065668582916, 0.0, 0.0
2.1757142543792725, 0.9744681119918823, 0.0, -1.0081596374511719, 0.14431680738925934, 0.0, 0.0
2.185715675354004, 0.9744681119918823, 0.0, -1.0065945386886597, 0.39807650446891785, 0.0, 0.0
2.1956870555877686, 0.9744681119918823, 0.0, -1.0068907737731934, -0.3255702555179596, 0.0, 0.0
2.2056884765625, 0.9723404049873352, -0.6150700449943542, -1.0084844827651978, -0.5432645678520203, 0.0, 0.0
2.21567440032959, 0.9723404049873352, -0.6138430833816528, -0.9995908737182617, 2.3492214679718018, 0.0, 0.0
2.2256782054901123, 0.9744681119918823, 0.0, -1.005033016204834, 1.268944501876831, 0.0, 0.0
2.2356953620910645, 0.9723404049873352, -0.6131682991981506, -1.0086909532546997, 0.7767149806022644, 0.0, 0.0
2.245722532272339, 0.9723404049873352, -0.6012701392173767, -1.0009182691574097, -2.2861146926879883, 0.0, 0.0
2.2557177543640137, 0.9723404049873352, -0.6025692820549011, -1.0017054080963135, -1.586238145828247, 0.0, 0.0
2.2656891345977783, 0.9723404049873352, 0.0, -1.0058521032333374, 0.45379507541656494, 0.0, 0.0
2.2756848335266113, 0.9723404049873352, 0.0, -1.0023640394210815, 0.09866559505462646, 0.0, 0.0
2.2856833934783936, 0.9723404049873352, 0.0, -1.001206636428833, 0.15102379024028778, 0.0, 0.0
2.2956759929656982, 0.9723404049873352, 0.0, -1.0016409158706665, -0.4769764840602875, 0.0, 0.0
2.30570125579834, 0.9723404049873352, 0.0, -1.0026776790618896, -0.14188948273658752, 0.0, 0.0
2.3157095909118652, 0.9723404049873352, 0.0, -1.0016597509384155, 1.6001875400543213, 0.0, 0.0
2.3257193565368652, 0.9723404049873352, 0.0, -1.0020365715026855, 0.3256895840167999, 0.0, 0.0
2.3357131481170654, 0.9723404049873352, -0.6608450412750244, -1.0026670694351196, 0.6422095894813538, 0.0, 0.0
2.345688819885254, 0.9723404049873352, 0.0, -1.00301992893219, 0.07014233618974686, 0.0, 0.0
2.355687379837036, 0.9723404049873352, 0.0, -1.0021591186523438, 0.11761755496263504, 0.0, 0.0
2.365675449371338, 0.9723404049873352, 0.0, -1.0040037631988525, 0.06133880838751793, 0.0, 0.0
2.375680923461914, 0.9723404049873352, 0.0, -1.005357027053833, -0.19295242428779602, 0.0, 0.0
2.3856849670410156, 0.9723404049873352, 0.0, -1.0052133798599243, -0.19980211555957794, 0.0, 0.0
2.395719051361084, 0.9723404049873352, 0.0, -1.0040316581726074, 0.3461968004703522, 0.0, 0.0
2.4056966304779053, 0.9723404049873352, 0.0, -1.004826545715332, 0.09601179510354996, 0.0, 0.0
2.415713310241699, 0.9723404049873352, 0.0, -1.002527117729187, 0.04377071559429169, 0.0, 0.0
2.425715446472168, 0.9723404049873352, 0.0, -1.005265474319458, -0.24523957073688507, 0.0, 0.0
2.435716390609741, 0.9723404049873352, 0.0, -1.0030792951583862, 0.6667670011520386, 0.0, 0.0
2.445681095123291, 0.9723404049873352, 0.0, -1.0022248029708862, 1.068035364151001, 0.0, 0.0
2.455676317214966, 0.9723404049873352, 0.0, -1.004575490951538, -0.5085833072662354, 0.0, 0.0
2.4657139778137207, 0.9723404049873352, 0.0, -1.0034514665603638, 0.7424247860908508, 0.0, 0.0
2.4757423400878906, 0.9723404049873352, 0.0, -1.0017260313034058, 0.346778929233551, 0.0, 0.0
2.485778570175171, 0.9723404049873352, 0.0, -1.0095417499542236, -1.1735610961914062, 0.0, 0.0
2.495708703994751, 0.9723404049873352, 0.0, -1.007360816001892, -0.3941279351711273, 0.0, 0.0
2.505737066268921, 0.9723404049873352, 0.0, -1.006491780281067, -1.006966471672058, 0.0, 0.0
2.515692710876465, 0.9723404049873352, 0.0, -1.0069299936294556, -0.13787709176540375, 0.0, 0.0
2.5257568359375, 0.9723404049873352, 0.0, -1.0059001445770264, -0.3966819643974304, 0.0, 0.0
2.5357279777526855, 0.9723404049873352, 0.0, -1.003759741783142, 0.6292945742607117, 0.0, 0.0
2.5456838607788086, 0.9723404049873352, 0.0, -1.001534104347229, 1.1176962852478027, 0.0, 0.0
2.555729389190674, 0.9723404049873352, 0.0, -1.005442500114441, -1.0092902183532715, 0.0, 0.0
2.5657308101654053, 0.9723404049873352, 0.0, -1.0056285858154297, 0.861718475818634, 0.0, 0.0
2.5757040977478027, 0.9723404049873352, 0.0, -1.0062527656555176, 0.4722592234611511, 0.0, 0.0
2.585716485977173, 0.9723404049873352, 0.0, -1.008609414100647, -0.09585416316986084, 0.0, 0.0
2.5957159996032715, 0.9723404049873352, 0.0, -1.015982985496521, -2.682314157485962, 0.0, 0.0
2.605708599090576, 0.9723404049873352, 0.0, -1.0143600702285767, -4.335281848907471, 0.0, 0.0
2.6156961917877197, 0.9723404049873352, 0.0, -1.0115892887115479, -2.8033483028411865, 0.0, 0.0
2.6257119178771973, 0.9723404049873352, 0.0, -1.0113496780395508, 0.16161462664604187, 0.0, 0.0
2.635730266571045, 0.9744681119918823, 0.0, -1.0116103887557983, -0.1264435052871704, 0.0, 0.0
2.6456847190856934, 0.9744681119918823, 0.0, -1.0117229223251343, -0.2642297148704529, 0.0, 0.0
2.6556878089904785, 0.9744681119918823, 0.0, -1.0102970600128174, 0.5230010747909546, 0.0, 0.0
2.6657018661499023, 0.9744681119918823, 0.0, -1.0116095542907715, -0.21193136274814606, 0.0, 0.0
2.6757164001464844, 0.9744681119918823, 0.0, -1.009886384010315, 0.33148470520973206, 0.0, 0.0
2.6857197284698486, 0.9723404049873352, -0.6165573596954346, -1.0075068473815918, 1.6929658651351929, 0.0, 0.0
2.6957240104675293, 0.9723404049873352, 0.0, -1.0088766813278198, -0.9319944977760315, 0.0, 0.0
2.7057042121887207, 0.9744681119918823, 0.6241031289100647, -1.0055721998214722, 0.07708214223384857, 0.0, 0.0
2.7157225608825684, 0.9744681119918823, 0.5863756537437439, -1.0060441493988037, 0.2448122352361679, 0.0, 0.0
2.7257115840911865, 0.9744681119918823, 0.0, -1.010477900505066, 0.08605004847049713, 0.0, 0.0
2.735696792602539, 0.9744681119918823, 0.6346668601036072, -1.0122270584106445, -1.2487449645996094, 0.0, 0.0
2.745680332183838, 0.9723404049873352, -0.587031364440918, -1.0065146684646606, 1.5154017210006714, 0.0, 0.0
2.7556910514831543, 0.9723404049873352, 0.0, -1.0115301609039307, -0.3998490273952484, 0.0, 0.0
2.7656819820404053, 0.9723404049873352, 0.0, -1.010594129562378, 0.23827728629112244, 0.0, 0.0
2.7756943702697754, 0.9723404049873352, 0.0, -1.0117084980010986, -0.43866392970085144, 0.0, 0.0
2.7857322692871094, 0.9723404049873352, -0.574152410030365, -1.0121967792510986, -3.3712573051452637, 0.0, 0.0
2.795728921890259, 0.9723404049873352, 0.0, -1.0100984573364258, -0.18998049199581146, 0.0, 0.0
2.805706024169922, 0.9723404049873352, 0.0, -1.0052316188812256, -0.8675954937934875, 0.0, 0.0
2.815685272216797, 0.9723404049873352, -0.6442893147468567, -1.004792332649231, -1.0129715204238892, 0.0, 0.0
2.825700283050537, 0.9723404049873352, 0.0, -1.0024477243423462, -0.6810219287872314, 0.0, 0.0
2.8356823921203613, 0.9723404049873352, 0.0, -1.0060170888900757, -1.2590513229370117, 0.0, 0.0
2.8456811904907227, 0.9723404049873352, 0.0, -1.0054699182510376, 0.12140011042356491, 0.0, 0.0
2.8556830883026123, 0.9723404049873352, 0.0, -1.009697675704956, 0.02645249478518963, 0.0, 0.0
2.8656773567199707, 0.9723404049873352, 0.0, -1.010480523109436, -0.7306803464889526, 0.0, 0.0
2.875706911087036, 0.9723404049873352, 0.0, -1.0077482461929321, 0.30450814962387085, 0.0, 0.0
2.8856985569000244, 0.9723404049873352, -0.5951350927352905, -1.0077871084213257, 0.09117095172405243, 0.0, 0.0
2.8957138061523438, 0.9744681119918823, 0.6325973868370056, -1.0024123191833496, 1.4456020593643188, 0.0, 0.0
2.905710458755493, 0.9723404049873352, 0.0, -1.0059078931808472, 0.22074030339717865, 0.0, 0.0
2.9156856536865234, 0.9744681119918823, 0.6146463751792908, -1.0061975717544556, -1.5014535188674927, 0.0, 0.0
2.925682544708252, 0.9723404049873352, -0.5919376015663147, -1.0117098093032837, -3.1438703536987305, 0.0, 0.0
2.9357099533081055, 0.9744681119918823, 0.0, -1.0100040435791016, 1.9877190589904785, 0.0, 0.0
2.9456844329833984, 0.9744681119918823, 0.0, -1.0107653141021729, -0.3669764995574951, 0.0, 0.0
2.955674171447754, 0.9744681119918823, 0.0, -1.0113880634307861, -0.29400479793548584, 0.0, 0.0
2.9656782150268555, 0.9744681119918823, 0.0, -1.009357213973999, 0.7896538376808167, 0.0, 0.0
2.975720167160034, 0.9744681119918823, 0.0, -1.0132977962493896, 0.5315738916397095, 0.0, 0.0
2.9856889247894287, 0.9744681119918823, 0.0, -1.0129811763763428, -1.9935303926467896, 0.0, 0.0
2.9957242012023926, 0.9744681119918823, 0.0, -1.0101780891418457, -0.28462687134742737, 0.0, 0.0
3.0056846141815186, 0.9744681119918823, 0.0, -1.006217360496521, 0.21603409945964813, 0.0, 0.0
3.0157063007354736, 0.9723404049873352, -0.6211060285568237, -1.0106713771820068, -0.8065686225891113, 0.0, 0.0
3.025693655014038, 0.9744681119918823, 0.628675639629364, -1.0123450756072998, 0.19934412837028503, 0.0, 0.0
3.0356929302215576, 0.9744681119918823, 0.0, -1.0163196325302124, 0.11842672526836395, 0.0, 0.0
3.045687675476074, 0.9744681119918823, 0.0, -1.0171394348144531, -0.047728389501571655, 0.0, 0.0
3.055708169937134, 0.9723404049873352, -0.5997748970985413, -1.0119147300720215, 1.5878344774246216, 0.0, 0.0
3.065683603286743, 0.9723404049873352, -0.6285428404808044, -1.0109213590621948, 0.2653946280479431, 0.0, 0.0
3.075744867324829, 0.9723404049873352, 0.0, -1.0090954303741455, 0.6221385598182678, 0.0, 0.0
3.085766077041626, 0.9723404049873352, -0.6199840903282166, -1.0084401369094849, -2.586867570877075, 0.0, 0.0
3.095705032348633, 0.9723404049873352, -0.6143501996994019, -1.0051566362380981, 1.3553338050842285, 0.0, 0.0
3.1057088375091553, 0.9744681119918823, 0.0, -1.0035094022750854, 0.4055132567882538, 0.0, 0.0
3.1156928539276123, 0.9744681119918823, 0.0, -1.0021491050720215, 0.8650964498519897, 0.0, 0.0
3.1256933212280273, 0.9744681119918823, 0.0, -1.0010889768600464, 0.2372828722000122, 0.0, 0.0
3.135709285736084, 0.9744681119918823, 0.0, -1.0007282495498657, 1.0485491752624512, 0.0, 0.0
3.1456797122955322, 0.9723404049873352, 0.0, -1.0020595788955688, 0.2538459897041321, 0.0, 0.0
3.1556923389434814, 0.9723404049873352, -0.6231443881988525, -1.0066518783569336, -0.5943386554718018, 0.0, 0.0
3.1657047271728516, 0.9744681119918823, 0.6081539392471313, -1.0043865442276, 1.7809467315673828, 0.0, 0.0
3.1757209300994873, 0.9723404049873352, 0.0, -1.0067390203475952, 0.15548931062221527, 0.0, 0.0
3.185729742050171, 0.9744681119918823, 0.0, -1.008995532989502, -0.28643274307250977, 0.0, 0.0
3.1956772804260254, 0.9723404049873352, -0.6234491467475891, -1.0093121528625488, 0.8448248505592346, 0.0, 0.0
3.2056808471679688, 0.9744681119918823, 0.6352089643478394, -1.0092467069625854, 0.12749262154102325, 0.0, 0.0
3.215695858001709, 0.9744681119918823, 0.0, -1.0116150379180908, -0.6975009441375732, 0.0, 0.0
3.225674867630005, 0.9744681119918823, 0.0, -1.0069588422775269, 0.6552181243896484, 0.0, 0.0
3.2357120513916016, 0.9723404049873352, -0.6496360898017883, -1.0050853490829468, 0.6498398780822754, 0.0, 0.0
3.2456865310668945, 0.9744681119918823, 0.0, -1.0093008279800415, 0.8314571380615234, 0.0, 0.0
3.255704164505005, 0.9744681119918823, 0.0, -1.007073998451233, -0.14798720180988312, 0.0, 0.0
3.2656893730163574, 0.9744681119918823, 0.0, -1.0045075416564941, 0.7649416923522949, 0.0, 0.0
3.275728940963745, 0.9744681119918823, 0.0, -1.0053071975708008, 1.189099907875061, 0.0, 0.0
3.285738468170166, 0.9744681119918823, 0.0, -1.0049817562103271, -0.19746191799640656, 0.0, 0.0
3.2956855297088623, 0.9744681119918823, 0.0, -1.0042598247528076, 0.08786395937204361, 0.0, 0.0
3.305680990219116, 0.9744681119918823, 0.0, -1.0034737586975098, 0.28400516510009766, 0.0, 0.0
3.3156917095184326, 0.9744681119918823, 0.0, -1.0046151876449585, -0.1087159588932991, 0.0, 0.0
3.3257205486297607, 0.9744681119918823, 0.0, -1.0040444135665894, 0.09760883450508118, 0.0, 0.0
3.3356893062591553, 0.9744681119918823, 0.0, -1.0055873394012451, -0.0868561863899231, 0.0, 0.0
3.3456759452819824, 0.9744681119918823, 0.0, -1.0048869848251343, -0.20197118818759918, 0.0, 0.0
3.3557262420654297, 0.9744681119918823, 0.0, -1.0054460763931274, -0.3455437123775482, 0.0, 0.0
3.365736722946167, 0.9744681119918823, 0.0, -1.0039056539535522, 0.4057120978832245, 0.0, 0.0
3.3757247924804688, 0.9744681119918823, 0.0, -1.00675368309021, -0.16704224050045013, 0.0, 0.0
3.385718584060669, 0.9744681119918823, 0.0, -1.0062404870986938, -0.7498663067817688, 0.0, 0.0
3.395704984664917, 0.9744681119918823, 0.0, -1.0060186386108398, 0.154880091547966, 0.0, 0.0
3.4056899547576904, 0.9744681119918823, 0.0, -1.004130244255066, 1.7987533807754517, 0.0, 0.0
3.415675640106201, 0.9744681119918823, 0.0, -1.0074342489242554, -0.6753395199775696, 0.0, 0.0
3.4256913661956787, 0.9744681119918823, 0.0, -1.005128026008606, 1.184312105178833, 0.0, 0.0
3.4357094764709473, 0.9744681119918823, 0.0, -1.0057281255722046, -0.43527793884277344, 0.0, 0.0
3.4456942081451416, 0.9744681119918823, 0.0, -1.0052984952926636, 1.1658976078033447, 0.0, 0.0
3.4557085037231445, 0.9744681119918823, 0.0, -1.0041602849960327, 0.9740175008773804, 0.0, 0.0
3.465672492980957, 0.9744681119918823, 0.0, -1.007583737373352, -0.4391157925128937, 0.0, 0.0
3.4756717681884766, 0.9744681119918823, 0.0, -1.0074352025985718, 0.571418285369873, 0.0, 0.0
3.485724925994873, 0.9744681119918823, 0.0, -1.0098031759262085, -0.6515231728553772, 0.0, 0.0
3.495699882507324, 0.9744681119918823, 0.0, -1.0070991516113281, -0.7533742785453796, 0.0, 0.0
3.505714178085327, 0.9744681119918823, 0.0, -1.0075753927230835, 0.8223876357078552, 0.0, 0.0
3.5157082080841064, 0.9744681119918823, 0.0, -1.009283185005188, -0.00020228239009156823, 0.0, 0.0
3.525719165802002, 0.9744681119918823, 0.0, -1.009778618812561, -0.1370268166065216, 0.0, 0.0
3.535681962966919, 0.9744681119918823, 0.0, -1.0075163841247559, -0.8508064150810242, 0.0, 0.0
3.545673131942749, 0.9744681119918823, 0.0, -1.0096442699432373, 1.1003117561340332, 0.0, 0.0
3.555675745010376, 0.9723404049873352, -0.615027666091919, -1.0126659870147705, -1.009222149848938, 0.0, 0.0
3.5656967163085938, 0.9744681119918823, 0.0, -1.009294867515564, -0.1836330145597458, 0.0, 0.0
3.5756890773773193, 0.9744681119918823, 0.6054719686508179, -1.010585904121399, 1.1975656747817993, 0.0, 0.0
3.585676431655884, 0.9744681119918823, 0.0, -1.0059095621109009, 0.9273657202720642, 0.0, 0.0
3.5956945419311523, 0.9723404049873352, 0.0, -1.006815791130066, -0.07574379444122314, 0.0, 0.0
3.605721950531006, 0.9723404049873352, 0.0, -1.0074468851089478, -0.15032468736171722, 0.0, 0.0
3.615680694580078, 0.9744681119918823, 0.0, -1.0073059797286987, -0.29167380928993225, 0.0, 0.0
3.6257126331329346, 0.9744681119918823, 0.0, -1.0020904541015625, 1.4750726222991943, 0.0, 0.0
3.6356821060180664, 0.9744681119918823, 0.0, -1.004908800125122, 0.5823246836662292, 0.0, 0.0
3.645691156387329, 0.9744681119918823, 0.0, -1.0042427778244019, 0.84079909324646, 0.0, 0.0
3.655686140060425, 0.9744681119918823, 0.0, -1.0108131170272827, -1.2990700006484985, 0.0, 0.0
3.665703773498535, 0.9723404049873352, 0.0, -1.004940390586853, 2.784675359725952, 0.0, 0.0
3.6756865978240967, 0.9744681119918823, 0.0, -1.0110281705856323, -1.4420194625854492, 0.0, 0.0
3.6856815814971924, 0.9723404049873352, -0.6271293759346008, -1.021881103515625, -3.258962869644165, 0.0, 0.0
3.6956889629364014, 0.9744681119918823, 0.0, -1.0122655630111694, -0.4641856849193573, 0.0, 0.0
3.7056992053985596, 0.9744681119918823, 0.0, -1.0178614854812622, -0.03678220510482788, 0.0, 0.0
3.7156782150268555, 0.9744681119918823, 0.0, -1.0176715850830078, -1.1567312479019165, 0.0, 0.0
3.7256767749786377, 0.9744681119918823, 0.6294294595718384, -1.0175552368164062, -1.057350993156433, 0.0, 0.0
3.7356929779052734, 0.9744681119918823, 0.0, -1.0164086818695068, -0.8136821985244751, 0.0, 0.0
3.745706081390381, 0.9744681119918823, 0.0, -1.0118508338928223, 1.7012606859207153, 0.0, 0.0
3.7557201385498047, 0.9723404049873352, -0.5956912636756897, -1.0162142515182495, 0.31742429733276367, 0.0, 0.0
3.7657110691070557, 0.9744681119918823, 0.0, -1.0119400024414062, -0.15245407819747925, 0.0, 0.0
3.775700330734253, 0.9744681119918823, 0.0, -1.0122380256652832, -0.14520932734012604, 0.0, 0.0
3.7857131958007812, 0.9744681119918823, 0.0, -1.0115548372268677, 1.1920377016067505, 0.0, 0.0
3.7957217693328857, 0.9744681119918823, 0.0, -1.0160396099090576, -0.02164449356496334, 0.0, 0.0
3.805706262588501, 0.9744681119918823, 0.6250211000442505, -1.0156046152114868, -0.5789177417755127, 0.0, 0.0
3.815692901611328, 0.9744681119918823, 0.0, -1.0069929361343384, -0.37519824504852295, 0.0, 0.0
3.825685501098633, 0.9744681119918823, 0.0, -1.0076810121536255, -0.4979954957962036, 0.0, 0.0
3.835691452026367, 0.9723404049873352, -0.6274380087852478, -1.0116875171661377, -0.8470039367675781, 0.0, 0.0
3.8457109928131104, 0.9744681119918823, 0.0, -1.0105468034744263, -0.5686977505683899, 0.0, 0.0
3.855674982070923, 0.9744681119918823, 0.0, -1.0075253248214722, 1.7363139390945435, 0.0, 0.0
3.865706205368042, 0.9723404049873352, 0.0, -1.0116184949874878, -0.37838900089263916, 0.0, 0.0
3.87568998336792, 0.9723404049873352, 0.0, -1.0119291543960571, 0.011463290080428123, 0.0, 0.0
3.885723829269409, 0.9723404049873352, 0.0, -1.0117796659469604, 0.6839000582695007, 0.0, 0.0
3.8957037925720215, 0.9723404049873352, 0.0, -1.0131701231002808, -0.5138787031173706, 0.0, 0.0
3.9057226181030273, 0.9723404049873352, 0.0, -1.01472806930542, -0.9416793584823608, 0.0, 0.0
3.9156808853149414, 0.9723404049873352, 0.0, -1.0115134716033936, -0.031272195279598236, 0.0, 0.0
3.9256932735443115, 0.9723404049873352, 0.0, -1.0077098608016968, -0.04896615445613861, 0.0, 0.0
3.9356954097747803, 0.9723404049873352, 0.0, -1.009622573852539, -0.4416683316230774, 0.0, 0.0
3.945683240890503, 0.9723404049873352, 0.0, -1.007188320159912, 0.06472077965736389, 0.0, 0.0
3.955678939819336, 0.9723404049873352, 0.0, -1.006933331489563, 0.19069640338420868, 0.0, 0.0
3.9656965732574463, 0.9723404049873352, -0.5952939391136169, -1.0225419998168945, -2.3202695846557617, 0.0, 0.0
3.9757211208343506, 0.9723404049873352, 0.0, -1.0190671682357788, 0.7905177474021912, 0.0, 0.0
3.9857046604156494, 0.9723404049873352, 0.0, -1.0170581340789795, 1.6356940269470215, 0.0, 0.0
3.995704174041748, 0.9723404049873352, 0.0, -1.01422917842865, 1.386717677116394, 0.0, 0.0
4.005693674087524, 0.9723404049873352, 0.0, -1.0151301622390747, 0.6951216459274292, 0.0, 0.0
4.015696287155151, 0.9723404049873352, 0.0, -1.0182454586029053, -0.05360081046819687, 0.0, 0.0
4.025685548782349, 0.9744681119918823, 0.5976460576057434, -1.0103455781936646, 2.239452838897705, 0.0, 0.0
4.035743236541748, 0.9723404049873352, 0.0, -1.0197889804840088, -1.0111547708511353, 0.0, 0.0
4.045687675476074, 0.9723404049873352, -0.6052255630493164, -1.0151094198226929, -0.6090666055679321, 0.0, 0.0
4.055744647979736, 0.9744681119918823, 0.623841404914856, -1.0128412246704102, 0.9221045970916748, 0.0, 0.0
4.065734386444092, 0.9744681119918823, 0.0, -1.018164038658142, -0.945207417011261, 0.0, 0.0
4.0757176876068115, 0.9744681119918823, 0.0, -1.0187000036239624, -0.31594663858413696, 0.0, 0.0
4.0857133865356445, 0.9723404049873352, 0.0, -1.0216295719146729, -4.046376705169678, 0.0, 0.0
4.095716953277588, 0.9723404049873352, 0.0, -1.0192999839782715, -1.8290282487869263, 0.0, 0.0
4.105725288391113, 0.9723404049873352, 0.0, -1.0082160234451294, 2.178227424621582, 0.0, 0.0
4.115715980529785, 0.9723404049873352, 0.0, -1.0121716260910034, -0.05351881682872772, 0.0, 0.0
4.125696659088135, 0.9723404049873352, 0.0, -1.011374831199646, 0.03393387421965599, 0.0, 0.0
4.135688066482544, 0.9723404049873352, 0.0, -1.011295199394226, 0.2865523099899292, 0.0, 0.0
4.145687103271484, 0.9723404049873352, 0.0, -1.0118871927261353, -0.22014166414737701, 0.0, 0.0
4.15568208694458, 0.9723404049873352, 0.0, -1.0111088752746582, 0.07332972437143326, 0.0, 0.0
4.165679931640625, 0.9723404049873352, 0.0, -1.0116616487503052, 0.9268976449966431, 0.0, 0.0
4.175688982009888, 0.9723404049873352, 0.0, -1.0119740962982178, 0.7996836304664612, 0.0, 0.0
4.18572735786438, 0.9723404049873352, 0.0, -1.0107792615890503, 1.4817382097244263, 0.0, 0.0
4.1956946849823, 0.9723404049873352, 0.0, -1.0146795511245728, 0.9274485111236572, 0.0, 0.0
4.205684423446655, 0.9723404049873352, 0.0, -1.015102744102478, -0.573180079460144, 0.0, 0.0
4.2156922817230225, 0.9723404049873352, 0.0, -1.0129975080490112, -0.13218876719474792, 0.0, 0.0
4.225715398788452, 0.9723404049873352, 0.0, -1.0147901773452759, 0.00023844347742851824, 0.0, 0.0
4.235731363296509, 0.9723404049873352, 0.0, -1.0119870901107788, 0.13863219320774078, 0.0, 0.0
4.245709419250488, 0.9723404049873352, 0.0, -1.0120424032211304, -0.2783060669898987, 0.0, 0.0
4.255712032318115, 0.9723404049873352, 0.0, -1.0125467777252197, -0.3955073952674866, 0.0, 0.0
4.265686988830566, 0.9723404049873352, 0.0, -1.0121498107910156, 0.1879263073205948, 0.0, 0.0
4.275731801986694, 0.9723404049873352, 0.0, -1.0131664276123047, 0.02869456261396408, 0.0, 0.0
4.285701274871826, 0.9723404049873352, 0.0, -1.007830262184143, 1.7805644273757935, 0.0, 0.0
4.295691013336182, 0.9723404049873352, 0.0, -1.008017659187317, 2.1154072284698486, 0.0, 0.0
4.305712938308716, 0.9723404049873352, 0.0, -1.012601613998413, -0.9628733992576599, 0.0, 0.0
4.315675735473633, 0.9723404049873352, 0.0, -1.0135776996612549, -1.166823148727417, 0.0, 0.0
4.325687646865845, 0.9723404049873352, 0.0, -1.0135197639465332, -1.4985686540603638, 0.0, 0.0
4.335684776306152, 0.9723404049873352, 0.0, -1.007813572883606, 2.197826385498047, 0.0, 0.0
4.34570050239563, 0.9723404049873352, 0.0, -1.007422924041748, 1.2947676181793213, 0.0, 0.0
4.355706214904785, 0.9723404049873352, 0.0, -1.006544589996338, -0.15287445485591888, 0.0, 0.0
4.365684747695923, 0.9723404049873352, 0.0, -1.012658953666687, -1.5584380626678467, 0.0, 0.0
4.375717878341675, 0.9723404049873352, 0.0, -1.0064057111740112, 3.9980533123016357, 0.0, 0.0
4.385686874389648, 0.9723404049873352, 0.0, -1.0198177099227905, -2.4426496028900146, 0.0, 0.0
4.395693302154541, 0.9723404049873352, 0.0, -1.006766438484192, 0.12952552735805511, 0.0, 0.0
4.405722141265869, 0.9723404049873352, 0.0, -1.012005090713501, -0.06626709550619125, 0.0, 0.0
4.415678977966309, 0.9723404049873352, 0.0, -1.0188993215560913, -3.24573016166687, 0.0, 0.0
4.425682067871094, 0.9723404049873352, 0.0, -1.0152133703231812, -0.9213841557502747, 0.0, 0.0
4.435726165771484, 0.9723404049873352, 0.0, -1.0059016942977905, 0.2851127088069916, 0.0, 0.0
4.4456892013549805, 0.9723404049873352, 0.0, -1.0119662284851074, 0.45058152079582214, 0.0, 0.0
4.455688714981079, 0.9723404049873352, 0.0, -1.0088307857513428, 1.6002997159957886, 0.0, 0.0
4.465724945068359, 0.9723404049873352, 0.0, -1.0070868730545044, -0.5257298350334167, 0.0, 0.0
4.475678443908691, 0.9723404049873352, 0.0, -1.0074142217636108, 3.7022695541381836, 0.0, 0.0
4.4856743812561035, 0.9723404049873352, 0.0, -1.0071146488189697, -0.5265762209892273, 0.0, 0.0
4.49568772315979, 0.9723404049873352, 0.0, -1.007569432258606, -0.303921639919281, 0.0, 0.0
4.505701780319214, 0.9723404049873352, 0.0, -1.0074399709701538, -0.58763587474823, 0.0, 0.0
4.515704154968262, 0.9723404049873352, 0.0, -1.00808846950531, -0.1102723702788353, 0.0, 0.0
4.525690078735352, 0.9723404049873352, 0.0, -1.0079810619354248, 1.1900571584701538, 0.0, 0.0
4.535678863525391, 0.9723404049873352, 0.0, -1.0098940134048462, -0.45693439245224, 0.0, 0.0
4.545684099197388, 0.9723404049873352, 0.0, -1.0119636058807373, -1.2399506568908691, 0.0, 0.0
4.555711507797241, 0.9723404049873352, 0.0, -1.0124074220657349, -1.5282307863235474, 0.0, 0.0
4.565729379653931, 0.9723404049873352, 0.0, -1.0064871311187744, 1.6200761795043945, 0.0, 0.0
4.575701951980591, 0.9723404049873352, 0.0, -1.0117149353027344, 1.4499176740646362, 0.0, 0.0
4.585689544677734, 0.9723404049873352, 0.0, -1.010801911354065, -0.1828223466873169, 0.0, 0.0
4.595696926116943, 0.9723404049873352, 0.0, -1.0108550786972046, 1.4259216785430908, 0.0, 0.0
4.605676651000977, 0.9723404049873352, 0.0, -1.0139144659042358, -0.7970197796821594, 0.0, 0.0
4.615672588348389, 0.9723404049873352, 0.0, -1.0140810012817383, -0.7791635394096375, 0.0, 0.0
4.6257240772247314, 0.9723404049873352, 0.0, -1.0131568908691406, -0.19414116442203522, 0.0, 0.0
4.635678768157959, 0.9723404049873352, 0.0, -1.0133999586105347, -0.6676222085952759, 0.0, 0.0
4.645705938339233, 0.9723404049873352, 0.0, -1.010996699333191, -0.019762206822633743, 0.0, 0.0
4.655728816986084, 0.9723404049873352, 0.0, -1.0115917921066284, 0.023573465645313263, 0.0, 0.0
4.665722131729126, 0.9723404049873352, 0.0, -1.005347728729248, 1.7417885065078735, 0.0, 0.0
4.675687551498413, 0.9723404049873352, 0.0, -1.0086842775344849, -0.039181292057037354, 0.0, 0.0
4.6857030391693115, 0.9723404049873352, 0.0, -1.0106500387191772, -0.3350966274738312, 0.0, 0.0
4.695698261260986, 0.9723404049873352, 0.0, -1.0107253789901733, -0.8600815534591675, 0.0, 0.0
4.70568585395813, 0.9744681119918823, 0.6039149165153503, -1.0155836343765259, 1.4006836414337158, 0.0, 0.0
4.71567964553833, 0.9744681119918823, 0.5866840481758118, -1.0131193399429321, 1.9083746671676636, 0.0, 0.0
4.725680112838745, 0.9723404049873352, 0.0, -1.0187016725540161, -0.6761618256568909, 0.0, 0.0
4.735672473907471, 0.9744681119918823, 0.0, -1.0145323276519775, 0.5185449123382568, 0.0, 0.0
4.745701789855957, 0.9744681119918823, 0.0, -1.0131889581680298, -0.37113192677497864, 0.0, 0.0
4.755693197250366, 0.9744681119918823, 0.0, -1.0111092329025269, -0.5184705853462219, 0.0, 0.0
4.765678644180298, 0.9744681119918823, 0.0, -1.0117453336715698, -0.47051844000816345, 0.0, 0.0
4.77573823928833, 0.9744681119918823, 0.0, -1.0124279260635376, 0.28022301197052, 0.0, 0.0
4.785689115524292, 0.9723404049873352, 0.0, -1.0143067836761475, 0.11722535640001297, 0.0, 0.0
4.795688152313232, 0.9723404049873352, 0.0, -1.0138341188430786, 0.25133898854255676, 0.0, 0.0
4.805704593658447, 0.9723404049873352, 0.0, -1.0175597667694092, -0.9203242659568787, 0.0, 0.0
4.815698862075806, 0.9723404049873352, 0.0, -1.0184497833251953, -0.23349520564079285, 0.0, 0.0
4.825679063796997, 0.9723404049873352, 0.0, -1.005273461341858, 2.2643444538116455, 0.0, 0.0
4.835702419281006, 0.9723404049873352, 0.0, -1.0089589357376099, -1.4227800369262695, 0.0, 0.0
4.845717906951904, 0.9723404049873352, 0.0, -1.012294888496399, -3.1402499675750732, 0.0, 0.0
4.855684757232666, 0.9723404049873352, 0.0, -1.0052858591079712, 0.2543222904205322, 0.0, 0.0
4.865741014480591, 0.9744681119918823, 0.6209763288497925, -1.0057811737060547, 0.3087763786315918, 0.0, 0.0
4.875745058059692, 0.9723404049873352, -0.5233433842658997, -1.0020644664764404, 0.8782981038093567, 0.0, 0.0
4.885700464248657, 0.9723404049873352, -0.6348474621772766, -1.0062134265899658, 1.0029631853103638, 0.0, 0.0
4.895677328109741, 0.9744681119918823, 0.6023659110069275, -1.0057555437088013, -0.0260742399841547, 0.0, 0.0
4.9057252407073975, 0.9723404049873352, 0.0, -1.0143107175827026, -1.3532702922821045, 0.0, 0.0
4.915721654891968, 0.9723404049873352, 0.0, -1.0108203887939453, 0.14631804823875427, 0.0, 0.0
4.925744533538818, 0.9744681119918823, 0.0, -1.0133198499679565, -2.8744969367980957, 0.0, 0.0
4.935745716094971, 0.9723404049873352, 0.0, -1.008221983909607, 0.7640061378479004, 0.0, 0.0
4.9457361698150635, 0.9744681119918823, 0.6198549270629883, -1.0063376426696777, -0.5474056005477905, 0.0, 0.0
4.955711603164673, 0.9744681119918823, 0.0, -1.003758192062378, -0.06991244852542877, 0.0, 0.0
4.965685844421387, 0.9744681119918823, 0.0, -1.0142799615859985, 0.01975541189312935, 0.0, 0.0
4.975695848464966, 0.9744681119918823, 0.0, -1.0099527835845947, -0.37315961718559265, 0.0, 0.0
4.985706090927124, 0.9744681119918823, 0.0, -1.0087320804595947, 0.9007720947265625, 0.0, 0.0
4.995689392089844, 0.9744681119918823, 0.0, -1.0150792598724365, -1.271041989326477, 0.0, 0.0
5.005688428878784, 0.9744681119918823, 0.0, -1.0093438625335693, 0.9758312106132507, 0.0, 0.0
5.015743970870972, 0.9744681119918823, 0.0, -1.0100634098052979, -0.19493094086647034, 0.0, 0.0
5.025722026824951, 0.9744681119918823, 0.0, -1.0107163190841675, -0.35136163234710693, 0.0, 0.0
5.03572940826416, 0.9744681119918823, 0.0, -1.0073003768920898, -0.2186562418937683, 0.0, 0.0
5.045722007751465, 0.9744681119918823, 0.0, -1.0087376832962036, -0.36883723735809326, 0.0, 0.0
5.055727243423462, 0.9744681119918823, 0.0, -1.0075846910476685, 1.216468095779419, 0.0, 0.0
5.065689325332642, 0.9744681119918823, 0.6345314979553223, -1.0123882293701172, 0.11219482868909836, 0.0, 0.0
5.075703859329224, 0.9744681119918823, 0.0, -1.0171074867248535, -1.2652522325515747, 0.0, 0.0
5.085690021514893, 0.9723404049873352, 0.0, -1.015051245689392, -1.1164977550506592, 0.0, 0.0
5.09569239616394, 0.9744681119918823, 0.0, -1.003340482711792, 2.660435676574707, 0.0, 0.0
5.105688571929932, 0.9744681119918823, 0.5682660937309265, -1.0028423070907593, 1.9081462621688843, 0.0, 0.0
5.115685224533081, 0.9744681119918823, 0.0, -1.0027997493743896, -0.7748196721076965, 0.0, 0.0
5.125674724578857, 0.9723404049873352, -0.6254153251647949, -1.0120854377746582, -3.355767250061035, 0.0, 0.0
5.135711193084717, 0.9744681119918823, 0.0, -1.001708745956421, -0.06443744897842407, 0.0, 0.0
5.145726680755615, 0.9744681119918823, 0.0, -1.000680923461914, 1.1591694355010986, 0.0, 0.0
5.1557252407073975, 0.9744681119918823, 0.0, -1.0053845643997192, -1.2992085218429565, 0.0, 0.0
5.165715456008911, 0.9744681119918823, 0.0, -1.0049606561660767, -0.14900551736354828, 0.0, 0.0
5.1757142543792725, 0.9744681119918823, 0.0, -1.0052587985992432, -0.12559936940670013, 0.0, 0.0
5.1857171058654785, 0.9744681119918823, 0.0, -1.0045071840286255, -0.17123979330062866, 0.0, 0.0
5.195721864700317, 0.9744681119918823, 0.0, -1.0025612115859985, 0.3996160924434662, 0.0, 0.0
5.205686569213867, 0.9744681119918823, 0.0, -1.0101510286331177, -2.7260632514953613, 0.0, 0.0
5.215684413909912, 0.9744681119918823, 0.0, -1.0042920112609863, 0.5148970484733582, 0.0, 0.0
5.225701570510864, 0.9744681119918823, 0.0, -1.0032570362091064, 1.0768420696258545, 0.0, 0.0
5.235678195953369, 0.9744681119918823, 0.0, -1.003983736038208, -0.9741628170013428, 0.0, 0.0
5.24569034576416, 0.9744681119918823, 0.0, -1.0017282962799072, -0.5302348732948303, 0.0, 0.0
5.25571608543396, 0.9744681119918823, 0.0, -0.9975460171699524, 1.3156040906906128, 0.0, 0.0
5.265713214874268, 0.9744681119918823, 0.0, -1.0011687278747559, 0.35224780440330505, 0.0, 0.0
5.275677919387817, 0.9744681119918823, 0.0, -1.0044296979904175, -0.5250635147094727, 0.0, 0.0
5.285703182220459, 0.9744681119918823, 0.0, -0.9992901682853699, 1.4775968790054321, 0.0, 0.0
5.29569411277771, 0.9744681119918823, 0.0, -1.008022665977478, -0.049287453293800354, 0.0, 0.0
5.305703401565552, 0.9744681119918823, 0.0, -0.9991117119789124, 0.18393473327159882, 0.0, 0.0
5.315689563751221, 0.9744681119918823, 0.0, -1.0092103481292725, -0.8725486397743225, 0.0, 0.0
5.325680255889893, 0.9744681119918823, 0.0, -1.0101679563522339, -3.0605592727661133, 0.0, 0.0
5.3356921672821045, 0.9744681119918823, 0.0, -1.0083184242248535, 0.45501115918159485, 0.0, 0.0
5.34571099281311, 0.9744681119918823, 0.0, -1.0106089115142822, -0.6963537335395813, 0.0, 0.0
5.355718612670898, 0.9744681119918823, 0.0, -1.0094726085662842, -0.1841057687997818, 0.0, 0.0
5.365671873092651, 0.9744681119918823, 0.0, -1.0096633434295654, 0.14304524660110474, 0.0, 0.0
5.375688314437866, 0.9744681119918823, 0.0, -1.010438323020935, -0.2819158434867859, 0.0, 0.0
5.385688304901123, 0.9744681119918823, 0.0, -1.009799599647522, -0.19391398131847382, 0.0, 0.0
5.395710468292236, 0.9744681119918823, 0.0, -1.0094847679138184, 0.06653136014938354, 0.0, 0.0
5.405686378479004, 0.9744681119918823, 0.0, -1.0088286399841309, 0.04494936764240265, 0.0, 0.0
5.41570520401001, 0.9744681119918823, 0.0, -1.0088310241699219, 0.21798929572105408, 0.0, 0.0
5.425717115402222, 0.9744681119918823, 0.0, -1.0093321800231934, 0.09196460992097855, 0.0, 0.0
5.4357147216796875, 0.9744681119918823, 0.0, -1.0092709064483643, -0.5385981202125549, 0.0, 0.0
5.445705413818359, 0.9744681119918823, 0.0, -1.0097274780273438, -0.3909335434436798, 0.0, 0.0
5.455706834793091, 0.9744681119918823, 0.0, -1.0096982717514038, -0.09726090729236603, 0.0, 0.0
5.465687036514282, 0.9744681119918823, 0.0, -1.0100301504135132, -0.2961823642253876, 0.0, 0.0
5.475723743438721, 0.9744681119918823, 0.0, -1.0089316368103027, 0.08289023488759995, 0.0, 0.0
5.485695123672485, 0.9744681119918823, 0.0, -1.0084621906280518, 0.08319637924432755, 0.0, 0.0
5.495677709579468, 0.9744681119918823, 0.0, -1.0094668865203857, 0.13154475390911102, 0.0, 0.0
5.50568413734436, 0.9744681119918823, 0.0, -1.0088775157928467, -0.031113486737012863, 0.0, 0.0
5.5157060623168945, 0.9744681119918823, 0.0, -1.0087499618530273, 0.34214136004447937, 0.0, 0.0
5.525683879852295, 0.9744681119918823, 0.0, -1.009431004524231, -0.29920005798339844, 0.0, 0.0
5.535692453384399, 0.9744681119918823, 0.0, -1.0092638731002808, 0.041410624980926514, 0.0, 0.0
5.545711994171143, 0.9744681119918823, 0.0, -1.0087792873382568, 0.2566940486431122, 0.0, 0.0
5.555685520172119, 0.9744681119918823, 0.0, -1.0083229541778564, -0.25978827476501465, 0.0, 0.0
5.565720796585083, 0.9744681119918823, 0.0, -1.005942702293396, -0.05419180169701576, 0.0, 0.0
5.575714111328125, 0.9744681119918823, 0.0, -1.0036870241165161, 0.9958570599555969, 0.0, 0.0
5.58569860458374, 0.9744681119918823, 0.0, -1.0041894912719727, 1.6184073686599731, 0.0, 0.0
5.595680236816406, 0.9744681119918823, 0.0, -1.0046237707138062, -0.12163800001144409, 0.0, 0.0
5.605681657791138, 0.9744681119918823, 0.0, -0.9966423511505127, 0.013157635927200317, 0.0, 0.0
5.615709543228149, 0.9744681119918823, 0.0, -0.9966970086097717, 0.78794264793396, 0.0, 0.0
5.625692367553711, 0.9744681119918823, 0.0, -0.9993772506713867, -0.43420279026031494, 0.0, 0.0
5.635685682296753, 0.9744681119918823, 0.0, -0.9975866079330444, -0.019437449052929878, 0.0, 0.0
5.645674228668213, 0.9744681119918823, 0.0, -1.0011439323425293, -1.1852240562438965, 0.0, 0.0
5.655701398849487, 0.9744681119918823, 0.0, -0.9917899370193481, 1.8589560985565186, 0.0, 0.0
5.665709495544434, 0.9744681119918823, 0.0, -0.9995928406715393, 1.0225682258605957, 0.0, 0.0
5.675712823867798, 0.9744681119918823, 0.0, -0.9992040991783142, -0.2576259970664978, 0.0, 0.0
5.6857008934021, 0.9744681119918823, 0.0, -1.0004851818084717, -0.2564353346824646, 0.0, 0.0
5.6956799030303955, 0.9744681119918823, 0.0, -1.004302740097046, -1.2756346464157104, 0.0, 0.0
5.7057013511657715, 0.9744681119918823, 0.0, -1.0033283233642578, -0.8958488702774048, 0.0, 0.0
5.715680122375488, 0.9744681119918823, 0.0, -0.999821126461029, 0.27667272090911865, 0.0, 0.0
5.725686550140381, 0.9744681119918823, 0.0, -0.9989503622055054, 1.1778557300567627, 0.0, 0.0
5.735733985900879, 0.9744681119918823, 0.0, -1.0003703832626343, 0.3439706265926361, 0.0, 0.0
5.745686769485474, 0.9744681119918823, 0.0, -0.9995459914207458, -0.06423257291316986, 0.0, 0.0
5.755722999572754, 0.9744681119918823, 0.0, -0.9989542365074158, -0.10845397412776947, 0.0, 0.0
5.765700578689575, 0.9744681119918823, 0.0, -0.9988237619400024, 0.11401457339525223, 0.0, 0.0
5.775676250457764, 0.9744681119918823, 0.641602635383606, -1.0060850381851196, -0.1390899419784546, 0.0, 0.0
5.785686254501343, 0.9744681119918823, 0.0, -1.0013424158096313, -1.0821985006332397, 0.0, 0.0
5.795687913894653, 0.9723404049873352, -0.6266449689865112, -1.001055359840393, -0.0792025774717331, 0.0, 0.0
5.80571174621582, 0.9723404049873352, 0.0, -1.0021849870681763, 0.1369534730911255, 0.0, 0.0
5.815677881240845, 0.9744681119918823, 0.6127893328666687, -1.0012736320495605, -0.07954509556293488, 0.0, 0.0
5.82567834854126, 0.9744681119918823, 0.0, -0.9982868432998657, 1.4629381895065308, 0.0, 0.0
5.835688829421997, 0.9744681119918823, 0.0, -1.001645803451538, 0.6886516809463501, 0.0, 0.0
5.8457419872283936, 0.9744681119918823, 0.0, -1.003352165222168, -0.48531410098075867, 0.0, 0.0
5.855718374252319, 0.9744681119918823, 0.0, -1.0026004314422607, -0.529502809047699, 0.0, 0.0
5.865683555603027, 0.9744681119918823, 0.0, -1.0035165548324585, -0.31773310899734497, 0.0, 0.0
5.87567663192749, 0.9744681119918823, 0.0, -0.9948543310165405, 0.39846473932266235, 0.0, 0.0
5.885692596435547, 0.9744681119918823, 0.0, -1.0049145221710205, -1.1444716453552246, 0.0, 0.0
5.895749092102051, 0.9744681119918823, 0.0, -1.0059679746627808, -0.12660853564739227, 0.0, 0.0
5.905689239501953, 0.9744681119918823, 0.0, -1.0047528743743896, 0.16639694571495056, 0.0, 0.0
5.9156882762908936, 0.9744681119918823, 0.0, -1.008428931236267, 0.18167336285114288, 0.0, 0.0
5.925691366195679, 0.9744681119918823, 0.0, -1.0054116249084473, 0.7911904454231262, 0.0, 0.0
5.935694217681885, 0.9744681119918823, 0.0, -1.0083421468734741, 0.07396893203258514, 0.0, 0.0
5.9456846714019775, 0.9744681119918823, 0.0, -1.0058072805404663, -0.24839137494564056, 0.0, 0.0
5.95568585395813, 0.9744681119918823, 0.0, -1.0040507316589355, 0.5303611755371094, 0.0, 0.0
5.965677261352539, 0.9744681119918823, 0.0, -1.002323865890503, -3.3904945850372314, 0.0, 0.0
5.9756903648376465, 0.9744681119918823, 0.0, -0.9960218071937561, 2.1874825954437256, 0.0, 0.0
5.985701322555542, 0.9723404049873352, -0.63620525598526, -0.9930298328399658, 0.3173219859600067, 0.0, 0.0
5.995713949203491, 0.9744681119918823, 0.0, -1.0026575326919556, -0.42080530524253845, 0.0, 0.0
6.005709886550903, 0.9723404049873352, 0.0, -0.9976463317871094, 0.7321462631225586, 0.0, 0.0
6.01570463180542, 0.9723404049873352, -0.6094414591789246, -1.000593900680542, 0.20326341688632965, 0.0, 0.0
6.025672435760498, 0.9723404049873352, 0.0, -0.9996346235275269, 0.19454273581504822, 0.0, 0.0
6.035701036453247, 0.9744681119918823, 0.0, -1.0014607906341553, 0.5661799311637878, 0.0, 0.0
6.045673608779907, 0.9744681119918823, 0.0, -0.9987175464630127, -0.04881877452135086, 0.0, 0.0
6.055678367614746, 0.9744681119918823, 0.6359785795211792, -0.998837411403656, 0.2561156153678894, 0.0, 0.0
6.065690517425537, 0.9744681119918823, 0.0, -0.9975284934043884, 0.3856900930404663, 0.0, 0.0
6.0756988525390625, 0.9723404049873352, -0.6161742210388184, -0.9981080293655396, 0.018144551664590836, 0.0, 0.0
6.085695266723633, 0.9723404049873352, 0.0, -1.0049278736114502, -2.040511131286621, 0.0, 0.0
6.0956926345825195, 0.9723404049873352, 0.0, -1.001780390739441, 2.0388200283050537, 0.0, 0.0
6.1056907176971436, 0.9723404049873352, 0.0, -1.0013437271118164, 0.7185100317001343, 0.0, 0.0
6.115695476531982, 0.9723404049873352, 0.0, -1.0011111497879028, 0.9569763541221619, 0.0, 0.0
6.125688791275024, 0.9723404049873352, 0.0, -1.0011494159698486, -0.2726818323135376, 0.0, 0.0
6.135706901550293, 0.9723404049873352, 0.0, -1.000060796737671, 0.2675325572490692, 0.0, 0.0
6.145720958709717, 0.9723404049873352, 0.0, -0.999657392501831, -0.49474868178367615, 0.0, 0.0
6.155721664428711, 0.9744681119918823, 0.6266449689865112, -1.0016498565673828, -0.582726001739502, 0.0, 0.0
6.165700197219849, 0.9723404049873352, 0.0, -1.002182960510254, -2.0272903442382812, 0.0, 0.0
6.175683259963989, 0.9744681119918823, 0.0, -1.0016121864318848, -1.0581786632537842, 0.0, 0.0
6.185681104660034, 0.9723404049873352, -0.6191667914390564, -0.9974575638771057, 0.5595161318778992, 0.0, 0.0
6.195681810379028, 0.9723404049873352, 0.0, -0.9977955222129822, 1.0759234428405762, 0.0, 0.0
6.205689430236816, 0.9723404049873352, -0.6242777705192566, -1.0046839714050293, -1.3917275667190552, 0.0, 0.0
6.215687990188599, 0.9723404049873352, 0.0, -1.0029820203781128, 0.4347260594367981, 0.0, 0.0
6.225692510604858, 0.9723404049873352, 0.0, -1.0044306516647339, 0.05749722942709923, 0.0, 0.0
6.235676527023315, 0.9723404049873352, 0.0, -1.0003496408462524, 0.18311968445777893, 0.0, 0.0
6.245685338973999, 0.9723404049873352, 0.0, -1.0007288455963135, -1.1189321279525757, 0.0, 0.0
6.255689382553101, 0.9723404049873352, 0.0, -0.9994884729385376, 0.4753545820713043, 0.0, 0.0
6.2656872272491455, 0.9723404049873352, 0.0, -1.000030755996704, 0.11973047256469727, 0.0, 0.0
6.275702238082886, 0.9744681119918823, 0.0, -1.0039397478103638, 0.11861257255077362, 0.0, 0.0
6.2856831550598145, 0.9723404049873352, -0.5541856288909912, -1.000232219696045, 1.205977201461792, 0.0, 0.0
6.295682191848755, 0.9723404049873352, 0.0, -0.9993271231651306, 0.21967639029026031, 0.0, 0.0
6.305734157562256, 0.9723404049873352, -0.6084027290344238, -0.9980714321136475, 2.967946767807007, 0.0, 0.0
6.315673112869263, 0.9723404049873352, 0.0, -1.0041534900665283, -0.05652482062578201, 0.0, 0.0
6.325692892074585, 0.9723404049873352, 0.0, -1.0039464235305786, -1.421484351158142, 0.0, 0.0
6.335681915283203, 0.9723404049873352, -0.6352994441986084, -1.0021673440933228, -0.08836229145526886, 0.0, 0.0
6.345699787139893, 0.9723404049873352, 0.0, -0.9992170929908752, 1.4422858953475952, 0.0, 0.0
6.355693578720093, 0.9723404049873352, 0.0, -1.0042712688446045, -1.804740309715271, 0.0, 0.0
6.365721225738525, 0.9744681119918823, 0.0, -1.0018138885498047, 0.2400437742471695, 0.0, 0.0
6.37572169303894, 0.9723404049873352, 0.0, -1.0015385150909424, -0.15631328523159027, 0.0, 0.0
6.3857102394104, 0.9723404049873352, -0.6172396540641785, -1.0020906925201416, -0.1020938828587532, 0.0, 0.0
6.395724773406982, 0.9723404049873352, 0.0, -0.9967622756958008, 0.05525832995772362, 0.0, 0.0
6.405696868896484, 0.9723404049873352, 0.0, -1.0022128820419312, -0.4648194909095764, 0.0, 0.0
6.4156835079193115, 0.9723404049873352, 0.0, -1.0026756525039673, -0.2855475842952728, 0.0, 0.0
6.42570686340332, 0.9723404049873352, 0.0, -0.9976586103439331, -0.07483062893152237, 0.0, 0.0
6.435717344284058, 0.9723404049873352, 0.0, -1.0013395547866821, 0.12796880304813385, 0.0, 0.0
6.445696115493774, 0.9723404049873352, 0.0, -1.003851056098938, -1.9665937423706055, 0.0, 0.0
6.4557414054870605, 0.9723404049873352, 0.0, -0.9974635243415833, 0.5793173313140869, 0.0, 0.0
6.465704917907715, 0.9723404049873352, 0.0, -1.0017162561416626, 0.666003406047821, 0.0, 0.0
6.475714445114136, 0.9723404049873352, 0.0, -0.9974852204322815, -0.08801539987325668, 0.0, 0.0
6.485721111297607, 0.9723404049873352, 0.0, -0.9969563484191895, -0.000566425733268261, 0.0, 0.0
6.495718002319336, 0.9723404049873352, 0.0, -0.9970878958702087, -0.11257564276456833, 0.0, 0.0
6.50571608543396, 0.9744681119918823, 0.5823197960853577, -0.996781587600708, 0.8452305197715759, 0.0, 0.0
6.515681743621826, 0.9723404049873352, 0.0, -0.9985147714614868, 1.625170111656189, 0.0, 0.0
6.52567720413208, 0.9744681119918823, 0.6173677444458008, -1.0027878284454346, 0.09368882328271866, 0.0, 0.0
6.535714864730835, 0.9723404049873352, 0.0, -0.9981034398078918, -0.039385128766298294, 0.0, 0.0
6.545693397521973, 0.9723404049873352, 0.0, -1.0030466318130493, 0.025000279769301414, 0.0, 0.0
6.555699825286865, 0.9723404049873352, 0.0, -1.0039225816726685, -0.70399010181427, 0.0, 0.0
6.56571626663208, 0.9723404049873352, 0.0, -1.0043799877166748, -0.9628015756607056, 0.0, 0.0
6.575727462768555, 0.9723404049873352, 0.0, -1.0016045570373535, -0.7544457912445068, 0.0, 0.0
6.58570671081543, 0.9723404049873352, 0.0, -0.9986584782600403, 0.8383039832115173, 0.0, 0.0
6.595690011978149, 0.9723404049873352, 0.0, -0.9982450008392334, -0.28946366906166077, 0.0, 0.0
6.6056787967681885, 0.9723404049873352, 0.0, -1.0002070665359497, -1.9944956302642822, 0.0, 0.0
6.615682363510132, 0.9723404049873352, 0.0, -0.9934991598129272, -0.11627736687660217, 0.0, 0.0
6.625718116760254, 0.9723404049873352, 0.0, -0.9935543537139893, 0.28712940216064453, 0.0, 0.0
6.635683298110962, 0.9744681119918823, 0.0, -0.9952380061149597, -0.2473636418581009, 0.0, 0.0
6.645675420761108, 0.9744681119918823, 0.5843406915664673, -0.9973523020744324, -1.2226765155792236, 0.0, 0.0
6.655714988708496, 0.9723404049873352, 0.0, -0.9978806972503662, -1.0279765129089355, 0.0, 0.0
6.665729284286499, 0.9744681119918823, 0.0, -0.9938937425613403, 1.0345131158828735, 0.0, 0.0
6.675753355026245, 0.9723404049873352, -0.598688542842865, -0.9985315203666687, -0.31393033266067505, 0.0, 0.0
6.685724258422852, 0.9723404049873352, -0.6000168919563293, -1.001857876777649, -0.23746615648269653, 0.0, 0.0
6.695686101913452, 0.9723404049873352, 0.0, -0.9998995065689087, 0.32113999128341675, 0.0, 0.0
6.705678462982178, 0.9744681119918823, 0.6256345510482788, -0.9961255788803101, 1.332579493522644, 0.0, 0.0
6.715689420700073, 0.9744681119918823, 0.6402217745780945, -0.9959461688995361, -0.9553078413009644, 0.0, 0.0
6.725726842880249, 0.9744681119918823, 0.0, -0.9926667809486389, -0.024535464122891426, 0.0, 0.0
6.735717535018921, 0.9723404049873352, -0.616599977016449, -0.9854379892349243, -0.014378788881003857, 0.0, 0.0
6.745701313018799, 0.9723404049873352, -0.626997172832489, -0.9923844337463379, -1.9076857566833496, 0.0, 0.0
6.755719900131226, 0.9723404049873352, 0.0, -0.9904612302780151, 0.7322747707366943, 0.0, 0.0
6.765699625015259, 0.9723404049873352, 0.0, -0.9887288212776184, 0.41386961936950684, 0.0, 0.0
6.775677442550659, 0.9744681119918823, 0.6157065629959106, -0.9895398020744324, 0.21629241108894348, 0.0, 0.0
6.785680294036865, 0.9744681119918823, 0.0, -0.9874066710472107, 4.23621940612793, 0.0, 0.0
6.795686483383179, 0.9744681119918823, 0.0, -1.0031358003616333, 0.07102122157812119, 0.0, 0.0
6.805683851242065, 0.9744681119918823, 0.0, -0.9952941536903381, 1.1312692165374756, 0.0, 0.0
6.815711498260498, 0.9744681119918823, 0.0, -0.9984824061393738, 0.7750885486602783, 0.0, 0.0
6.825725078582764, 0.9744681119918823, 0.6650310158729553, -0.9966775178909302, -1.7362874746322632, 0.0, 0.0
6.83571195602417, 0.9744681119918823, 0.0, -0.9913870692253113, -0.3066384494304657, 0.0, 0.0
6.845703840255737, 0.9744681119918823, 0.0, -0.9895121455192566, 0.41418132185935974, 0.0, 0.0
6.855719327926636, 0.9744681119918823, 0.0, -0.9863543510437012, 1.508642554283142, 0.0, 0.0
6.865699052810669, 0.9744681119918823, 0.0, -0.9974039793014526, -0.21953444182872772, 0.0, 0.0
6.875688076019287, 0.9744681119918823, 0.6257222890853882, -0.993636965751648, 0.010664401575922966, 0.0, 0.0
6.88569450378418, 0.9744681119918823, 0.6335404515266418, -0.9938089847564697, 0.6863696575164795, 0.0, 0.0
6.8957109451293945, 0.9744681119918823, 0.5903321504592896, -0.9944419264793396, 0.48124101758003235, 0.0, 0.0
6.905707836151123, 0.9744681119918823, 0.0, -0.9983485341072083, -0.5729091763496399, 0.0, 0.0
6.915688991546631, 0.9744681119918823, 0.0, -0.9970890879631042, -0.7582134008407593, 0.0, 0.0
6.925706148147583, 0.9744681119918823, 0.0, -0.9930830597877502, 0.011780435219407082, 0.0, 0.0
6.9356911182403564, 0.9744681119918823, 0.0, -0.9925735592842102, 0.9985749125480652, 0.0, 0.0
6.945700645446777, 0.9744681119918823, 0.0, -0.9931952357292175, -0.28223973512649536, 0.0, 0.0
6.955685138702393, 0.9744681119918823, 0.0, -0.9921303987503052, 1.1433840990066528, 0.0, 0.0
6.96570897102356, 0.9723404049873352, -0.6174532175064087, -0.9914092421531677, 0.32893791794776917, 0.0, 0.0
6.975719928741455, 0.9744681119918823, 0.0, -0.9973071813583374, -0.11336389929056168, 0.0, 0.0
6.9856860637664795, 0.9744681119918823, 0.6224489808082581, -0.9863213300704956, 2.6626415252685547, 0.0, 0.0
6.9956934452056885, 0.9744681119918823, 0.0, -0.987333357334137, -0.5690059661865234, 0.0, 0.0
7.005701065063477, 0.9744681119918823, 0.0, -0.9841505289077759, 1.5209720134735107, 0.0, 0.0
7.015685558319092, 0.9744681119918823, 0.0, -0.9842364192008972, -0.05552222207188606, 0.0, 0.0
7.025684595108032, 0.9744681119918823, 0.0, -0.9846092462539673, -0.10032729804515839, 0.0, 0.0
7.035674571990967, 0.9744681119918823, 0.0, -0.9910650849342346, -0.9655757546424866, 0.0, 0.0
7.045669078826904, 0.9744681119918823, 0.0, -0.9908045530319214, -1.138824462890625, 0.0, 0.0
7.055671215057373, 0.9744681119918823, 0.0, -0.9947876930236816, -1.091111660003662, 0.0, 0.0
7.065744161605835, 0.9744681119918823, 0.0, -0.9907947182655334, -0.18539762496948242, 0.0, 0.0
7.07573676109314, 0.9744681119918823, 0.0, -0.9886471033096313, 0.17781466245651245, 0.0, 0.0
7.08571457862854, 0.9744681119918823, 0.0, -0.9904733896255493, 0.6024774312973022, 0.0, 0.0
7.09571385383606, 0.9744681119918823, 0.0, -0.9886002540588379, 0.7329853177070618, 0.0, 0.0
7.105698347091675, 0.9744681119918823, 0.0, -0.9847479462623596, 1.3929646015167236, 0.0, 0.0
7.115734100341797, 0.9744681119918823, 0.0, -0.9917269945144653, -1.1059720516204834, 0.0, 0.0
7.125717401504517, 0.9744681119918823, 0.0, -0.9845032095909119, 1.1172012090682983, 0.0, 0.0
7.135692834854126, 0.9744681119918823, 0.0, -0.9882099032402039, 0.16914786398410797, 0.0, 0.0
7.145681858062744, 0.9744681119918823, 0.0, -0.9891221523284912, -0.19705897569656372, 0.0, 0.0
7.155681133270264, 0.9744681119918823, 0.0, -0.9894290566444397, -0.2750357389450073, 0.0, 0.0
7.165706634521484, 0.9744681119918823, 0.0, -0.9932911992073059, -0.3162228465080261, 0.0, 0.0
7.175710678100586, 0.9744681119918823, 0.0, -0.9972667694091797, -0.8361080288887024, 0.0, 0.0
7.185697078704834, 0.9744681119918823, 0.0, -0.9905413389205933, 0.6205238103866577, 0.0, 0.0
7.195677757263184, 0.9744681119918823, 0.0, -0.9907010197639465, 0.1488790661096573, 0.0, 0.0
7.205678462982178, 0.9744681119918823, 0.0, -0.988134503364563, 0.07949472218751907, 0.0, 0.0
7.2156829833984375, 0.9744681119918823, 0.0, -0.9887593984603882, 0.9011451601982117, 0.0, 0.0
7.225690841674805, 0.9744681119918823, 0.0, -0.9911396503448486, -0.029036710038781166, 0.0, 0.0
7.235710144042969, 0.9744681119918823, 0.0, -0.9870449304580688, 1.0869885683059692, 0.0, 0.0
7.245730400085449, 0.9744681119918823, 0.0, -0.9869421124458313, 0.062017109245061874, 0.0, 0.0
7.255728244781494, 0.9744681119918823, 0.0, -0.9861745834350586, 0.36121195554733276, 0.0, 0.0
7.265686273574829, 0.9744681119918823, 0.0, -0.9870546460151672, 0.14783619344234467, 0.0, 0.0
7.275695562362671, 0.9744681119918823, 0.0, -0.9876229166984558, 0.15405112504959106, 0.0, 0.0
7.285686731338501, 0.9744681119918823, 0.0, -0.9877769351005554, -0.03263946250081062, 0.0, 0.0
7.295752048492432, 0.9744681119918823, 0.0, -0.9881032109260559, -0.28816166520118713, 0.0, 0.0
7.305729150772095, 0.9744681119918823, 0.0, -0.9876483082771301, 1.498396635055542, 0.0, 0.0
7.315710067749023, 0.9744681119918823, 0.0, -0.9819239974021912, 1.5317968130111694, 0.0, 0.0
7.3257176876068115, 0.9744681119918823, 0.0, -0.9847516417503357, -1.2708925008773804, 0.0, 0.0
7.335679769515991, 0.9744681119918823, 0.0, -0.9916601181030273, -2.757876396179199, 0.0, 0.0
7.3456830978393555, 0.9744681119918823, 0.0, -0.9826101660728455, -0.5624266862869263, 0.0, 0.0
7.355697870254517, 0.9744681119918823, 0.0, -0.9830273389816284, -2.010713815689087, 0.0, 0.0
7.365697383880615, 0.9744681119918823, 0.0, -0.9832378625869751, -0.7274684309959412, 0.0, 0.0
7.375686168670654, 0.9744681119918823, 0.0, -0.9843193292617798, -1.2930282354354858, 0.0, 0.0
7.3856916427612305, 0.9744681119918823, 0.0, -0.9826025366783142, 0.5044158101081848, 0.0, 0.0
7.395683288574219, 0.9744681119918823, 0.0, -0.978791356086731, 0.8290846943855286, 0.0, 0.0
7.405733585357666, 0.9744681119918823, 0.0, -0.9798141121864319, -0.8315636515617371, 0.0, 0.0
7.41573166847229, 0.9744681119918823, 0.0, -0.980645477771759, 0.5540267825126648, 0.0, 0.0
7.425678253173828, 0.9744681119918823, 0.0, -0.9783346056938171, 1.2641932964324951, 0.0, 0.0
7.435721158981323, 0.9744681119918823, 0.0, -0.9779201149940491, 0.28551626205444336, 0.0, 0.0
7.445702791213989, 0.9744681119918823, 0.0, -0.9861408472061157, -2.0312516689300537, 0.0, 0.0
7.455689191818237, 0.9744681119918823, 0.0, -0.9747777581214905, 0.7448040843009949, 0.0, 0.0
7.46567702293396, 0.9744681119918823, 0.0, -0.974129319190979, 2.3509445190429688, 0.0, 0.0
7.4756834506988525, 0.9744681119918823, 0.0, -0.9811325073242188, 0.23188340663909912, 0.0, 0.0
7.485690593719482, 0.9744681119918823, 0.0, -0.9792409539222717, -0.6792975664138794, 0.0, 0.0
7.495712518692017, 0.9744681119918823, 0.0, -0.9784036874771118, -1.675737738609314, 0.0, 0.0
7.505691289901733, 0.9744681119918823, 0.0, -0.9821906089782715, -0.7820395231246948, 0.0, 0.0
7.515685796737671, 0.9744681119918823, 0.0, -0.9720149040222168, 2.923736810684204, 0.0, 0.0
7.525689363479614, 0.9744681119918823, 0.0, -0.9816908836364746, -0.15470737218856812, 0.0, 0.0
7.53572416305542, 0.9744681119918823, 0.0, -0.9807022213935852, 1.351565957069397, 0.0, 0.0
7.545702695846558, 0.9744681119918823, 0.0, -0.9741734862327576, 0.6137592792510986, 0.0, 0.0
7.555758237838745, 0.9744681119918823, 0.0, -0.9765273332595825, 1.4612550735473633, 0.0, 0.0
7.565744876861572, 0.9744681119918823, 0.0, -0.98026442527771, 0.5630321502685547, 0.0, 0.0
7.575718879699707, 0.9744681119918823, 0.0, -0.9763035178184509, 1.0722261667251587, 0.0, 0.0
7.5856969356536865, 0.9744681119918823, 0.0, -0.9801822900772095, -0.5814911723136902, 0.0, 0.0
7.595683574676514, 0.9744681119918823, 0.0, -0.9873329401016235, 0.19266317784786224, 0.0, 0.0
7.605682134628296, 0.9744681119918823, 0.0, -0.9776930809020996, 2.1990256309509277, 0.0, 0.0
7.615723609924316, 0.9744681119918823, 0.0, -0.9794045686721802, 2.3626585006713867, 0.0, 0.0
7.625692129135132, 0.9744681119918823, 0.0, -0.9881502985954285, -0.13355430960655212, 0.0, 0.0
7.635684967041016, 0.9744681119918823, 0.0, -0.9875068068504333, -0.2244616597890854, 0.0, 0.0
7.645677804946899, 0.9744681119918823, 0.0, -0.9853656888008118, 0.6256228089332581, 0.0, 0.0
7.655707359313965, 0.9744681119918823, 0.0, -0.9865808486938477, 0.08738861232995987, 0.0, 0.0
7.665701150894165, 0.9744681119918823, 0.0, -0.9866052269935608, 0.12629349529743195, 0.0, 0.0
7.675727367401123, 0.9744681119918823, 0.0, -0.9860299825668335, 0.22688236832618713, 0.0, 0.0
7.685678720474243, 0.9744681119918823, 0.0, -0.9873720407485962, -0.1101047694683075, 0.0, 0.0
7.695674419403076, 0.9744681119918823, 0.0, -0.9864824414253235, 0.042733971029520035, 0.0, 0.0
7.705697774887085, 0.9744681119918823, 0.0, -0.9870434403419495, -0.3075425326824188, 0.0, 0.0
7.71569561958313, 0.9744681119918823, 0.0, -0.9880785942077637, -0.8476710915565491, 0.0, 0.0
7.725671768188477, 0.9744681119918823, 0.0, -0.9885303378105164, -1.3762141466140747, 0.0, 0.0
7.735680818557739, 0.9744681119918823, 0.0, -0.9855481386184692, -0.2659306228160858, 0.0, 0.0
7.745737791061401, 0.9744681119918823, 0.0, -0.9857804179191589, 0.8951615691184998, 0.0, 0.0
7.755743980407715, 0.9744681119918823, 0.0, -0.9856210947036743, 1.2827379703521729, 0.0, 0.0
7.765689849853516, 0.9744681119918823, 0.0, -0.9878789186477661, -0.639575183391571, 0.0, 0.0
7.775698900222778, 0.9744681119918823, 0.0, -0.9854995608329773, 0.9493896961212158, 0.0, 0.0
7.785678386688232, 0.9744681119918823, 0.0, -0.9880642890930176, -0.0694940909743309, 0.0, 0.0
7.79572319984436, 0.9744681119918823, 0.0, -0.9877251982688904, 0.23200653493404388, 0.0, 0.0
7.805699825286865, 0.9744681119918823, 0.0, -0.9868522882461548, -0.10078060626983643, 0.0, 0.0
7.815688848495483, 0.9744681119918823, 0.0, -0.9866524338722229, 0.15387779474258423, 0.0, 0.0
7.825685262680054, 0.9744681119918823, 0.0, -0.9890377521514893, -1.434974193572998, 0.0, 0.0
7.835686206817627, 0.9744681119918823, 0.0, -0.9861486554145813, -0.6294858455657959, 0.0, 0.0
7.8456854820251465, 0.9744681119918823, 0.0, -0.9814307689666748, 0.3874700963497162, 0.0, 0.0
7.855705976486206, 0.9744681119918823, 0.0, -0.9868718385696411, -2.397195816040039, 0.0, 0.0
7.865711212158203, 0.9744681119918823, 0.0, -0.9842339754104614, -0.46256592869758606, 0.0, 0.0
7.875707149505615, 0.9744681119918823, 0.0, -0.9815791845321655, -0.17714715003967285, 0.0, 0.0
7.885710954666138, 0.9744681119918823, 0.0, -0.9844192862510681, 0.35376715660095215, 0.0, 0.0
7.8957366943359375, 0.9744681119918823, 0.0, -0.9845229983329773, 0.1649141013622284, 0.0, 0.0
7.905717134475708, 0.9744681119918823, 0.0, -0.9842516779899597, 0.7205144762992859, 0.0, 0.0
7.915725946426392, 0.9744681119918823, 0.0, -0.9881765842437744, -1.086919903755188, 0.0, 0.0
7.925739765167236, 0.9744681119918823, 0.0, -0.9851279258728027, -0.43106934428215027, 0.0, 0.0
7.935683488845825, 0.9744681119918823, 0.0, -0.9796562194824219, 2.3947978019714355, 0.0, 0.0
7.945691347122192, 0.9744681119918823, 0.0, -0.9777482151985168, -1.3066102266311646, 0.0, 0.0
7.955693244934082, 0.9744681119918823, 0.0, -0.9785022735595703, 1.431300401687622, 0.0, 0.0
7.965695381164551, 0.9744681119918823, 0.6150700449943542, -0.9837010502815247, -2.654632806777954, 0.0, 0.0
7.975724697113037, 0.9744681119918823, 0.0, -0.9843345284461975, -2.2717061042785645, 0.0, 0.0
7.985719442367554, 0.9744681119918823, 0.0, -0.9877678155899048, -1.2095891237258911, 0.0, 0.0
7.995716094970703, 0.9744681119918823, 0.0, -0.9858666658401489, 0.3070106506347656, 0.0, 0.0
8.005698919296265, 0.9723404049873352, -0.6026506423950195, -0.986394464969635, 0.058210380375385284, 0.0, 0.0
8.015711545944214, 0.9744681119918823, 0.0, -0.9844577312469482, 0.4420779347419739, 0.0, 0.0
8.025687456130981, 0.9744681119918823, 0.0, -0.9869465827941895, -0.05637654289603233, 0.0, 0.0
8.03570556640625, 0.9744681119918823, 0.0, -0.9845255613327026, 1.6738122701644897, 0.0, 0.0
8.045685768127441, 0.9744681119918823, 0.0, -0.984973132610321, 1.9579344987869263, 0.0, 0.0
8.055697679519653, 0.9744681119918823, 0.0, -0.9845131039619446, 0.5992056131362915, 0.0, 0.0
8.065678596496582, 0.9744681119918823, 0.0, -0.9821621179580688, -0.40733829140663147, 0.0, 0.0
8.075686693191528, 0.9744681119918823, 0.0, -0.983117938041687, 0.6866229772567749, 0.0, 0.0
8.085688591003418, 0.9744681119918823, 0.0, -0.9870283007621765, -0.5564360618591309, 0.0, 0.0
8.095688581466675, 0.9744681119918823, 0.0, -0.9850959777832031, 0.23394016921520233, 0.0, 0.0
8.105682849884033, 0.9744681119918823, 0.0, -0.9855654239654541, 0.5995564460754395, 0.0, 0.0
8.115683794021606, 0.9744681119918823, 0.0, -0.9875684380531311, 0.11879163980484009, 0.0, 0.0
8.125675916671753, 0.9744681119918823, 0.0, -0.9871262907981873, 0.0009298810618929565, 0.0, 0.0
8.135737180709839, 0.9744681119918823, 0.0, -0.9878081679344177, -0.5414196848869324, 0.0, 0.0
8.145715475082397, 0.9744681119918823, 0.0, -0.9898737668991089, -0.5963590741157532, 0.0, 0.0
8.155720710754395, 0.9744681119918823, 0.0, -0.9867560863494873, -0.9577467441558838, 0.0, 0.0
8.16570258140564, 0.9744681119918823, 0.0, -0.9816213250160217, 1.093466877937317, 0.0, 0.0
8.175686597824097, 0.9744681119918823, 0.0, -0.9785476922988892, 2.5450642108917236, 0.0, 0.0
8.185678720474243, 0.9744681119918823, 0.0, -0.9835236072540283, -1.457321286201477, 0.0, 0.0
8.195685625076294, 0.9744681119918823, 0.0, -0.9794114828109741, 0.4883822202682495, 0.0, 0.0
8.205684900283813, 0.9744681119918823, 0.0, -0.983267605304718, -0.749415934085846, 0.0, 0.0
8.215691804885864, 0.9744681119918823, 0.0, -0.982731819152832, -0.7233461737632751, 0.0, 0.0
8.225680112838745, 0.9744681119918823, 0.0, -0.9837592840194702, -1.137453317642212, 0.0, 0.0
8.235717535018921, 0.9744681119918823, 0.0, -0.9828535914421082, 0.18320254981517792, 0.0, 0.0
8.245704174041748, 0.9744681119918823, 0.0, -0.9825798869132996, -0.4497583508491516, 0.0, 0.0
8.255717754364014, 0.9744681119918823, 0.0, -0.9830829501152039, -0.047357186675071716, 0.0, 0.0
8.265706539154053, 0.9744681119918823, 0.0, -0.9834731817245483, 0.18708041310310364, 0.0, 0.0
8.275684833526611, 0.9744681119918823, 0.0, -0.9900906682014465, -1.2584069967269897, 0.0, 0.0
8.285678625106812, 0.9744681119918823, 0.0, -0.9841471314430237, 1.0188013315200806, 0.0, 0.0
8.295689582824707, 0.9744681119918823, 0.0, -0.9865614771842957, -0.5770928859710693, 0.0, 0.0
8.30568528175354, 0.9744681119918823, 0.0, -0.9860576391220093, -1.1888149976730347, 0.0, 0.0
8.315722465515137, 0.9744681119918823, 0.0, -0.9845026731491089, -0.1043747290968895, 0.0, 0.0
8.32568359375, 0.9744681119918823, 0.0, -0.9834046959877014, -0.4379415810108185, 0.0, 0.0
8.33568000793457, 0.9744681119918823, 0.0, -0.9838849306106567, 0.0076501932926476, 0.0, 0.0
8.345733880996704, 0.9744681119918823, 0.0, -0.9829437136650085, 0.16974753141403198, 0.0, 0.0
8.355723142623901, 0.9744681119918823, 0.0, -0.9902861714363098, -1.2047852277755737, 0.0, 0.0
8.365715742111206, 0.9744681119918823, 0.0, -0.986303448677063, -0.26387009024620056, 0.0, 0.0
8.37571907043457, 0.9744681119918823, 0.0, -0.982812225818634, 1.1149178743362427, 0.0, 0.0
8.385716676712036, 0.9744681119918823, 0.0, -0.9858573079109192, -1.6425011157989502, 0.0, 0.0
8.395700693130493, 0.9744681119918823, 0.6295182704925537, -0.987176775932312, -3.8478055000305176, 0.0, 0.0
8.405682802200317, 0.9744681119918823, 0.0, -0.9874774813652039, -1.2522931098937988, 0.0, 0.0
8.415686845779419, 0.9744681119918823, 0.0, -0.9851460456848145, -2.1319077014923096, 0.0, 0.0
8.425699710845947, 0.9744681119918823, 0.6359785795211792, -0.9836227297782898, -0.3438323140144348, 0.0, 0.0
8.435688495635986, 0.9723404049873352, -0.5996943116188049, -0.9739322662353516, 2.770673990249634, 0.0, 0.0
8.445692300796509, 0.9744681119918823, 0.629607081413269, -0.9769253730773926, 3.0779268741607666, 0.0, 0.0
8.455695867538452, 0.9744681119918823, 0.0, -0.9922898411750793, -0.8486162424087524, 0.0, 0.0
8.465686321258545, 0.9744681119918823, 0.0, -0.989206850528717, -3.373790740966797, 0.0, 0.0
8.475685834884644, 0.9744681119918823, 0.0, -0.9899865984916687, 0.798339307308197, 0.0, 0.0
8.485728025436401, 0.9744681119918823, 0.0, -0.9830164909362793, 1.1409969329833984, 0.0, 0.0
8.495701313018799, 0.9744681119918823, 0.0, -0.9859923124313354, -0.14739911258220673, 0.0, 0.0
8.505683422088623, 0.9744681119918823, 0.0, -0.9856241941452026, -2.3957359790802, 0.0, 0.0
8.51568078994751, 0.9744681119918823, 0.0, -0.9840237498283386, -0.11208539456129074, 0.0, 0.0
8.525690793991089, 0.9744681119918823, 0.0, -0.986011266708374, 0.7701565623283386, 0.0, 0.0
8.535720109939575, 0.9744681119918823, 0.0, -0.9784325361251831, 1.64739990234375, 0.0, 0.0
8.545713663101196, 0.9744681119918823, 0.0, -0.9782806038856506, 1.623196005821228, 0.0, 0.0
8.555692911148071, 0.9744681119918823, 0.5364301204681396, -0.9830774068832397, 1.3259507417678833, 0.0, 0.0
8.565690279006958, 0.9723404049873352, -0.5991708636283875, -0.9823969602584839, 1.0682727098464966, 0.0, 0.0
8.575688362121582, 0.9723404049873352, -0.6229704022407532, -0.9829724431037903, 0.7368921637535095, 0.0, 0.0
8.585676670074463, 0.9744681119918823, 0.0, -0.9825760722160339, -1.3110182285308838, 0.0, 0.0
8.595705509185791, 0.9744681119918823, 0.0, -0.9827000498771667, -0.6258977651596069, 0.0, 0.0
8.60567569732666, 0.9744681119918823, 0.0, -0.9832282066345215, -1.1749919652938843, 0.0, 0.0
8.615671396255493, 0.9744681119918823, 0.0, -0.9824480414390564, -0.9073889851570129, 0.0, 0.0
8.625675916671753, 0.9744681119918823, 0.0, -0.9793133735656738, 0.11048585921525955, 0.0, 0.0
8.635679721832275, 0.9744681119918823, 0.0, -0.979745090007782, -0.2737314999103546, 0.0, 0.0
8.645684242248535, 0.9744681119918823, 0.0, -0.9792729020118713, 0.0854949802160263, 0.0, 0.0
8.655722856521606, 0.9744681119918823, 0.0, -0.983673632144928, 0.7547399997711182, 0.0, 0.0
8.665716648101807, 0.9744681119918823, 0.0, -0.9818019866943359, -0.02195626311004162, 0.0, 0.0
8.6757071018219, 0.9744681119918823, 0.0, -0.9867919683456421, -0.9594414830207825, 0.0, 0.0
8.685707569122314, 0.9744681119918823, 0.0, -0.985068678855896, -0.7012442350387573, 0.0, 0.0
8.69569206237793, 0.9744681119918823, 0.0, -0.9858123660087585, -0.08174040913581848, 0.0, 0.0
8.705683469772339, 0.9744681119918823, 0.632956326007843, -0.9829401969909668, 1.1112916469573975, 0.0, 0.0
8.715685844421387, 0.9723404049873352, -0.6332707405090332, -0.9851582050323486, 0.6585540771484375, 0.0, 0.0
8.725695133209229, 0.9723404049873352, -0.6589419841766357, -0.9803099632263184, 0.9194416403770447, 0.0, 0.0
8.735713958740234, 0.9744681119918823, 0.0, -0.9849701523780823, -0.12746313214302063, 0.0, 0.0
8.745676040649414, 0.9723404049873352, -0.626600980758667, -0.9804057478904724, 0.3736671805381775, 0.0, 0.0
8.755675792694092, 0.9723404049873352, -0.6416949033737183, -0.9803294539451599, 2.23353910446167, 0.0, 0.0
8.765674352645874, 0.9744681119918823, 0.0, -0.9830285310745239, -0.8269343376159668, 0.0, 0.0
8.775710344314575, 0.9744681119918823, 0.0, -0.9833167195320129, -0.14659419655799866, 0.0, 0.0
8.78571605682373, 0.9744681119918823, 0.0, -0.9836504459381104, -0.1587151736021042, 0.0, 0.0
8.795727968215942, 0.9744681119918823, 0.0, -0.9835737347602844, -0.1790260374546051, 0.0, 0.0
8.805690288543701, 0.9744681119918823, 0.0, -0.9817466139793396, 1.7378463745117188, 0.0, 0.0
8.815699577331543, 0.9744681119918823, 0.0, -0.9861961603164673, -1.1241778135299683, 0.0, 0.0
8.825700283050537, 0.9744681119918823, 0.0, -0.9852100610733032, 0.02034757286310196, 0.0, 0.0
8.835689783096313, 0.9744681119918823, 0.0, -0.9823322892189026, -0.06868506222963333, 0.0, 0.0
8.845719814300537, 0.9744681119918823, 0.5807660222053528, -0.9836763739585876, -1.0365251302719116, 0.0, 0.0
8.855677843093872, 0.9744681119918823, 0.631299614906311, -0.982071578502655, -2.663745880126953, 0.0, 0.0
8.865674495697021, 0.9723404049873352, -0.612915575504303, -0.9789623618125916, 1.3614208698272705, 0.0, 0.0
8.875682830810547, 0.9744681119918823, 0.0, -0.986316442489624, 0.12446118891239166, 0.0, 0.0
8.885713577270508, 0.9744681119918823, 0.0, -0.9810469746589661, 0.09162688255310059, 0.0, 0.0
8.895713329315186, 0.9744681119918823, 0.0, -0.9817296266555786, -0.08581648766994476, 0.0, 0.0
8.905699729919434, 0.9744681119918823, 0.0, -0.981769323348999, -0.6568840146064758, 0.0, 0.0
8.915711879730225, 0.9744681119918823, 0.0, -0.9775234460830688, -0.6993831396102905, 0.0, 0.0
8.92571210861206, 0.9744681119918823, 0.0, -0.979964017868042, -0.4990682005882263, 0.0, 0.0
8.935683727264404, 0.9744681119918823, 0.0, -0.9796485304832458, -0.5090051889419556, 0.0, 0.0
8.945690155029297, 0.9744681119918823, 0.0, -0.9788537621498108, -0.24095848202705383, 0.0, 0.0
8.95569372177124, 0.9744681119918823, 0.0, -0.9829957485198975, -0.3762996196746826, 0.0, 0.0
8.96572470664978, 0.9744681119918823, 0.0, -0.9836754202842712, -1.6470544338226318, 0.0, 0.0
8.975674152374268, 0.9744681119918823, 0.0, -0.9817527532577515, -0.28428903222084045, 0.0, 0.0
8.985688209533691, 0.9744681119918823, 0.0, -0.9861202836036682, -1.384102702140808, 0.0, 0.0
8.995691537857056, 0.9744681119918823, 0.0, -0.9792124032974243, 1.0650849342346191, 0.0, 0.0
9.005695104598999, 0.9744681119918823, 0.0, -0.979957103729248, -0.07875026762485504, 0.0, 0.0
9.015711784362793, 0.9744681119918823, 0.0, -0.9795646667480469, -0.06395162642002106, 0.0, 0.0
9.025701999664307, 0.9744681119918823, 0.0, -0.9785135984420776, 0.544855535030365, 0.0, 0.0
9.035696506500244, 0.9744681119918823, 0.0, -0.9795427918434143, -0.12950460612773895, 0.0, 0.0
9.04572606086731, 0.9744681119918823, 0.0, -0.9815905094146729, -0.026905829086899757, 0.0, 0.0
9.055716514587402, 0.9744681119918823, 0.0, -0.9813721179962158, 0.4400501847267151, 0.0, 0.0
9.065678119659424, 0.9744681119918823, 0.0, -0.9808700680732727, 0.43201231956481934, 0.0, 0.0
9.075695991516113, 0.9744681119918823, 0.0, -0.9813306331634521, 0.2743830382823944, 0.0, 0.0
9.085720300674438, 0.9744681119918823, 0.0, -0.9835002422332764, -0.7889420986175537, 0.0, 0.0
9.09573769569397, 0.9744681119918823, 0.0, -0.982859194278717, -1.4159470796585083, 0.0, 0.0
9.10572600364685, 0.9744681119918823, 0.0, -0.9805660843849182, -1.456699252128601, 0.0, 0.0
9.115705966949463, 0.9744681119918823, 0.0, -0.9728586673736572, -0.6555011868476868, 0.0, 0.0
9.12569546699524, 0.9744681119918823, 0.0, -0.972155749797821, -0.17390108108520508, 0.0, 0.0
9.135689973831177, 0.9744681119918823, 0.0, -0.9777907729148865, -2.3475944995880127, 0.0, 0.0
9.14571762084961, 0.9744681119918823, 0.0, -0.9765797853469849, -1.786487102508545, 0.0, 0.0
9.155693292617798, 0.9744681119918823, 0.0, -0.9705738425254822, -0.15943917632102966, 0.0, 0.0
9.165706634521484, 0.9744681119918823, 0.0, -0.9720532894134521, 1.679446816444397, 0.0, 0.0
9.175683975219727, 0.9744681119918823, 0.0, -0.9777564406394958, 0.779262125492096, 0.0, 0.0
9.185677528381348, 0.9744681119918823, 0.0, -0.9805848002433777, -0.24161270260810852, 0.0, 0.0
9.195671796798706, 0.9744681119918823, 0.0, -0.9743970632553101, 1.0707054138183594, 0.0, 0.0
9.205700397491455, 0.9744681119918823, 0.0, -0.970913827419281, 0.9743483662605286, 0.0, 0.0
9.215677738189697, 0.9744681119918823, 0.0, -0.9782788157463074, -2.369816303253174, 0.0, 0.0
9.225680828094482, 0.9744681119918823, 0.0, -0.9728792309761047, 0.1702897548675537, 0.0, 0.0
9.235703229904175, 0.9744681119918823, 0.0, -0.9778627157211304, -2.0828704833984375, 0.0, 0.0
9.24570608139038, 0.9744681119918823, 0.0, -0.9776264429092407, 0.20635801553726196, 0.0, 0.0
9.255708694458008, 0.9744681119918823, 0.0, -0.9768009781837463, 0.3587067127227783, 0.0, 0.0
9.265696048736572, 0.9744681119918823, 0.0, -0.9771397113800049, 0.07578028738498688, 0.0, 0.0
9.275728225708008, 0.9744681119918823, 0.0, -0.9812037944793701, -0.9298138618469238, 0.0, 0.0
9.285691499710083, 0.9744681119918823, 0.0, -0.9807508587837219, -1.253578543663025, 0.0, 0.0
9.295695066452026, 0.9744681119918823, 0.0, -0.9758734107017517, 1.2947667837142944, 0.0, 0.0
9.30569577217102, 0.9744681119918823, 0.0, -0.9801696538925171, -1.3000471591949463, 0.0, 0.0
9.315680265426636, 0.9744681119918823, 0.0, -0.9795241951942444, 0.4217354357242584, 0.0, 0.0
9.325692415237427, 0.9744681119918823, 0.0, -0.9774565696716309, 0.7042901515960693, 0.0, 0.0
9.335700273513794, 0.9744681119918823, 0.0, -0.9803380370140076, 0.011587020009756088, 0.0, 0.0
9.345693588256836, 0.9744681119918823, 0.0, -0.9808418154716492, 0.20788665115833282, 0.0, 0.0
9.355696439743042, 0.9744681119918823, 0.0, -0.9799173474311829, -0.07535699009895325, 0.0, 0.0
9.365684986114502, 0.9744681119918823, 0.0, -0.9791185855865479, 0.0041417283937335014, 0.0, 0.0
9.375728607177734, 0.9744681119918823, 0.0, -0.9821323752403259, -0.576105535030365, 0.0, 0.0
9.38568902015686, 0.9744681119918823, 0.0, -0.9761040806770325, 0.9944189190864563, 0.0, 0.0
9.395690202713013, 0.9744681119918823, 0.0, -0.9790079593658447, 0.8945886492729187, 0.0, 0.0
9.405722618103027, 0.9744681119918823, 0.0, -0.9777487516403198, -0.5843451023101807, 0.0, 0.0
9.41568660736084, 0.9744681119918823, 0.0, -0.974795937538147, 1.4856973886489868, 0.0, 0.0
9.425693035125732, 0.9744681119918823, 0.0, -0.9713850617408752, 0.8917111754417419, 0.0, 0.0
9.43569803237915, 0.9744681119918823, 0.0, -0.9761306643486023, -1.170953392982483, 0.0, 0.0
9.445700883865356, 0.9744681119918823, 0.0, -0.9758813381195068, -1.3483622074127197, 0.0, 0.0
9.455700635910034, 0.9744681119918823, 0.0, -0.9748814702033997, 1.0024046897888184, 0.0, 0.0
9.465691804885864, 0.9744681119918823, 0.0, -0.97535640001297, -0.10968822240829468, 0.0, 0.0
9.475720405578613, 0.9744681119918823, 0.0, -0.9747493863105774, -0.018793636932969093, 0.0, 0.0
9.485699892044067, 0.9744681119918823, 0.0, -0.9785810112953186, -1.1471238136291504, 0.0, 0.0
9.4956796169281, 0.9744681119918823, 0.0, -0.9760177135467529, -0.553106963634491, 0.0, 0.0
9.505698919296265, 0.9744681119918823, 0.0, -0.9755068421363831, 1.7501705884933472, 0.0, 0.0
9.515685558319092, 0.9744681119918823, 0.0, -0.9723244905471802, 2.941601514816284, 0.0, 0.0
9.52569031715393, 0.9744681119918823, 0.0, -0.9787976145744324, -0.12437672168016434, 0.0, 0.0
9.53568434715271, 0.9744681119918823, 0.0, -0.9782326221466064, -0.5662681460380554, 0.0, 0.0
9.5456862449646, 0.9744681119918823, 0.0, -0.9842255711555481, -2.27055287361145, 0.0, 0.0
9.555681228637695, 0.9744681119918823, 0.0, -0.9786584377288818, 1.2828062772750854, 0.0, 0.0
9.565694332122803, 0.9744681119918823, 0.0, -0.9807929396629333, -1.5461046695709229, 0.0, 0.0
9.575726985931396, 0.9744681119918823, 0.0, -0.9818840622901917, -0.5011996030807495, 0.0, 0.0
9.58570408821106, 0.9744681119918823, 0.0, -0.9800941348075867, -0.41856977343559265, 0.0, 0.0
9.595709323883057, 0.9744681119918823, 0.0, -0.9800049066543579, -0.5039489269256592, 0.0, 0.0
9.60568642616272, 0.9744681119918823, 0.0, -0.9800796508789062, -0.07197761535644531, 0.0, 0.0
9.615686655044556, 0.9744681119918823, 0.0, -0.9809070229530334, -0.3897586762905121, 0.0, 0.0
9.625707864761353, 0.9744681119918823, 0.0, -0.9767985939979553, 1.084672451019287, 0.0, 0.0
9.635715246200562, 0.9744681119918823, 0.0, -0.9795209169387817, 0.06749963015317917, 0.0, 0.0
9.645704507827759, 0.9744681119918823, 0.0, -0.9778344631195068, 1.1527208089828491, 0.0, 0.0
9.655689001083374, 0.9744681119918823, 0.0, -0.9775683879852295, 0.9553625583648682, 0.0, 0.0
9.6656973361969, 0.9744681119918823, 0.0, -0.9765459895133972, 0.32492056488990784, 0.0, 0.0
9.675706386566162, 0.9744681119918823, 0.0, -0.972662627696991, 1.6988976001739502, 0.0, 0.0
9.68573546409607, 0.9744681119918823, 0.0, -0.9752944707870483, -0.5817744135856628, 0.0, 0.0
9.695682287216187, 0.9744681119918823, 0.0, -0.9714434742927551, 0.6505199670791626, 0.0, 0.0
9.705696105957031, 0.9744681119918823, 0.0, -0.970573902130127, 0.1000889390707016, 0.0, 0.0
9.715682029724121, 0.9744681119918823, 0.0, -0.9751291871070862, -0.09120311588048935, 0.0, 0.0
9.725691795349121, 0.9744681119918823, 0.0, -0.9741995334625244, 1.2394191026687622, 0.0, 0.0
9.735698938369751, 0.9744681119918823, 0.0, -0.9798723459243774, -0.6790204048156738, 0.0, 0.0
9.745704174041748, 0.9744681119918823, 0.0, -0.9806470274925232, -0.19770190119743347, 0.0, 0.0
9.755715608596802, 0.9744681119918823, 0.0, -0.9868783950805664, -4.973221302032471, 0.0, 0.0
9.765712022781372, 0.9744681119918823, 0.0, -0.9762967824935913, 3.1434433460235596, 0.0, 0.0
9.775717496871948, 0.9744681119918823, 0.0, -0.970666229724884, 0.2839961051940918, 0.0, 0.0
9.785721063613892, 0.9744681119918823, 0.0, -0.970458984375, 2.065659761428833, 0.0, 0.0
9.795684337615967, 0.9744681119918823, 0.0, -0.9809727072715759, -2.7784578800201416, 0.0, 0.0
9.805682897567749, 0.9744681119918823, 0.0, -0.9779685735702515, -2.1534111499786377, 0.0, 0.0
9.815720558166504, 0.9744681119918823, 0.0, -0.9756069779396057, -0.04721194878220558, 0.0, 0.0
9.825684309005737, 0.9744681119918823, 0.0, -0.9786829352378845, 0.7062037587165833, 0.0, 0.0
9.835686683654785, 0.9744681119918823, 0.0, -0.9781639575958252, 0.1686137318611145, 0.0, 0.0
9.845685243606567, 0.9744681119918823, 0.0, -0.9833401441574097, -1.240509271621704, 0.0, 0.0
9.855726718902588, 0.9744681119918823, 0.0, -0.9813515543937683, 0.17266421020030975, 0.0, 0.0
9.865685939788818, 0.9744681119918823, 0.0, -0.9812628030776978, 0.21286706626415253, 0.0, 0.0
9.87572693824768, 0.9744681119918823, 0.0, -0.9790661334991455, 0.7683373689651489, 0.0, 0.0
9.885693311691284, 0.9744681119918823, 0.0, -0.9791657328605652, 0.6710408329963684, 0.0, 0.0
9.895701885223389, 0.9744681119918823, 0.0, -0.9751689434051514, 0.11732178926467896, 0.0, 0.0
9.905679702758789, 0.9744681119918823, 0.0, -0.9768692851066589, -0.3933541774749756, 0.0, 0.0
9.915692567825317, 0.9744681119918823, 0.0, -0.9784367084503174, -0.6553969383239746, 0.0, 0.0
9.925694227218628, 0.9744681119918823, 0.0, -0.9856342673301697, -1.0512980222702026, 0.0, 0.0
9.935681581497192, 0.9744681119918823, 0.0, -0.9807942509651184, -0.6297608017921448, 0.0, 0.0
9.945690393447876, 0.9744681119918823, 0.0, -0.9818679094314575, 0.16183918714523315, 0.0, 0.0
9.955683946609497, 0.9744681119918823, 0.0, -0.982625424861908, -0.14436179399490356, 0.0, 0.0
9.9657301902771, 0.9744681119918823, 0.0, -0.9785112738609314, 1.1552196741104126, 0.0, 0.0
9.975717067718506, 0.9744681119918823, 0.0, -0.9795688986778259, -0.07844080030918121, 0.0, 0.0
9.98570203781128, 0.9744681119918823, 0.0, -0.978718101978302, 0.04216158762574196, 0.0, 0.0
9.995718002319336, 0.9744681119918823, 0.0, -0.9791700839996338, 0.1698959469795227, 0.0, 0.0
10.005700826644897, 0.9744681119918823, 0.0, -0.9761331677436829, -0.3226158022880554, 0.0, 0.0
10.015682935714722, 0.9744681119918823, 0.0, -0.9798749685287476, -0.072701096534729, 0.0, 0.0
10.02572512626648, 0.9744681119918823, 0.0, -0.9886398911476135, -1.9730963706970215, 0.0, 0.0
10.035705089569092, 0.9744681119918823, 0.0, -0.9885621070861816, -4.328054904937744, 0.0, 0.0
10.045717477798462, 0.9744681119918823, 0.0, -0.9884830713272095, 0.2554056644439697, 0.0, 0.0
10.055732727050781, 0.9723404049873352, -0.610985279083252, -0.9715834856033325, -0.4000319242477417, 0.0, 0.0
10.065680265426636, 0.9744681119918823, 0.6125789880752563, -0.9814249873161316, -2.463806629180908, 0.0, 0.0
10.075718641281128, 0.9744681119918823, 0.0, -0.9818430542945862, 0.6135799884796143, 0.0, 0.0
10.085693120956421, 0.9744681119918823, 0.0, -0.9831354022026062, -0.27276912331581116, 0.0, 0.0
10.095733880996704, 0.9744681119918823, 0.0, -0.983214259147644, -0.27200108766555786, 0.0, 0.0
10.10579800605774, 0.9744681119918823, 0.0, -0.9850775003433228, -0.9053770303726196, 0.0, 0.0
10.11573576927185, 0.9744681119918823, 0.0, -0.9835521578788757, -0.9504780769348145, 0.0, 0.0
10.12574028968811, 0.9744681119918823, 0.0, -0.9828147292137146, 0.18561571836471558, 0.0, 0.0
10.135717630386353, 0.9744681119918823, 0.0, -0.9838547706604004, -0.08222125470638275, 0.0, 0.0
10.14572024345398, 0.9744681119918823, 0.613589882850647, -0.983025074005127, -0.10033710300922394, 0.0, 0.0
10.155698537826538, 0.9744681119918823, 0.0, -0.9823508858680725, 0.1984890252351761, 0.0, 0.0
10.165714740753174, 0.9723404049873352, -0.6336304545402527, -0.9802924990653992, 0.7786662578582764, 0.0, 0.0
10.175697565078735, 0.9744681119918823, 0.0, -0.9826109409332275, 0.042523495852947235, 0.0, 0.0
10.185710906982422, 0.9744681119918823, 0.0, -0.9855383038520813, -1.2385187149047852, 0.0, 0.0
10.195691585540771, 0.9723404049873352, -0.6477029323577881, -0.9829722046852112, -0.690558910369873, 0.0, 0.0
10.205688238143921, 0.9744681119918823, 0.0, -0.9806221723556519, 0.8075633645057678, 0.0, 0.0
10.215687036514282, 0.9744681119918823, 0.0, -0.9850798845291138, -1.635096549987793, 0.0, 0.0
10.225673913955688, 0.9744681119918823, 0.0, -0.981399416923523, 1.0872879028320312, 0.0, 0.0
10.235729455947876, 0.9744681119918823, 0.0, -0.985607385635376, -1.2141873836517334, 0.0, 0.0
10.245707988739014, 0.9744681119918823, 0.0, -0.9825564622879028, -0.053005900233983994, 0.0, 0.0
10.255733728408813, 0.9744681119918823, 0.0, -0.9831416606903076, -0.1639558970928192, 0.0, 0.0
