2.86102294921875e-06, 0.0, 0.0, 0.0, 0.0, 0.0, 0.0
0.007637739181518555, 0.0, 0.0, 0.0, 0.0, 0.0, 0.0
0.017603397369384766, 0.0, 0.0, 0.0, 0.0, 0.0, 0.0
0.02759075164794922, 0.0, 0.0, 0.0, 0.0, 0.0, 0.0
0.03760170936584473, 0.0, 0.0, 0.0, 0.0, 0.0, 0.0
0.047616004943847656, 0.0, 0.0, 0.0, 0.0, 0.0, 0.0
0.05758047103881836, 0.0, 0.0, 0.0, 0.0, 0.0, 0.0
0.06765413284301758, 0.0, 0.0, 0.0, 0.0, 0.0, 0.0
0.07758760452270508, 0.0, 0.0, 0.0, 0.0, 0.0, 0.0
0.08759641647338867, 0.0, 0.0, 0.0, 0.0, 0.0, 0.0
0.09758567810058594, 0.0, 0.0, 0.0, 0.0, 0.0, 0.0
0.10758328437805176, 0.0, 0.0, 0.0, 0.0, 0.0, 0.0
0.11758017539978027, 0.0, 0.0, 0.0, 0.0, 0.0, 0.0
0.12760066986083984, 0.0, 0.0, 0.0, 0.0, 0.0, 0.0
0.13761019706726074, 0.0, 0.0, 0.0, 0.0, 0.0, 0.0
0.1476297378540039, 0.0, 0.0, 0.0, 0.0, 0.0, 0.0
0.15765953063964844, 0.0, 0.0, 0.0, 0.0, 0.0, 0.0
0.16766619682312012, 0.0, 0.0, 0.0, 0.0, 0.0, 0.0
0.17765092849731445, 0.0, 0.0, 0.0, 0.0, 0.0, 0.0
0.18764829635620117, 0.0, 0.0, 0.0, 0.0, 0.0, 0.0
0.1976468563079834, 0.0, 0.0, 0.0, 0.0, 0.0, 0.0
0.20764780044555664, 0.0, 0.0, 0.0, 0.0, 0.0, 0.0
0.21765613555908203, 0.0, 0.0, 0.0, 0.0, 0.0, 0.0
0.2276313304901123, 0.0, 0.0, 0.0, 0.0, 0.0, 0.0
0.23766183853149414, 0.0, 0.0, 0.0, 0.0, 0.0, 0.0
0.2476789951324463, 0.0, 0.0, 0.0, 0.0, 0.0, 0.0
0.25762009620666504, 0.0, 0.0, 0.0, 0.0, 0.0, 0.0
0.26761627197265625, 0.0, 0.0, 0.0, 0.0, 0.0, 0.0
0.2776317596435547, 0.0, 0.0, 0.0, 0.0, 0.0, 0.0
0.2876420021057129, 0.0, 0.0, 0.0, 0.0, 0.0, 0.0
0.29764294624328613, 0.0, 0.0, 0.0, 0.0, 0.0, 0.0
0.30767107009887695, 0.0, 0.0, 0.0, 0.0, 0.0, 0.0
0.3176910877227783, 0.0, 0.0, 0.0, 0.0, 0.0, 0.0
0.3276710510253906, 0.0, 0.0, 0.0, 0.0, 0.0, 0.0
0.33766722679138184, 0.0, 0.0, 0.0, 0.0, 0.0, 0.0
0.34764766693115234, 0.0, 0.0, 0.0, 0.0, 0.0, 0.0
0.357647180557251, 0.0, 0.0, 0.0, 0.0, 0.0, 0.0
0.36759352684020996, 0.0, 0.0, 0.0, 0.0, 0.0, 0.0
0.37763309478759766, 0.0, 0.0, 0.0, 0.0, 0.0, 0.0
0.38761401176452637, 0.0, 0.0, 0.0, 0.0, 0.0, 0.0
0.397655725479126, 0.0, 0.0, 0.0, 0.0, 0.0, 0.0
0.4076273441314697, 0.0, 0.0, 0.0, 0.0, 0.0, 0.0
0.417600154876709, 0.0, 0.0, 0.0, 0.0, 0.0, 0.0
0.4276292324066162, 0.0, 0.0, 0.0, 0.0, 0.0, 0.0
0.43763136863708496, 0.0, 0.0, 0.0, 0.0, 0.0, 0.0
0.4476301670074463, 0.0, 0.0, 0.0, 0.0, 0.0, 0.0
0.45761561393737793, 0.0, 0.0, 0.0, 0.0, 0.0, 0.0
0.46764445304870605, 0.0, 0.0, 0.0, 0.0, 0.0, 0.0
0.4776740074157715, 0.0, 0.0, 0.0, 0.0, 0.0, 0.0
0.48773765563964844, 0.0, 0.0, 0.0, 0.0, 0.0, 0.0
0.4976651668548584, 0.0, 0.0, 0.0, 0.0, 0.0, 0.0
0.5076243877410889, 0.0, 0.0, 0.0, 0.0, 0.0, 0.0
0.5175988674163818, 0.0, 0.0, 0.0, 0.0, 0.0, 0.0
0.5276155471801758, 0.0, 0.0, 0.0, 0.0, 0.0, 0.0
0.5375914573669434, 0.0, 0.0, 0.0, 0.0, 0.0, 0.0
0.5476083755493164, 0.0, 0.0, 0.0, 0.0, 0.0, 0.0
0.5575981140136719, 0.0, 0.0, 0.0, 0.0, 0.0, 0.0
0.5675957202911377, 0.0, 0.0, 0.0, 0.0, 0.0, 0.0
0.5776057243347168, 0.0, 0.0, 0.0, 0.0, 0.0, 0.0
0.5876595973968506, 0.0, 0.0, 0.0, 0.0, 0.0, 0.0
0.5976238250732422, 0.0, 0.0, 0.0, 0.0, 0.0, 0.0
0.6076323986053467, 0.0, 0.0, 0.0, 0.0, 0.0, 0.0
0.6176323890686035, 0.0, 0.0, 0.0, 0.0, 0.0, 0.0
0.6276485919952393, 0.0, 0.0, 0.0, 0.0, 0.0, 0.0
0.6377596855163574, 0.0, 0.0, 0.0, 0.0, 0.0, 0.0
0.6476755142211914, 0.0, 0.0, 0.0, 0.0, 0.0, 0.0
0.6576364040374756, 0.0, 0.0, 0.0, 0.0, 0.0, 0.0
0.6676585674285889, 0.0, 0.0, 0.0, 0.0, 0.0, 0.0
0.6776473522186279, 0.0, 0.0, 0.0, 0.0, 0.0, 0.0
0.6876518726348877, 0.0, 0.0, 0.0, 0.0, 0.0, 0.0
0.6977131366729736, 0.0, 0.0, 0.0, 0.0, 0.0, 0.0
0.7076544761657715, 0.0, 0.0, 0.0, 0.0, 0.0, 0.0
0.7176578044891357, 0.0, 0.0, 0.0, 0.0, 0.0, 0.0
0.7276613712310791, 0.0, 0.0, 0.0, 0.0, 0.0, 0.0
0.7376644611358643, 0.0, 0.0, 0.0, 0.0, 0.0, 0.0
0.7476818561553955, 0.0, 0.0, 0.0, 0.0, 0.0, 0.0
0.7576923370361328, 0.0, 0.0, 0.0, 0.0, 0.0, 0.0
0.7676980495452881, 0.0, 0.0, 0.0, 0.0, 0.0, 0.0
0.7776989936828613, 0.0, 0.0, 0.0, 0.0, 0.0, 0.0
0.7876582145690918, 0.0, 0.0, 0.0, 0.0, 0.0, 0.0
0.797670841217041, 0.0, 0.0, 0.0, 0.0, 0.0, 0.0
0.8076865673065186, 0.0, 0.0, 0.0, 0.0, 0.0, 0.0
0.817683219909668, 0.0, 0.0, 0.0, 0.0, 0.0, 0.0
0.8276846408843994, 0.0, 0.0, 0.0, 0.0, 0.0, 0.0
0.8376564979553223, 0.0, 0.0, 0.0, 0.0, 0.0, 0.0
0.8476517200469971, 0.0, 0.0, 0.0, 0.0, 0.0, 0.0
0.8576540946960449, 0.0, 0.0, 0.0, 0.0, 0.0, 0.0
0.8676853179931641, 0.0, 0.0, 0.0, 0.0, 0.0, 0.0
0.8776848316192627, 0.0, 0.0, 0.0, 0.0, 0.0, 0.0
0.8876850605010986, 0.0, 0.0, 0.0, 0.0, 0.0, 0.0
0.8976659774780273, 0.0, 0.0, 0.0, 0.0, 0.0, 0.0
0.9076986312866211, 0.0, 0.0, 0.0, 0.0, 0.0, 0.0
0.9176802635192871, 0.0, 0.0, 0.0, 0.0, 0.0, 0.0
0.927666425704956, 0.0, 0.0, 0.0, 0.0, 0.0, 0.0
0.9376592636108398, 0.0, 0.0, 0.0, 0.0, 0.0, 0.0
0.947688102722168, 0.0, 0.0, 0.0, 0.0, 0.0, 0.0
0.9576718807220459, 0.0, 0.0, 0.0, 0.0, 0.0, 0.0
0.9676580429077148, 0.0, 0.0, 0.0, 0.0, 0.0, 0.0
0.9776427745819092, 0.0, 0.0, 0.0, 0.0, 0.0, 0.0
0.98758864402771, 0.0, 0.0, 0.0, 0.0, 0.0, 0.0
0.9976229667663574, 0.0, 0.0, 0.0, 0.0, 0.0, 0.0
1.0076329708099365, 0.0, 0.0, 0.0, 0.0, 0.0, 0.0
1.017591953277588, 0.0, 0.0, 0.0, 0.0, 0.0, 0.0
1.0276236534118652, 0.0, 0.0, 0.0, 0.0, 0.0, 0.0
1.037588119506836, 0.0, 0.0, 0.0, 0.0, 0.0, 0.0
1.047605037689209, 0.0, 0.0, 0.0, 0.0, 0.0, 0.0
1.0576128959655762, 0.0, 0.0, 0.0, 0.0, 0.0, 0.0
1.0675833225250244, 0.0, 0.0, 0.0, 0.0, 0.0, 0.0
1.077641248703003, 0.0, 0.0, 0.0, 0.0, 0.0, 0.0
1.087594747543335, 0.0, 0.0, 0.0, 0.0, 0.0, 0.0
1.0975985527038574, 0.0, 0.0, 0.0, 0.0, 0.0, 0.0
1.1075921058654785, 0.0, 0.0, 0.0, 0.0, 0.0, 0.0
1.1176142692565918, 0.0, 0.0, 0.0, 0.0, 0.0, 0.0
1.1275806427001953, 0.0, 0.0, 0.0, 0.0, 0.0, 0.0
1.137610912322998, 0.0, 0.0, 0.0, 0.0, 0.0, 0.0
1.1476047039031982, 0.0, 0.0, 0.0, 0.0, 0.0, 0.0
1.1576223373413086, 0.0, 0.0, 0.0, 0.0, 0.0, 0.0
1.1676061153411865, 0.0, 0.0, 0.0, 0.0, 0.0, 0.0
1.177597999572754, 0.0, 0.0, 0.0, 0.0, 0.0, 0.0
1.1875603199005127, 0.0, 0.0, 0.0, 0.0, 0.0, 0.0
1.197554111480713, 0.0, 0.0, 0.0, 0.0, 0.0, 0.0
1.2075519561767578, 0.0, 0.0, 0.0, 0.0, 0.0, 0.0
1.2175509929656982, 0.0, 0.0, 0.0, 0.0, 0.0, 0.0
1.227583646774292, 0.0, 0.0, 0.0, 0.0, 0.0, 0.0
1.2376048564910889, 0.0, 0.0, 0.0, 0.0, 0.0, 0.0
1.2475922107696533, 0.0, 0.0, 0.0, 0.0, 0.0, 0.0
1.257615327835083, 0.0, 0.0, 0.0, 0.0, 0.0, 0.0
1.2675979137420654, 0.0, 0.0, 0.0, 0.0, 0.0, 0.0
1.2776355743408203, 0.0, 0.0, 0.0, 0.0, 0.0, 0.0
1.2876205444335938, 0.0, 0.0, 0.0, 0.0, 0.0, 0.0
1.297600269317627, 0.0, 0.0, 0.0, 0.0, 0.0, 0.0
1.3076250553131104, 0.0, 0.0, 0.0, 0.0, 0.0, 0.0
1.3176031112670898, 0.0, 0.0, 0.0, 0.0, 0.0, 0.0
1.327629804611206, 0.0, 0.0, 0.0, 0.0, 0.0, 0.0
1.3376402854919434, 0.0, 0.0, 0.0, 0.0, 0.0, 0.0
1.3476183414459229, 0.0, 0.0, 0.0, 0.0, 0.0, 0.0
1.3575985431671143, 0.0, 0.0, 0.0, 0.0, 0.0, 0.0
1.3676376342773438, 0.0, 0.0, 0.0, 0.0, 0.0, 0.0
1.3775765895843506, 0.0, 0.0, 0.0, 0.0, 0.0, 0.0
1.3875861167907715, 0.8021276593208313, 54.196678161621094, 2.8230202198028564, 190.74061584472656, 0.0, 0.0
1.397623062133789, 0.8021276593208313, -0.5522308945655823, 2.8252081871032715, 0.20298723876476288, 0.0, 0.0
1.4076058864593506, 0.8021276593208313, 0.0, 2.8269033432006836, -0.6706982851028442, 0.0, 0.0
1.4175968170166016, 0.8021276593208313, 0.0, 2.823726177215576, 0.9615936279296875, 0.0, 0.0
1.4275798797607422, 0.8021276593208313, 0.0, 2.8280115127563477, -0.3342650830745697, 0.0, 0.0
1.4375767707824707, 0.8021276593208313, 0.0, 2.824800729751587, -0.045454271137714386, 0.0, 0.0
1.4476139545440674, 0.8021276593208313, 0.0, 2.8256771564483643, -0.41696053743362427, 0.0, 0.0
1.4575753211975098, 0.8021276593208313, 0.0, 2.8256304264068604, -0.8208995461463928, 0.0, 0.0
1.4675731658935547, 0.8021276593208313, 0.0, 2.8278234004974365, 0.1288718432188034, 0.0, 0.0
1.4775822162628174, 0.8021276593208313, 0.0, 2.8275015354156494, -13.464238166809082, 0.0, 0.0
1.4875972270965576, 0.8021276593208313, 0.0, 2.826359748840332, -1.326891303062439, 0.0, 0.0
1.4975802898406982, 0.8021276593208313, 0.0, 2.830866813659668, 0.40143635869026184, 0.0, 0.0
1.5075960159301758, 0.8021276593208313, 0.0, 2.831345796585083, 0.35739362239837646, 0.0, 0.0
1.517585039138794, 0.8021276593208313, 0.0, 2.8358020782470703, -0.4557591378688812, 0.0, 0.0
1.527590274810791, 0.8021276593208313, 0.0, 2.835399866104126, 0.6055793762207031, 0.0, 0.0
1.537588119506836, 0.8021276593208313, 0.0, 2.834303855895996, 1.1708102226257324, 0.0, 0.0
1.5475828647613525, 0.8021276593208313, 0.0, 2.8314077854156494, -2.438148260116577, 0.0, 0.0
1.5575826168060303, 0.8021276593208313, 0.0, 2.8298933506011963, -0.9094383716583252, 0.0, 0.0
1.567572832107544, 0.8021276593208313, 0.0, 2.833148956298828, -2.431086778640747, 0.0, 0.0
1.577578067779541, 0.8021276593208313, 0.0, 2.8374030590057373, 1.1046360731124878, 0.0, 0.0
1.587568759918213, 0.8021276593208313, 0.0, 2.839449405670166, 0.7888597846031189, 0.0, 0.0
1.5975849628448486, 0.8021276593208313, 0.0, 2.8376519680023193, -1.2478214502334595, 0.0, 0.0
1.60758376121521, 0.8021276593208313, 0.0, 2.8371262550354004, 0.9251716136932373, 0.0, 0.0
1.6175734996795654, 0.8021276593208313, 0.0, 2.8448495864868164, 0.31726664304733276, 0.0, 0.0
1.6275875568389893, 0.8021276593208313, 0.0, 2.838840961456299, 0.9738309979438782, 0.0, 0.0
1.637587070465088, 0.800000011920929, 0.0, 2.842268943786621, -0.29374197125434875, 0.0, 0.0
1.6475954055786133, 0.800000011920929, 0.0, 2.841071844100952, -1.5738495588302612, 0.0, 0.0
1.6575865745544434, 0.800000011920929, 0.0, 2.8470098972320557, 2.1554973125457764, 0.0, 0.0
1.6675894260406494, 0.800000011920929, 0.0, 2.839815616607666, -1.7185946702957153, 0.0, 0.0
1.6775906085968018, 0.800000011920929, 0.0, 2.837845802307129, -0.4694714844226837, 0.0, 0.0
1.6876027584075928, 0.800000011920929, 0.0, 2.8473196029663086, 0.3285771608352661, 0.0, 0.0
1.6975886821746826, 0.800000011920929, 0.0, 2.8480844497680664, 1.7284002304077148, 0.0, 0.0
1.7075831890106201, 0.800000011920929, 0.0, 2.8499467372894287, 0.9852889776229858, 0.0, 0.0
1.7175805568695068, 0.800000011920929, 0.0, 2.847508192062378, -0.028706686571240425, 0.0, 0.0
1.7275896072387695, 0.800000011920929, 0.0, 2.8508083820343018, -0.6142825484275818, 0.0, 0.0
1.7375917434692383, 0.800000011920929, 0.0, 2.8427319526672363, -2.2557780742645264, 0.0, 0.0
1.7475929260253906, 0.800000011920929, 0.0, 2.8423027992248535, -1.800129771232605, 0.0, 0.0
1.7575795650482178, 0.800000011920929, 0.0, 2.8452463150024414, -0.3196025490760803, 0.0, 0.0
1.7675726413726807, 0.800000011920929, 0.0, 2.856311321258545, 2.693558692932129, 0.0, 0.0
1.7775905132293701, 0.800000011920929, 0.0, 2.84433913230896, -0.4412468671798706, 0.0, 0.0
1.7875738143920898, 0.800000011920929, 0.0, 2.8453919887542725, 0.04925776273012161, 0.0, 0.0
1.797576904296875, 0.800000011920929, 0.0, 2.84590482711792, -0.8822433352470398, 0.0, 0.0
1.8075881004333496, 0.800000011920929, 0.0, 2.8451826572418213, 0.10954735428094864, 0.0, 0.0
1.8175880908966064, 0.7978723645210266, 0.0, 2.8462955951690674, 0.3987760543823242, 0.0, 0.0
1.8275814056396484, 0.800000011920929, 0.6352994441986084, 2.8506078720092773, 0.6551846861839294, 0.0, 0.0
1.8375866413116455, 0.7978723645210266, 0.0, 2.852574110031128, 0.16272607445716858, 0.0, 0.0
1.8475935459136963, 0.7978723645210266, 0.0, 2.851015329360962, -0.0889417827129364, 0.0, 0.0
1.8575832843780518, 0.7978723645210266, 0.0, 2.854241132736206, 1.8975470066070557, 0.0, 0.0
1.8675918579101562, 0.7978723645210266, 0.0, 2.850168228149414, 0.28504031896591187, 0.0, 0.0
1.8775882720947266, 0.7978723645210266, 0.0, 2.857325792312622, 1.3617006540298462, 0.0, 0.0
1.887580156326294, 0.7978723645210266, 0.0, 2.850559711456299, -0.013054074719548225, 0.0, 0.0
1.8976247310638428, 0.7978723645210266, 0.0, 2.854478120803833, -1.4569662809371948, 0.0, 0.0
1.9075851440429688, 0.7978723645210266, 0.0, 2.852505922317505, -0.5162422060966492, 0.0, 0.0
1.9175910949707031, 0.7978723645210266, 0.0, 2.8558061122894287, 0.01719261333346367, 0.0, 0.0
1.9275801181793213, 0.7978723645210266, 0.0, 2.8558859825134277, 0.46739068627357483, 0.0, 0.0
1.9375932216644287, 0.7978723645210266, 0.0, 2.8568191528320312, 0.49271267652511597, 0.0, 0.0
1.9475963115692139, 0.7978723645210266, 0.0, 2.8581061363220215, 0.12350902706384659, 0.0, 0.0
1.9576079845428467, 0.7978723645210266, 0.0, 2.855046272277832, -0.32450979948043823, 0.0, 0.0
1.9675977230072021, 0.7978723645210266, 0.0, 2.857584238052368, 0.4194642901420593, 0.0, 0.0
1.9775996208190918, 0.7978723645210266, 0.0, 2.8509483337402344, -0.5312851667404175, 0.0, 0.0
1.9875907897949219, 0.7978723645210266, 0.0, 2.8532369136810303, 1.7979326248168945, 0.0, 0.0
1.9976279735565186, 0.7978723645210266, 0.0, 2.8582022190093994, 3.0309739112854004, 0.0, 0.0
2.007577657699585, 0.7978723645210266, 0.0, 2.84734845161438, -1.4674824476242065, 0.0, 0.0
2.017580986022949, 0.7978723645210266, 0.0, 2.851226568222046, 1.5155785083770752, 0.0, 0.0
2.0275933742523193, 0.7978723645210266, 0.0, 2.8432278633117676, -0.9515567421913147, 0.0, 0.0
2.037614107131958, 0.7978723645210266, 0.0, 2.8469226360321045, 0.3790138065814972, 0.0, 0.0
2.0476150512695312, 0.7978723645210266, 0.0, 2.8452179431915283, -0.20168720185756683, 0.0, 0.0
2.057603120803833, 0.7978723645210266, 0.0, 2.8509395122528076, 0.7610621452331543, 0.0, 0.0
2.0675930976867676, 0.7978723645210266, 0.0, 2.8421173095703125, -3.6699397563934326, 0.0, 0.0
2.0776116847991943, 0.7978723645210266, 0.0, 2.8496289253234863, 0.21503913402557373, 0.0, 0.0
2.087623357772827, 0.7978723645210266, 0.0, 2.8496737480163574, -0.6495913863182068, 0.0, 0.0
2.0975875854492188, 0.7978723645210266, 0.0, 2.852231979370117, 0.5942574143409729, 0.0, 0.0
2.107609272003174, 0.7978723645210266, 0.0, 2.845855712890625, -1.4333175420761108, 0.0, 0.0
2.117586851119995, 0.7978723645210266, 0.0, 2.8470003604888916, 0.4001973271369934, 0.0, 0.0
2.127599000930786, 0.7978723645210266, 0.0, 2.84488844871521, 0.47293397784233093, 0.0, 0.0
2.1375813484191895, 0.7978723645210266, 0.0, 2.8446505069732666, -0.09681755304336548, 0.0, 0.0
2.1475777626037598, 0.7978723645210266, 0.0, 2.846453905105591, 1.0958768129348755, 0.0, 0.0
2.1575872898101807, 0.7978723645210266, 0.0, 2.850771427154541, 0.3750082850456238, 0.0, 0.0
2.167581081390381, 0.7978723645210266, 0.0, 2.844205379486084, 0.7393093109130859, 0.0, 0.0
2.177600145339966, 0.7978723645210266, 0.0, 2.843780040740967, -0.06245286390185356, 0.0, 0.0
2.1876094341278076, 0.7978723645210266, 0.0, 2.8418891429901123, -0.4638431966304779, 0.0, 0.0
2.1975820064544678, 0.7978723645210266, 0.0, 2.8446195125579834, 0.46993982791900635, 0.0, 0.0
2.2075858116149902, 0.7978723645210266, 0.0, 2.8440725803375244, -0.12096036970615387, 0.0, 0.0
2.217592239379883, 0.7978723645210266, 0.0, 2.8436472415924072, 0.40745043754577637, 0.0, 0.0
2.2275819778442383, 0.7978723645210266, 0.0, 2.8457603454589844, 1.0991185903549194, 0.0, 0.0
2.237588405609131, 0.7978723645210266, 0.0, 2.845095634460449, 1.2845585346221924, 0.0, 0.0
2.2475860118865967, 0.7978723645210266, 0.0, 2.8437306880950928, -0.14623911678791046, 0.0, 0.0
2.2575793266296387, 0.7978723645210266, 0.0, 2.8398597240448, -0.5379304885864258, 0.0, 0.0
2.2675836086273193, 0.7978723645210266, 0.0, 2.838064670562744, -0.7189236879348755, 0.0, 0.0
2.277587413787842, 0.7978723645210266, 0.0, 2.836843729019165, -1.6913386583328247, 0.0, 0.0
2.2875871658325195, 0.7978723645210266, 0.0, 2.838716506958008, -0.6396074891090393, 0.0, 0.0
2.2975857257843018, 0.7978723645210266, 0.0, 2.84201979637146, 0.897384762763977, 0.0, 0.0
2.307589054107666, 0.7978723645210266, 0.0, 2.8403432369232178, 0.5466398596763611, 0.0, 0.0
2.3175864219665527, 0.7978723645210266, 0.0, 2.840686321258545, 0.002073826966807246, 0.0, 0.0
2.3275861740112305, 0.7978723645210266, 0.0, 2.8351821899414062, -1.0037139654159546, 0.0, 0.0
2.337582588195801, 0.7978723645210266, 0.0, 2.8370628356933594, -1.2838808298110962, 0.0, 0.0
2.3475770950317383, 0.7978723645210266, 0.0, 2.840542793273926, -0.5585461854934692, 0.0, 0.0
2.357581853866577, 0.7978723645210266, 0.0, 2.8321285247802734, -0.8056168556213379, 0.0, 0.0
2.367586374282837, 0.7978723645210266, 0.0, 2.8401365280151367, -0.09079024940729141, 0.0, 0.0
2.3775925636291504, 0.7978723645210266, 0.0, 2.841564893722534, 0.7454227805137634, 0.0, 0.0
2.3876144886016846, 0.7978723645210266, 0.0, 2.8360114097595215, -0.12108158320188522, 0.0, 0.0
2.397589683532715, 0.7978723645210266, 0.0, 2.838454484939575, 0.3636281192302704, 0.0, 0.0
2.407590627670288, 0.7978723645210266, 0.0, 2.838402509689331, 0.5980484485626221, 0.0, 0.0
2.417593002319336, 0.7978723645210266, 0.0, 2.8320915699005127, -1.0818290710449219, 0.0, 0.0
2.4275803565979004, 0.7978723645210266, 0.0, 2.836116075515747, 0.6973534822463989, 0.0, 0.0
2.437589645385742, 0.7978723645210266, 0.0, 2.8333446979522705, -0.07103005051612854, 0.0, 0.0
2.447622299194336, 0.7978723645210266, 0.0, 2.830822706222534, -1.1209124326705933, 0.0, 0.0
2.4575815200805664, 0.7978723645210266, 0.0, 2.837766647338867, 0.029811332002282143, 0.0, 0.0
2.4675838947296143, 0.7978723645210266, 0.0, 2.833927631378174, 1.818282127380371, 0.0, 0.0
2.477618932723999, 0.7978723645210266, 0.0, 2.827633857727051, -0.8403107523918152, 0.0, 0.0
2.48759388923645, 0.7978723645210266, 0.0, 2.830780506134033, 0.6793526411056519, 0.0, 0.0
2.4975955486297607, 0.7978723645210266, 0.0, 2.8279764652252197, 0.3757960796356201, 0.0, 0.0
2.507584571838379, 0.7978723645210266, 0.0, 2.8295695781707764, 0.38238146901130676, 0.0, 0.0
2.517583131790161, 0.7978723645210266, 0.0, 2.82954478263855, 1.0736048221588135, 0.0, 0.0
2.5275888442993164, 0.800000011920929, 0.657873272895813, 2.8256843090057373, -0.09445580840110779, 0.0, 0.0
2.537588119506836, 0.800000011920929, 0.0, 2.8258111476898193, 0.8729648590087891, 0.0, 0.0
2.5475921630859375, 0.800000011920929, 0.0, 2.8312947750091553, 0.5204076766967773, 0.0, 0.0
2.5575828552246094, 0.800000011920929, 0.0, 2.8241026401519775, 0.8912436962127686, 0.0, 0.0
2.5675783157348633, 0.800000011920929, 0.0, 2.82682466506958, 1.69962477684021, 0.0, 0.0
2.5775771141052246, 0.800000011920929, 0.0, 2.8237533569335938, -0.6718969345092773, 0.0, 0.0
2.587578773498535, 0.800000011920929, 0.0, 2.8246774673461914, -0.03281775489449501, 0.0, 0.0
2.597585916519165, 0.800000011920929, 0.0, 2.8225040435791016, -0.573948323726654, 0.0, 0.0
2.6075754165649414, 0.800000011920929, 0.0, 2.8163156509399414, -0.8008885383605957, 0.0, 0.0
2.617572784423828, 0.800000011920929, 0.0, 2.8196210861206055, -1.3391458988189697, 0.0, 0.0
2.6275765895843506, 0.800000011920929, 0.0, 2.814836025238037, -1.1093167066574097, 0.0, 0.0
2.637582778930664, 0.800000011920929, 0.0, 2.8178212642669678, 0.4811001420021057, 0.0, 0.0
2.6475865840911865, 0.800000011920929, 0.0, 2.826744318008423, 3.8936333656311035, 0.0, 0.0
2.6575863361358643, 0.800000011920929, 0.0, 2.8150527477264404, -0.16710636019706726, 0.0, 0.0
2.6675972938537598, 0.800000011920929, 0.0, 2.8094565868377686, -0.1941128671169281, 0.0, 0.0
2.6776270866394043, 0.800000011920929, 0.0, 2.810816526412964, -1.1503162384033203, 0.0, 0.0
2.6876165866851807, 0.800000011920929, 0.0, 2.8153977394104004, -0.433035284280777, 0.0, 0.0
2.6975841522216797, 0.800000011920929, 0.0, 2.8118631839752197, -1.9809374809265137, 0.0, 0.0
2.7076094150543213, 0.800000011920929, 0.0, 2.8150529861450195, -0.09577322006225586, 0.0, 0.0
2.717594861984253, 0.800000011920929, 0.0, 2.811117172241211, -1.6081925630569458, 0.0, 0.0
2.727595806121826, 0.800000011920929, 0.0, 2.8094871044158936, -1.758109450340271, 0.0, 0.0
2.73759126663208, 0.8021276593208313, 0.6554091572761536, 2.8187122344970703, 1.0567535161972046, 0.0, 0.0
2.747591972351074, 0.800000011920929, -0.639533519744873, 2.8139591217041016, -0.12300459295511246, 0.0, 0.0
2.7575831413269043, 0.8021276593208313, 0.0, 2.812288761138916, -0.026865925639867783, 0.0, 0.0
2.7675812244415283, 0.8021276593208313, 0.0, 2.8121304512023926, 0.5143075585365295, 0.0, 0.0
2.7775766849517822, 0.8021276593208313, 0.0, 2.8178634643554688, 1.06531822681427, 0.0, 0.0
2.787578582763672, 0.8021276593208313, 0.0, 2.809441089630127, -1.404700756072998, 0.0, 0.0
2.7975761890411377, 0.8021276593208313, 0.0, 2.813547372817993, 1.0187957286834717, 0.0, 0.0
2.807586431503296, 0.8021276593208313, 0.0, 2.8109874725341797, -0.9512109756469727, 0.0, 0.0
2.8175714015960693, 0.8021276593208313, 0.0, 2.811194658279419, -1.831961750984192, 0.0, 0.0
2.827576160430908, 0.8021276593208313, 0.0, 2.8439738750457764, 9.781476974487305, 0.0, 0.0
2.837569236755371, 0.8021276593208313, 0.0, 2.8067691326141357, -0.34294936060905457, 0.0, 0.0
2.847583293914795, 0.8021276593208313, 0.0, 2.8086488246917725, 0.14183880388736725, 0.0, 0.0
2.85758638381958, 0.8021276593208313, 0.0, 2.8070120811462402, 0.42931994795799255, 0.0, 0.0
2.8675825595855713, 0.8021276593208313, 0.0, 2.805633068084717, -0.3012421727180481, 0.0, 0.0
2.8775827884674072, 0.8021276593208313, 0.0, 2.8086674213409424, 0.9650530815124512, 0.0, 0.0
2.887584924697876, 0.8021276593208313, 0.0, 2.814164161682129, 2.6545515060424805, 0.0, 0.0
2.897588014602661, 0.8021276593208313, 0.0, 2.8047029972076416, 0.006169837899506092, 0.0, 0.0
2.907585620880127, 0.8021276593208313, 0.0, 2.8086700439453125, 0.5438833832740784, 0.0, 0.0
2.9175925254821777, 0.8021276593208313, 0.0, 2.806088447570801, 0.3386666178703308, 0.0, 0.0
2.927591562271118, 0.8021276593208313, 0.0, 2.805957555770874, -0.43336886167526245, 0.0, 0.0
2.937579870223999, 0.8021276593208313, 0.0, 2.8071625232696533, -0.32981619238853455, 0.0, 0.0
2.9475858211517334, 0.8021276593208313, 0.0, 2.809390068054199, 0.23434589803218842, 0.0, 0.0
2.9576034545898438, 0.8021276593208313, 0.0, 2.8078906536102295, -0.6072697043418884, 0.0, 0.0
2.9676005840301514, 0.8021276593208313, 0.0, 2.8085362911224365, -0.18293623626232147, 0.0, 0.0
2.97760009765625, 0.8021276593208313, 0.0, 2.811145544052124, 0.33787810802459717, 0.0, 0.0
2.98760986328125, 0.8021276593208313, 0.0, 2.810237169265747, 0.8924708366394043, 0.0, 0.0
2.9976108074188232, 0.8021276593208313, 0.0, 2.8121304512023926, 2.092623472213745, 0.0, 0.0
3.007589340209961, 0.8021276593208313, 0.0, 2.8093132972717285, 0.5685765743255615, 0.0, 0.0
3.017637252807617, 0.8021276593208313, 0.0, 2.8127787113189697, 1.5320160388946533, 0.0, 0.0
3.027578592300415, 0.8021276593208313, 0.0, 2.8127143383026123, 1.8987089395523071, 0.0, 0.0
3.037576675415039, 0.8021276593208313, 0.0, 2.80816650390625, 0.3793547749519348, 0.0, 0.0
3.0475738048553467, 0.8042553067207336, 0.6772445440292358, 2.809319257736206, 0.925679087638855, 0.0, 0.0
3.057577133178711, 0.8042553067207336, 0.0, 2.812568426132202, 0.5828829407691956, 0.0, 0.0
3.0675861835479736, 0.8042553067207336, 0.0, 2.810335874557495, 0.21733324229717255, 0.0, 0.0
3.077615737915039, 0.8042553067207336, 0.0, 2.811612367630005, 0.29700490832328796, 0.0, 0.0
3.0875895023345947, 0.8042553067207336, 0.0, 2.8125128746032715, -0.19061332941055298, 0.0, 0.0
3.097578287124634, 0.8042553067207336, 0.0, 2.81270432472229, -0.36992019414901733, 0.0, 0.0
3.1076252460479736, 0.8042553067207336, 0.0, 2.8103253841400146, -0.8468332290649414, 0.0, 0.0
3.11757493019104, 0.8042553067207336, 0.0, 2.8076670169830322, -1.5156584978103638, 0.0, 0.0
3.127584457397461, 0.8042553067207336, 0.0, 2.8064255714416504, 0.4117577075958252, 0.0, 0.0
3.137592315673828, 0.8042553067207336, 0.0, 2.815263509750366, 0.8258514404296875, 0.0, 0.0
3.1476151943206787, 0.8042553067207336, 0.0, 2.8159992694854736, 1.8386743068695068, 0.0, 0.0
3.1576035022735596, 0.8042553067207336, 0.0, 2.812136650085449, -0.3021415174007416, 0.0, 0.0
3.1675984859466553, 0.8042553067207336, 0.0, 2.815304756164551, -0.4866590201854706, 0.0, 0.0
3.1775965690612793, 0.8042553067207336, 0.0, 2.8126494884490967, -11.975526809692383, 0.0, 0.0
3.187593936920166, 0.8042553067207336, 0.0, 2.8107893466949463, -1.3010365962982178, 0.0, 0.0
3.197597026824951, 0.8042553067207336, 0.0, 2.8163015842437744, -0.5288171172142029, 0.0, 0.0
3.207615613937378, 0.8042553067207336, 0.0, 2.8173727989196777, 1.303341269493103, 0.0, 0.0
3.217621326446533, 0.8042553067207336, 0.0, 2.856875419616699, 11.402727127075195, 0.0, 0.0
3.2275896072387695, 0.8042553067207336, 0.0, 2.815971851348877, -1.3357995748519897, 0.0, 0.0
3.2375950813293457, 0.8042553067207336, 0.0, 2.8176212310791016, 0.10841533541679382, 0.0, 0.0
3.2476420402526855, 0.8042553067207336, 0.0, 2.817375421524048, 0.9645583629608154, 0.0, 0.0
3.257580280303955, 0.8042553067207336, 0.0, 2.8577942848205566, 12.632659912109375, 0.0, 0.0
3.2675740718841553, 0.8042553067207336, 0.0, 2.821139097213745, 1.2226567268371582, 0.0, 0.0
3.277583122253418, 0.8042553067207336, 0.0, 2.8177268505096436, -0.24122238159179688, 0.0, 0.0
3.2875895500183105, 0.8042553067207336, 0.0, 2.8182966709136963, -0.06308997422456741, 0.0, 0.0
3.297591209411621, 0.8042553067207336, 0.0, 2.8211734294891357, -0.07985751330852509, 0.0, 0.0
3.307584047317505, 0.8042553067207336, 0.0, 2.8210608959198, 1.9886237382888794, 0.0, 0.0
3.317586898803711, 0.8042553067207336, 0.0, 2.8211445808410645, 1.1491649150848389, 0.0, 0.0
3.3275868892669678, 0.8042553067207336, 0.0, 2.8252220153808594, 0.4804213047027588, 0.0, 0.0
3.3375957012176514, 0.8042553067207336, 0.0, 2.8212356567382812, -2.1827378273010254, 0.0, 0.0
3.3475914001464844, 0.8042553067207336, 0.0, 2.820019245147705, -0.8726158738136292, 0.0, 0.0
3.35758900642395, 0.8042553067207336, 0.0, 2.829094409942627, 1.3012216091156006, 0.0, 0.0
3.367591142654419, 0.8021276593208313, 0.0, 2.8217034339904785, -1.0864413976669312, 0.0, 0.0
3.377591848373413, 0.8042553067207336, 0.0, 2.8208067417144775, -1.1447288990020752, 0.0, 0.0
3.3875882625579834, 0.8021276593208313, -0.6594775915145874, 2.8273255825042725, 2.1904258728027344, 0.0, 0.0
3.397583246231079, 0.8021276593208313, 0.0, 2.8232617378234863, -1.6369640827178955, 0.0, 0.0
3.407590627670288, 0.8021276593208313, 0.0, 2.8248000144958496, 0.6556393504142761, 0.0, 0.0
3.4175946712493896, 0.8021276593208313, 0.0, 2.8281102180480957, -1.1522399187088013, 0.0, 0.0
3.427591323852539, 0.8021276593208313, 0.0, 2.820958137512207, -1.055406093597412, 0.0, 0.0
3.437586784362793, 0.8021276593208313, 0.0, 2.826632261276245, 0.692822277545929, 0.0, 0.0
3.4475855827331543, 0.8021276593208313, 0.0, 2.8252553939819336, -0.17874173820018768, 0.0, 0.0
3.457580804824829, 0.8021276593208313, 0.0, 2.8244242668151855, -1.9610627889633179, 0.0, 0.0
3.4675798416137695, 0.8021276593208313, 0.0, 2.82586669921875, -1.7927571535110474, 0.0, 0.0
3.4775912761688232, 0.8021276593208313, 0.0, 2.8216183185577393, -1.0063668489456177, 0.0, 0.0
3.4875874519348145, 0.8021276593208313, 0.0, 2.8294506072998047, 1.1873735189437866, 0.0, 0.0
3.497586488723755, 0.8021276593208313, 0.0, 2.834979772567749, 1.6502236127853394, 0.0, 0.0
3.50758695602417, 0.8021276593208313, 0.0, 2.8242805004119873, -2.1718978881835938, 0.0, 0.0
3.51758074760437, 0.8021276593208313, 0.0, 2.834815502166748, 1.6223646402359009, 0.0, 0.0
3.527583122253418, 0.8021276593208313, 0.0, 2.8266615867614746, 0.3966679573059082, 0.0, 0.0
3.537584066390991, 0.8021276593208313, 0.0, 2.838491678237915, 2.334254264831543, 0.0, 0.0
3.5475852489471436, 0.8021276593208313, 0.0, 2.8242533206939697, -2.465815544128418, 0.0, 0.0
3.5575790405273438, 0.8021276593208313, 0.0, 2.8326075077056885, 1.3477985858917236, 0.0, 0.0
3.567580223083496, 0.8021276593208313, 0.0, 2.837357759475708, 1.1876254081726074, 0.0, 0.0
3.577603816986084, 0.8021276593208313, 0.0, 2.838371992111206, 1.8031790256500244, 0.0, 0.0
3.5875847339630127, 0.8021276593208313, 0.0, 2.8384761810302734, 1.0413734912872314, 0.0, 0.0
3.5976014137268066, 0.8021276593208313, 0.0, 2.8378894329071045, 0.20030075311660767, 0.0, 0.0
3.607595205307007, 0.8021276593208313, 0.0, 2.836341142654419, 0.2244367152452469, 0.0, 0.0
3.6176259517669678, 0.8021276593208313, 0.0, 2.8401169776916504, -0.00031020829919725657, 0.0, 0.0
3.6276137828826904, 0.800000011920929, -0.5791453719139099, 2.8350045680999756, -0.06505746394395828, 0.0, 0.0
3.6375858783721924, 0.800000011920929, 0.0, 2.8396384716033936, -0.38819432258605957, 0.0, 0.0
3.647606134414673, 0.800000011920929, 0.0, 2.8358216285705566, -1.32198965549469, 0.0, 0.0
3.657606601715088, 0.800000011920929, 0.0, 2.8355586528778076, -0.6707238554954529, 0.0, 0.0
3.66758394241333, 0.800000011920929, 0.0, 2.8369314670562744, -1.3348668813705444, 0.0, 0.0
3.67760968208313, 0.800000011920929, 0.0, 2.8449556827545166, 2.5053956508636475, 0.0, 0.0
3.687577486038208, 0.800000011920929, 0.0, 2.8417906761169434, -1.2551555633544922, 0.0, 0.0
3.6976051330566406, 0.800000011920929, 0.0, 2.8391311168670654, -0.18824933469295502, 0.0, 0.0
3.7075870037078857, 0.800000011920929, 0.0, 2.84210205078125, 1.7292176485061646, 0.0, 0.0
3.7175941467285156, 0.800000011920929, 0.0, 2.847630023956299, -0.12063763290643692, 0.0, 0.0
3.7275891304016113, 0.800000011920929, 0.0, 2.843383550643921, 1.2271080017089844, 0.0, 0.0
3.737593412399292, 0.800000011920929, 0.0, 2.846141815185547, 0.7486351132392883, 0.0, 0.0
3.747584819793701, 0.800000011920929, 0.0, 2.8476080894470215, 0.5420566201210022, 0.0, 0.0
3.7575793266296387, 0.800000011920929, 0.0, 2.8415915966033936, -0.5715427994728088, 0.0, 0.0
3.767582893371582, 0.800000011920929, 0.0, 2.8441050052642822, 0.4153730273246765, 0.0, 0.0
3.7775886058807373, 0.800000011920929, 0.0, 2.842015504837036, -0.41537943482398987, 0.0, 0.0
3.7875940799713135, 0.800000011920929, 0.0, 2.842081308364868, 0.2585574686527252, 0.0, 0.0
3.7975902557373047, 0.800000011920929, 0.0, 2.8430492877960205, 0.27948400378227234, 0.0, 0.0
3.8075919151306152, 0.800000011920929, 0.0, 2.8434057235717773, 0.5360568165779114, 0.0, 0.0
3.8175885677337646, 0.800000011920929, 0.0, 2.8433566093444824, -0.09814634919166565, 0.0, 0.0
3.82757830619812, 0.800000011920929, 0.0, 2.846442461013794, -0.18233540654182434, 0.0, 0.0
3.8375768661499023, 0.7978723645210266, -0.7005849480628967, 2.843146800994873, -0.4539097249507904, 0.0, 0.0
3.8475852012634277, 0.7978723645210266, 0.0, 2.8448753356933594, 1.0785075426101685, 0.0, 0.0
3.8575856685638428, 0.7978723645210266, 0.0, 2.8479535579681396, 0.2471310943365097, 0.0, 0.0
3.8675897121429443, 0.7978723645210266, 0.0, 2.8479971885681152, 0.698943555355072, 0.0, 0.0
3.8775904178619385, 0.7978723645210266, 0.0, 2.846494436264038, -0.5327033996582031, 0.0, 0.0
3.887603998184204, 0.7978723645210266, 0.0, 2.846771240234375, 1.8566864728927612, 0.0, 0.0
3.89758038520813, 0.7978723645210266, 0.0, 2.8481314182281494, -1.0667836666107178, 0.0, 0.0
3.9075827598571777, 0.7978723645210266, 0.0, 2.8527677059173584, 1.3392634391784668, 0.0, 0.0
3.91757869720459, 0.7978723645210266, 0.0, 2.849687337875366, -0.14854365587234497, 0.0, 0.0
3.9275805950164795, 0.7978723645210266, 0.0, 2.8527793884277344, 0.18467241525650024, 0.0, 0.0
3.93758487701416, 0.7978723645210266, 0.0, 2.8470518589019775, -0.7804749011993408, 0.0, 0.0
3.94759202003479, 0.7978723645210266, 0.0, 2.8518803119659424, 1.493577480316162, 0.0, 0.0
3.9575860500335693, 0.7978723645210266, 0.0, 2.845759391784668, -1.682878851890564, 0.0, 0.0
3.967599868774414, 0.7978723645210266, 0.0, 2.8457717895507812, -0.3385322391986847, 0.0, 0.0
3.9775891304016113, 0.7978723645210266, 0.0, 2.8452274799346924, 0.12429754436016083, 0.0, 0.0
3.9875826835632324, 0.7978723645210266, 0.0, 2.8470115661621094, 0.6096838116645813, 0.0, 0.0
3.997584819793701, 0.7978723645210266, 0.0, 2.843926191329956, -1.0534799098968506, 0.0, 0.0
4.007584571838379, 0.7978723645210266, 0.0, 2.844557762145996, 0.4518468379974365, 0.0, 0.0
4.017587661743164, 0.7978723645210266, 0.0, 2.8423333168029785, 0.09519568085670471, 0.0, 0.0
4.027585744857788, 0.7978723645210266, 0.0, 2.849047899246216, 2.4250664710998535, 0.0, 0.0
4.037612676620483, 0.7978723645210266, 0.0, 2.839052677154541, -2.1828525066375732, 0.0, 0.0
4.047601699829102, 0.7978723645210266, 0.0, 2.8368396759033203, -1.1061421632766724, 0.0, 0.0
4.057596445083618, 0.7978723645210266, 0.0, 2.843454122543335, 1.1591955423355103, 0.0, 0.0
4.067619562149048, 0.7978723645210266, 0.0, 2.840351104736328, 0.0010829599341377616, 0.0, 0.0
4.077607870101929, 0.7978723645210266, 0.0, 2.8422505855560303, -0.35656508803367615, 0.0, 0.0
4.087583541870117, 0.7978723645210266, 0.0, 2.8404617309570312, -0.8493924736976624, 0.0, 0.0
4.097617149353027, 0.7978723645210266, 0.0, 2.843219757080078, -0.8456971645355225, 0.0, 0.0
4.107591390609741, 0.7978723645210266, 0.0, 2.8425097465515137, 0.640448272228241, 0.0, 0.0
4.1176230907440186, 0.7978723645210266, 0.0, 2.840564489364624, 0.44463682174682617, 0.0, 0.0
4.127621173858643, 0.7978723645210266, 0.0, 2.844299077987671, 1.451719880104065, 0.0, 0.0
4.137625217437744, 0.7978723645210266, 0.0, 2.8345913887023926, -2.461305856704712, 0.0, 0.0
4.147618532180786, 0.7978723645210266, 0.0, 2.836275577545166, -0.8916497826576233, 0.0, 0.0
4.1576337814331055, 0.7978723645210266, 0.0, 2.8381097316741943, -0.21266165375709534, 0.0, 0.0
4.167648553848267, 0.7978723645210266, 0.0, 2.8401896953582764, -0.17159123718738556, 0.0, 0.0
4.17758584022522, 0.7978723645210266, 0.0, 2.834822416305542, -0.7862421870231628, 0.0, 0.0
4.1876280307769775, 0.7978723645210266, 0.0, 2.833754777908325, -0.9709156155586243, 0.0, 0.0
4.197630405426025, 0.7978723645210266, 0.0, 2.8307478427886963, -1.1791406869888306, 0.0, 0.0
4.207615613937378, 0.7978723645210266, 0.0, 2.8399362564086914, 0.797734260559082, 0.0, 0.0
4.217589855194092, 0.7978723645210266, 0.0, 2.838548183441162, 1.1320511102676392, 0.0, 0.0
4.227588653564453, 0.7978723645210266, 0.0, 2.83093523979187, -1.5622477531433105, 0.0, 0.0
4.237620830535889, 0.7978723645210266, 0.0, 2.8371989727020264, 1.5465574264526367, 0.0, 0.0
4.247600078582764, 0.7978723645210266, 0.0, 2.839205265045166, 0.986408531665802, 0.0, 0.0
4.257580041885376, 0.7978723645210266, 0.0, 2.8323490619659424, -0.4698198437690735, 0.0, 0.0
4.267618656158447, 0.7978723645210266, 0.0, 2.829906702041626, -0.14412350952625275, 0.0, 0.0
4.2776219844818115, 0.7978723645210266, 0.0, 2.835308790206909, 0.5548878908157349, 0.0, 0.0
4.287583827972412, 0.7978723645210266, 0.0, 2.8254668712615967, -2.0187432765960693, 0.0, 0.0
4.297586917877197, 0.7978723645210266, 0.0, 2.8276944160461426, 0.2653629183769226, 0.0, 0.0
4.307580471038818, 0.7978723645210266, 0.0, 2.8642005920410156, 8.617022514343262, 0.0, 0.0
4.317584276199341, 0.7978723645210266, 0.0, 2.8265013694763184, -2.3586809635162354, 0.0, 0.0
4.327592611312866, 0.7978723645210266, 0.0, 2.829535484313965, 0.39754313230514526, 0.0, 0.0
4.33758020401001, 0.7978723645210266, 0.0, 2.831960678100586, 0.9862897396087646, 0.0, 0.0
4.3476152420043945, 0.7978723645210266, 0.0, 2.827094793319702, -2.0366482734680176, 0.0, 0.0
4.357622146606445, 0.7978723645210266, 0.0, 2.8256430625915527, 0.26168718934059143, 0.0, 0.0
4.367603063583374, 0.7978723645210266, 0.0, 2.822258472442627, -3.03926944732666, 0.0, 0.0
4.377627849578857, 0.7978723645210266, 0.0, 2.822923183441162, -1.1932406425476074, 0.0, 0.0
4.387588024139404, 0.7978723645210266, 0.0, 2.822816848754883, -1.455952763557434, 0.0, 0.0
4.397592782974243, 0.7978723645210266, 0.0, 2.8215222358703613, -0.9223787784576416, 0.0, 0.0
4.407594680786133, 0.7978723645210266, 0.0, 2.8228518962860107, 0.6212169528007507, 0.0, 0.0
4.417625427246094, 0.7978723645210266, 0.0, 2.820050001144409, -0.9539399743080139, 0.0, 0.0
4.4276039600372314, 0.7978723645210266, 0.0, 2.8189849853515625, -0.1864294558763504, 0.0, 0.0
4.437613010406494, 0.7978723645210266, 0.0, 2.819303274154663, 0.41529709100723267, 0.0, 0.0
4.447587013244629, 0.7978723645210266, 0.0, 2.8208179473876953, -5.782428741455078, 0.0, 0.0
4.457581281661987, 0.7978723645210266, 0.0, 2.822054624557495, 0.8285986185073853, 0.0, 0.0
4.467575550079346, 0.7978723645210266, 0.0, 2.8136520385742188, -0.6746459007263184, 0.0, 0.0
4.477635860443115, 0.7978723645210266, 0.0, 2.816779613494873, -0.6885774731636047, 0.0, 0.0
4.487585544586182, 0.7978723645210266, 0.0, 2.8130857944488525, -9.615939140319824, 0.0, 0.0
4.497587203979492, 0.7978723645210266, 0.0, 2.817998170852661, -0.9767193794250488, 0.0, 0.0
4.507588148117065, 0.7978723645210266, 0.0, 2.8122267723083496, -1.8789045810699463, 0.0, 0.0
4.5176050662994385, 0.7978723645210266, 0.0, 2.8178348541259766, 1.348717212677002, 0.0, 0.0
4.527601718902588, 0.7978723645210266, 0.0, 2.8137001991271973, 0.08037251234054565, 0.0, 0.0
4.537592887878418, 0.800000011920929, 0.0, 2.8213186264038086, 2.3780171871185303, 0.0, 0.0
4.5475990772247314, 0.800000011920929, 0.0, 2.817625045776367, 0.7553000450134277, 0.0, 0.0
4.557583332061768, 0.800000011920929, 0.0, 2.81250262260437, -0.017210764810442924, 0.0, 0.0
4.567632675170898, 0.800000011920929, 0.0, 2.816394567489624, 1.0467422008514404, 0.0, 0.0
4.57758092880249, 0.800000011920929, 0.0, 2.8133347034454346, 0.6485073566436768, 0.0, 0.0
4.587587594985962, 0.800000011920929, 0.0, 2.811082601547241, 0.16134388744831085, 0.0, 0.0
4.597585678100586, 0.800000011920929, 0.0, 2.8083693981170654, -0.5223665237426758, 0.0, 0.0
4.607605695724487, 0.800000011920929, 0.0, 2.8069496154785156, -0.7772029638290405, 0.0, 0.0
4.617585897445679, 0.800000011920929, 0.0, 2.804896831512451, 0.367893248796463, 0.0, 0.0
4.627624034881592, 0.800000011920929, 0.0, 2.8017094135284424, -1.2948046922683716, 0.0, 0.0
4.637604236602783, 0.800000011920929, 0.0, 2.806597948074341, 0.6838949918746948, 0.0, 0.0
4.647585868835449, 0.800000011920929, 0.0, 2.8056414127349854, -0.7722612619400024, 0.0, 0.0
4.657585620880127, 0.800000011920929, 0.0, 2.800621747970581, 0.8296332955360413, 0.0, 0.0
4.667602062225342, 0.800000011920929, 0.0, 2.7991204261779785, -1.577321171760559, 0.0, 0.0
4.677615165710449, 0.800000011920929, 0.0, 2.799821376800537, -1.3880237340927124, 0.0, 0.0
4.687605142593384, 0.800000011920929, 0.0, 2.8010129928588867, -0.19241410493850708, 0.0, 0.0
4.697582721710205, 0.800000011920929, 0.0, 2.803253650665283, 0.9958922266960144, 0.0, 0.0
4.707606077194214, 0.800000011920929, 0.0, 2.800163507461548, -0.6966087222099304, 0.0, 0.0
4.717645645141602, 0.800000011920929, 0.0, 2.7978782653808594, -1.3464007377624512, 0.0, 0.0
4.727592468261719, 0.800000011920929, 0.0, 2.801926851272583, -5.9045305252075195, 0.0, 0.0
4.7376039028167725, 0.800000011920929, 0.0, 2.7953999042510986, -1.2920490503311157, 0.0, 0.0
4.7475905418396, 0.800000011920929, 0.0, 2.7985336780548096, 1.1532015800476074, 0.0, 0.0
4.757588624954224, 0.800000011920929, 0.0, 2.806196928024292, 1.3232790231704712, 0.0, 0.0
4.767582893371582, 0.8021276593208313, 0.0, 2.801870822906494, -0.11920087784528732, 0.0, 0.0
4.777625799179077, 0.800000011920929, 0.0, 2.800433874130249, 2.5629208087921143, 0.0, 0.0
4.7875816822052, 0.8021276593208313, 0.0, 2.7977688312530518, -0.3399316370487213, 0.0, 0.0
4.797601222991943, 0.8021276593208313, 0.0, 2.799013614654541, -5.542250156402588, 0.0, 0.0
4.807593822479248, 0.8021276593208313, 0.0, 2.792907476425171, -1.365515947341919, 0.0, 0.0
4.817581653594971, 0.8021276593208313, 0.0, 2.7927865982055664, 0.004428459331393242, 0.0, 0.0
4.827578544616699, 0.8021276593208313, 0.0, 2.7980549335479736, 0.33071574568748474, 0.0, 0.0
4.8375771045684814, 0.8021276593208313, 0.0, 2.797410726547241, -0.38206052780151367, 0.0, 0.0
4.847588539123535, 0.8021276593208313, 0.0, 2.7897651195526123, -1.044224500656128, 0.0, 0.0
4.857580184936523, 0.8021276593208313, 0.0, 2.799736976623535, 1.8500721454620361, 0.0, 0.0
4.867588520050049, 0.8021276593208313, 0.0, 2.7967422008514404, -0.3205028176307678, 0.0, 0.0
4.877559185028076, 0.8021276593208313, 0.0, 2.7950668334960938, 0.21745409071445465, 0.0, 0.0
4.887624025344849, 0.8021276593208313, 0.0, 2.796373128890991, 0.5685844421386719, 0.0, 0.0
4.8976194858551025, 0.8021276593208313, 0.0, 2.795525550842285, 1.419264793395996, 0.0, 0.0
4.907601356506348, 0.8021276593208313, 0.0, 2.7940664291381836, 0.28276515007019043, 0.0, 0.0
4.917593240737915, 0.8021276593208313, 0.0, 2.7873690128326416, -1.6699445247650146, 0.0, 0.0
4.927615642547607, 0.8021276593208313, 0.0, 2.787165880203247, -1.127076268196106, 0.0, 0.0
4.937616348266602, 0.8021276593208313, 0.0, 2.7890572547912598, 0.029217282310128212, 0.0, 0.0
4.947580575942993, 0.8021276593208313, 0.0, 2.788470983505249, -1.1046762466430664, 0.0, 0.0
4.9575865268707275, 0.8021276593208313, 0.0, 2.794553756713867, 0.5262985825538635, 0.0, 0.0
4.967586994171143, 0.8021276593208313, 0.0, 2.7899363040924072, -0.01037424523383379, 0.0, 0.0
4.977583169937134, 0.8021276593208313, 0.0, 2.792874574661255, 0.06106759235262871, 0.0, 0.0
4.987594127655029, 0.8021276593208313, 0.0, 2.7917301654815674, -0.35076990723609924, 0.0, 0.0
4.997592926025391, 0.8021276593208313, 0.0, 2.787895679473877, -0.7005020976066589, 0.0, 0.0
5.007596254348755, 0.8021276593208313, 0.0, 2.7927722930908203, 1.0293207168579102, 0.0, 0.0
