4.0531158447265625e-06, 0.0, 0.0, 0.0, 0.0, 0.0, 0.0
9.632110595703125e-05, 0.0, 0.0, 0.0, 0.0, 0.0, 0.0
0.007784366607666016, 0.0, 0.0, 0.0, 0.0, 0.0, 0.0
0.01778244972229004, 0.0, 0.0, 0.0, 0.0, 0.0, 0.0
0.027805089950561523, 0.0, 0.0, 0.0, 0.0, 0.0, 0.0
0.0377960205078125, 0.0, 0.0, 0.0, 0.0, 0.0, 0.0
0.04777646064758301, 0.0, 0.0, 0.0, 0.0, 0.0, 0.0
0.057765960693359375, 0.0, 0.0, 0.0, 0.0, 0.0, 0.0
0.06786751747131348, 0.0, 0.0, 0.0, 0.0, 0.0, 0.0
0.07781219482421875, 0.0, 0.0, 0.0, 0.0, 0.0, 0.0
0.08793401718139648, 0.0, 0.0, 0.0, 0.0, 0.0, 0.0
0.09784102439880371, 0.0, 0.0, 0.0, 0.0, 0.0, 0.0
0.10795474052429199, 0.0, 0.0, 0.0, 0.0, 0.0, 0.0
0.11786937713623047, 0.0, 0.0, 0.0, 0.0, 0.0, 0.0
0.12795138359069824, 0.0, 0.0, 0.0, 0.0, 0.0, 0.0
0.13787317276000977, 0.0, 0.0, 0.0, 0.0, 0.0, 0.0
0.14792871475219727, 0.0, 0.0, 0.0, 0.0, 0.0, 0.0
0.15783929824829102, 0.0, 0.0, 0.0, 0.0, 0.0, 0.0
0.16788411140441895, 0.0, 0.0, 0.0, 0.0, 0.0, 0.0
0.17787575721740723, 0.0, 0.0, 0.0, 0.0, 0.0, 0.0
0.18782758712768555, 0.0, 0.0, 0.0, 0.0, 0.0, 0.0
0.1977982521057129, 0.0, 0.0, 0.0, 0.0, 0.0, 0.0
0.2078688144683838, 0.0, 0.0, 0.0, 0.0, 0.0, 0.0
0.21780657768249512, 0.0, 0.0, 0.0, 0.0, 0.0, 0.0
0.22784042358398438, 0.0, 0.0, 0.0, 0.0, 0.0, 0.0
0.23787331581115723, 0.0, 0.0, 0.0, 0.0, 0.0, 0.0
0.24785923957824707, 0.0, 0.0, 0.0, 0.0, 0.0, 0.0
0.25781702995300293, 0.0, 0.0, 0.0, 0.0, 0.0, 0.0
0.2678518295288086, 0.0, 0.0, 0.0, 0.0, 0.0, 0.0
0.27785348892211914, 0.0, 0.0, 0.0, 0.0, 0.0, 0.0
0.28789639472961426, 0.0, 0.0, 0.0, 0.0, 0.0, 0.0
0.2978217601776123, 0.0, 0.0, 0.0, 0.0, 0.0, 0.0
0.3078124523162842, 0.0, 0.0, 0.0, 0.0, 0.0, 0.0
0.3178248405456543, 0.0, 0.0, 0.0, 0.0, 0.0, 0.0
0.32782673835754395, 0.0, 0.0, 0.0, 0.0, 0.0, 0.0
0.33780741691589355, 0.0, 0.0, 0.0, 0.0, 0.0, 0.0
0.34793710708618164, 0.0, 0.0, 0.0, 0.0, 0.0, 0.0
0.357820987701416, 0.0, 0.0, 0.0, 0.0, 0.0, 0.0
0.3679027557373047, 0.0, 0.0, 0.0, 0.0, 0.0, 0.0
0.3779478073120117, 0.0, 0.0, 0.0, 0.0, 0.0, 0.0
0.38797974586486816, 0.0, 0.0, 0.0, 0.0, 0.0, 0.0
0.3978719711303711, 0.0, 0.0, 0.0, 0.0, 0.0, 0.0
0.40786004066467285, 0.0, 0.0, 0.0, 0.0, 0.0, 0.0
0.41782498359680176, 0.0, 0.0, 0.0, 0.0, 0.0, 0.0
0.4278285503387451, 0.0, 0.0, 0.0, 0.0, 0.0, 0.0
0.4377923011779785, 0.0, 0.0, 0.0, 0.0, 0.0, 0.0
0.4477834701538086, 0.0, 0.0, 0.0, 0.0, 0.0, 0.0
0.4577960968017578, 0.0, 0.0, 0.0, 0.0, 0.0, 0.0
0.467836856842041, 0.0, 0.0, 0.0, 0.0, 0.0, 0.0
0.4778404235839844, 0.0, 0.0, 0.0, 0.0, 0.0, 0.0
0.48784637451171875, 0.0, 0.0, 0.0, 0.0, 0.0, 0.0
0.4978210926055908, 0.0, 0.0, 0.0, 0.0, 0.0, 0.0
0.5078015327453613, 0.0, 0.0, 0.0, 0.0, 0.0, 0.0
0.5177860260009766, 0.0, 0.0, 0.0, 0.0, 0.0, 0.0
0.5278019905090332, 0.0, 0.0, 0.0, 0.0, 0.0, 0.0
0.5378146171569824, 0.0, 0.0, 0.0, 0.0, 0.0, 0.0
0.5477907657623291, 0.0, 0.0, 0.0, 0.0, 0.0, 0.0
0.5577869415283203, 0.0, 0.0, 0.0, 0.0, 0.0, 0.0
0.5678372383117676, 0.0, 0.0, 0.0, 0.0, 0.0, 0.0
0.5777842998504639, 0.0, 0.0, 0.0, 0.0, 0.0, 0.0
0.587836742401123, 0.0, 0.0, 0.0, 0.0, 0.0, 0.0
0.5977718830108643, 0.0, 0.0, 0.0, 0.0, 0.0, 0.0
0.6077980995178223, 0.0, 0.0, 0.0, 0.0, 0.0, 0.0
0.6177988052368164, 0.0, 0.0, 0.0, 0.0, 0.0, 0.0
0.6278879642486572, 0.0, 0.0, 0.0, 0.0, 0.0, 0.0
0.6378014087677002, 0.0, 0.0, 0.0, 0.0, 0.0, 0.0
0.6478257179260254, 0.0, 0.0, 0.0, 0.0, 0.0, 0.0
0.6578564643859863, 0.0, 0.0, 0.0, 0.0, 0.0, 0.0
0.6678891181945801, 0.0, 0.0, 0.0, 0.0, 0.0, 0.0
0.6778638362884521, 0.0, 0.0, 0.0, 0.0, 0.0, 0.0
0.6878612041473389, 0.0, 0.0, 0.0, 0.0, 0.0, 0.0
0.6978507041931152, 0.0, 0.0, 0.0, 0.0, 0.0, 0.0
0.7078955173492432, 0.0, 0.0, 0.0, 0.0, 0.0, 0.0
0.717850923538208, 0.0, 0.0, 0.0, 0.0, 0.0, 0.0
0.7278985977172852, 0.0, 0.0, 0.0, 0.0, 0.0, 0.0
0.7378449440002441, 0.0, 0.0, 0.0, 0.0, 0.0, 0.0
0.7479159832000732, 0.0, 0.0, 0.0, 0.0, 0.0, 0.0
0.757880449295044, 0.0, 0.0, 0.0, 0.0, 0.0, 0.0
0.7678821086883545, 0.0, 0.0, 0.0, 0.0, 0.0, 0.0
0.777808427810669, 0.0, 0.0, 0.0, 0.0, 0.0, 0.0
0.7878344058990479, 0.0, 0.0, 0.0, 0.0, 0.0, 0.0
0.7978560924530029, 0.0, 0.0, 0.0, 0.0, 0.0, 0.0
0.8079164028167725, 0.0, 0.0, 0.0, 0.0, 0.0, 0.0
0.8179059028625488, 0.0, 0.0, 0.0, 0.0, 0.0, 0.0
0.827908992767334, 0.0, 0.0, 0.0, 0.0, 0.0, 0.0
0.8378915786743164, 0.0, 0.0, 0.0, 0.0, 0.0, 0.0
0.8479082584381104, 0.0, 0.0, 0.0, 0.0, 0.0, 0.0
0.8578507900238037, 0.0, 0.0, 0.0, 0.0, 0.0, 0.0
0.8678953647613525, 0.0, 0.0, 0.0, 0.0, 0.0, 0.0
0.877866268157959, 0.0, 0.0, 0.0, 0.0, 0.0, 0.0
0.887864351272583, 0.0, 0.0, 0.0, 0.0, 0.0, 0.0
0.8977808952331543, 0.0, 0.0, 0.0, 0.0, 0.0, 0.0
0.9078974723815918, 0.0, 0.0, 0.0, 0.0, 0.0, 0.0
0.9178354740142822, 0.0, 0.0, 0.0, 0.0, 0.0, 0.0
0.9279470443725586, 0.0, 0.0, 0.0, 0.0, 0.0, 0.0
0.9378814697265625, 0.0, 0.0, 0.0, 0.0, 0.0, 0.0
0.9479563236236572, 0.0, 0.0, 0.0, 0.0, 0.0, 0.0
0.9578683376312256, 0.0, 0.0, 0.0, 0.0, 0.0, 0.0
0.9679274559020996, 0.0, 0.0, 0.0, 0.0, 0.0, 0.0
0.9778487682342529, 0.0, 0.0, 0.0, 0.0, 0.0, 0.0
0.9879381656646729, 0.0, 0.0, 0.0, 0.0, 0.0, 0.0
0.9978687763214111, 0.0, 0.0, 0.0, 0.0, 0.0, 0.0
1.007960557937622, 0.0, 0.0, 0.0, 0.0, 0.0, 0.0
1.0178704261779785, 0.0, 0.0, 0.0, 0.0, 0.0, 0.0
1.0279395580291748, 0.0, 0.0, 0.0, 0.0, 0.0, 0.0
1.037893533706665, 0.0, 0.0, 0.0, 0.0, 0.0, 0.0
1.0479462146759033, 0.0, 0.0, 0.0, 0.0, 0.0, 0.0
1.057887315750122, 0.0, 0.0, 0.0, 0.0, 0.0, 0.0
1.0679495334625244, 0.0, 0.0, 0.0, 0.0, 0.0, 0.0
1.0778629779815674, 0.0, 0.0, 0.0, 0.0, 0.0, 0.0
1.0879547595977783, 0.0, 0.0, 0.0, 0.0, 0.0, 0.0
1.0978903770446777, 0.0, 0.0, 0.0, 0.0, 0.0, 0.0
1.1079685688018799, 0.0, 0.0, 0.0, 0.0, 0.0, 0.0
1.1178622245788574, 0.0, 0.0, 0.0, 0.0, 0.0, 0.0
1.127859115600586, 0.0, 0.0, 0.0, 0.0, 0.0, 0.0
1.1378517150878906, 0.0, 0.0, 0.0, 0.0, 0.0, 0.0
1.1478569507598877, 0.0, 0.0, 0.0, 0.0, 0.0, 0.0
1.1578168869018555, 0.0, 0.0, 0.0, 0.0, 0.0, 0.0
1.1679046154022217, 0.0, 0.0, 0.0, 0.0, 0.0, 0.0
1.1778547763824463, 0.0, 0.0, 0.0, 0.0, 0.0, 0.0
1.1879212856292725, 0.0, 0.0, 0.0, 0.0, 0.0, 0.0
1.1978509426116943, 0.0, 0.0, 0.0, 0.0, 0.0, 0.0
1.2078609466552734, 0.0, 0.0, 0.0, 0.0, 0.0, 0.0
1.2178397178649902, 0.0, 0.0, 0.0, 0.0, 0.0, 0.0
1.2279515266418457, 0.0, 0.0, 0.0, 0.0, 0.0, 0.0
1.2378485202789307, 0.0, 0.0, 0.0, 0.0, 0.0, 0.0
1.2478952407836914, 0.0, 0.0, 0.0, 0.0, 0.0, 0.0
1.257859230041504, 0.0, 0.0, 0.0, 0.0, 0.0, 0.0
1.2677786350250244, 0.0, 0.0, 0.0, 0.0, 0.0, 0.0
1.2777378559112549, 0.0, 0.0, 0.0, 0.0, 0.0, 0.0
1.2877287864685059, 0.0, 0.0, 0.0, 0.0, 0.0, 0.0
1.2977306842803955, 0.0, 0.0, 0.0, 0.0, 0.0, 0.0
1.3077332973480225, 0.0, 0.0, 0.0, 0.0, 0.0, 0.0
1.3177213668823242, 0.0, 0.0, 0.0, 0.0, 0.0, 0.0
1.3277366161346436, 0.0, 0.0, 0.0, 0.0, 0.0, 0.0
1.3378019332885742, 0.0, 0.0, 0.0, 0.0, 0.0, 0.0
1.3478281497955322, 0.0, 0.0, 0.0, 0.0, 0.0, 0.0
1.3578243255615234, 0.0, 0.0, 0.0, 0.0, 0.0, 0.0
1.3678243160247803, 0.0, 0.0, 0.0, 0.0, 0.0, 0.0
1.377823829650879, 0.0, 0.0, 0.0, 0.0, 0.0, 0.0
1.3877818584442139, 0.0, 0.0, 0.0, 0.0, 0.0, 0.0
1.397758960723877, 0.0, 0.0, 0.0, 0.0, 0.0, 0.0
1.4077527523040771, 0.0, 0.0, 0.0, 0.0, 0.0, 0.0
1.4177501201629639, 0.0, 0.0, 0.0, 0.0, 0.0, 0.0
1.427746295928955, 0.0, 0.0, 0.0, 0.0, 0.0, 0.0
1.4377436637878418, 0.0, 0.0, 0.0, 0.0, 0.0, 0.0
1.4477720260620117, 0.0, 0.0, 0.0, 0.0, 0.0, 0.0
1.4577789306640625, 0.0, 0.0, 0.0, 0.0, 0.0, 0.0
1.467775583267212, 0.0, 0.0, 0.0, 0.0, 0.0, 0.0
1.4777805805206299, 0.0, 0.0, 0.0, 0.0, 0.0, 0.0
1.4877748489379883, 0.0, 0.0, 0.0, 0.0, 0.0, 0.0
1.4977695941925049, 0.0, 0.0, 0.0, 0.0, 0.0, 0.0
1.5078654289245605, 0.0, 0.0, 0.0, 0.0, 0.0, 0.0
1.5177643299102783, 0.0, 0.0, 0.0, 0.0, 0.0, 0.0
1.5278148651123047, 0.0, 0.0, 0.0, 0.0, 0.0, 0.0
1.5377662181854248, 0.0, 0.0, 0.0, 0.0, 0.0, 0.0
1.5477566719055176, 0.0, 0.0, 0.0, 0.0, 0.0, 0.0
1.557755947113037, 0.0, 0.0, 0.0, 0.0, 0.0, 0.0
1.5677969455718994, 0.0, 0.0, 0.0, 0.0, 0.0, 0.0
1.5777583122253418, 0.0, 0.0, 0.0, 0.0, 0.0, 0.0
1.5877580642700195, 0.0, 0.0, 0.0, 0.0, 0.0, 0.0
1.5977542400360107, 0.0, 0.0, 0.0, 0.0, 0.0, 0.0
1.607774257659912, 0.0, 0.0, 0.0, 0.0, 0.0, 0.0
1.6177616119384766, 0.0, 0.0, 0.0, 0.0, 0.0, 0.0
1.6277713775634766, 0.0, 0.0, 0.0, 0.0, 0.0, 0.0
1.6377601623535156, 0.0, 0.0, 0.0, 0.0, 0.0, 0.0
1.6477768421173096, 0.0, 0.0, 0.0, 0.0, 0.0, 0.0
1.657832145690918, 0.0, 0.0, 0.0, 0.0, 0.0, 0.0
1.667752742767334, 0.0, 0.0, 0.0, 0.0, 0.0, 0.0
1.6777570247650146, 0.0, 0.0, 0.0, 0.0, 0.0, 0.0
1.6877925395965576, 0.0, 0.0, 0.0, 0.0, 0.0, 0.0
1.6977550983428955, 0.0, 0.0, 0.0, 0.0, 0.0, 0.0
1.707761526107788, 0.0, 0.0, 0.0, 0.0, 0.0, 0.0
1.7177700996398926, 0.0, 0.0, 0.0, 0.0, 0.0, 0.0
1.7277710437774658, 0.0, 0.0, 0.0, 0.0, 0.0, 0.0
1.737781286239624, 0.0, 0.0, 0.0, 0.0, 0.0, 0.0
1.7477679252624512, 0.0, 0.0, 0.0, 0.0, 0.0, 0.0
1.7577621936798096, 0.0, 0.0, 0.0, 0.0, 0.0, 0.0
1.7677712440490723, 0.0, 0.0, 0.0, 0.0, 0.0, 0.0
1.7777764797210693, 0.0, 0.0, 0.0, 0.0, 0.0, 0.0
1.7877843379974365, 0.0, 0.0, 0.0, 0.0, 0.0, 0.0
1.7977733612060547, 0.0, 0.0, 0.0, 0.0, 0.0, 0.0
1.8077595233917236, 0.0, 0.0, 0.0, 0.0, 0.0, 0.0
1.8177766799926758, 0.0, 0.0, 0.0, 0.0, 0.0, 0.0
1.8277790546417236, 0.0, 0.0, 0.0, 0.0, 0.0, 0.0
1.837778091430664, 0.0, 0.0, 0.0, 0.0, 0.0, 0.0
1.847780704498291, 0.0, 0.0, 0.0, 0.0, 0.0, 0.0
1.8577678203582764, 0.0, 0.0, 0.0, 0.0, 0.0, 0.0
1.8677654266357422, 0.0, 0.0, 0.0, 0.0, 0.0, 0.0
1.8777742385864258, 0.0, 0.0, 0.0, 0.0, 0.0, 0.0
1.8878052234649658, 0.0, 0.0, 0.0, 0.0, 0.0, 0.0
1.8977625370025635, 0.0, 0.0, 0.0, 0.0, 0.0, 0.0
1.9077651500701904, 0.0, 0.0, 0.0, 0.0, 0.0, 0.0
1.9177775382995605, 0.0, 0.0, 0.0, 0.0, 0.0, 0.0
1.9277665615081787, 0.0, 0.0, 0.0, 0.0, 0.0, 0.0
1.9377660751342773, 0.0, 0.0, 0.0, 0.0, 0.0, 0.0
1.9477739334106445, 0.0, 0.0, 0.0, 0.0, 0.0, 0.0
1.9577884674072266, 0.0, 0.0, 0.0, 0.0, 0.0, 0.0
1.9677839279174805, 0.0, 0.0, 0.0, 0.0, 0.0, 0.0
1.9778125286102295, 0.0, 0.0, 0.0, 0.0, 0.0, 0.0
1.9877924919128418, 0.0, 0.0, 0.0, 0.0, 0.0, 0.0
1.9977712631225586, 0.0, 0.0, 0.0, 0.0, 0.0, 0.0
2.007766008377075, 0.0, 0.0, 0.0, 0.0, 0.0, 0.0
2.017826795578003, 0.0, 0.0, 0.0, 0.0, 0.0, 0.0
2.02778697013855, 0.0, 0.0, 0.0, 0.0, 0.0, 0.0
2.037785053253174, 0.0, 0.0, 0.0, 0.0, 0.0, 0.0
2.0477709770202637, 0.0, 0.0, 0.0, 0.0, 0.0, 0.0
2.0577619075775146, 0.0, 0.0, 0.0, 0.0, 0.0, 0.0
2.067777156829834, 0.0, 0.0, 0.0, 0.0, 0.0, 0.0
2.077864170074463, 0.0, 0.0, 0.0, 0.0, 0.0, 0.0
2.087799072265625, 0.0, 0.0, 0.0, 0.0, 0.0, 0.0
2.097757339477539, 0.0, 0.0, 0.0, 0.0, 0.0, 0.0
2.107773780822754, 0.0, 0.0, 0.0, 0.0, 0.0, 0.0
2.1177752017974854, 0.0, 0.0, 0.0, 0.0, 0.0, 0.0
2.1277661323547363, 0.0, 0.0, 0.0, 0.0, 0.0, 0.0
2.137763500213623, 0.0, 0.0, 0.0, 0.0, 0.0, 0.0
2.1477997303009033, 0.0, 0.0, 0.0, 0.0, 0.0, 0.0
2.1577701568603516, 0.0, 0.0, 0.0, 0.0, 0.0, 0.0
2.167772054672241, 0.0, 0.0, 0.0, 0.0, 0.0, 0.0
2.1777684688568115, 0.0, 0.0, 0.0, 0.0, 0.0, 0.0
2.187786102294922, 0.0, 0.0, 0.0, 0.0, 0.0, 0.0
2.1977810859680176, 0.0, 0.0, 0.0, 0.0, 0.0, 0.0
2.20776104927063, 0.0, 0.0, 0.0, 0.0, 0.0, 0.0
2.21777606010437, 0.0, 0.0, 0.0, 0.0, 0.0, 0.0
2.227771282196045, 0.0, 0.0, 0.0, 0.0, 0.0, 0.0
2.2377493381500244, 0.0, 0.0, 0.0, 0.0, 0.0, 0.0
2.247812032699585, 0.0, 0.0, 0.0, 0.0, 0.0, 0.0
2.2577555179595947, 0.0, 0.0, 0.0, 0.0, 0.0, 0.0
2.267794370651245, 0.0, 0.0, 0.0, 0.0, 0.0, 0.0
2.2777633666992188, 0.0, 0.0, 0.0, 0.0, 0.0, 0.0
2.28776478767395, 0.0, 0.0, 0.0, 0.0, 0.0, 0.0
2.2977638244628906, 0.0, 0.0, 0.0, 0.0, 0.0, 0.0
2.3077967166900635, 0.0, 0.0, 0.0, 0.0, 0.0, 0.0
2.3177640438079834, 0.0, 0.0, 0.0, 0.0, 0.0, 0.0
2.327768087387085, 0.0, 0.0, 0.0, 0.0, 0.0, 0.0
2.3377645015716553, 0.0, 0.0, 0.0, 0.0, 0.0, 0.0
2.347764253616333, 0.0, 0.0, 0.0, 0.0, 0.0, 0.0
2.3577728271484375, 0.0, 0.0, 0.0, 0.0, 0.0, 0.0
2.3678812980651855, 0.0, 0.0, 0.0, 0.0, 0.0, 0.0
2.3777685165405273, 0.0, 0.0, 0.0, 0.0, 0.0, 0.0
2.387765884399414, 0.0, 0.0, 0.0, 0.0, 0.0, 0.0
2.397794008255005, 0.0, 0.0, 0.0, 0.0, 0.0, 0.0
2.407778263092041, 0.0, 0.0, 0.0, 0.0, 0.0, 0.0
2.4177701473236084, 0.0, 0.0, 0.0, 0.0, 0.0, 0.0
2.4277663230895996, 0.0, 0.0, 0.0, 0.0, 0.0, 0.0
2.4377856254577637, 0.0, 0.0, 0.0, 0.0, 0.0, 0.0
2.4477832317352295, 0.0, 0.0, 0.0, 0.0, 0.0, 0.0
2.4577841758728027, 0.0, 0.0, 0.0, 0.0, 0.0, 0.0
2.46781063079834, 0.0, 0.0, 0.0, 0.0, 0.0, 0.0
2.4777588844299316, 0.0, 0.0, 0.0, 0.0, 0.0, 0.0
2.4877686500549316, 0.0, 0.0, 0.0, 0.0, 0.0, 0.0
2.497769832611084, 0.0, 0.0, 0.0, 0.0, 0.0, 0.0
2.507774591445923, 0.0, 0.0, 0.0, 0.0, 0.0, 0.0
2.5177645683288574, 0.0, 0.0, 0.0, 0.0, 0.0, 0.0
2.5277562141418457, 0.0, 0.0, 0.0, 0.0, 0.0, 0.0
2.5377862453460693, 0.0, 0.0, 0.0, 0.0, 0.0, 0.0
2.5478169918060303, 0.0, 0.0, 0.0, 0.0, 0.0, 0.0
2.5577683448791504, 0.0, 0.0, 0.0, 0.0, 0.0, 0.0
2.5677711963653564, 0.0, 0.0, 0.0, 0.0, 0.0, 0.0
2.577773332595825, 0.0, 0.0, 0.0, 0.0, 0.0, 0.0
2.5877726078033447, 0.0, 0.0, 0.0, 0.0, 0.0, 0.0
2.5977783203125, 0.0, 0.0, 0.0, 0.0, 0.0, 0.0
2.6077606678009033, 0.0, 0.0, 0.0, 0.0, 0.0, 0.0
2.617757558822632, 0.0, 0.0, 0.0, 0.0, 0.0, 0.0
2.6277947425842285, 0.0, 0.0, 0.0, 0.0, 0.0, 0.0
2.637775182723999, 0.0, 0.0, 0.0, 0.0, 0.0, 0.0
2.6478195190429688, 0.0, 0.0, 0.0, 0.0, 0.0, 0.0
2.6577582359313965, 0.0, 0.0, 0.0, 0.0, 0.0, 0.0
2.6678123474121094, 0.0, 0.0, 0.0, 0.0, 0.0, 0.0
2.6777737140655518, 0.0, 0.0, 0.0, 0.0, 0.0, 0.0
2.6877782344818115, 0.0, 0.0, 0.0, 0.0, 0.0, 0.0
2.6977756023406982, 0.0, 0.0, 0.0, 0.0, 0.0, 0.0
2.707772731781006, 0.0, 0.0, 0.0, 0.0, 0.0, 0.0
2.717792510986328, 0.0, 0.0, 0.0, 0.0, 0.0, 0.0
2.727771759033203, 0.0, 0.0, 0.0, 0.0, 0.0, 0.0
2.7377848625183105, 0.0, 0.0, 0.0, 0.0, 0.0, 0.0
2.747786283493042, 0.0, 0.0, 0.0, 0.0, 0.0, 0.0
2.757777452468872, 0.0, 0.0, 0.0, 0.0, 0.0, 0.0
2.767798662185669, 0.0, 0.0, 0.0, 0.0, 0.0, 0.0
2.7777647972106934, 0.0, 0.0, 0.0, 0.0, 0.0, 0.0
2.7878010272979736, 0.0, 0.0, 0.0, 0.0, 0.0, 0.0
2.797792673110962, 0.0, 0.0, 0.0, 0.0, 0.0, 0.0
2.8077683448791504, 0.0, 0.0, 0.0, 0.0, 0.0, 0.0
2.8177530765533447, 0.0, 0.0, 0.0, 0.0, 0.0, 0.0
2.8277626037597656, 0.0, 0.0, 0.0, 0.0, 0.0, 0.0
2.837768793106079, 0.0, 0.0, 0.0, 0.0, 0.0, 0.0
2.847759246826172, 0.0, 0.0, 0.0, 0.0, 0.0, 0.0
2.8577933311462402, 0.0, 0.0, 0.0, 0.0, 0.0, 0.0
2.8677618503570557, 0.0, 0.0, 0.0, 0.0, 0.0, 0.0
2.8777542114257812, 0.0, 0.0, 0.0, 0.0, 0.0, 0.0
2.88777494430542, 0.0, 0.0, 0.0, 0.0, 0.0, 0.0
2.8977749347686768, 0.0, 0.0, 0.0, 0.0, 0.0, 0.0
2.9078385829925537, 0.0, 0.0, 0.0, 0.0, 0.0, 0.0
2.917752504348755, 0.0, 0.0, 0.0, 0.0, 0.0, 0.0
2.9277682304382324, 0.0, 0.0, 0.0, 0.0, 0.0, 0.0
2.937770366668701, 0.0, 0.0, 0.0, 0.0, 0.0, 0.0
2.9477646350860596, 0.0, 0.0, 0.0, 0.0, 0.0, 0.0
2.957764148712158, 0.0, 0.0, 0.0, 0.0, 0.0, 0.0
2.9677793979644775, 0.0, 0.0, 0.0, 0.0, 0.0, 0.0
2.977766990661621, 0.0, 0.0, 0.0, 0.0, 0.0, 0.0
2.9877684116363525, 0.0, 0.0, 0.0, 0.0, 0.0, 0.0
2.997770071029663, 0.0, 0.0, 0.0, 0.0, 0.0, 0.0
3.0077641010284424, 0.0, 0.0, 0.0, 0.0, 0.0, 0.0
3.017767906188965, 0.0, 0.0, 0.0, 0.0, 0.0, 0.0
3.027754306793213, 0.0, 0.0, 0.0, 0.0, 0.0, 0.0
3.037764310836792, 0.0, 0.0, 0.0, 0.0, 0.0, 0.0
3.047764301300049, 0.0, 0.0, 0.0, 0.0, 0.0, 0.0
3.057760715484619, 0.0, 0.0, 0.0, 0.0, 0.0, 0.0
3.067775011062622, 0.0, 0.0, 0.0, 0.0, 0.0, 0.0
3.0777645111083984, 0.0, 0.0, 0.0, 0.0, 0.0, 0.0
3.087779998779297, 0.0, 0.0, 0.0, 0.0, 0.0, 0.0
3.0977745056152344, 0.0, 0.0, 0.0, 0.0, 0.0, 0.0
3.107759475708008, 0.0, 0.0, 0.0, 0.0, 0.0, 0.0
3.1177690029144287, 0.0, 0.0, 0.0, 0.0, 0.0, 0.0
3.12776517868042, 0.0, 0.0, 0.0, 0.0, 0.0, 0.0
3.1377651691436768, 0.0, 0.0, 0.0, 0.0, 0.0, 0.0
3.147766351699829, 0.0, 0.0, 0.0, 0.0, 0.0, 0.0
3.157778263092041, 0.0, 0.0, 0.0, 0.0, 0.0, 0.0
3.1677706241607666, 0.0, 0.0, 0.0, 0.0, 0.0, 0.0
3.1777737140655518, 0.0, 0.0, 0.0, 0.0, 0.0, 0.0
3.187788486480713, 0.0, 0.0, 0.0, 0.0, 0.0, 0.0
3.1977908611297607, 0.0, 0.0, 0.0, 0.0, 0.0, 0.0
3.2077929973602295, 0.0, 0.0, 0.0, 0.0, 0.0, 0.0
3.217778205871582, 0.0, 0.0, 0.0, 0.0, 0.0, 0.0
3.227768659591675, 0.0, 0.0, 0.0, 0.0, 0.0, 0.0
3.2377614974975586, 0.0, 0.0, 0.0, 0.0, 0.0, 0.0
3.247767686843872, 0.0, 0.0, 0.0, 0.0, 0.0, 0.0
3.2578067779541016, 0.0, 0.0, 0.0, 0.0, 0.0, 0.0
3.2677810192108154, 0.0, 0.0, 0.0, 0.0, 0.0, 0.0
3.2777645587921143, 0.0, 0.0, 0.0, 0.0, 0.0, 0.0
3.2877726554870605, 0.0, 0.0, 0.0, 0.0, 0.0, 0.0
3.29776930809021, 0.0, 0.0, 0.0, 0.0, 0.0, 0.0
3.307770013809204, 0.0, 0.0, 0.0, 0.0, 0.0, 0.0
3.317774534225464, 0.0, 0.0, 0.0, 0.0, 0.0, 0.0
3.327800750732422, 0.0, 0.0, 0.0, 0.0, 0.0, 0.0
3.3377809524536133, 0.0, 0.0, 0.0, 0.0, 0.0, 0.0
3.3477942943573, 0.0, 0.0, 0.0, 0.0, 0.0, 0.0
3.357787609100342, 0.0, 0.0, 0.0, 0.0, 0.0, 0.0
3.3677616119384766, 0.0, 0.0, 0.0, 0.0, 0.0, 0.0
3.377774953842163, 0.0, 0.0, 0.0, 0.0, 0.0, 0.0
3.3877689838409424, 0.0, 0.0, 0.0, 0.0, 0.0, 0.0
3.397771120071411, 0.0, 0.0, 0.0, 0.0, 0.0, 0.0
3.4077694416046143, 0.0, 0.0, 0.0, 0.0, 0.0, 0.0
3.41776967048645, 0.0, 0.0, 0.0, 0.0, 0.0, 0.0
3.427755117416382, 0.0, 0.0, 0.0, 0.0, 0.0, 0.0
3.4377851486206055, 0.0, 0.0, 0.0, 0.0, 0.0, 0.0
3.4478166103363037, 0.0, 0.0, 0.0, 0.0, 0.0, 0.0
3.4577836990356445, 0.0, 0.0, 0.0, 0.0, 0.0, 0.0
3.467763900756836, 0.0, 0.0, 0.0, 0.0, 0.0, 0.0
3.4777848720550537, 0.0, 0.0, 0.0, 0.0, 0.0, 0.0
3.487778902053833, 0.0, 0.0, 0.0, 0.0, 0.0, 0.0
3.4977777004241943, 0.0, 0.0, 0.0, 0.0, 0.0, 0.0
3.5078041553497314, 0.0, 0.0, 0.0, 0.0, 0.0, 0.0
3.517808675765991, 0.0, 0.0, 0.0, 0.0, 0.0, 0.0
3.527764320373535, 0.0, 0.0, 0.0, 0.0, 0.0, 0.0
3.5377631187438965, 0.0, 0.0, 0.0, 0.0, 0.0, 0.0
3.547769069671631, 0.0, 0.0, 0.0, 0.0, 0.0, 0.0
3.55776309967041, 0.0, 0.0, 0.0, 0.0, 0.0, 0.0
3.5678091049194336, 0.0, 0.0, 0.0, 0.0, 0.0, 0.0
3.577794075012207, 0.0, 0.0, 0.0, 0.0, 0.0, 0.0
3.5877866744995117, 0.0, 0.0, 0.0, 0.0, 0.0, 0.0
3.5977909564971924, 0.0, 0.0, 0.0, 0.0, 0.0, 0.0
3.607757806777954, 0.0, 0.0, 0.0, 0.0, 0.0, 0.0
3.6177635192871094, 0.0, 0.0, 0.0, 0.0, 0.0, 0.0
3.6277599334716797, 0.0, 0.0, 0.0, 0.0, 0.0, 0.0
3.637763500213623, 0.0, 0.0, 0.0, 0.0, 0.0, 0.0
3.6477928161621094, 0.0, 0.0, 0.0, 0.0, 0.0, 0.0
3.6577811241149902, 0.0, 0.0, 0.0, 0.0, 0.0, 0.0
3.6677708625793457, 0.0, 0.0, 0.0, 0.0, 0.0, 0.0
3.677778482437134, 0.0, 0.0, 0.0, 0.0, 0.0, 0.0
3.68782114982605, 0.0, 0.0, 0.0, 0.0, 0.0, 0.0
3.697788715362549, 0.0, 0.0, 0.0, 0.0, 0.0, 0.0
3.707775115966797, 0.0, 0.0, 0.0, 0.0, 0.0, 0.0
3.7177937030792236, 0.0, 0.0, 0.0, 0.0, 0.0, 0.0
3.7277719974517822, 0.0, 0.0, 0.0, 0.0, 0.0, 0.0
3.7377803325653076, 0.0, 0.0, 0.0, 0.0, 0.0, 0.0
3.7477645874023438, 0.0, 0.0, 0.0, 0.0, 0.0, 0.0
3.7577877044677734, 0.0, 0.0, 0.0, 0.0, 0.0, 0.0
3.7677853107452393, 0.0, 0.0, 0.0, 0.0, 0.0, 0.0
3.777773857116699, 0.0, 0.0, 0.0, 0.0, 0.0, 0.0
3.7877821922302246, 0.0, 0.0, 0.0, 0.0, 0.0, 0.0
3.7977707386016846, 0.0, 0.0, 0.0, 0.0, 0.0, 0.0
3.807772636413574, 0.0, 0.0, 0.0, 0.0, 0.0, 0.0
3.8177859783172607, 0.0, 0.0, 0.0, 0.0, 0.0, 0.0
3.827784776687622, 0.0, 0.0, 0.0, 0.0, 0.0, 0.0
3.8377914428710938, 0.0, 0.0, 0.0, 0.0, 0.0, 0.0
3.8477730751037598, 0.0, 0.0, 0.0, 0.0, 0.0, 0.0
3.8577914237976074, 0.0, 0.0, 0.0, 0.0, 0.0, 0.0
3.867771625518799, 0.0, 0.0, 0.0, 0.0, 0.0, 0.0
3.8777596950531006, 0.0, 0.0, 0.0, 0.0, 0.0, 0.0
3.887788772583008, 0.0, 0.0, 0.0, 0.0, 0.0, 0.0
3.8977763652801514, 0.0, 0.0, 0.0, 0.0, 0.0, 0.0
3.907783031463623, 0.0, 0.0, 0.0, 0.0, 0.0, 0.0
3.9177794456481934, 0.0, 0.0, 0.0, 0.0, 0.0, 0.0
3.927795648574829, 0.0, 0.0, 0.0, 0.0, 0.0, 0.0
3.9377999305725098, 0.0, 0.0, 0.0, 0.0, 0.0, 0.0
3.9477992057800293, 0.0, 0.0, 0.0, 0.0, 0.0, 0.0
3.9577765464782715, 0.0, 0.0, 0.0, 0.0, 0.0, 0.0
3.9678540229797363, 0.0, 0.0, 0.0, 0.0, 0.0, 0.0
3.977766275405884, 0.0, 0.0, 0.0, 0.0, 0.0, 0.0
3.987788200378418, 0.0, 0.0, 0.0, 0.0, 0.0, 0.0
3.9977786540985107, 0.0, 0.0, 0.0, 0.0, 0.0, 0.0
4.007766962051392, 0.0, 0.0, 0.0, 0.0, 0.0, 0.0
4.017784118652344, 0.0, 0.0, 0.0, 0.0, 0.0, 0.0
4.027775764465332, 0.0, 0.0, 0.0, 0.0, 0.0, 0.0
4.037824869155884, 0.0, 0.0, 0.0, 0.0, 0.0, 0.0
4.04781174659729, 0.0, 0.0, 0.0, 0.0, 0.0, 0.0
4.057774782180786, 0.0, 0.0, 0.0, 0.0, 0.0, 0.0
4.067770481109619, 0.0, 0.0, 0.0, 0.0, 0.0, 0.0
4.077767610549927, 0.0, 0.0, 0.0, 0.0, 0.0, 0.0
4.087775230407715, 0.0, 0.0, 0.0, 0.0, 0.0, 0.0
4.097768068313599, 0.0, 0.0, 0.0, 0.0, 0.0, 0.0
4.107768535614014, 0.0, 0.0, 0.0, 0.0, 0.0, 0.0
4.1177685260772705, 0.0, 0.0, 0.0, 0.0, 0.0, 0.0
4.12777853012085, 0.0, 0.0, 0.0, 0.0, 0.0, 0.0
4.137788534164429, 0.0, 0.0, 0.0, 0.0, 0.0, 0.0
4.147803068161011, 0.0, 0.0, 0.0, 0.0, 0.0, 0.0
4.1577794551849365, 0.0, 0.0, 0.0, 0.0, 0.0, 0.0
4.167766332626343, 0.0, 0.0, 0.0, 0.0, 0.0, 0.0
4.1777753829956055, 0.0, 0.0, 0.0, 0.0, 0.0, 0.0
4.187790393829346, 0.0, 0.0, 0.0, 0.0, 0.0, 0.0
4.197777986526489, 0.0, 0.0, 0.0, 0.0, 0.0, 0.0
4.207771301269531, 0.0, 0.0, 0.0, 0.0, 0.0, 0.0
4.2177817821502686, 0.0, 0.0, 0.0, 0.0, 0.0, 0.0
4.227779150009155, 0.0, 0.0, 0.0, 0.0, 0.0, 0.0
4.237783432006836, 0.0, 0.0, 0.0, 0.0, 0.0, 0.0
4.247769832611084, 0.0, 0.0, 0.0, 0.0, 0.0, 0.0
4.257770299911499, 0.0, 0.0, 0.0, 0.0, 0.0, 0.0
4.267775058746338, 0.0, 0.0, 0.0, 0.0, 0.0, 0.0
4.277776002883911, 0.0, 0.0, 0.0, 0.0, 0.0, 0.0
4.287777900695801, 0.0, 0.0, 0.0, 0.0, 0.0, 0.0
4.2977988719940186, 0.0, 0.0, 0.0, 0.0, 0.0, 0.0
4.307818412780762, 0.0, 0.0, 0.0, 0.0, 0.0, 0.0
4.317763805389404, 0.0, 0.0, 0.0, 0.0, 0.0, 0.0
4.3277599811553955, 0.0, 0.0, 0.0, 0.0, 0.0, 0.0
4.3377602100372314, 0.0, 0.0, 0.0, 0.0, 0.0, 0.0
4.347798585891724, 0.0, 0.0, 0.0, 0.0, 0.0, 0.0
4.357783317565918, 0.0, 0.0, 0.0, 0.0, 0.0, 0.0
4.367769002914429, 0.0, 0.0, 0.0, 0.0, 0.0, 0.0
4.377761602401733, 0.0, 0.0, 0.0, 0.0, 0.0, 0.0
4.387762546539307, 0.0, 0.0, 0.0, 0.0, 0.0, 0.0
4.397759675979614, 0.0, 0.0, 0.0, 0.0, 0.0, 0.0
4.407790184020996, 0.0, 0.0, 0.0, 0.0, 0.0, 0.0
4.41779088973999, 0.0, 0.0, 0.0, 0.0, 0.0, 0.0
4.427809953689575, 0.0, 0.0, 0.0, 0.0, 0.0, 0.0
4.4377760887146, 0.0, 0.0, 0.0, 0.0, 0.0, 0.0
4.447807788848877, 0.0, 0.0, 0.0, 0.0, 0.0, 0.0
4.457780838012695, 0.0, 0.0, 0.0, 0.0, 0.0, 0.0
4.467777252197266, 0.0, 0.0, 0.0, 0.0, 0.0, 0.0
4.477769374847412, 0.0, 0.0, 0.0, 0.0, 0.0, 0.0
4.487795114517212, 0.0, 0.0, 0.0, 0.0, 0.0, 0.0
4.497791767120361, 0.0, 0.0, 0.0, 0.0, 0.0, 0.0
4.507781505584717, 0.0, 0.0, 0.0, 0.0, 0.0, 0.0
4.5177741050720215, 0.0, 0.0, 0.0, 0.0, 0.0, 0.0
4.527777910232544, 0.0, 0.0, 0.0, 0.0, 0.0, 0.0
4.537767648696899, 0.0, 0.0, 0.0, 0.0, 0.0, 0.0
4.547764539718628, 0.0, 0.0, 0.0, 0.0, 0.0, 0.0
4.557807922363281, 0.0, 0.0, 0.0, 0.0, 0.0, 0.0
4.56780743598938, 0.0, 0.0, 0.0, 0.0, 0.0, 0.0
4.577777862548828, 0.0, 0.0, 0.0, 0.0, 0.0, 0.0
4.587782382965088, 0.0, 0.0, 0.0, 0.0, 0.0, 0.0
4.597782611846924, 0.0, 0.0, 0.0, 0.0, 0.0, 0.0
4.607823133468628, 0.0, 0.0, 0.0, 0.0, 0.0, 0.0
4.6178178787231445, 0.0, 0.0, 0.0, 0.0, 0.0, 0.0
4.627794981002808, 0.0, 0.0, 0.0, 0.0, 0.0, 0.0
4.637800931930542, 0.0, 0.0, 0.0, 0.0, 0.0, 0.0
4.647801876068115, 0.0, 0.0, 0.0, 0.0, 0.0, 0.0
4.657764673233032, 0.0, 0.0, 0.0, 0.0, 0.0, 0.0
4.667754411697388, 0.0, 0.0, 0.0, 0.0, 0.0, 0.0
4.677773714065552, 0.0, 0.0, 0.0, 0.0, 0.0, 0.0
4.6877665519714355, 0.0, 0.0, 0.0, 0.0, 0.0, 0.0
4.697772741317749, 0.0, 0.0, 0.0, 0.0, 0.0, 0.0
4.7077956199646, 0.0, 0.0, 0.0, 0.0, 0.0, 0.0
4.717778921127319, 0.0, 0.0, 0.0, 0.0, 0.0, 0.0
4.727778673171997, 0.0, 0.0, 0.0, 0.0, 0.0, 0.0
4.737776517868042, 0.0, 0.0, 0.0, 0.0, 0.0, 0.0
4.74777364730835, 0.0, 0.0, 0.0, 0.0, 0.0, 0.0
4.7577619552612305, 0.0, 0.0, 0.0, 0.0, 0.0, 0.0
4.767775058746338, 0.0, 0.0, 0.0, 0.0, 0.0, 0.0
4.777759075164795, 0.0, 0.0, 0.0, 0.0, 0.0, 0.0
4.787761688232422, 0.0, 0.0, 0.0, 0.0, 0.0, 0.0
4.797766447067261, 0.0, 0.0, 0.0, 0.0, 0.0, 0.0
4.807788848876953, 0.0, 0.0, 0.0, 0.0, 0.0, 0.0
4.817772150039673, 0.0, 0.0, 0.0, 0.0, 0.0, 0.0
4.827758073806763, 0.0, 0.0, 0.0, 0.0, 0.0, 0.0
4.837759256362915, 0.0, 0.0, 0.0, 0.0, 0.0, 0.0
4.847760200500488, 0.0, 0.0, 0.0, 0.0, 0.0, 0.0
4.8577561378479, 0.0, 0.0, 0.0, 0.0, 0.0, 0.0
4.867773771286011, 0.0, 0.0, 0.0, 0.0, 0.0, 0.0
4.8777687549591064, 0.0, 0.0, 0.0, 0.0, 0.0, 0.0
4.8877599239349365, 0.0, 0.0, 0.0, 0.0, 0.0, 0.0
4.897761344909668, 0.0, 0.0, 0.0, 0.0, 0.0, 0.0
4.907763242721558, 0.0, 0.0, 0.0, 0.0, 0.0, 0.0
4.917758941650391, 0.0, 0.0, 0.0, 0.0, 0.0, 0.0
4.92778468132019, 0.0, 0.0, 0.0, 0.0, 0.0, 0.0
4.937767505645752, 0.0, 0.0, 0.0, 0.0, 0.0, 0.0
4.94776725769043, 0.0, 0.0, 0.0, 0.0, 0.0, 0.0
4.957784652709961, 0.0, 0.0, 0.0, 0.0, 0.0, 0.0
4.967769145965576, 0.0, 0.0, 0.0, 0.0, 0.0, 0.0
4.977768659591675, 0.0, 0.0, 0.0, 0.0, 0.0, 0.0
4.987813711166382, 0.0, 0.0, 0.0, 0.0, 0.0, 0.0
4.997778415679932, 0.0, 0.0, 0.0, 0.0, 0.0, 0.0
5.007776737213135, 0.0, 0.0, 0.0, 0.0, 0.0, 0.0
5.017764091491699, 0.0, 0.0, 0.0, 0.0, 0.0, 0.0
5.0277628898620605, 0.0, 0.0, 0.0, 0.0, 0.0, 0.0
5.037776470184326, 0.0, 0.0, 0.0, 0.0, 0.0, 0.0
5.04779839515686, 0.0, 0.0, 0.0, 0.0, 0.0, 0.0
5.057753562927246, 0.0, 0.0, 0.0, 0.0, 0.0, 0.0
5.067793607711792, 0.0, 0.0, 0.0, 0.0, 0.0, 0.0
5.077755689620972, 0.0, 0.0, 0.0, 0.0, 0.0, 0.0
5.087779998779297, 0.0, 0.0, 0.0, 0.0, 0.0, 0.0
5.097774267196655, 0.0, 0.0, 0.0, 0.0, 0.0, 0.0
5.107753753662109, 0.0, 0.0, 0.0, 0.0, 0.0, 0.0
5.117762088775635, 0.0, 0.0, 0.0, 0.0, 0.0, 0.0
5.127809047698975, 0.0, 0.0, 0.0, 0.0, 0.0, 0.0
5.137767553329468, 0.0, 0.0, 0.0, 0.0, 0.0, 0.0
5.147783994674683, 0.0, 0.0, 0.0, 0.0, 0.0, 0.0
5.15778374671936, 0.0, 0.0, 0.0, 0.0, 0.0, 0.0
5.1677610874176025, 0.0, 0.0, 0.0, 0.0, 0.0, 0.0
5.1777565479278564, 0.0, 0.0, 0.0, 0.0, 0.0, 0.0
5.1877617835998535, 0.0, 0.0, 0.0, 0.0, 0.0, 0.0
5.197763919830322, 0.0, 0.0, 0.0, 0.0, 0.0, 0.0
5.207794427871704, 0.0, 0.0, 0.0, 0.0, 0.0, 0.0
5.217753171920776, 0.0, 0.0, 0.0, 0.0, 0.0, 0.0
5.227763891220093, 0.0, 0.0, 0.0, 0.0, 0.0, 0.0
5.237769842147827, 0.0, 0.0, 0.0, 0.0, 0.0, 0.0
5.2477757930755615, 0.0, 0.0, 0.0, 0.0, 0.0, 0.0
5.257774591445923, 0.0, 0.0, 0.0, 0.0, 0.0, 0.0
5.267787218093872, 0.0, 0.0, 0.0, 0.0, 0.0, 0.0
5.27776837348938, 0.0, 0.0, 0.0, 0.0, 0.0, 0.0
5.287799596786499, 0.0, 0.0, 0.0, 0.0, 0.0, 0.0
5.29778790473938, 0.0, 0.0, 0.0, 0.0, 0.0, 0.0
5.307757377624512, 0.0, 0.0, 0.0, 0.0, 0.0, 0.0
5.31777286529541, 0.0, 0.0, 0.0, 0.0, 0.0, 0.0
5.32782244682312, 0.0, 0.0, 0.0, 0.0, 0.0, 0.0
5.337768077850342, 0.0, 0.0, 0.0, 0.0, 0.0, 0.0
5.347797632217407, 0.0, 0.0, 0.0, 0.0, 0.0, 0.0
5.35778284072876, 0.0, 0.0, 0.0, 0.0, 0.0, 0.0
5.367760419845581, 0.0, 0.0, 0.0, 0.0, 0.0, 0.0
5.377771854400635, 0.0, 0.0, 0.0, 0.0, 0.0, 0.0
5.387767791748047, 0.0, 0.0, 0.0, 0.0, 0.0, 0.0
5.397760629653931, 0.0, 0.0, 0.0, 0.0, 0.0, 0.0
5.4077558517456055, 0.0, 0.0, 0.0, 0.0, 0.0, 0.0
5.417762041091919, 0.0, 0.0, 0.0, 0.0, 0.0, 0.0
5.427779912948608, 0.0, 0.0, 0.0, 0.0, 0.0, 0.0
5.437781810760498, 0.0, 0.0, 0.0, 0.0, 0.0, 0.0
5.44776725769043, 0.0, 0.0, 0.0, 0.0, 0.0, 0.0
5.457770347595215, 0.0, 0.0, 0.0, 0.0, 0.0, 0.0
5.467769622802734, 0.0, 0.0, 0.0, 0.0, 0.0, 0.0
5.47777795791626, 0.0, 0.0, 0.0, 0.0, 0.0, 0.0
5.487761735916138, 0.0, 0.0, 0.0, 0.0, 0.0, 0.0
5.4977521896362305, 0.0, 0.0, 0.0, 0.0, 0.0, 0.0
5.507782936096191, 0.0, 0.0, 0.0, 0.0, 0.0, 0.0
5.517762660980225, 0.0, 0.0, 0.0, 0.0, 0.0, 0.0
5.527761459350586, 0.0, 0.0, 0.0, 0.0, 0.0, 0.0
5.537764549255371, 0.0, 0.0, 0.0, 0.0, 0.0, 0.0
5.547769546508789, 0.0, 0.0, 0.0, 0.0, 0.0, 0.0
5.557764053344727, 0.0, 0.0, 0.0, 0.0, 0.0, 0.0
5.56780743598938, 0.0, 0.0, 0.0, 0.0, 0.0, 0.0
5.577765941619873, 0.0, 0.0, 0.0, 0.0, 0.0, 0.0
5.587782621383667, 0.0, 0.0, 0.0, 0.0, 0.0, 0.0
5.597764730453491, 0.0, 0.0, 0.0, 0.0, 0.0, 0.0
5.607775688171387, 0.0, 0.0, 0.0, 0.0, 0.0, 0.0
5.617764949798584, 0.0, 0.0, 0.0, 0.0, 0.0, 0.0
5.627793788909912, 0.0, 0.0, 0.0, 0.0, 0.0, 0.0
5.637770891189575, 0.0, 0.0, 0.0, 0.0, 0.0, 0.0
5.6477954387664795, 0.0, 0.0, 0.0, 0.0, 0.0, 0.0
5.657764673233032, 0.0, 0.0, 0.0, 0.0, 0.0, 0.0
5.667785406112671, 0.0, 0.0, 0.0, 0.0, 0.0, 0.0
5.677757978439331, 0.0, 0.0, 0.0, 0.0, 0.0, 0.0
5.687764644622803, 0.0, 0.0, 0.0, 0.0, 0.0, 0.0
5.697797060012817, 0.0, 0.0, 0.0, 0.0, 0.0, 0.0
5.70775580406189, 0.0, 0.0, 0.0, 0.0, 0.0, 0.0
5.7177650928497314, 0.0, 0.0, 0.0, 0.0, 0.0, 0.0
5.727761745452881, 0.0, 0.0, 0.0, 0.0, 0.0, 0.0
5.737765550613403, 0.0, 0.0, 0.0, 0.0, 0.0, 0.0
5.747772455215454, 0.0, 0.0, 0.0, 0.0, 0.0, 0.0
5.757766485214233, 0.0, 0.0, 0.0, 0.0, 0.0, 0.0
5.767784833908081, 0.0, 0.0, 0.0, 0.0, 0.0, 0.0
5.777759313583374, 0.0, 0.0, 0.0, 0.0, 0.0, 0.0
5.787755966186523, 0.0, 0.0, 0.0, 0.0, 0.0, 0.0
5.797763109207153, 0.0, 0.0, 0.0, 0.0, 0.0, 0.0
5.807781219482422, 0.0, 0.0, 0.0, 0.0, 0.0, 0.0
5.817784547805786, 0.0, 0.0, 0.0, 0.0, 0.0, 0.0
5.827760457992554, 0.0, 0.0, 0.0, 0.0, 0.0, 0.0
5.837777137756348, 0.0, 0.0, 0.0, 0.0, 0.0, 0.0
5.84780216217041, 0.0, 0.0, 0.0, 0.0, 0.0, 0.0
5.85776424407959, 0.0, 0.0, 0.0, 0.0, 0.0, 0.0
5.867766618728638, 0.0, 0.0, 0.0, 0.0, 0.0, 0.0
5.87777042388916, 0.0, 0.0, 0.0, 0.0, 0.0, 0.0
5.8877575397491455, 0.0, 0.0, 0.0, 0.0, 0.0, 0.0
5.897801399230957, 0.0, 0.0, 0.0, 0.0, 0.0, 0.0
5.907809019088745, 0.0, 0.0, 0.0, 0.0, 0.0, 0.0
5.917766571044922, 0.0, 0.0, 0.0, 0.0, 0.0, 0.0
5.927779674530029, 0.0, 0.0, 0.0, 0.0, 0.0, 0.0
5.937763929367065, 0.0, 0.0, 0.0, 0.0, 0.0, 0.0
5.9477643966674805, 0.0, 0.0, 0.0, 0.0, 0.0, 0.0
5.957786560058594, 0.0, 0.0, 0.0, 0.0, 0.0, 0.0
5.967766523361206, 0.0, 0.0, 0.0, 0.0, 0.0, 0.0
5.977769374847412, 0.0, 0.0, 0.0, 0.0, 0.0, 0.0
5.987772226333618, 0.0, 0.0, 0.0, 0.0, 0.0, 0.0
5.997767925262451, 0.0, 0.0, 0.0, 0.0, 0.0, 0.0
6.007763147354126, 0.0, 0.0, 0.0, 0.0, 0.0, 0.0
6.017755746841431, 0.0, 0.0, 0.0, 0.0, 0.0, 0.0
6.027802228927612, 0.0, 0.0, 0.0, 0.0, 0.0, 0.0
6.037797927856445, 0.0, 0.0, 0.0, 0.0, 0.0, 0.0
6.047770738601685, 0.0, 0.0, 0.0, 0.0, 0.0, 0.0
6.057767629623413, 0.0, 0.0, 0.0, 0.0, 0.0, 0.0
6.067795991897583, 0.0, 0.0, 0.0, 0.0, 0.0, 0.0
6.077761650085449, 0.0, 0.0, 0.0, 0.0, 0.0, 0.0
6.087801456451416, 0.0, 0.0, 0.0, 0.0, 0.0, 0.0
6.097755670547485, 0.0, 0.0, 0.0, 0.0, 0.0, 0.0
6.107762813568115, 0.0, 0.0, 0.0, 0.0, 0.0, 0.0
6.1177709102630615, 0.0, 0.0, 0.0, 0.0, 0.0, 0.0
6.127773284912109, 0.0, 0.0, 0.0, 0.0, 0.0, 0.0
6.137775421142578, 0.0, 0.0, 0.0, 0.0, 0.0, 0.0
6.14779806137085, 0.0, 0.0, 0.0, 0.0, 0.0, 0.0
6.1577558517456055, 0.0, 0.0, 0.0, 0.0, 0.0, 0.0
6.167762041091919, 0.0, 0.0, 0.0, 0.0, 0.0, 0.0
6.177760124206543, 0.0, 0.0, 0.0, 0.0, 0.0, 0.0
6.1878015995025635, 0.0, 0.0, 0.0, 0.0, 0.0, 0.0
6.197750568389893, 0.0, 0.0, 0.0, 0.0, 0.0, 0.0
6.207768201828003, 0.0, 0.0, 0.0, 0.0, 0.0, 0.0
6.21776819229126, 0.0, 0.0, 0.0, 0.0, 0.0, 0.0
6.227776050567627, 0.0, 0.0, 0.0, 0.0, 0.0, 0.0
6.237762689590454, 0.0, 0.0, 0.0, 0.0, 0.0, 0.0
6.247754335403442, 0.0, 0.0, 0.0, 0.0, 0.0, 0.0
6.2577643394470215, 0.0, 0.0, 0.0, 0.0, 0.0, 0.0
6.2677648067474365, 0.0, 0.0, 0.0, 0.0, 0.0, 0.0
6.277772426605225, 0.0, 0.0, 0.0, 0.0, 0.0, 0.0
6.287758111953735, 0.0, 0.0, 0.0, 0.0, 0.0, 0.0
6.297759056091309, 0.0, 0.0, 0.0, 0.0, 0.0, 0.0
6.307772397994995, 0.0, 0.0, 0.0, 0.0, 0.0, 0.0
6.317770719528198, 0.0, 0.0, 0.0, 0.0, 0.0, 0.0
6.3277623653411865, 0.0, 0.0, 0.0, 0.0, 0.0, 0.0
6.337758779525757, 0.0, 0.0, 0.0, 0.0, 0.0, 0.0
6.347782373428345, 0.0, 0.0, 0.0, 0.0, 0.0, 0.0
6.357773780822754, 0.0, 0.0, 0.0, 0.0, 0.0, 0.0
6.367808103561401, 0.0, 0.0, 0.0, 0.0, 0.0, 0.0
6.377770185470581, 0.0, 0.0, 0.0, 0.0, 0.0, 0.0
6.387800693511963, 0.0, 0.0, 0.0, 0.0, 0.0, 0.0
6.3977580070495605, 0.0, 0.0, 0.0, 0.0, 0.0, 0.0
6.4077794551849365, 0.0, 0.0, 0.0, 0.0, 0.0, 0.0
6.417768955230713, 0.0, 0.0, 0.0, 0.0, 0.0, 0.0
6.4277660846710205, 0.0, 0.0, 0.0, 0.0, 0.0, 0.0
6.437762022018433, 0.0, 0.0, 0.0, 0.0, 0.0, 0.0
6.447760105133057, 0.0, 0.0, 0.0, 0.0, 0.0, 0.0
6.457767009735107, 0.0, 0.0, 0.0, 0.0, 0.0, 0.0
6.467774868011475, 0.0, 0.0, 0.0, 0.0, 0.0, 0.0
6.4777672290802, 0.0, 0.0, 0.0, 0.0, 0.0, 0.0
6.487790822982788, 0.0, 0.0, 0.0, 0.0, 0.0, 0.0
6.497788906097412, 0.0, 0.0, 0.0, 0.0, 0.0, 0.0
6.507795572280884, 0.0, 0.0, 0.0, 0.0, 0.0, 0.0
6.5177600383758545, 0.0, 0.0, 0.0, 0.0, 0.0, 0.0
6.52780294418335, 0.0, 0.0, 0.0, 0.0, 0.0, 0.0
6.537826299667358, 0.0, 0.0, 0.0, 0.0, 0.0, 0.0
6.54779314994812, 0.0, 0.0, 0.0, 0.0, 0.0, 0.0
6.5577638149261475, 0.0, 0.0, 0.0, 0.0, 0.0, 0.0
6.567765235900879, 0.0, 0.0, 0.0, 0.0, 0.0, 0.0
6.577762603759766, 0.0, 0.0, 0.0, 0.0, 0.0, 0.0
6.587802171707153, 0.0, 0.0, 0.0, 0.0, 0.0, 0.0
6.597766399383545, 0.0, 0.0, 0.0, 0.0, 0.0, 0.0
6.607800483703613, 0.0, 0.0, 0.0, 0.0, 0.0, 0.0
6.6177544593811035, 0.0, 0.0, 0.0, 0.0, 0.0, 0.0
6.627758264541626, 0.0, 0.0, 0.0, 0.0, 0.0, 0.0
6.637787342071533, 0.0, 0.0, 0.0, 0.0, 0.0, 0.0
6.6477885246276855, 0.0, 0.0, 0.0, 0.0, 0.0, 0.0
6.6577699184417725, 0.0, 0.0, 0.0, 0.0, 0.0, 0.0
6.667752742767334, 0.0, 0.0, 0.0, 0.0, 0.0, 0.0
6.677760362625122, 0.0, 0.0, 0.0, 0.0, 0.0, 0.0
6.687779664993286, 0.0, 0.0, 0.0, 0.0, 0.0, 0.0
6.697761535644531, 0.0, 0.0, 0.0, 0.0, 0.0, 0.0
6.7077882289886475, 0.0, 0.0, 0.0, 0.0, 0.0, 0.0
6.717772722244263, 0.0, 0.0, 0.0, 0.0, 0.0, 0.0
6.7277748584747314, 0.0, 0.0, 0.0, 0.0, 0.0, 0.0
6.7377705574035645, 0.0, 0.0, 0.0, 0.0, 0.0, 0.0
6.747747421264648, 0.0, 0.0, 0.0, 0.0, 0.0, 0.0
6.757763624191284, 0.0, 0.0, 0.0, 0.0, 0.0, 0.0
6.767761707305908, 0.0, 0.0, 0.0, 0.0, 0.0, 0.0
6.777762174606323, 0.0, 0.0, 0.0, 0.0, 0.0, 0.0
6.787792205810547, 0.0, 0.0, 0.0, 0.0, 0.0, 0.0
6.797764778137207, 0.0, 0.0, 0.0, 0.0, 0.0, 0.0
6.807767391204834, 0.0, 0.0, 0.0, 0.0, 0.0, 0.0
6.817778587341309, 0.0, 0.0, 0.0, 0.0, 0.0, 0.0
6.827786684036255, 0.0, 0.0, 0.0, 0.0, 0.0, 0.0
6.837796211242676, 0.0, 0.0, 0.0, 0.0, 0.0, 0.0
6.847790718078613, 0.0, 0.0, 0.0, 0.0, 0.0, 0.0
6.8577659130096436, 0.0, 0.0, 0.0, 0.0, 0.0, 0.0
6.867770195007324, 0.0, 0.0, 0.0, 0.0, 0.0, 0.0
6.877773284912109, 0.0, 0.0, 0.0, 0.0, 0.0, 0.0
6.8877856731414795, 0.0, 0.0, 0.0, 0.0, 0.0, 0.0
6.897783279418945, 0.0, 0.0, 0.0, 0.0, 0.0, 0.0
6.90775465965271, 0.0, 0.0, 0.0, 0.0, 0.0, 0.0
6.917752265930176, 0.0, 0.0, 0.0, 0.0, 0.0, 0.0
6.92779541015625, 0.0, 0.0, 0.0, 0.0, 0.0, 0.0
6.937763452529907, 0.0, 0.0, 0.0, 0.0, 0.0, 0.0
6.947766065597534, 0.0, 0.0, 0.0, 0.0, 0.0, 0.0
6.957770109176636, 0.0, 0.0, 0.0, 0.0, 0.0, 0.0
6.967772483825684, 0.0, 0.0, 0.0, 0.0, 0.0, 0.0
6.97776985168457, 0.0, 0.0, 0.0, 0.0, 0.0, 0.0
6.987761735916138, 0.0, 0.0, 0.0, 0.0, 0.0, 0.0
6.99775505065918, 0.0, 0.0, 0.0, 0.0, 0.0, 0.0
7.007766246795654, 0.0, 0.0, 0.0, 0.0, 0.0, 0.0
7.017767906188965, 0.0, 0.0, 0.0, 0.0, 0.0, 0.0
7.027810335159302, 0.0, 0.0, 0.0, 0.0, 0.0, 0.0
7.037782430648804, 0.0, 0.0, 0.0, 0.0, 0.0, 0.0
7.0477893352508545, 0.0, 0.0, 0.0, 0.0, 0.0, 0.0
7.057769775390625, 0.0, 0.0, 0.0, 0.0, 0.0, 0.0
7.067770957946777, 0.0, 0.0, 0.0, 0.0, 0.0, 0.0
7.0777747631073, 0.0, 0.0, 0.0, 0.0, 0.0, 0.0
7.087753772735596, 0.0, 0.0, 0.0, 0.0, 0.0, 0.0
7.097765684127808, 0.0, 0.0, 0.0, 0.0, 0.0, 0.0
7.107783794403076, 0.0, 0.0, 0.0, 0.0, 0.0, 0.0
7.117767810821533, 0.0, 0.0, 0.0, 0.0, 0.0, 0.0
7.12776517868042, 0.0, 0.0, 0.0, 0.0, 0.0, 0.0
7.137779235839844, 0.0, 0.0, 0.0, 0.0, 0.0, 0.0
7.147804498672485, 0.0, 0.0, 0.0, 0.0, 0.0, 0.0
7.157759666442871, 0.0, 0.0, 0.0, 0.0, 0.0, 0.0
7.167768716812134, 0.0, 0.0, 0.0, 0.0, 0.0, 0.0
7.177792549133301, 0.0, 0.0, 0.0, 0.0, 0.0, 0.0
7.18777871131897, 0.0, 0.0, 0.0, 0.0, 0.0, 0.0
7.197779178619385, 0.0, 0.0, 0.0, 0.0, 0.0, 0.0
7.207763671875, 0.0, 0.0, 0.0, 0.0, 0.0, 0.0
7.217784881591797, 0.0, 0.0, 0.0, 0.0, 0.0, 0.0
7.227763891220093, 0.0, 0.0, 0.0, 0.0, 0.0, 0.0
7.237772464752197, 0.0, 0.0, 0.0, 0.0, 0.0, 0.0
7.247761487960815, 0.0, 0.0, 0.0, 0.0, 0.0, 0.0
7.2577619552612305, 0.0, 0.0, 0.0, 0.0, 0.0, 0.0
7.267793655395508, 0.0, 0.0, 0.0, 0.0, 0.0, 0.0
7.277773141860962, 0.0, 0.0, 0.0, 0.0, 0.0, 0.0
7.28778862953186, 0.0, 0.0, 0.0, 0.0, 0.0, 0.0
7.29777193069458, 0.0, 0.0, 0.0, 0.0, 0.0, 0.0
7.3077709674835205, 0.0, 0.0, 0.0, 0.0, 0.0, 0.0
7.3177549839019775, 0.0, 0.0, 0.0, 0.0, 0.0, 0.0
7.327791213989258, 0.0, 0.0, 0.0, 0.0, 0.0, 0.0
7.3377721309661865, 0.0, 0.0, 0.0, 0.0, 0.0, 0.0
7.3477983474731445, 0.0, 0.0, 0.0, 0.0, 0.0, 0.0
7.357755422592163, 0.0, 0.0, 0.0, 0.0, 0.0, 0.0
7.367792367935181, 0.0, 0.0, 0.0, 0.0, 0.0, 0.0
7.3777549266815186, 0.0, 0.0, 0.0, 0.0, 0.0, 0.0
7.3877646923065186, 0.0, 0.0, 0.0, 0.0, 0.0, 0.0
7.397759675979614, 0.0, 0.0, 0.0, 0.0, 0.0, 0.0
7.40776801109314, 0.0, 0.0, 0.0, 0.0, 0.0, 0.0
7.417778730392456, 0.0, 0.0, 0.0, 0.0, 0.0, 0.0
7.427809238433838, 0.0, 0.0, 0.0, 0.0, 0.0, 0.0
7.4377806186676025, 0.0, 0.0, 0.0, 0.0, 0.0, 0.0
7.447760820388794, 0.0, 0.0, 0.0, 0.0, 0.0, 0.0
7.457767724990845, 0.0, 0.0, 0.0, 0.0, 0.0, 0.0
7.467767238616943, 0.0, 0.0, 0.0, 0.0, 0.0, 0.0
7.477755308151245, 0.0, 0.0, 0.0, 0.0, 0.0, 0.0
7.487793445587158, 0.0, 0.0, 0.0, 0.0, 0.0, 0.0
7.497774839401245, 0.0, 0.0, 0.0, 0.0, 0.0, 0.0
7.507763862609863, 0.0, 0.0, 0.0, 0.0, 0.0, 0.0
7.5177695751190186, 0.0, 0.0, 0.0, 0.0, 0.0, 0.0
7.527751445770264, 0.0, 0.0, 0.0, 0.0, 0.0, 0.0
7.537752389907837, 0.0, 0.0, 0.0, 0.0, 0.0, 0.0
7.547753810882568, 0.0, 0.0, 0.0, 0.0, 0.0, 0.0
7.557789325714111, 0.0, 0.0, 0.0, 0.0, 0.0, 0.0
7.567763566970825, 0.0, 0.0, 0.0, 0.0, 0.0, 0.0
7.577770233154297, 0.0, 0.0, 0.0, 0.0, 0.0, 0.0
7.58776593208313, 0.0, 0.0, 0.0, 0.0, 0.0, 0.0
7.5977699756622314, 0.0, 0.0, 0.0, 0.0, 0.0, 0.0
7.6077985763549805, 0.0, 0.0, 0.0, 0.0, 0.0, 0.0
7.617791175842285, 0.0, 0.0, 0.0, 0.0, 0.0, 0.0
7.627765893936157, 0.0, 0.0, 0.0, 0.0, 0.0, 0.0
7.6377739906311035, 0.0, 0.0, 0.0, 0.0, 0.0, 0.0
7.647766351699829, 0.0, 0.0, 0.0, 0.0, 0.0, 0.0
7.657783031463623, 0.0, 0.0, 0.0, 0.0, 0.0, 0.0
7.667757511138916, 0.0, 0.0, 0.0, 0.0, 0.0, 0.0
7.677760124206543, 0.0, 0.0, 0.0, 0.0, 0.0, 0.0
7.687801122665405, 0.0, 0.0, 0.0, 0.0, 0.0, 0.0
7.697763204574585, 0.0, 0.0, 0.0, 0.0, 0.0, 0.0
7.707765817642212, 0.0, 0.0, 0.0, 0.0, 0.0, 0.0
7.7177979946136475, 0.0, 0.0, 0.0, 0.0, 0.0, 0.0
7.727765798568726, 0.0, 0.0, 0.0, 0.0, 0.0, 0.0
7.737765312194824, 0.0, 0.0, 0.0, 0.0, 0.0, 0.0
7.747774124145508, 0.0, 0.0, 0.0, 0.0, 0.0, 0.0
7.757761478424072, 0.0, 0.0, 0.0, 0.0, 0.0, 0.0
7.767775297164917, 0.0, 0.0, 0.0, 0.0, 0.0, 0.0
7.777757883071899, 0.0, 0.0, 0.0, 0.0, 0.0, 0.0
7.787713527679443, 0.0, 0.0, 0.0, 0.0, 0.0, 0.0
7.797755718231201, 0.0, 0.0, 0.0, 0.0, 0.0, 0.0
7.807793617248535, 0.0, 0.0, 0.0, 0.0, 0.0, 0.0
7.8177807331085205, 0.0, 0.0, 0.0, 0.0, 0.0, 0.0
7.827771902084351, 0.0, 0.0, 0.0, 0.0, 0.0, 0.0
7.837775468826294, 0.0, 0.0, 0.0, 0.0, 0.0, 0.0
7.8477654457092285, 0.0, 0.0, 0.0, 0.0, 0.0, 0.0
7.85779070854187, 0.0, 0.0, 0.0, 0.0, 0.0, 0.0
7.867760896682739, 0.0, 0.0, 0.0, 0.0, 0.0, 0.0
7.877763509750366, 0.0, 0.0, 0.0, 0.0, 0.0, 0.0
7.887768983840942, 0.0, 0.0, 0.0, 0.0, 0.0, 0.0
7.897759914398193, 0.0, 0.0, 0.0, 0.0, 0.0, 0.0
7.907780885696411, 0.0, 0.0, 0.0, 0.0, 0.0, 0.0
7.917765140533447, 0.0, 0.0, 0.0, 0.0, 0.0, 0.0
7.927756309509277, 0.0, 0.0, 0.0, 0.0, 0.0, 0.0
7.937769412994385, 0.0, 0.0, 0.0, 0.0, 0.0, 0.0
7.947790145874023, 0.0, 0.0, 0.0, 0.0, 0.0, 0.0
7.957760334014893, 0.0, 0.0, 0.0, 0.0, 0.0, 0.0
7.967813968658447, 0.0, 0.0, 0.0, 0.0, 0.0, 0.0
7.977776050567627, 0.0, 0.0, 0.0, 0.0, 0.0, 0.0
7.987773180007935, 0.0, 0.0, 0.0, 0.0, 0.0, 0.0
7.997774124145508, 0.0, 0.0, 0.0, 0.0, 0.0, 0.0
8.007771730422974, 0.0, 0.0, 0.0, 0.0, 0.0, 0.0
8.017775774002075, 0.0, 0.0, 0.0, 0.0, 0.0, 0.0
8.027798891067505, 0.0, 0.0, 0.0, 0.0, 0.0, 0.0
8.037762880325317, 0.0, 0.0, 0.0, 0.0, 0.0, 0.0
8.04776382446289, 0.0, 0.0, 0.0, 0.0, 0.0, 0.0
8.057772397994995, 0.0, 0.0, 0.0, 0.0, 0.0, 0.0
8.067760944366455, 0.0, 0.0, 0.0, 0.0, 0.0, 0.0
8.077830076217651, 0.0, 0.0, 0.0, 0.0, 0.0, 0.0
8.087795495986938, 0.0, 0.0, 0.0, 0.0, 0.0, 0.0
8.097761869430542, 0.0, 0.0, 0.0, 0.0, 0.0, 0.0
8.107768535614014, 0.0, 0.0, 0.0, 0.0, 0.0, 0.0
8.117762327194214, 0.0, 0.0, 0.0, 0.0, 0.0, 0.0
8.127764701843262, 0.0, 0.0, 0.0, 0.0, 0.0, 0.0
8.13777494430542, 0.0, 0.0, 0.0, 0.0, 0.0, 0.0
8.147767066955566, 0.0, 0.0, 0.0, 0.0, 0.0, 0.0
8.157780647277832, 0.0, 0.0, 0.0, 0.0, 0.0, 0.0
8.167787075042725, 0.0, 0.0, 0.0, 0.0, 0.0, 0.0
8.177778720855713, 0.0, 0.0, 0.0, 0.0, 0.0, 0.0
8.18777847290039, 0.0, 0.0, 0.0, 0.0, 0.0, 0.0
8.19779896736145, 0.0, 0.0, 0.0, 0.0, 0.0, 0.0
8.207765579223633, 0.0, 0.0, 0.0, 0.0, 0.0, 0.0
8.217759847640991, 0.0, 0.0, 0.0, 0.0, 0.0, 0.0
8.227796792984009, 0.0, 0.0, 0.0, 0.0, 0.0, 0.0
8.23777985572815, 0.0, 0.0, 0.0, 0.0, 0.0, 0.0
8.247776985168457, 0.0, 0.0, 0.0, 0.0, 0.0, 0.0
8.257770538330078, 0.0, 0.0, 0.0, 0.0, 0.0, 0.0
8.26779556274414, 0.0, 0.0, 0.0, 0.0, 0.0, 0.0
8.277789831161499, 0.0, 0.0, 0.0, 0.0, 0.0, 0.0
8.287765741348267, 0.0, 0.0, 0.0, 0.0, 0.0, 0.0
8.297778606414795, 0.0, 0.0, 0.0, 0.0, 0.0, 0.0
8.307766199111938, 0.0, 0.0, 0.0, 0.0, 0.0, 0.0
8.317763805389404, 0.0, 0.0, 0.0, 0.0, 0.0, 0.0
8.327768087387085, 0.0, 0.0, 0.0, 0.0, 0.0, 0.0
8.337774276733398, 0.0, 0.0, 0.0, 0.0, 0.0, 0.0
8.347813367843628, 0.0, 0.0, 0.0, 0.0, 0.0, 0.0
8.357762813568115, 0.0, 0.0, 0.0, 0.0, 0.0, 0.0
8.367786169052124, 0.0, 0.0, 0.0, 0.0, 0.0, 0.0
8.377762079238892, 0.0, 0.0, 0.0, 0.0, 0.0, 0.0
8.387771844863892, 0.0, 0.0, 0.0, 0.0, 0.0, 0.0
8.397776126861572, 0.0, 0.0, 0.0, 0.0, 0.0, 0.0
8.407759189605713, 0.0, 0.0, 0.0, 0.0, 0.0, 0.0
