3.5762786865234375e-06, 0.0, 0.0, 0.0, 0.0, 0.0, 0.0
7.390975952148438e-05, 0.0, 0.0, 0.0, 0.0, 0.0, 0.0
0.009965658187866211, 0.0, 0.0, 0.0, 0.0, 0.0, 0.0
0.019999265670776367, 0.0, 0.0, 0.0, 0.0, 0.0, 0.0
0.029999256134033203, 0.0, 0.0, 0.0, 0.0, 0.0, 0.0
0.04002809524536133, 0.0, 0.0, 0.0, 0.0, 0.0, 0.0
0.04999971389770508, 0.0, 0.0, 0.0, 0.0, 0.0, 0.0
0.0600583553314209, 0.0, 0.0, 0.0, 0.0, 0.0, 0.0
0.0700836181640625, 0.0, 0.0, 0.0, 0.0, 0.0, 0.0
0.08018159866333008, 0.0, 0.0, 0.0, 0.0, 0.0, 0.0
0.09008669853210449, 0.0, 0.0, 0.0, 0.0, 0.0, 0.0
0.1001746654510498, 0.0, 0.0, 0.0, 0.0, 0.0, 0.0
0.11016297340393066, 0.0, 0.0, 0.0, 0.0, 0.0, 0.0
0.12013816833496094, 0.0, 0.0, 0.0, 0.0, 0.0, 0.0
0.13007879257202148, 0.0, 0.0, 0.0, 0.0, 0.0, 0.0
0.1401667594909668, 0.0, 0.0, 0.0, 0.0, 0.0, 0.0
0.15007567405700684, 0.0, 0.0, 0.0, 0.0, 0.0, 0.0
0.160064697265625, 0.0, 0.0, 0.0, 0.0, 0.0, 0.0
0.17006468772888184, 0.0, 0.0, 0.0, 0.0, 0.0, 0.0
0.18009185791015625, 0.0, 0.0, 0.0, 0.0, 0.0, 0.0
0.1900167465209961, 0.0, 0.0, 0.0, 0.0, 0.0, 0.0
0.20003151893615723, 0.0, 0.0, 0.0, 0.0, 0.0, 0.0
0.21004128456115723, 0.0, 0.0, 0.0, 0.0, 0.0, 0.0
0.2200930118560791, 0.0, 0.0, 0.0, 0.0, 0.0, 0.0
0.23010778427124023, 0.0, 0.0, 0.0, 0.0, 0.0, 0.0
0.2400050163269043, 0.0, 0.0, 0.0, 0.0, 0.0, 0.0
0.250044584274292, 0.0, 0.0, 0.0, 0.0, 0.0, 0.0
0.26009607315063477, 0.0, 0.0, 0.0, 0.0, 0.0, 0.0
0.2700486183166504, 0.0, 0.0, 0.0, 0.0, 0.0, 0.0
0.2800455093383789, 0.0, 0.0, 0.0, 0.0, 0.0, 0.0
0.29001474380493164, 0.0, 0.0, 0.0, 0.0, 0.0, 0.0
0.30004286766052246, 0.0, 0.0, 0.0, 0.0, 0.0, 0.0
0.3100264072418213, 0.0, 0.0, 0.0, 0.0, 0.0, 0.0
0.320065975189209, 0.0, 0.0, 0.0, 0.0, 0.0, 0.0
0.3300325870513916, 0.0, 0.0, 0.0, 0.0, 0.0, 0.0
0.34012913703918457, 0.0, 0.0, 0.0, 0.0, 0.0, 0.0
0.3500797748565674, 0.0, 0.0, 0.0, 0.0, 0.0, 0.0
0.3600938320159912, 0.0, 0.0, 0.0, 0.0, 0.0, 0.0
0.3700714111328125, 0.0, 0.0, 0.0, 0.0, 0.0, 0.0
0.38011837005615234, 0.0, 0.0, 0.0, 0.0, 0.0, 0.0
0.3900792598724365, 0.0, 0.0, 0.0, 0.0, 0.0, 0.0
0.4001610279083252, 0.0, 0.0, 0.0, 0.0, 0.0, 0.0
0.410175085067749, 0.0, 0.0, 0.0, 0.0, 0.0, 0.0
0.42008471488952637, 0.0, 0.0, 0.0, 0.0, 0.0, 0.0
0.42999792098999023, 0.0, 0.0, 0.0, 0.0, 0.0, 0.0
0.4400618076324463, 0.0, 0.0, 0.0, 0.0, 0.0, 0.0
0.4500584602355957, 0.0, 0.0, 0.0, 0.0, 0.0, 0.0
0.4601404666900635, 0.0, 0.0, 0.0, 0.0, 0.0, 0.0
0.4700582027435303, 0.0, 0.0, 0.0, 0.0, 0.0, 0.0
0.4801046848297119, 0.0, 0.0, 0.0, 0.0, 0.0, 0.0
0.4900984764099121, 0.0, 0.0, 0.0, 0.0, 0.0, 0.0
0.500084400177002, 0.0, 0.0, 0.0, 0.0, 0.0, 0.0
0.5100815296173096, 0.0, 0.0, 0.0, 0.0, 0.0, 0.0
0.5201008319854736, 0.0, 0.0, 0.0, 0.0, 0.0, 0.0
0.5300233364105225, 0.0, 0.0, 0.0, 0.0, 0.0, 0.0
0.5399947166442871, 0.0, 0.0, 0.0, 0.0, 0.0, 0.0
0.5499951839447021, 0.0, 0.0, 0.0, 0.0, 0.0, 0.0
0.560023307800293, 0.0, 0.0, 0.0, 0.0, 0.0, 0.0
0.5700113773345947, 0.0, 0.0, 0.0, 0.0, 0.0, 0.0
0.5800166130065918, 0.0, 0.0, 0.0, 0.0, 0.0, 0.0
0.5900363922119141, 0.0, 0.0, 0.0, 0.0, 0.0, 0.0
0.6000478267669678, 0.0, 0.0, 0.0, 0.0, 0.0, 0.0
0.6100199222564697, 0.0, 0.0, 0.0, 0.0, 0.0, 0.0
0.6200821399688721, 0.0, 0.0, 0.0, 0.0, 0.0, 0.0
0.6299827098846436, 0.0, 0.0, 0.0, 0.0, 0.0, 0.0
0.6401138305664062, 0.0, 0.0, 0.0, 0.0, 0.0, 0.0
0.6500527858734131, 0.0, 0.0, 0.0, 0.0, 0.0, 0.0
0.6600522994995117, 0.0, 0.0, 0.0, 0.0, 0.0, 0.0
0.6700360774993896, 0.0, 0.0, 0.0, 0.0, 0.0, 0.0
0.6800649166107178, 0.0, 0.0, 0.0, 0.0, 0.0, 0.0
0.6900105476379395, 0.0, 0.0, 0.0, 0.0, 0.0, 0.0
0.7000586986541748, 0.0, 0.0, 0.0, 0.0, 0.0, 0.0
0.7100739479064941, 0.0, 0.0, 0.0, 0.0, 0.0, 0.0
0.7201323509216309, 0.0, 0.0, 0.0, 0.0, 0.0, 0.0
0.7301058769226074, 0.0, 0.0, 0.0, 0.0, 0.0, 0.0
0.7401430606842041, 0.0, 0.0, 0.0, 0.0, 0.0, 0.0
0.7500638961791992, 0.0, 0.0, 0.0, 0.0, 0.0, 0.0
0.7600979804992676, 0.0, 0.0, 0.0, 0.0, 0.0, 0.0
0.7700426578521729, 0.0, 0.0, 0.0, 0.0, 0.0, 0.0
0.7800884246826172, 0.0, 0.0, 0.0, 0.0, 0.0, 0.0
0.7900705337524414, 0.0, 0.0, 0.0, 0.0, 0.0, 0.0
0.8000795841217041, 0.0, 0.0, 0.0, 0.0, 0.0, 0.0
0.8101034164428711, 0.0, 0.0, 0.0, 0.0, 0.0, 0.0
0.820155143737793, 0.0, 0.0, 0.0, 0.0, 0.0, 0.0
0.8300790786743164, 0.0, 0.0, 0.0, 0.0, 0.0, 0.0
0.8400454521179199, 0.0, 0.0, 0.0, 0.0, 0.0, 0.0
0.8500094413757324, 0.0, 0.0, 0.0, 0.0, 0.0, 0.0
0.8600375652313232, 0.0, 0.0, 0.0, 0.0, 0.0, 0.0
0.8699989318847656, 0.0, 0.0, 0.0, 0.0, 0.0, 0.0
0.8800396919250488, 0.0, 0.0, 0.0, 0.0, 0.0, 0.0
0.8899686336517334, 0.0, 0.0, 0.0, 0.0, 0.0, 0.0
0.9000818729400635, 0.0, 0.0, 0.0, 0.0, 0.0, 0.0
0.9101207256317139, 0.0, 0.0, 0.0, 0.0, 0.0, 0.0
0.9200725555419922, 0.0, 0.0, 0.0, 0.0, 0.0, 0.0
0.9300270080566406, 0.0, 0.0, 0.0, 0.0, 0.0, 0.0
0.9400358200073242, 0.0, 0.0, 0.0, 0.0, 0.0, 0.0
0.9500658512115479, 0.0, 0.0, 0.0, 0.0, 0.0, 0.0
0.9600331783294678, 0.0, 0.0, 0.0, 0.0, 0.0, 0.0
0.9699704647064209, 0.0, 0.0, 0.0, 0.0, 0.0, 0.0
0.9800724983215332, 0.0, 0.0, 0.0, 0.0, 0.0, 0.0
0.9900143146514893, 0.0, 0.0, 0.0, 0.0, 0.0, 0.0
1.0000267028808594, 0.0, 0.0, 0.0, 0.0, 0.0, 0.0
1.00999116897583, 0.0, 0.0, 0.0, 0.0, 0.0, 0.0
1.0200202465057373, 0.0, 0.0, 0.0, 0.0, 0.0, 0.0
1.0300276279449463, 0.0, 0.0, 0.0, 0.0, 0.0, 0.0
1.0400261878967285, 0.0, 0.0, 0.0, 0.0, 0.0, 0.0
1.0500123500823975, 0.0, 0.0, 0.0, 0.0, 0.0, 0.0
1.0600559711456299, 0.0, 0.0, 0.0, 0.0, 0.0, 0.0
1.070082664489746, 0.0, 0.0, 0.0, 0.0, 0.0, 0.0
1.080085039138794, 0.0, 0.0, 0.0, 0.0, 0.0, 0.0
1.0900168418884277, 0.0, 0.0, 0.0, 0.0, 0.0, 0.0
1.1001131534576416, 0.0, 0.0, 0.0, 0.0, 0.0, 0.0
1.110065221786499, 0.0, 0.0, 0.0, 0.0, 0.0, 0.0
1.12007474899292, 0.0, 0.0, 0.0, 0.0, 0.0, 0.0
1.1300489902496338, 0.0, 0.0, 0.0, 0.0, 0.0, 0.0
1.1401009559631348, 0.0, 0.0, 0.0, 0.0, 0.0, 0.0
1.1500799655914307, 0.0, 0.0, 0.0, 0.0, 0.0, 0.0
1.1600580215454102, 0.0, 0.0, 0.0, 0.0, 0.0, 0.0
1.1700637340545654, 0.0, 0.0, 0.0, 0.0, 0.0, 0.0
1.18007493019104, 0.0, 0.0, 0.0, 0.0, 0.0, 0.0
1.1900546550750732, 0.0, 0.0, 0.0, 0.0, 0.0, 0.0
1.2000772953033447, 0.0, 0.0, 0.0, 0.0, 0.0, 0.0
1.2100369930267334, 0.0, 0.0, 0.0, 0.0, 0.0, 0.0
1.2200613021850586, 0.0, 0.0, 0.0, 0.0, 0.0, 0.0
1.2300028800964355, 0.0, 0.0, 0.0, 0.0, 0.0, 0.0
1.240079402923584, 0.0, 0.0, 0.0, 0.0, 0.0, 0.0
1.2500452995300293, 0.0, 0.0, 0.0, 0.0, 0.0, 0.0
1.2600314617156982, 0.0, 0.0, 0.0, 0.0, 0.0, 0.0
1.2699944972991943, 0.0, 0.0, 0.0, 0.0, 0.0, 0.0
1.2800049781799316, 0.0, 0.0, 0.0, 0.0, 0.0, 0.0
1.2899699211120605, 0.0, 0.0, 0.0, 0.0, 0.0, 0.0
1.299997329711914, 0.0, 0.0, 0.0, 0.0, 0.0, 0.0
1.3100197315216064, 0.0, 0.0, 0.0, 0.0, 0.0, 0.0
1.3199965953826904, 0.0, 0.0, 0.0, 0.0, 0.0, 0.0
1.3300228118896484, 0.0, 0.0, 0.0, 0.0, 0.0, 0.0
1.3400578498840332, 0.0, 0.0, 0.0, 0.0, 0.0, 0.0
1.350024938583374, 0.0, 0.0, 0.0, 0.0, 0.0, 0.0
1.3600554466247559, 0.0, 0.0, 0.0, 0.0, 0.0, 0.0
1.370020866394043, 0.0, 0.0, 0.0, 0.0, 0.0, 0.0
1.3800137042999268, 0.0, 0.0, 0.0, 0.0, 0.0, 0.0
1.38999605178833, 0.0, 0.0, 0.0, 0.0, 0.0, 0.0
1.40004301071167, 0.0, 0.0, 0.0, 0.0, 0.0, 0.0
1.4099900722503662, 0.0, 0.0, 0.0, 0.0, 0.0, 0.0
1.420008897781372, 0.0, 0.0, 0.0, 0.0, 0.0, 0.0
1.4299955368041992, 0.0, 0.0, 0.0, 0.0, 0.0, 0.0
1.4400532245635986, 0.0, 0.0, 0.0, 0.0, 0.0, 0.0
1.4500021934509277, 0.0, 0.0, 0.0, 0.0, 0.0, 0.0
1.460115909576416, 0.0, 0.0, 0.0, 0.0, 0.0, 0.0
1.4699888229370117, 0.0, 0.0, 0.0, 0.0, 0.0, 0.0
1.480053186416626, 0.0, 0.0, 0.0, 0.0, 0.0, 0.0
1.4899847507476807, 0.0, 0.0, 0.0, 0.0, 0.0, 0.0
1.4999909400939941, 0.8872972726821899, 56.31100845336914, 1.422563910484314, 90.28091430664062, 0.0, 0.0
1.5100054740905762, 0.8872972726821899, 56.31100845336914, 1.422563910484314, 90.28091430664062, 0.0, 0.0
1.5199875831604004, 0.8872972726821899, 0.0, 1.424803614616394, 0.10907462239265442, 0.0, 0.0
1.5299959182739258, 0.8872972726821899, 0.0, 1.424803614616394, 0.10907462239265442, 0.0, 0.0
1.5400376319885254, 0.8872972726821899, 0.0, 1.424803614616394, 0.10907462239265442, 0.0, 0.0
1.5500085353851318, 0.8872972726821899, 0.0, 1.4298677444458008, 0.184437096118927, 0.0, 0.0
1.5599970817565918, 0.8872972726821899, 0.0, 1.4269331693649292, -0.3083261549472809, 0.0, 0.0
1.5699853897094727, 0.8872972726821899, 0.0, 1.4269331693649292, -0.3083261549472809, 0.0, 0.0
1.580005407333374, 0.8872972726821899, 0.0, 1.4269331693649292, -0.3083261549472809, 0.0, 0.0
1.5899972915649414, 0.8872972726821899, 0.0, 1.4269331693649292, -0.3083261549472809, 0.0, 0.0
1.5999882221221924, 0.8872972726821899, 0.0, 1.4276273250579834, 0.017152413725852966, 0.0, 0.0
1.6099932193756104, 0.8872972726821899, 0.0, 1.4276273250579834, 0.017152413725852966, 0.0, 0.0
1.6199965476989746, 0.8872972726821899, 0.0, 1.4276273250579834, 0.017152413725852966, 0.0, 0.0
1.6300048828125, 0.8872972726821899, 0.0, 1.4276273250579834, 0.017152413725852966, 0.0, 0.0
1.6400058269500732, 0.8872972726821899, 0.0, 1.4280740022659302, 0.01269506849348545, 0.0, 0.0
1.6500003337860107, 0.8872972726821899, 0.0, 1.4282240867614746, 0.009698866866528988, 0.0, 0.0
1.6599998474121094, 0.8872972726821899, 0.0, 1.4282240867614746, 0.009698866866528988, 0.0, 0.0
1.6699979305267334, 0.8872972726821899, 0.0, 1.4252907037734985, -0.1581798940896988, 0.0, 0.0
1.679994821548462, 0.8872972726821899, 0.0, 1.4289984703063965, 0.7691932320594788, 0.0, 0.0
1.6899945735931396, 0.8872972726821899, 0.0, 1.4262295961380005, -0.29677799344062805, 0.0, 0.0
1.7000126838684082, 0.8872972726821899, 0.0, 1.4216392040252686, -0.3395662307739258, 0.0, 0.0
1.7100133895874023, 0.8872972726821899, 0.0, 1.4216392040252686, -0.3395662307739258, 0.0, 0.0
1.720022201538086, 0.8872972726821899, 0.0, 1.4244953393936157, 0.11153806000947952, 0.0, 0.0
1.7300074100494385, 0.8872972726821899, 0.0, 1.4244953393936157, 0.11153806000947952, 0.0, 0.0
1.7400195598602295, 0.8872972726821899, 0.0, 1.4255074262619019, 0.055685512721538544, 0.0, 0.0
1.7500243186950684, 0.8872972726821899, 0.0, 1.427681803703308, 0.4015723466873169, 0.0, 0.0
1.7599995136260986, 0.8872972726821899, 0.0, 1.4238444566726685, 1.073636770248413, 0.0, 0.0
1.7700059413909912, 0.8872972726821899, 0.0, 1.4265801906585693, 0.27317866683006287, 0.0, 0.0
1.7800462245941162, 0.8872972726821899, 0.0, 1.4288959503173828, 0.43951815366744995, 0.0, 0.0
1.7900159358978271, 0.8872972726821899, 0.0, 1.425728678703308, -0.30026957392692566, 0.0, 0.0
1.800004243850708, 0.8872972726821899, 0.0, 1.4264618158340454, 0.04984588176012039, 0.0, 0.0
1.8100287914276123, 0.8872972726821899, 0.0, 1.4264618158340454, 0.04984588176012039, 0.0, 0.0
1.8200597763061523, 0.8872972726821899, 0.0, 1.4264618158340454, 0.04984588176012039, 0.0, 0.0
1.8299939632415771, 0.8872972726821899, 0.0, 1.426468014717102, -0.9572581648826599, 0.0, 0.0
1.840038776397705, 0.8872972726821899, 0.0, 1.426468014717102, -0.9572581648826599, 0.0, 0.0
1.8500041961669922, 0.8872972726821899, 0.0, 1.426468014717102, -0.9572581648826599, 0.0, 0.0
1.860013484954834, 0.8872972726821899, 0.0, 1.4237275123596191, -0.11362958699464798, 0.0, 0.0
1.870004415512085, 0.8872972726821899, 0.0, 1.4245848655700684, -0.6495938301086426, 0.0, 0.0
1.8800380229949951, 0.8872972726821899, 0.0, 1.4245848655700684, -0.6495938301086426, 0.0, 0.0
1.8900084495544434, 0.8872972726821899, 0.0, 1.4245848655700684, -0.6495938301086426, 0.0, 0.0
1.9000089168548584, 0.8872972726821899, 0.0, 1.426986813545227, 0.08192528039216995, 0.0, 0.0
1.9100046157836914, 0.8872972726821899, 0.0, 1.426986813545227, 0.08192528039216995, 0.0, 0.0
1.9200184345245361, 0.8872972726821899, 0.0, 1.4253041744232178, 0.10098697990179062, 0.0, 0.0
1.9300074577331543, 0.8872972726821899, 0.0, 1.4333802461624146, 1.5947235822677612, 0.0, 0.0
1.9400320053100586, 0.8872972726821899, 0.0, 1.4272966384887695, -0.5900583863258362, 0.0, 0.0
1.9500057697296143, 0.8872972726821899, 0.0, 1.4305884838104248, 0.2185840606689453, 0.0, 0.0
1.96002197265625, 0.8872972726821899, 0.0, 1.4257936477661133, -0.01461118832230568, 0.0, 0.0
1.9699935913085938, 0.8872972726821899, 0.0, 1.4302436113357544, 0.6972122192382812, 0.0, 0.0
1.9799981117248535, 0.8872972726821899, 0.0, 1.4330813884735107, 0.9155359864234924, 0.0, 0.0
1.9899961948394775, 0.8872972726821899, 0.0, 1.4355204105377197, 0.5055423378944397, 0.0, 0.0
1.999997854232788, 0.8872972726821899, 0.0, 1.4302232265472412, 0.6015429496765137, 0.0, 0.0
2.0100080966949463, 0.8872972726821899, 0.0, 1.4317108392715454, 0.6263563632965088, 0.0, 0.0
2.0199875831604004, 0.8872972726821899, 0.0, 1.4273762702941895, -0.09464136511087418, 0.0, 0.0
2.0300028324127197, 0.8872972726821899, 0.0, 1.4266369342803955, -0.0780932828783989, 0.0, 0.0
2.0399858951568604, 0.8872972726821899, 0.0, 1.4349596500396729, 1.5701472759246826, 0.0, 0.0
2.049999237060547, 0.8872972726821899, 0.0, 1.4336389303207397, -0.0914093554019928, 0.0, 0.0
2.059983491897583, 0.8872972726821899, 0.0, 1.4311550855636597, -0.28750908374786377, 0.0, 0.0
2.070000171661377, 0.8872972726821899, 0.0, 1.43504798412323, 0.33444592356681824, 0.0, 0.0
2.08001708984375, 0.8872972726821899, 0.0, 1.4243332147598267, -1.393886923789978, 0.0, 0.0
2.08998703956604, 0.8872972726821899, 0.0, 1.4243332147598267, -1.393886923789978, 0.0, 0.0
2.0999858379364014, 0.8872972726821899, 0.0, 1.4325988292694092, 3.4621973037719727, 0.0, 0.0
2.1099836826324463, 0.8872972726821899, 0.0, 1.4384801387786865, 0.6593350768089294, 0.0, 0.0
2.1200180053710938, 0.8872972726821899, 0.0, 1.4375665187835693, -0.18797501921653748, 0.0, 0.0
2.1299889087677, 0.8872972726821899, 0.0, 1.4270461797714233, -0.4121950566768646, 0.0, 0.0
2.139995813369751, 0.8872972726821899, 0.0, 1.434091567993164, 0.7765125632286072, 0.0, 0.0
2.1499950885772705, 0.8872972726821899, 0.0, 1.43170166015625, 0.17305737733840942, 0.0, 0.0
2.1600184440612793, 0.8872972726821899, 0.0, 1.431362271308899, -0.03660093620419502, 0.0, 0.0
2.169987440109253, 0.8872972726821899, 0.0, 1.4341002702713013, 0.5251055359840393, 0.0, 0.0
2.179987907409668, 0.8872972726821899, 0.0, 1.4360085725784302, -0.3528306782245636, 0.0, 0.0
2.1899988651275635, 0.8872972726821899, 0.0, 1.4363014698028564, 0.0306994765996933, 0.0, 0.0
2.1999945640563965, 0.8872972726821899, 0.0, 1.4317383766174316, -0.5171738862991333, 0.0, 0.0
2.209998846054077, 0.8872972726821899, 0.0, 1.427456021308899, 0.013075467199087143, 0.0, 0.0
2.2200140953063965, 0.8872972726821899, 0.0, 1.4370461702346802, 0.7721050381660461, 0.0, 0.0
2.2299771308898926, 0.8872972726821899, 0.0, 1.4276270866394043, -0.9985876083374023, 0.0, 0.0
2.239980459213257, 0.8872972726821899, 0.0, 1.4278331995010376, 0.04131669923663139, 0.0, 0.0
2.2499797344207764, 0.8872972726821899, 0.0, 1.4321534633636475, 0.7852687835693359, 0.0, 0.0
2.259995222091675, 0.8872972726821899, 0.0, 1.4321534633636475, 0.7852687835693359, 0.0, 0.0
2.2700154781341553, 0.8872972726821899, 0.0, 1.4274930953979492, -0.335195928812027, 0.0, 0.0
2.2800285816192627, 0.8872972726821899, 0.0, 1.430716633796692, 0.22748063504695892, 0.0, 0.0
2.289985179901123, 0.8872972726821899, 0.0, 1.4346997737884521, 0.3774395287036896, 0.0, 0.0
2.300002098083496, 0.8872972726821899, 0.0, 1.4265326261520386, -1.6043379306793213, 0.0, 0.0
2.31001615524292, 0.8872972726821899, 0.0, 1.4265326261520386, -1.6043379306793213, 0.0, 0.0
2.3199851512908936, 0.8872972726821899, 0.0, 1.4287502765655518, -0.5155578255653381, 0.0, 0.0
2.3300161361694336, 0.8872972726821899, 0.0, 1.4287502765655518, -0.5155578255653381, 0.0, 0.0
2.339994192123413, 0.8872972726821899, 0.0, 1.43295419216156, 0.21256354451179504, 0.0, 0.0
2.349992275238037, 0.8872972726821899, 0.0, 1.4241360425949097, -1.479736566543579, 0.0, 0.0
2.360004186630249, 0.8872972726821899, 0.0, 1.4312570095062256, -1.1682631969451904, 0.0, 0.0
2.3699917793273926, 0.8872972726821899, 0.0, 1.4312570095062256, -1.1682631969451904, 0.0, 0.0
2.38000750541687, 0.8872972726821899, 0.0, 1.4312570095062256, -1.1682631969451904, 0.0, 0.0
2.3899998664855957, 0.8872972726821899, 0.0, 1.4364804029464722, 0.18980306386947632, 0.0, 0.0
2.3999876976013184, 0.8872972726821899, 0.0, 1.4364804029464722, 0.18980306386947632, 0.0, 0.0
2.409986972808838, 0.8872972726821899, 0.0, 1.4364804029464722, 0.18980306386947632, 0.0, 0.0
2.419995069503784, 0.8872972726821899, 0.0, 1.4364804029464722, 0.18980306386947632, 0.0, 0.0
2.429985523223877, 0.8872972726821899, 0.0, 1.4364804029464722, 0.18980306386947632, 0.0, 0.0
2.4399943351745605, 0.8872972726821899, 0.0, 1.4364804029464722, 0.18980306386947632, 0.0, 0.0
2.449993371963501, 0.8872972726821899, 0.0, 1.4364804029464722, 0.18980306386947632, 0.0, 0.0
2.459993362426758, 0.8872972726821899, 0.0, 1.4364804029464722, 0.18980306386947632, 0.0, 0.0
2.469985246658325, 0.8872972726821899, 0.0, 1.4364804029464722, 0.18980306386947632, 0.0, 0.0
2.4800171852111816, 0.8872972726821899, 0.0, 1.434862494468689, -0.018138732761144638, 0.0, 0.0
2.489985227584839, 0.8872972726821899, 0.0, 1.434862494468689, -0.018138732761144638, 0.0, 0.0
2.499990940093994, 0.8872972726821899, 0.0, 1.434862494468689, -0.018138732761144638, 0.0, 0.0
2.5099899768829346, 0.8872972726821899, 0.0, 1.434862494468689, -0.018138732761144638, 0.0, 0.0
2.520026206970215, 0.8872972726821899, 0.0, 1.434862494468689, -0.018138732761144638, 0.0, 0.0
2.529985189437866, 0.8872972726821899, 0.0, 1.434862494468689, -0.018138732761144638, 0.0, 0.0
2.539985179901123, 0.8872972726821899, 0.0, 1.434862494468689, -0.018138732761144638, 0.0, 0.0
2.5499942302703857, 0.8872972726821899, 0.0, 1.431227684020996, -0.05056418478488922, 0.0, 0.0
2.5600297451019287, 0.8872972726821899, 0.0, 1.431227684020996, -0.05056418478488922, 0.0, 0.0
2.5699918270111084, 0.8872972726821899, 0.0, 1.431227684020996, -0.05056418478488922, 0.0, 0.0
2.5799829959869385, 0.8872972726821899, 0.0, 1.431227684020996, -0.05056418478488922, 0.0, 0.0
2.589986562728882, 0.8872972726821899, 0.0, 1.431227684020996, -0.05056418478488922, 0.0, 0.0
2.5999810695648193, 0.8872972726821899, 0.0, 1.4350078105926514, 0.06876302510499954, 0.0, 0.0
2.6099977493286133, 0.8872972726821899, 0.0, 1.4350078105926514, 0.06876302510499954, 0.0, 0.0
2.6200308799743652, 0.8872972726821899, 0.0, 1.4350078105926514, 0.06876302510499954, 0.0, 0.0
2.6299850940704346, 0.8872972726821899, 0.0, 1.4350078105926514, 0.06876302510499954, 0.0, 0.0
2.6399986743927, 0.8872972726821899, 0.0, 1.4350078105926514, 0.06876302510499954, 0.0, 0.0
2.6500024795532227, 0.8872972726821899, 0.0, 1.4350078105926514, 0.06876302510499954, 0.0, 0.0
2.6599886417388916, 0.8872972726821899, 0.0, 1.4350078105926514, 0.06876302510499954, 0.0, 0.0
2.6699841022491455, 0.8872972726821899, 0.0, 1.4350078105926514, 0.06876302510499954, 0.0, 0.0
2.6800012588500977, 0.8872972726821899, 0.0, 1.4350078105926514, 0.06876302510499954, 0.0, 0.0
2.689995527267456, 0.8872972726821899, 0.0, 1.4350078105926514, 0.06876302510499954, 0.0, 0.0
2.700007438659668, 0.8872972726821899, 0.0, 1.4350078105926514, 0.06876302510499954, 0.0, 0.0
2.7099976539611816, 0.8872972726821899, 0.0, 1.4350078105926514, 0.06876302510499954, 0.0, 0.0
2.720024824142456, 0.8872972726821899, 0.0, 1.4350078105926514, 0.06876302510499954, 0.0, 0.0
2.729994773864746, 0.8872972726821899, 0.0, 1.4350078105926514, 0.06876302510499954, 0.0, 0.0
2.740020990371704, 0.8872972726821899, 0.0, 1.4282389879226685, -0.0490243025124073, 0.0, 0.0
2.7499825954437256, 0.8872972726821899, 0.0, 1.4282389879226685, -0.0490243025124073, 0.0, 0.0
2.759995222091675, 0.8872972726821899, 0.0, 1.4282389879226685, -0.0490243025124073, 0.0, 0.0
2.7699952125549316, 0.8872972726821899, 0.0, 1.4282389879226685, -0.0490243025124073, 0.0, 0.0
2.7800097465515137, 0.8872972726821899, 0.0, 1.4324352741241455, 0.11619114875793457, 0.0, 0.0
2.7899887561798096, 0.8872972726821899, 0.0, 1.4324352741241455, 0.11619114875793457, 0.0, 0.0
2.8000004291534424, 0.8872972726821899, 0.0, 1.4324352741241455, 0.11619114875793457, 0.0, 0.0
2.8100032806396484, 0.8872972726821899, 0.0, 1.4324352741241455, 0.11619114875793457, 0.0, 0.0
2.8199918270111084, 0.8872972726821899, 0.0, 1.4324352741241455, 0.11619114875793457, 0.0, 0.0
2.8299977779388428, 0.8872972726821899, 0.0, 1.4324352741241455, 0.11619114875793457, 0.0, 0.0
2.840014696121216, 0.8872972726821899, 0.0, 1.4324352741241455, 0.11619114875793457, 0.0, 0.0
2.8500211238861084, 0.8872972726821899, 0.0, 1.4324352741241455, 0.11619114875793457, 0.0, 0.0
2.8600287437438965, 0.8872972726821899, 0.0, 1.4324352741241455, 0.11619114875793457, 0.0, 0.0
2.8699915409088135, 0.8872972726821899, 0.0, 1.4324352741241455, 0.11619114875793457, 0.0, 0.0
2.879998207092285, 0.8872972726821899, 0.0, 1.4324352741241455, 0.11619114875793457, 0.0, 0.0
2.890000104904175, 0.8872972726821899, 0.0, 1.4324352741241455, 0.11619114875793457, 0.0, 0.0
2.9000134468078613, 0.8872972726821899, 0.0, 1.4324352741241455, 0.11619114875793457, 0.0, 0.0
2.9100074768066406, 0.8872972726821899, 0.0, 1.4267224073410034, -0.04205625131726265, 0.0, 0.0
2.920032501220703, 0.8872972726821899, 0.0, 1.4267224073410034, -0.04205625131726265, 0.0, 0.0
2.9300036430358887, 0.8872972726821899, 0.0, 1.4267224073410034, -0.04205625131726265, 0.0, 0.0
2.94002366065979, 0.8872972726821899, 0.0, 1.4272191524505615, 0.01774263009428978, 0.0, 0.0
2.9499943256378174, 0.8872972726821899, 0.0, 1.4272191524505615, 0.01774263009428978, 0.0, 0.0
2.9599971771240234, 0.8872972726821899, 0.0, 1.4367296695709229, 0.49253955483436584, 0.0, 0.0
2.9700052738189697, 0.8872972726821899, 0.0, 1.4297953844070435, -0.871921181678772, 0.0, 0.0
2.980062961578369, 0.8872972726821899, 0.0, 1.4297953844070435, -0.871921181678772, 0.0, 0.0
2.990009307861328, 0.8872972726821899, 0.0, 1.4255528450012207, -0.28670623898506165, 0.0, 0.0
3.0000381469726562, 0.8872972726821899, 0.0, 1.4255528450012207, -0.28670623898506165, 0.0, 0.0
3.0099990367889404, 0.8872972726821899, 0.0, 1.4186031818389893, -0.34096887707710266, 0.0, 0.0
3.0200233459472656, 0.8872972726821899, 0.0, 1.4186031818389893, -0.34096887707710266, 0.0, 0.0
3.029996156692505, 0.8872972726821899, 0.0, 1.4186031818389893, -0.34096887707710266, 0.0, 0.0
3.0400497913360596, 0.8872972726821899, 0.0, 1.4328463077545166, 0.4108366072177887, 0.0, 0.0
3.0500335693359375, 0.8872972726821899, 0.0, 1.4230656623840332, -0.8406204581260681, 0.0, 0.0
3.0600476264953613, 0.8872972726821899, 0.0, 1.4281457662582397, 0.9376237988471985, 0.0, 0.0
3.069993734359741, 0.8872972726821899, 0.0, 1.4281457662582397, 0.9376237988471985, 0.0, 0.0
3.080024003982544, 0.8872972726821899, 0.0, 1.424080729484558, -0.17157496511936188, 0.0, 0.0
3.0899953842163086, 0.8872972726821899, 0.0, 1.424698829650879, 0.05861036106944084, 0.0, 0.0
3.1000161170959473, 0.8872972726821899, 0.0, 1.4261232614517212, 0.288568377494812, 0.0, 0.0
3.109997510910034, 0.8872972726821899, 0.0, 1.4261232614517212, 0.288568377494812, 0.0, 0.0
3.1200294494628906, 0.8872972726821899, 0.0, 1.42420494556427, 0.7706208825111389, 0.0, 0.0
3.1300008296966553, 0.8872972726821899, 0.0, 1.4229446649551392, -0.12471526861190796, 0.0, 0.0
3.1400535106658936, 0.8872972726821899, 0.0, 1.422442078590393, -0.05205926671624184, 0.0, 0.0
3.1499972343444824, 0.8872972726821899, 0.0, 1.4238176345825195, 0.2777974009513855, 0.0, 0.0
3.160048007965088, 0.8872972726821899, 0.0, 1.4199280738830566, -1.613004446029663, 0.0, 0.0
3.1700029373168945, 0.8872972726821899, 0.0, 1.4184612035751343, -2.0134031772613525, 0.0, 0.0
3.180039882659912, 0.8872972726821899, 0.0, 1.4259037971496582, -0.531501293182373, 0.0, 0.0
3.190001964569092, 0.8872972726821899, 0.0, 1.4282386302947998, 0.44601860642433167, 0.0, 0.0
3.200019121170044, 0.8872972726821899, 0.0, 1.4233421087265015, -0.13150057196617126, 0.0, 0.0
3.2100062370300293, 0.8872972726821899, 0.0, 1.4233421087265015, -0.13150057196617126, 0.0, 0.0
3.2199907302856445, 0.8872972726821899, 0.0, 1.4255833625793457, 1.3953856229782104, 0.0, 0.0
3.229990243911743, 0.8872972726821899, 0.0, 1.4255833625793457, 1.3953856229782104, 0.0, 0.0
3.240039348602295, 0.8872972726821899, 0.0, 1.4248957633972168, 0.570175051689148, 0.0, 0.0
3.2499947547912598, 0.8872972726821899, 0.0, 1.4267830848693848, 0.19309771060943604, 0.0, 0.0
3.2600412368774414, 0.8872972726821899, 0.0, 1.4267830848693848, 0.19309771060943604, 0.0, 0.0
3.2700326442718506, 0.8872972726821899, 0.0, 1.4214891195297241, -0.5245303511619568, 0.0, 0.0
3.2800073623657227, 0.8872972726821899, 0.0, 1.4213472604751587, -0.02600198984146118, 0.0, 0.0
3.2900097370147705, 0.8872972726821899, 0.0, 1.4267345666885376, -0.35185015201568604, 0.0, 0.0
3.300002336502075, 0.8872972726821899, 0.0, 1.4234483242034912, -0.6782957315444946, 0.0, 0.0
3.3100204467773438, 0.8872972726821899, 0.0, 1.421548843383789, -0.12928242981433868, 0.0, 0.0
3.3200671672821045, 0.8872972726821899, 0.0, 1.421548843383789, -0.12928242981433868, 0.0, 0.0
3.3300118446350098, 0.8872972726821899, 0.0, 1.4221580028533936, 0.04226090759038925, 0.0, 0.0
3.3399930000305176, 0.8872972726821899, 0.0, 1.4208102226257324, -0.108540840446949, 0.0, 0.0
3.350018262863159, 0.8872972726821899, 0.0, 1.4212554693222046, 0.7174152135848999, 0.0, 0.0
3.3600003719329834, 0.8872972726821899, 0.0, 1.425115704536438, 0.08769913762807846, 0.0, 0.0
3.370018243789673, 0.8872972726821899, 0.0, 1.4223657846450806, -0.5521067976951599, 0.0, 0.0
3.3800137042999268, 0.8872972726821899, 0.0, 1.4195189476013184, -0.35552075505256653, 0.0, 0.0
3.3899879455566406, 0.8872972726821899, 0.0, 1.4152202606201172, -0.4551064074039459, 0.0, 0.0
3.4000303745269775, 0.8872972726821899, 0.0, 1.4185882806777954, 0.5999789237976074, 0.0, 0.0
3.4100050926208496, 0.8872972726821899, 0.0, 1.4185882806777954, 0.5999789237976074, 0.0, 0.0
3.419996976852417, 0.8872972726821899, 0.0, 1.4272525310516357, 0.4441636800765991, 0.0, 0.0
3.4300060272216797, 0.8872972726821899, 0.0, 1.4187712669372559, -1.1741865873336792, 0.0, 0.0
3.4399924278259277, 0.8872972726821899, 0.0, 1.4236353635787964, 0.341638445854187, 0.0, 0.0
3.4499971866607666, 0.8872972726821899, 0.0, 1.4236353635787964, 0.341638445854187, 0.0, 0.0
3.4600188732147217, 0.8872972726821899, 0.0, 1.4236353635787964, 0.341638445854187, 0.0, 0.0
3.47001051902771, 0.8872972726821899, 0.0, 1.4236353635787964, 0.341638445854187, 0.0, 0.0
3.48001766204834, 0.8872972726821899, 0.0, 1.4236353635787964, 0.341638445854187, 0.0, 0.0
3.4899961948394775, 0.8872972726821899, 0.0, 1.4209330081939697, -0.061316534876823425, 0.0, 0.0
3.5000340938568115, 0.8872972726821899, 0.0, 1.4209330081939697, -0.061316534876823425, 0.0, 0.0
3.5100064277648926, 0.8872972726821899, 0.0, 1.4209330081939697, -0.061316534876823425, 0.0, 0.0
3.52000093460083, 0.8872972726821899, 0.0, 1.4212634563446045, 0.8937793374061584, 0.0, 0.0
3.529998779296875, 0.8872972726821899, 0.0, 1.4142887592315674, -1.4665921926498413, 0.0, 0.0
3.5399982929229736, 0.8872972726821899, 0.0, 1.4142887592315674, -1.4665921926498413, 0.0, 0.0
3.5499980449676514, 0.8872972726821899, 0.0, 1.4142887592315674, -1.4665921926498413, 0.0, 0.0
3.5600316524505615, 0.8872972726821899, 0.0, 1.4142887592315674, -1.4665921926498413, 0.0, 0.0
3.5699985027313232, 0.8872972726821899, 0.0, 1.4126548767089844, -0.5347784757614136, 0.0, 0.0
3.580073833465576, 0.8872972726821899, 0.0, 1.4126548767089844, -0.5347784757614136, 0.0, 0.0
3.5899877548217773, 0.8872972726821899, 0.0, 1.4195972681045532, -1.0938096046447754, 0.0, 0.0
3.599998950958252, 0.8872972726821899, 0.0, 1.4140874147415161, -1.124397873878479, 0.0, 0.0
3.6100008487701416, 0.8872972726821899, 0.0, 1.4229742288589478, 0.9015144109725952, 0.0, 0.0
3.620018720626831, 0.8872972726821899, 0.0, 1.4229742288589478, 0.9015144109725952, 0.0, 0.0
3.629990816116333, 0.8872972726821899, 0.0, 1.4229742288589478, 0.9015144109725952, 0.0, 0.0
3.6399831771850586, 0.8872972726821899, 0.0, 1.4229742288589478, 0.9015144109725952, 0.0, 0.0
3.6499898433685303, 0.8872972726821899, 0.0, 1.418182134628296, -0.12747862935066223, 0.0, 0.0
3.659998655319214, 0.8872972726821899, 0.0, 1.4188563823699951, 0.0375218465924263, 0.0, 0.0
3.6699953079223633, 0.8872972726821899, 0.0, 1.4188563823699951, 0.0375218465924263, 0.0, 0.0
3.6800012588500977, 0.8872972726821899, 0.0, 1.4188563823699951, 0.0375218465924263, 0.0, 0.0
3.6899750232696533, 0.8872972726821899, 0.0, 1.4169042110443115, -0.061887748539447784, 0.0, 0.0
3.6999926567077637, 0.8872972726821899, 0.0, 1.4169042110443115, -0.061887748539447784, 0.0, 0.0
3.710010290145874, 0.8872972726821899, 0.0, 1.4169042110443115, -0.061887748539447784, 0.0, 0.0
3.7200191020965576, 0.8872972726821899, 0.0, 1.4169042110443115, -0.061887748539447784, 0.0, 0.0
3.729982376098633, 0.8872972726821899, 0.0, 1.4226949214935303, 0.17505158483982086, 0.0, 0.0
3.739980697631836, 0.8872972726821899, 0.0, 1.4137728214263916, 0.11992248892784119, 0.0, 0.0
3.7499899864196777, 0.8872972726821899, 0.0, 1.407638430595398, -0.6510159969329834, 0.0, 0.0
3.760021209716797, 0.8872972726821899, 0.0, 1.4116815328598022, -1.0826767683029175, 0.0, 0.0
3.7700021266937256, 0.8872972726821899, 0.0, 1.4131146669387817, -0.8083652257919312, 0.0, 0.0
3.7799785137176514, 0.8872972726821899, 0.0, 1.4196605682373047, 0.4743770658969879, 0.0, 0.0
3.7899892330169678, 0.8872972726821899, 0.0, 1.4196605682373047, 0.4743770658969879, 0.0, 0.0
3.799994707107544, 0.8872972726821899, 0.0, 1.411864161491394, -0.43587449193000793, 0.0, 0.0
3.8099913597106934, 0.8872972726821899, 0.0, 1.411864161491394, -0.43587449193000793, 0.0, 0.0
3.819990873336792, 0.8872972726821899, 0.0, 1.411864161491394, -0.43587449193000793, 0.0, 0.0
3.8300044536590576, 0.8872972726821899, 0.0, 1.418644905090332, 0.25146564841270447, 0.0, 0.0
3.840017080307007, 0.8872972726821899, 0.0, 1.418644905090332, 0.25146564841270447, 0.0, 0.0
3.8499927520751953, 0.8872972726821899, 0.0, 1.418644905090332, 0.25146564841270447, 0.0, 0.0
3.8600008487701416, 0.8872972726821899, 0.0, 1.417656660079956, -0.0363505482673645, 0.0, 0.0
3.8699915409088135, 0.8872972726821899, 0.0, 1.417656660079956, -0.0363505482673645, 0.0, 0.0
3.879993438720703, 0.8872972726821899, 0.0, 1.4199451208114624, 0.15843886137008667, 0.0, 0.0
3.889986991882324, 0.8872972726821899, 0.0, 1.407536268234253, -1.3667011260986328, 0.0, 0.0
3.8999814987182617, 0.8872972726821899, 0.0, 1.407536268234253, -1.3667011260986328, 0.0, 0.0
3.9099841117858887, 0.8872972726821899, 0.0, 1.407536268234253, -1.3667011260986328, 0.0, 0.0
3.9199867248535156, 0.8872972726821899, 0.0, 1.4186451435089111, 0.35628917813301086, 0.0, 0.0
3.9299981594085693, 0.8872972726821899, 0.0, 1.4186451435089111, 0.35628917813301086, 0.0, 0.0
3.9400007724761963, 0.8872972726821899, 0.0, 1.4190235137939453, 0.02067781239748001, 0.0, 0.0
3.949995517730713, 0.8872972726821899, 0.0, 1.4190235137939453, 0.02067781239748001, 0.0, 0.0
3.959994316101074, 0.8872972726821899, 0.0, 1.4190235137939453, 0.02067781239748001, 0.0, 0.0
3.9699833393096924, 0.8872972726821899, 0.0, 1.4174076318740845, -0.071790412068367, 0.0, 0.0
3.9799818992614746, 0.8872972726821899, 0.0, 1.4162415266036987, -0.08509260416030884, 0.0, 0.0
3.9899826049804688, 0.8872972726821899, 0.0, 1.413999319076538, -0.16352352499961853, 0.0, 0.0
3.9999842643737793, 0.8872972726821899, 0.0, 1.413999319076538, -0.16352352499961853, 0.0, 0.0
4.009990692138672, 0.8872972726821899, 0.0, 1.4244506359100342, 0.5643075108528137, 0.0, 0.0
4.019988775253296, 0.8872972726821899, 0.0, 1.4244506359100342, 0.5643075108528137, 0.0, 0.0
4.030006408691406, 0.8872972726821899, 0.0, 1.4160187244415283, -0.5769407153129578, 0.0, 0.0
4.0399932861328125, 0.8872972726821899, 0.0, 1.4160187244415283, -0.5769407153129578, 0.0, 0.0
4.049988508224487, 0.8872972726821899, 0.0, 1.4160187244415283, -0.5769407153129578, 0.0, 0.0
4.0600056648254395, 0.8872972726821899, 0.0, 1.4089685678482056, -0.22863121330738068, 0.0, 0.0
4.069997787475586, 0.8872972726821899, 0.0, 1.4219443798065186, 0.981306791305542, 0.0, 0.0
4.080013990402222, 0.8872972726821899, 0.0, 1.4118516445159912, -1.1059012413024902, 0.0, 0.0
4.089988946914673, 0.8872972726821899, 0.0, 1.420668363571167, 0.6508769392967224, 0.0, 0.0
4.100015878677368, 0.8872972726821899, 0.0, 1.4167869091033936, -0.8196402788162231, 0.0, 0.0
4.10999608039856, 0.8872972726821899, 0.0, 1.4167869091033936, -0.8196402788162231, 0.0, 0.0
4.1200268268585205, 0.8872972726821899, 0.0, 1.4167869091033936, -0.8196402788162231, 0.0, 0.0
4.130000829696655, 0.8872972726821899, 0.0, 1.4193798303604126, 0.0831836387515068, 0.0, 0.0
4.139989614486694, 0.8872972726821899, 0.0, 1.41370689868927, -0.6111197471618652, 0.0, 0.0
4.149992227554321, 0.8872972726821899, 0.0, 1.41370689868927, -0.6111197471618652, 0.0, 0.0
4.1600022315979, 0.8872972726821899, 0.0, 1.41370689868927, -0.6111197471618652, 0.0, 0.0
4.169987916946411, 0.8872972726821899, 0.0, 1.41370689868927, -0.6111197471618652, 0.0, 0.0
4.180018186569214, 0.8872972726821899, 0.0, 1.4135922193527222, -0.002523045754060149, 0.0, 0.0
4.18998908996582, 0.8872972726821899, 0.0, 1.4135922193527222, -0.002523045754060149, 0.0, 0.0
4.2000203132629395, 0.8872972726821899, 0.0, 1.4135922193527222, -0.002523045754060149, 0.0, 0.0
4.209991693496704, 0.8872972726821899, 0.0, 1.4205760955810547, 0.2531411945819855, 0.0, 0.0
4.220004320144653, 0.8872972726821899, 0.0, 1.4205760955810547, 0.2531411945819855, 0.0, 0.0
4.229993104934692, 0.8872972726821899, 0.0, 1.4200464487075806, -0.022362185642123222, 0.0, 0.0
4.240026235580444, 0.8872972726821899, 0.0, 1.4200464487075806, -0.022362185642123222, 0.0, 0.0
4.25000524520874, 0.8872972726821899, 0.0, 1.4200464487075806, -0.022362185642123222, 0.0, 0.0
4.259992837905884, 0.8872972726821899, 0.0, 1.4200464487075806, -0.022362185642123222, 0.0, 0.0
4.2699925899505615, 0.8872972726821899, 0.0, 1.4200464487075806, -0.022362185642123222, 0.0, 0.0
4.279990911483765, 0.8872972726821899, 0.0, 1.4200464487075806, -0.022362185642123222, 0.0, 0.0
4.2900071144104, 0.8872972726821899, 0.0, 1.4222055673599243, 0.04024171084165573, 0.0, 0.0
4.300010681152344, 0.8872972726821899, 0.0, 1.4222055673599243, 0.04024171084165573, 0.0, 0.0
4.309982061386108, 0.8872972726821899, 0.0, 1.4232687950134277, 0.05862971767783165, 0.0, 0.0
4.320002794265747, 0.8872972726821899, 0.0, 1.4232687950134277, 0.05862971767783165, 0.0, 0.0
4.3299994468688965, 0.8872972726821899, 0.0, 1.4232687950134277, 0.05862971767783165, 0.0, 0.0
4.3400092124938965, 0.8872972726821899, 0.0, 1.4210964441299438, 0.03534207120537758, 0.0, 0.0
4.349998235702515, 0.8872972726821899, 0.0, 1.4291939735412598, 1.569558024406433, 0.0, 0.0
4.360012769699097, 0.8872972726821899, 0.0, 1.4285391569137573, -0.07157157361507416, 0.0, 0.0
4.370004892349243, 0.8872972726821899, 0.0, 1.4285391569137573, -0.07157157361507416, 0.0, 0.0
4.380018949508667, 0.8872972726821899, 0.0, 1.422458529472351, -1.3900233507156372, 0.0, 0.0
4.390002727508545, 0.8872972726821899, 0.0, 1.422458529472351, -1.3900233507156372, 0.0, 0.0
4.400013446807861, 0.8872972726821899, 0.0, 1.4340481758117676, 0.5139496326446533, 0.0, 0.0
4.4099955558776855, 0.8872972726821899, 0.0, 1.4343829154968262, 0.02762138657271862, 0.0, 0.0
4.420052766799927, 0.8872972726821899, 0.0, 1.4296234846115112, -0.9356653094291687, 0.0, 0.0
4.430025100708008, 0.8872972726821899, 0.0, 1.4208794832229614, -1.4818671941757202, 0.0, 0.0
4.44002103805542, 0.8872972726821899, 0.0, 1.4334417581558228, 1.6315820217132568, 0.0, 0.0
4.450010061264038, 0.8872972726821899, 0.0, 1.425927996635437, -0.7059234380722046, 0.0, 0.0
4.459993839263916, 0.8872972726821899, 0.0, 1.424997329711914, -0.771076500415802, 0.0, 0.0
4.470010757446289, 0.8872972726821899, 0.0, 1.424997329711914, -0.771076500415802, 0.0, 0.0
4.480016231536865, 0.8872972726821899, 0.0, 1.424654245376587, -1.1632208824157715, 0.0, 0.0
4.489995002746582, 0.8872972726821899, 0.0, 1.42389714717865, -1.5024962425231934, 0.0, 0.0
4.500058650970459, 0.8872972726821899, 0.0, 1.42389714717865, -1.5024962425231934, 0.0, 0.0
4.509997129440308, 0.8872972726821899, 0.0, 1.4287819862365723, -0.7725101709365845, 0.0, 0.0
4.5199875831604, 0.8872972726821899, 0.0, 1.4263566732406616, -0.23072536289691925, 0.0, 0.0
4.53000020980835, 0.8872972726821899, 0.0, 1.431299090385437, 0.506304144859314, 0.0, 0.0
4.540036201477051, 0.8872972726821899, 0.0, 1.425908088684082, -0.5124978423118591, 0.0, 0.0
4.549992561340332, 0.8872972726821899, 0.0, 1.4289506673812866, 0.5993120670318604, 0.0, 0.0
4.559992551803589, 0.8872972726821899, 0.0, 1.4242240190505981, -0.8745908737182617, 0.0, 0.0
4.5700390338897705, 0.8872972726821899, 0.0, 1.425143837928772, 0.050667088478803635, 0.0, 0.0
4.579986810684204, 0.8872972726821899, 0.0, 1.4236690998077393, -0.2531972825527191, 0.0, 0.0
4.590020179748535, 0.8872972726821899, 0.0, 1.4133247137069702, -1.8653912544250488, 0.0, 0.0
4.60001802444458, 0.8872972726821899, 0.0, 1.4313701391220093, 1.331315279006958, 0.0, 0.0
4.610028982162476, 0.8872972726821899, 0.0, 1.4313701391220093, 1.331315279006958, 0.0, 0.0
4.620096206665039, 0.8872972726821899, 0.0, 1.4266537427902222, -0.2676096260547638, 0.0, 0.0
4.630005359649658, 0.8872972726821899, 0.0, 1.4266537427902222, -0.2676096260547638, 0.0, 0.0
4.6400182247161865, 0.8872972726821899, 0.0, 1.4266537427902222, -0.2676096260547638, 0.0, 0.0
4.650032043457031, 0.8872972726821899, 0.0, 1.4215518236160278, -0.1737229973077774, 0.0, 0.0
4.66003942489624, 0.8872972726821899, 0.0, 1.428678035736084, 0.3982400894165039, 0.0, 0.0
4.670082092285156, 0.8872972726821899, 0.0, 1.428678035736084, 0.3982400894165039, 0.0, 0.0
4.680027723312378, 0.8872972726821899, 0.0, 1.4235074520111084, -0.7914831042289734, 0.0, 0.0
4.690017938613892, 0.8872972726821899, 0.0, 1.4296795129776, 1.0248032808303833, 0.0, 0.0
4.700031757354736, 0.8872972726821899, 0.0, 1.4275532960891724, -0.16016317903995514, 0.0, 0.0
4.710024118423462, 0.8872972726821899, 0.0, 1.4166831970214844, -2.3581552505493164, 0.0, 0.0
4.720118045806885, 0.8872972726821899, 0.0, 1.4308627843856812, 2.7001514434814453, 0.0, 0.0
4.7300028800964355, 0.8872972726821899, 0.0, 1.4205639362335205, -0.772275984287262, 0.0, 0.0
4.739996433258057, 0.8872972726821899, 0.0, 1.4296659231185913, 1.4757080078125, 0.0, 0.0
4.75002908706665, 0.8872972726821899, 0.0, 1.4296659231185913, 1.4757080078125, 0.0, 0.0
4.75998592376709, 0.8872972726821899, 0.0, 1.4229204654693604, -0.28182098269462585, 0.0, 0.0
4.769987344741821, 0.8872972726821899, 0.0, 1.416568398475647, -0.9226518273353577, 0.0, 0.0
4.780045509338379, 0.8872972726821899, 0.0, 1.4299814701080322, 2.1328649520874023, 0.0, 0.0
4.790005207061768, 0.8872972726821899, 0.0, 1.4179593324661255, -0.833231508731842, 0.0, 0.0
4.800037384033203, 0.8872972726821899, 0.0, 1.4230479001998901, -0.4392958879470825, 0.0, 0.0
4.8106913566589355, 0.8872972726821899, 0.0, 1.4241957664489746, 0.1721004843711853, 0.0, 0.0
4.820028781890869, 0.8872972726821899, 0.0, 1.4263962507247925, 0.33203959465026855, 0.0, 0.0
4.8300230503082275, 0.8872972726821899, 0.0, 1.4263962507247925, 0.33203959465026855, 0.0, 0.0
4.840043783187866, 0.8872972726821899, 0.0, 1.4215435981750488, -0.20022189617156982, 0.0, 0.0
4.850001096725464, 0.8872972726821899, 0.0, 1.4215435981750488, -0.20022189617156982, 0.0, 0.0
4.8600146770477295, 0.8872972726821899, 0.0, 1.425235390663147, 0.707489013671875, 0.0, 0.0
4.870025396347046, 0.8872972726821899, 0.0, 1.425235390663147, 0.707489013671875, 0.0, 0.0
4.879988670349121, 0.8872972726821899, 0.0, 1.4266815185546875, 0.1149204894900322, 0.0, 0.0
4.890093564987183, 0.8872972726821899, 0.0, 1.4266815185546875, 0.1149204894900322, 0.0, 0.0
4.900027275085449, 0.8872972726821899, 0.0, 1.4266506433486938, 1.1943073272705078, 0.5830115675926208, 0.0
4.910016298294067, 0.8872972726821899, 0.0, 1.4246571063995361, -0.3308342397212982, 0.5830115675926208, 0.0
4.920012474060059, 0.8872972726821899, 0.0, 1.422806739807129, -0.11238216608762741, 0.5830115675926208, 0.0
4.929999113082886, 0.8872972726821899, 0.0, 1.415982723236084, -0.9578121304512024, 0.5830115675926208, 0.0
4.940014839172363, 0.8872972726821899, 0.0, 1.4287340641021729, 2.1802985668182373, 0.5830115675926208, 0.0
4.950031995773315, 0.8872972726821899, 0.0, 1.4226809740066528, -0.556928277015686, 0.5830115675926208, 0.0
4.959994077682495, 0.8872972726821899, 0.0, 1.4239509105682373, -0.38534632325172424, 0.5830115675926208, 0.0
4.970024824142456, 0.8872972726821899, 0.0, 1.4239509105682373, -0.38534632325172424, 0.5830115675926208, 0.0
4.9800403118133545, 0.8872972726821899, 0.0, 1.4183810949325562, -0.3024693727493286, 0.5830115675926208, 0.0
4.990001916885376, 0.8872972726821899, 0.0, 1.4183810949325562, -0.3024693727493286, 0.5830115675926208, 0.0
5.000008821487427, 0.8872972726821899, 0.0, 1.4179682731628418, -0.032897286117076874, 0.5830115675926208, 0.0
5.00999903678894, 0.8872972726821899, 0.0, 1.4163540601730347, -0.1989627182483673, 0.5830115675926208, 0.0
