2.86102294921875e-06, 0.0, 0.0, 0.0, 0.0, 0.0, 0.0
0.0006210803985595703, 0.0, 0.0, 0.0, 0.0, 0.0, 0.0
0.010619640350341797, 0.0, 0.0, 0.0, 0.0, 0.0, 0.0
0.020661354064941406, 0.0, 0.0, 0.0, 0.0, 0.0, 0.0
0.030640840530395508, 0.0, 0.0, 0.0, 0.0, 0.0, 0.0
0.04065537452697754, 0.0, 0.0, 0.0, 0.0, 0.0, 0.0
0.05061769485473633, 0.0, 0.0, 0.0, 0.0, 0.0, 0.0
0.06064724922180176, 0.0, 0.0, 0.0, 0.0, 0.0, 0.0
0.07062077522277832, 0.0, 0.0, 0.0, 0.0, 0.0, 0.0
0.08065295219421387, 0.0, 0.0, 0.0, 0.0, 0.0, 0.0
0.09063982963562012, 0.0, 0.0, 0.0, 0.0, 0.0, 0.0
0.10069727897644043, 0.0, 0.0, 0.0, 0.0, 0.0, 0.0
0.11066675186157227, 0.0, 0.0, 0.0, 0.0, 0.0, 0.0
0.12074947357177734, 0.0, 0.0, 0.0, 0.0, 0.0, 0.0
0.13070201873779297, 0.0, 0.0, 0.0, 0.0, 0.0, 0.0
0.14069628715515137, 0.0, 0.0, 0.0, 0.0, 0.0, 0.0
0.15069341659545898, 0.0, 0.0, 0.0, 0.0, 0.0, 0.0
0.16070055961608887, 0.0, 0.0, 0.0, 0.0, 0.0, 0.0
0.1706714630126953, 0.0, 0.0, 0.0, 0.0, 0.0, 0.0
0.18073272705078125, 0.0, 0.0, 0.0, 0.0, 0.0, 0.0
0.19066500663757324, 0.0, 0.0, 0.0, 0.0, 0.0, 0.0
0.20066189765930176, 0.0, 0.0, 0.0, 0.0, 0.0, 0.0
0.21060681343078613, 0.0, 0.0, 0.0, 0.0, 0.0, 0.0
0.22074460983276367, 0.0, 0.0, 0.0, 0.0, 0.0, 0.0
0.23114776611328125, 0.0, 0.0, 0.0, 0.0, 0.0, 0.0
0.24062657356262207, 0.0, 0.0, 0.0, 0.0, 0.0, 0.0
0.25061798095703125, 0.0, 0.0, 0.0, 0.0, 0.0, 0.0
0.26063108444213867, 0.0, 0.0, 0.0, 0.0, 0.0, 0.0
0.2706155776977539, 0.0, 0.0, 0.0, 0.0, 0.0, 0.0
0.2806415557861328, 0.0, 0.0, 0.0, 0.0, 0.0, 0.0
0.29061007499694824, 0.0, 0.0, 0.0, 0.0, 0.0, 0.0
0.3006749153137207, 0.0, 0.0, 0.0, 0.0, 0.0, 0.0
0.31066346168518066, 0.0, 0.0, 0.0, 0.0, 0.0, 0.0
0.32071852684020996, 0.0, 0.0, 0.0, 0.0, 0.0, 0.0
0.33066391944885254, 0.0, 0.0, 0.0, 0.0, 0.0, 0.0
0.34069299697875977, 0.0, 0.0, 0.0, 0.0, 0.0, 0.0
0.35067105293273926, 0.0, 0.0, 0.0, 0.0, 0.0, 0.0
0.3606719970703125, 0.0, 0.0, 0.0, 0.0, 0.0, 0.0
0.37069249153137207, 0.0, 0.0, 0.0, 0.0, 0.0, 0.0
0.3807053565979004, 0.0, 0.0, 0.0, 0.0, 0.0, 0.0
0.39070582389831543, 0.0, 0.0, 0.0, 0.0, 0.0, 0.0
0.4006640911102295, 0.0, 0.0, 0.0, 0.0, 0.0, 0.0
0.4106104373931885, 0.0, 0.0, 0.0, 0.0, 0.0, 0.0
0.4206421375274658, 0.0, 0.0, 0.0, 0.0, 0.0, 0.0
0.4306142330169678, 0.0, 0.0, 0.0, 0.0, 0.0, 0.0
0.44074392318725586, 0.0, 0.0, 0.0, 0.0, 0.0, 0.0
0.4507486820220947, 0.0, 0.0, 0.0, 0.0, 0.0, 0.0
0.46071767807006836, 0.0, 0.0, 0.0, 0.0, 0.0, 0.0
0.4707376956939697, 0.0, 0.0, 0.0, 0.0, 0.0, 0.0
0.4806978702545166, 0.0, 0.0, 0.0, 0.0, 0.0, 0.0
0.49071645736694336, 0.0, 0.0, 0.0, 0.0, 0.0, 0.0
0.5007302761077881, 0.0, 0.0, 0.0, 0.0, 0.0, 0.0
0.5106410980224609, 0.0, 0.0, 0.0, 0.0, 0.0, 0.0
0.5206308364868164, 0.0, 0.0, 0.0, 0.0, 0.0, 0.0
0.5306227207183838, 0.0, 0.0, 0.0, 0.0, 0.0, 0.0
0.5406203269958496, 0.0, 0.0, 0.0, 0.0, 0.0, 0.0
0.550616979598999, 0.0, 0.0, 0.0, 0.0, 0.0, 0.0
0.5606689453125, 0.0, 0.0, 0.0, 0.0, 0.0, 0.0
0.570605993270874, 0.0, 0.0, 0.0, 0.0, 0.0, 0.0
0.5806236267089844, 0.0, 0.0, 0.0, 0.0, 0.0, 0.0
0.5906457901000977, 0.0, 0.0, 0.0, 0.0, 0.0, 0.0
0.6006550788879395, 0.0, 0.0, 0.0, 0.0, 0.0, 0.0
0.6106307506561279, 0.0, 0.0, 0.0, 0.0, 0.0, 0.0
0.6206772327423096, 0.0, 0.0, 0.0, 0.0, 0.0, 0.0
0.6307117938995361, 0.0, 0.0, 0.0, 0.0, 0.0, 0.0
0.6407155990600586, 0.0, 0.0, 0.0, 0.0, 0.0, 0.0
0.6506905555725098, 0.0, 0.0, 0.0, 0.0, 0.0, 0.0
0.6606736183166504, 0.0, 0.0, 0.0, 0.0, 0.0, 0.0
0.670687198638916, 0.0, 0.0, 0.0, 0.0, 0.0, 0.0
0.6806926727294922, 0.0, 0.0, 0.0, 0.0, 0.0, 0.0
0.6906583309173584, 0.0, 0.0, 0.0, 0.0, 0.0, 0.0
0.7006747722625732, 0.0, 0.0, 0.0, 0.0, 0.0, 0.0
0.710660457611084, 0.0, 0.0, 0.0, 0.0, 0.0, 0.0
0.7207510471343994, 0.0, 0.0, 0.0, 0.0, 0.0, 0.0
0.7306623458862305, 0.0, 0.0, 0.0, 0.0, 0.0, 0.0
0.7407050132751465, 0.0, 0.0, 0.0, 0.0, 0.0, 0.0
0.7506763935089111, 0.0, 0.0, 0.0, 0.0, 0.0, 0.0
0.7606933116912842, 0.0, 0.0, 0.0, 0.0, 0.0, 0.0
0.7706801891326904, 0.0, 0.0, 0.0, 0.0, 0.0, 0.0
0.7807135581970215, 0.0, 0.0, 0.0, 0.0, 0.0, 0.0
0.7906801700592041, 0.0, 0.0, 0.0, 0.0, 0.0, 0.0
0.8007094860076904, 0.0, 0.0, 0.0, 0.0, 0.0, 0.0
0.8106856346130371, 0.0, 0.0, 0.0, 0.0, 0.0, 0.0
0.8206849098205566, 0.0, 0.0, 0.0, 0.0, 0.0, 0.0
0.8306350708007812, 0.0, 0.0, 0.0, 0.0, 0.0, 0.0
0.8406703472137451, 0.0, 0.0, 0.0, 0.0, 0.0, 0.0
0.8506858348846436, 0.0, 0.0, 0.0, 0.0, 0.0, 0.0
0.8606672286987305, 0.0, 0.0, 0.0, 0.0, 0.0, 0.0
0.8706643581390381, 0.0, 0.0, 0.0, 0.0, 0.0, 0.0
0.880699634552002, 0.0, 0.0, 0.0, 0.0, 0.0, 0.0
0.8907172679901123, 0.0, 0.0, 0.0, 0.0, 0.0, 0.0
0.9007017612457275, 0.0, 0.0, 0.0, 0.0, 0.0, 0.0
0.910663366317749, 0.0, 0.0, 0.0, 0.0, 0.0, 0.0
0.920661211013794, 0.0, 0.0, 0.0, 0.0, 0.0, 0.0
0.9306731224060059, 0.0, 0.0, 0.0, 0.0, 0.0, 0.0
0.9407591819763184, 0.0, 0.0, 0.0, 0.0, 0.0, 0.0
0.9506940841674805, 0.0, 0.0, 0.0, 0.0, 0.0, 0.0
0.9607048034667969, 0.0, 0.0, 0.0, 0.0, 0.0, 0.0
0.9706990718841553, 0.0, 0.0, 0.0, 0.0, 0.0, 0.0
0.9806926250457764, 0.0, 0.0, 0.0, 0.0, 0.0, 0.0
0.990706205368042, 0.0, 0.0, 0.0, 0.0, 0.0, 0.0
1.0007078647613525, 0.0, 0.0, 0.0, 0.0, 0.0, 0.0
1.010671615600586, 0.0, 0.0, 0.0, 0.0, 0.0, 0.0
1.0207383632659912, 0.0, 0.0, 0.0, 0.0, 0.0, 0.0
1.030714750289917, 0.0, 0.0, 0.0, 0.0, 0.0, 0.0
1.0406720638275146, 0.0, 0.0, 0.0, 0.0, 0.0, 0.0
1.0507080554962158, 0.0, 0.0, 0.0, 0.0, 0.0, 0.0
1.0606975555419922, 0.0, 0.0, 0.0, 0.0, 0.0, 0.0
1.0706889629364014, 0.0, 0.0, 0.0, 0.0, 0.0, 0.0
1.0806968212127686, 0.0, 0.0, 0.0, 0.0, 0.0, 0.0
1.0906968116760254, 0.0, 0.0, 0.0, 0.0, 0.0, 0.0
1.1007821559906006, 0.0, 0.0, 0.0, 0.0, 0.0, 0.0
1.110684871673584, 0.0, 0.0, 0.0, 0.0, 0.0, 0.0
1.1207163333892822, 0.0, 0.0, 0.0, 0.0, 0.0, 0.0
1.130706548690796, 0.0, 0.0, 0.0, 0.0, 0.0, 0.0
1.1407132148742676, 0.0, 0.0, 0.0, 0.0, 0.0, 0.0
1.1507108211517334, 0.0, 0.0, 0.0, 0.0, 0.0, 0.0
1.1607108116149902, 0.0, 0.0, 0.0, 0.0, 0.0, 0.0
1.1707038879394531, 0.0, 0.0, 0.0, 0.0, 0.0, 0.0
1.1807618141174316, 0.0, 0.0, 0.0, 0.0, 0.0, 0.0
1.190687894821167, 0.0, 0.0, 0.0, 0.0, 0.0, 0.0
1.2007970809936523, 0.0, 0.0, 0.0, 0.0, 0.0, 0.0
1.2106914520263672, 0.0, 0.0, 0.0, 0.0, 0.0, 0.0
1.2207510471343994, 0.0, 0.0, 0.0, 0.0, 0.0, 0.0
1.2306857109069824, 0.0, 0.0, 0.0, 0.0, 0.0, 0.0
1.2407095432281494, 0.0, 0.0, 0.0, 0.0, 0.0, 0.0
1.250701665878296, 0.0, 0.0, 0.0, 0.0, 0.0, 0.0
1.2608106136322021, 0.0, 0.0, 0.0, 0.0, 0.0, 0.0
1.2707180976867676, 0.0, 0.0, 0.0, 0.0, 0.0, 0.0
1.2807185649871826, 0.0, 0.0, 0.0, 0.0, 0.0, 0.0
1.2906551361083984, 0.0, 0.0, 0.0, 0.0, 0.0, 0.0
1.3007314205169678, 0.0, 0.0, 0.0, 0.0, 0.0, 0.0
1.3106820583343506, 0.0, 0.0, 0.0, 0.0, 0.0, 0.0
1.3207061290740967, 0.0, 0.0, 0.0, 0.0, 0.0, 0.0
1.330676555633545, 0.0, 0.0, 0.0, 0.0, 0.0, 0.0
1.3407273292541504, 0.0, 0.0, 0.0, 0.0, 0.0, 0.0
1.3507022857666016, 0.0, 0.0, 0.0, 0.0, 0.0, 0.0
1.3607029914855957, 0.0, 0.0, 0.0, 0.0, 0.0, 0.0
1.3706960678100586, 0.0, 0.0, 0.0, 0.0, 0.0, 0.0
1.380753755569458, 0.0, 0.0, 0.0, 0.0, 0.0, 0.0
1.390645980834961, 0.0, 0.0, 0.0, 0.0, 0.0, 0.0
1.4006686210632324, 0.0, 0.0, 0.0, 0.0, 0.0, 0.0
1.4105868339538574, 0.0, 0.0, 0.0, 0.0, 0.0, 0.0
1.420624017715454, 0.0, 0.0, 0.0, 0.0, 0.0, 0.0
1.430595874786377, 0.0, 0.0, 0.0, 0.0, 0.0, 0.0
1.4405848979949951, 0.0, 0.0, 0.0, 0.0, 0.0, 0.0
1.450636386871338, 0.0, 0.0, 0.0, 0.0, 0.0, 0.0
1.4607207775115967, 0.0, 0.0, 0.0, 0.0, 0.0, 0.0
1.4706511497497559, 0.0, 0.0, 0.0, 0.0, 0.0, 0.0
1.4806549549102783, 0.0, 0.0, 0.0, 0.0, 0.0, 0.0
1.490668535232544, 0.0, 0.0, 0.0, 0.0, 0.0, 0.0
1.5007045269012451, 0.0, 0.0, 0.0, 0.0, 0.0, 0.0
1.5106182098388672, 0.0, 0.0, 0.0, 0.0, 0.0, 0.0
1.5206687450408936, 0.0, 0.0, 0.0, 0.0, 0.0, 0.0
1.530609130859375, 0.0, 0.0, 0.0, 0.0, 0.0, 0.0
1.540637731552124, 0.0, 0.0, 0.0, 0.0, 0.0, 0.0
1.5506105422973633, 0.0, 0.0, 0.0, 0.0, 0.0, 0.0
1.5606470108032227, 0.0, 0.0, 0.0, 0.0, 0.0, 0.0
1.570605993270874, 0.0, 0.0, 0.0, 0.0, 0.0, 0.0
1.58060622215271, 0.0, 0.0, 0.0, 0.0, 0.0, 0.0
1.590641736984253, 0.0, 0.0, 0.0, 0.0, 0.0, 0.0
1.6006577014923096, 0.0, 0.0, 0.0, 0.0, 0.0, 0.0
1.6106209754943848, 0.0, 0.0, 0.0, 0.0, 0.0, 0.0
1.620638370513916, 0.0, 0.0, 0.0, 0.0, 0.0, 0.0
1.6306219100952148, 0.0, 0.0, 0.0, 0.0, 0.0, 0.0
1.6406285762786865, 0.0, 0.0, 0.0, 0.0, 0.0, 0.0
