3.337860107421875e-06, 0.0, 0.0, 0.0, 0.0, 0.0, 0.0
6.842613220214844e-05, 0.0, 0.0, 0.0, 0.0, 0.0, 0.0
0.008864402770996094, 0.0, 0.0, 0.0, 0.0, 0.0, 0.0
0.018871307373046875, 0.0, 0.0, 0.0, 0.0, 0.0, 0.0
0.028878211975097656, 0.0, 0.0, 0.0, 0.0, 0.0, 0.0
0.038878440856933594, 0.0, 0.0, 0.0, 0.0, 0.0, 0.0
0.04886174201965332, 0.0, 0.0, 0.0, 0.0, 0.0, 0.0
0.05892467498779297, 0.0, 0.0, 0.0, 0.0, 0.0, 0.0
0.06891512870788574, 0.0, 0.0, 0.0, 0.0, 0.0, 0.0
0.07894134521484375, 0.0, 0.0, 0.0, 0.0, 0.0, 0.0
0.08892321586608887, 0.0, 0.0, 0.0, 0.0, 0.0, 0.0
0.09897637367248535, 0.0, 0.0, 0.0, 0.0, 0.0, 0.0
0.10892677307128906, 0.0, 0.0, 0.0, 0.0, 0.0, 0.0
0.11937856674194336, 0.0, 0.0, 0.0, 0.0, 0.0, 0.0
0.12891077995300293, 0.0, 0.0, 0.0, 0.0, 0.0, 0.0
0.13890981674194336, 0.0, 0.0, 0.0, 0.0, 0.0, 0.0
0.14889788627624512, 0.0, 0.0, 0.0, 0.0, 0.0, 0.0
0.1589205265045166, 0.0, 0.0, 0.0, 0.0, 0.0, 0.0
0.16891264915466309, 0.0, 0.0, 0.0, 0.0, 0.0, 0.0
0.17896604537963867, 0.0, 0.0, 0.0, 0.0, 0.0, 0.0
0.18889665603637695, 0.0, 0.0, 0.0, 0.0, 0.0, 0.0
0.1988508701324463, 0.0, 0.0, 0.0, 0.0, 0.0, 0.0
0.2088637351989746, 0.0, 0.0, 0.0, 0.0, 0.0, 0.0
0.2188563346862793, 0.0, 0.0, 0.0, 0.0, 0.0, 0.0
0.2289133071899414, 0.0, 0.0, 0.0, 0.0, 0.0, 0.0
0.2388756275177002, 0.0, 0.0, 0.0, 0.0, 0.0, 0.0
0.24886345863342285, 0.0, 0.0, 0.0, 0.0, 0.0, 0.0
0.25893688201904297, 0.0, 0.0, 0.0, 0.0, 0.0, 0.0
0.2689087390899658, 0.0, 0.0, 0.0, 0.0, 0.0, 0.0
0.2789421081542969, 0.0, 0.0, 0.0, 0.0, 0.0, 0.0
0.28891754150390625, 0.0, 0.0, 0.0, 0.0, 0.0, 0.0
0.29896020889282227, 0.0, 0.0, 0.0, 0.0, 0.0, 0.0
0.3088843822479248, 0.0, 0.0, 0.0, 0.0, 0.0, 0.0
0.318859338760376, 0.0, 0.0, 0.0, 0.0, 0.0, 0.0
0.3288719654083252, 0.0, 0.0, 0.0, 0.0, 0.0, 0.0
0.33886098861694336, 0.0, 0.0, 0.0, 0.0, 0.0, 0.0
0.3488776683807373, 0.0, 0.0, 0.0, 0.0, 0.0, 0.0
0.3589060306549072, 0.0, 0.0, 0.0, 0.0, 0.0, 0.0
0.3689534664154053, 0.0, 0.0, 0.0, 0.0, 0.0, 0.0
0.37891149520874023, 0.0, 0.0, 0.0, 0.0, 0.0, 0.0
0.38890624046325684, 0.0, 0.0, 0.0, 0.0, 0.0, 0.0
0.39890265464782715, 0.0, 0.0, 0.0, 0.0, 0.0, 0.0
0.408855676651001, 0.0, 0.0, 0.0, 0.0, 0.0, 0.0
0.41889047622680664, 0.0, 0.0, 0.0, 0.0, 0.0, 0.0
0.42891812324523926, 0.0, 0.0, 0.0, 0.0, 0.0, 0.0
0.4388916492462158, 0.0, 0.0, 0.0, 0.0, 0.0, 0.0
0.449084997177124, 0.0, 0.0, 0.0, 0.0, 0.0, 0.0
0.4588925838470459, 0.0, 0.0, 0.0, 0.0, 0.0, 0.0
0.46890735626220703, 0.0, 0.0, 0.0, 0.0, 0.0, 0.0
0.47913432121276855, 0.0, 0.0, 0.0, 0.0, 0.0, 0.0
0.4888730049133301, 0.0, 0.0, 0.0, 0.0, 0.0, 0.0
0.4988586902618408, 0.0, 0.0, 0.0, 0.0, 0.0, 0.0
0.508847713470459, 0.0, 0.0, 0.0, 0.0, 0.0, 0.0
0.5188567638397217, 0.0, 0.0, 0.0, 0.0, 0.0, 0.0
0.5288538932800293, 0.0, 0.0, 0.0, 0.0, 0.0, 0.0
0.5388844013214111, 0.0, 0.0, 0.0, 0.0, 0.0, 0.0
0.5488753318786621, 0.0, 0.0, 0.0, 0.0, 0.0, 0.0
0.5590314865112305, 0.0, 0.0, 0.0, 0.0, 0.0, 0.0
0.568861722946167, 0.0, 0.0, 0.0, 0.0, 0.0, 0.0
0.5788912773132324, 0.0, 0.0, 0.0, 0.0, 0.0, 0.0
0.5888710021972656, 0.0, 0.0, 0.0, 0.0, 0.0, 0.0
0.5988795757293701, 0.0, 0.0, 0.0, 0.0, 0.0, 0.0
0.6088593006134033, 0.0, 0.0, 0.0, 0.0, 0.0, 0.0
0.6188633441925049, 0.0, 0.0, 0.0, 0.0, 0.0, 0.0
0.6288695335388184, 0.0, 0.0, 0.0, 0.0, 0.0, 0.0
0.6389114856719971, 0.0, 0.0, 0.0, 0.0, 0.0, 0.0
0.6489467620849609, 0.0, 0.0, 0.0, 0.0, 0.0, 0.0
0.6589207649230957, 0.0, 0.0, 0.0, 0.0, 0.0, 0.0
0.6689474582672119, 0.0, 0.0, 0.0, 0.0, 0.0, 0.0
0.6789681911468506, 0.0, 0.0, 0.0, 0.0, 0.0, 0.0
0.6889677047729492, 0.0, 0.0, 0.0, 0.0, 0.0, 0.0
0.6989157199859619, 0.0, 0.0, 0.0, 0.0, 0.0, 0.0
0.7089238166809082, 0.0, 0.0, 0.0, 0.0, 0.0, 0.0
0.7189266681671143, 0.0, 0.0, 0.0, 0.0, 0.0, 0.0
0.7289280891418457, 0.0, 0.0, 0.0, 0.0, 0.0, 0.0
0.7389347553253174, 0.0, 0.0, 0.0, 0.0, 0.0, 0.0
0.7489244937896729, 0.0, 0.0, 0.0, 0.0, 0.0, 0.0
0.7589466571807861, 0.0, 0.0, 0.0, 0.0, 0.0, 0.0
0.7689385414123535, 0.0, 0.0, 0.0, 0.0, 0.0, 0.0
0.778947114944458, 0.0, 0.0, 0.0, 0.0, 0.0, 0.0
0.7889161109924316, 0.0, 0.0, 0.0, 0.0, 0.0, 0.0
0.7989203929901123, 0.0, 0.0, 0.0, 0.0, 0.0, 0.0
0.8089015483856201, 0.0, 0.0, 0.0, 0.0, 0.0, 0.0
0.8189709186553955, 0.0, 0.0, 0.0, 0.0, 0.0, 0.0
0.8289101123809814, 0.0, 0.0, 0.0, 0.0, 0.0, 0.0
0.839219331741333, 0.0, 0.0, 0.0, 0.0, 0.0, 0.0
0.8489620685577393, 0.0, 0.0, 0.0, 0.0, 0.0, 0.0
0.8589382171630859, 0.0, 0.0, 0.0, 0.0, 0.0, 0.0
0.8689236640930176, 0.0, 0.0, 0.0, 0.0, 0.0, 0.0
0.8789584636688232, 0.0, 0.0, 0.0, 0.0, 0.0, 0.0
0.888908863067627, 0.0, 0.0, 0.0, 0.0, 0.0, 0.0
0.8989307880401611, 0.0, 0.0, 0.0, 0.0, 0.0, 0.0
0.9089322090148926, 0.0, 0.0, 0.0, 0.0, 0.0, 0.0
0.9189221858978271, 0.0, 0.0, 0.0, 0.0, 0.0, 0.0
0.9289326667785645, 0.0, 0.0, 0.0, 0.0, 0.0, 0.0
0.9389574527740479, 0.0, 0.0, 0.0, 0.0, 0.0, 0.0
0.9489414691925049, 0.0, 0.0, 0.0, 0.0, 0.0, 0.0
0.9589531421661377, 0.0, 0.0, 0.0, 0.0, 0.0, 0.0
0.9689106941223145, 0.0, 0.0, 0.0, 0.0, 0.0, 0.0
0.9789550304412842, 0.0, 0.0, 0.0, 0.0, 0.0, 0.0
0.9889354705810547, 0.0, 0.0, 0.0, 0.0, 0.0, 0.0
0.9991762638092041, 0.0, 0.0, 0.0, 0.0, 0.0, 0.0
1.0089402198791504, 0.0, 0.0, 0.0, 0.0, 0.0, 0.0
1.0189321041107178, 0.0, 0.0, 0.0, 0.0, 0.0, 0.0
1.0288960933685303, 0.0, 0.0, 0.0, 0.0, 0.0, 0.0
1.0389618873596191, 0.0, 0.0, 0.0, 0.0, 0.0, 0.0
1.048929214477539, 0.0, 0.0, 0.0, 0.0, 0.0, 0.0
1.0589022636413574, 0.0, 0.0, 0.0, 0.0, 0.0, 0.0
1.0689465999603271, 0.0, 0.0, 0.0, 0.0, 0.0, 0.0
1.079007863998413, 0.0, 0.0, 0.0, 0.0, 0.0, 0.0
1.0889732837677002, 0.0, 0.0, 0.0, 0.0, 0.0, 0.0
1.0990016460418701, 0.0, 0.0, 0.0, 0.0, 0.0, 0.0
1.1089096069335938, 0.0, 0.0, 0.0, 0.0, 0.0, 0.0
1.118957281112671, 0.0, 0.0, 0.0, 0.0, 0.0, 0.0
1.1288940906524658, 0.0, 0.0, 0.0, 0.0, 0.0, 0.0
1.1389176845550537, 0.0, 0.0, 0.0, 0.0, 0.0, 0.0
1.1489167213439941, 0.0, 0.0, 0.0, 0.0, 0.0, 0.0
1.159067153930664, 0.0, 0.0, 0.0, 0.0, 0.0, 0.0
1.1689443588256836, 0.0, 0.0, 0.0, 0.0, 0.0, 0.0
1.1790072917938232, 0.0, 0.0, 0.0, 0.0, 0.0, 0.0
1.188967227935791, 0.0, 0.0, 0.0, 0.0, 0.0, 0.0
1.1990058422088623, 0.0, 0.0, 0.0, 0.0, 0.0, 0.0
1.2089424133300781, 0.0, 0.0, 0.0, 0.0, 0.0, 0.0
1.2189300060272217, 0.0, 0.0, 0.0, 0.0, 0.0, 0.0
1.2289259433746338, 0.0, 0.0, 0.0, 0.0, 0.0, 0.0
1.2390248775482178, 0.0, 0.0, 0.0, 0.0, 0.0, 0.0
1.2489395141601562, 0.0, 0.0, 0.0, 0.0, 0.0, 0.0
1.2589142322540283, 0.0, 0.0, 0.0, 0.0, 0.0, 0.0
1.268911600112915, 0.0, 0.0, 0.0, 0.0, 0.0, 0.0
1.2788910865783691, 0.0, 0.0, 0.0, 0.0, 0.0, 0.0
1.2888703346252441, 0.0, 0.0, 0.0, 0.0, 0.0, 0.0
1.2988526821136475, 0.0, 0.0, 0.0, 0.0, 0.0, 0.0
1.3089194297790527, 0.0, 0.0, 0.0, 0.0, 0.0, 0.0
1.3188848495483398, 0.0, 0.0, 0.0, 0.0, 0.0, 0.0
1.3288543224334717, 0.0, 0.0, 0.0, 0.0, 0.0, 0.0
1.3388893604278564, 0.0, 0.0, 0.0, 0.0, 0.0, 0.0
1.3489139080047607, 0.0, 0.0, 0.0, 0.0, 0.0, 0.0
1.3589363098144531, 0.0, 0.0, 0.0, 0.0, 0.0, 0.0
1.3688859939575195, 0.0, 0.0, 0.0, 0.0, 0.0, 0.0
1.3789100646972656, 0.0, 0.0, 0.0, 0.0, 0.0, 0.0
1.3888628482818604, 0.0, 0.0, 0.0, 0.0, 0.0, 0.0
1.3988661766052246, 0.0, 0.0, 0.0, 0.0, 0.0, 0.0
1.4088444709777832, 0.0, 0.0, 0.0, 0.0, 0.0, 0.0
1.4188721179962158, 0.0, 0.0, 0.0, 0.0, 0.0, 0.0
1.4288461208343506, 0.0, 0.0, 0.0, 0.0, 0.0, 0.0
1.438882827758789, 0.0, 0.0, 0.0, 0.0, 0.0, 0.0
1.4488630294799805, 0.0, 0.0, 0.0, 0.0, 0.0, 0.0
1.4588649272918701, 0.0, 0.0, 0.0, 0.0, 0.0, 0.0
1.4688661098480225, 0.0, 0.0, 0.0, 0.0, 0.0, 0.0
1.4788634777069092, 0.0, 0.0, 0.0, 0.0, 0.0, 0.0
1.4888629913330078, 0.0, 0.0, 0.0, 0.0, 0.0, 0.0
1.4988744258880615, 0.0, 0.0, 0.0, 0.0, 0.0, 0.0
1.5088438987731934, 0.0, 0.0, 0.0, 0.0, 0.0, 0.0
1.5188851356506348, 0.0, 0.0, 0.0, 0.0, 0.0, 0.0
1.528871774673462, 0.0, 0.0, 0.0, 0.0, 0.0, 0.0
1.5388777256011963, 0.0, 0.0, 0.0, 0.0, 0.0, 0.0
1.5488338470458984, 0.0, 0.0, 0.0, 0.0, 0.0, 0.0
1.5588653087615967, 0.0, 0.0, 0.0, 0.0, 0.0, 0.0
1.568845510482788, 0.0, 0.0, 0.0, 0.0, 0.0, 0.0
1.578871488571167, 0.0, 0.0, 0.0, 0.0, 0.0, 0.0
1.5888521671295166, 0.0, 0.0, 0.0, 0.0, 0.0, 0.0
1.598834753036499, 0.0, 0.0, 0.0, 0.0, 0.0, 0.0
1.6088964939117432, 0.0, 0.0, 0.0, 0.0, 0.0, 0.0
1.6188573837280273, 0.0, 0.0, 0.0, 0.0, 0.0, 0.0
1.6288654804229736, 0.0, 0.0, 0.0, 0.0, 0.0, 0.0
1.6388554573059082, 0.0, 0.0, 0.0, 0.0, 0.0, 0.0
1.6488761901855469, 0.0, 0.0, 0.0, 0.0, 0.0, 0.0
1.6588516235351562, 0.0, 0.0, 0.0, 0.0, 0.0, 0.0
1.6688604354858398, 0.0, 0.0, 0.0, 0.0, 0.0, 0.0
1.678842306137085, 0.0, 0.0, 0.0, 0.0, 0.0, 0.0
1.6888394355773926, 0.9297872185707092, 4.901642322540283, -0.8854730129241943, -4.668026924133301, 0.0, 0.0
1.698836326599121, 0.9297872185707092, 4.901642322540283, -0.8854730129241943, -4.668026924133301, 0.0, 0.0
1.7088408470153809, 0.9297872185707092, 4.901642322540283, -0.8854730129241943, -4.668026924133301, 0.0, 0.0
1.7188706398010254, 0.9297872185707092, 4.901642322540283, -0.8854730129241943, -4.668026924133301, 0.0, 0.0
1.7288579940795898, 0.9297872185707092, 4.901642322540283, -0.8854730129241943, -4.668026924133301, 0.0, 0.0
1.7388355731964111, 0.9297872185707092, 4.901642322540283, -0.8854730129241943, -4.668026924133301, 0.0, 0.0
1.7488431930541992, 0.9297872185707092, 4.901642322540283, -0.8854730129241943, -4.668026924133301, 0.0, 0.0
1.7588481903076172, 0.9297872185707092, 4.901642322540283, -0.8854730129241943, -4.668026924133301, 0.0, 0.0
1.7688755989074707, 0.9297872185707092, 4.901642322540283, -0.8854730129241943, -4.668026924133301, 0.0, 0.0
1.778862476348877, 0.9297872185707092, 4.901642322540283, -0.8854730129241943, -4.668026924133301, 0.0, 0.0
1.7888703346252441, 0.8872972726821899, -0.43352627754211426, 2.183908700942993, 31.317005157470703, 0.0, 0.0
1.7988684177398682, 0.8872972726821899, 0.0, 2.014296293258667, -3.19689679145813, 0.0, 0.0
1.8088459968566895, 0.8899999856948853, 0.46293774247169495, 2.174280881881714, 25.606786727905273, 0.0, 0.0
1.8188345432281494, 0.8899999856948853, 0.0, 2.0139598846435547, -0.8722124099731445, 0.0, 0.0
1.8288328647613525, 0.8899999856948853, 0.0, 2.0119357109069824, -32.02560806274414, 0.0, 0.0
1.8388681411743164, 0.8899999856948853, 0.0, 2.0018935203552246, -2.0835213661193848, 0.0, 0.0
1.8488457202911377, 0.8899999856948853, 0.0, 2.0137999057769775, 2.5582544803619385, 0.0, 0.0
1.858846664428711, 0.8899999856948853, 0.0, 2.0083208084106445, -23.3208065032959, 0.0, 0.0
1.8688969612121582, 0.8927026987075806, 0.0, 2.0111567974090576, 5.52640962600708, 0.0, 0.0
1.8788511753082275, 0.8899999856948853, 0.0, 1.9870500564575195, -24.42055892944336, 0.0, 0.0
1.8888587951660156, 0.8899999856948853, 0.0, 1.9716352224349976, -3.1966190338134766, 0.0, 0.0
1.8989028930664062, 0.8899999856948853, 0.0, 1.975469946861267, -4.597628593444824, 0.0, 0.0
1.9088618755340576, 0.8899999856948853, 0.0, 1.9948168992996216, 4.97501277923584, 0.0, 0.0
1.9188778400421143, 0.8899999856948853, 0.0, 2.124718189239502, 30.87971305847168, 0.0, 0.0
1.9288415908813477, 0.8899999856948853, 0.0, 2.11574649810791, 25.07399559020996, 0.0, 0.0
1.9388525485992432, 0.8899999856948853, 0.0, 2.1168556213378906, -1.269928216934204, 0.0, 0.0
1.9488465785980225, 0.8899999856948853, 0.0, 2.1210286617279053, 0.40941306948661804, 0.0, 0.0
1.9588370323181152, 0.8872972726821899, -0.5395505428314209, 2.1113193035125732, -1.9383342266082764, 0.0, 0.0
1.968864917755127, 0.8872972726821899, 0.0, 2.1389293670654297, 1.6784368753433228, 0.0, 0.0
1.9788789749145508, 0.8872972726821899, 0.0, 2.1527915000915527, 1.8821269273757935, 0.0, 0.0
1.9888396263122559, 0.8872972726821899, 0.0, 2.1435325145721436, -1.789040446281433, 0.0, 0.0
1.9988563060760498, 0.8872972726821899, 0.0, 2.1659069061279297, 2.0749714374542236, 0.0, 0.0
2.0088422298431396, 0.8845946192741394, -0.5783946514129639, 2.1761951446533203, 2.7609364986419678, 0.0, 0.0
2.0188486576080322, 0.8845946192741394, 0.0, 2.1798653602600098, -0.37267881631851196, 0.0, 0.0
2.0288374423980713, 0.8845946192741394, 0.0, 2.1838815212249756, 0.80225670337677, 0.0, 0.0
2.038829803466797, 0.8845946192741394, 0.0, 2.187918186187744, 0.26148706674575806, 0.0, 0.0
2.048865556716919, 0.8845946192741394, 0.0, 2.2128634452819824, 3.0444984436035156, 0.0, 0.0
2.0588669776916504, 0.8845946192741394, 0.0, 2.1963727474212646, -2.758192539215088, 0.0, 0.0
2.0688657760620117, 0.8845946192741394, 0.0, 2.208014726638794, 2.3065643310546875, 0.0, 0.0
2.078836679458618, 0.8818919062614441, -0.5777461528778076, 2.204967737197876, -1.5041403770446777, 0.0, 0.0
2.0888583660125732, 0.8818919062614441, 0.0, 2.2146551609039307, -0.4785159230232239, 0.0, 0.0
2.0988526344299316, 0.8818919062614441, 0.0, 2.2146551609039307, -0.4785159230232239, 0.0, 0.0
2.1088597774505615, 0.8818919062614441, 0.0, 2.2161247730255127, 0.07656590640544891, 0.0, 0.0
2.118866443634033, 0.8845946192741394, 0.3018414378166199, 2.2261712551116943, 1.1220191717147827, 0.0, 0.0
2.1288352012634277, 0.8845946192741394, 0.0, 2.2172460556030273, 0.5166295766830444, 0.0, 0.0
2.138866424560547, 0.8845946192741394, 0.0, 2.221788167953491, 0.9037098288536072, 0.0, 0.0
2.1488418579101562, 0.8845946192741394, 0.0, 2.198981523513794, -2.3683743476867676, 0.0, 0.0
2.158871650695801, 0.8845946192741394, 0.0, 2.198981523513794, -2.3683743476867676, 0.0, 0.0
2.168869733810425, 0.8845946192741394, 0.0, 2.198981523513794, -2.3683743476867676, 0.0, 0.0
2.1788392066955566, 0.8845946192741394, 0.0, 2.198981523513794, -2.3683743476867676, 0.0, 0.0
2.1888413429260254, 0.8845946192741394, 0.0, 2.198981523513794, -2.3683743476867676, 0.0, 0.0
2.1988368034362793, 0.8845946192741394, 0.5717145800590515, 1.95610773563385, 0.9674820303916931, 0.0, 0.0
2.2088520526885986, 0.8845946192741394, 0.0, 1.9239046573638916, -3.288844108581543, 0.0, 0.0
2.2188615798950195, 0.8845946192741394, 0.0, 1.8786734342575073, -7.974501132965088, 0.0, 0.0
2.2288336753845215, 0.8845946192741394, 0.0, 1.8896428346633911, 1.1104872226715088, 0.0, 0.0
2.2388598918914795, 0.8872972726821899, 0.0, 1.88993501663208, 1.215585708618164, 0.0, 0.0
2.248842477798462, 0.8872972726821899, 0.0, 1.916696548461914, 3.531642436981201, 0.0, 0.0
2.2588531970977783, 0.8899999856948853, 0.0, 1.8930283784866333, -3.097490072250366, 0.0, 0.0
2.26885724067688, 0.8899999856948853, 0.0, 1.9067081212997437, 2.7477898597717285, 0.0, 0.0
2.2788593769073486, 0.8899999856948853, 0.0, 1.9067081212997437, 2.7477898597717285, 0.0, 0.0
2.2889552116394043, 0.8899999856948853, 0.0, 1.9067081212997437, 2.7477898597717285, 0.0, 0.0
2.298842191696167, 0.8899999856948853, 0.0, 1.9067081212997437, 2.7477898597717285, 0.0, 0.0
2.3088502883911133, 0.8899999856948853, 0.0, 1.9067081212997437, 2.7477898597717285, 0.0, 0.0
2.3188512325286865, 0.8899999856948853, 0.0, 1.9067081212997437, 2.7477898597717285, 0.0, 0.0
2.328836441040039, 0.8899999856948853, 0.0, 1.9067081212997437, 2.7477898597717285, 0.0, 0.0
2.338829278945923, 0.8899999856948853, 0.0, 1.9067081212997437, 2.7477898597717285, 0.0, 0.0
2.348832130432129, 0.8899999856948853, 0.0, 1.9067081212997437, 2.7477898597717285, 0.0, 0.0
2.358844757080078, 0.8899999856948853, 0.0, 1.9067081212997437, 2.7477898597717285, 0.0, 0.0
2.3688406944274902, 0.8899999856948853, 0.0, 1.9067081212997437, 2.7477898597717285, 0.0, 0.0
2.378838539123535, 0.8899999856948853, 0.0, 1.9067081212997437, 2.7477898597717285, 0.0, 0.0
2.3888256549835205, 0.8899999856948853, 0.0, 1.9067081212997437, 2.7477898597717285, 0.0, 0.0
2.3988325595855713, 0.8899999856948853, 0.0, 1.9067081212997437, 2.7477898597717285, 0.0, 0.0
2.4088284969329834, 0.8899999856948853, 0.0, 1.9067081212997437, 2.7477898597717285, 0.0, 0.0
2.4188356399536133, 0.8899999856948853, 0.0, 1.9067081212997437, 2.7477898597717285, 0.0, 0.0
2.4288418292999268, 0.8899999856948853, 0.0, 1.9067081212997437, 2.7477898597717285, 0.0, 0.0
2.4388556480407715, 0.8899999856948853, 0.0, 1.9067081212997437, 2.7477898597717285, 0.0, 0.0
2.448854923248291, 0.8899999856948853, 0.0, 1.9067081212997437, 2.7477898597717285, 0.0, 0.0
2.4588561058044434, 0.8899999856948853, 0.0, 1.9067081212997437, 2.7477898597717285, 0.0, 0.0
2.4688687324523926, 0.8899999856948853, 0.0, 1.9067081212997437, 2.7477898597717285, 0.0, 0.0
2.478856325149536, 0.8899999856948853, 0.0, 1.9067081212997437, 2.7477898597717285, 0.0, 0.0
2.488848924636841, 0.8899999856948853, 0.0, 1.9067081212997437, 2.7477898597717285, 0.0, 0.0
2.498865842819214, 0.8899999856948853, 0.0, 1.9067081212997437, 2.7477898597717285, 0.0, 0.0
2.508888006210327, 0.8899999856948853, 0.0, 1.9067081212997437, 2.7477898597717285, 0.0, 0.0
2.5188422203063965, 0.8899999856948853, 0.0, 1.9067081212997437, 2.7477898597717285, 0.0, 0.0
2.528841018676758, 0.8899999856948853, 0.0, 1.9067081212997437, 2.7477898597717285, 0.0, 0.0
2.538846731185913, 0.8899999856948853, 0.0, 1.9067081212997437, 2.7477898597717285, 0.0, 0.0
2.548851251602173, 0.8899999856948853, 0.0, 1.9067081212997437, 2.7477898597717285, 0.0, 0.0
2.558896541595459, 0.8899999856948853, 0.0, 1.9067081212997437, 2.7477898597717285, 0.0, 0.0
2.5688817501068115, 0.8899999856948853, 0.0, 1.9067081212997437, 2.7477898597717285, 0.0, 0.0
2.5788588523864746, 0.8899999856948853, 0.0, 1.9067081212997437, 2.7477898597717285, 0.0, 0.0
2.5888803005218506, 0.8899999856948853, 0.0, 1.9067081212997437, 2.7477898597717285, 0.0, 0.0
2.5988385677337646, 0.8899999856948853, 0.0, 1.9067081212997437, 2.7477898597717285, 0.0, 0.0
2.608842134475708, 0.8899999856948853, 0.0, 1.9067081212997437, 2.7477898597717285, 0.0, 0.0
2.618880271911621, 0.8899999856948853, 0.0, 1.9067081212997437, 2.7477898597717285, 0.0, 0.0
2.6288578510284424, 0.8899999856948853, 0.0, 1.9067081212997437, 2.7477898597717285, 0.0, 0.0
2.63885235786438, 0.8899999856948853, 0.0, 1.9067081212997437, 2.7477898597717285, 0.0, 0.0
2.648838996887207, 0.8899999856948853, 0.0, 1.9067081212997437, 2.7477898597717285, 0.0, 0.0
2.6588449478149414, 0.8899999856948853, 0.0, 1.9067081212997437, 2.7477898597717285, 0.0, 0.0
2.6688413619995117, 0.8899999856948853, 0.0, 1.9067081212997437, 2.7477898597717285, 0.0, 0.0
2.6788339614868164, 0.8899999856948853, 0.0, 1.9067081212997437, 2.7477898597717285, 0.0, 0.0
2.6888391971588135, 0.8899999856948853, 0.0, 1.9067081212997437, 2.7477898597717285, 0.0, 0.0
2.698845624923706, 0.8899999856948853, 0.0, 1.9067081212997437, 2.7477898597717285, 0.0, 0.0
2.7088654041290283, 0.8899999856948853, 0.0, 1.9067081212997437, 2.7477898597717285, 0.0, 0.0
2.718851089477539, 0.8899999856948853, 0.0, 1.9067081212997437, 2.7477898597717285, 0.0, 0.0
2.7288434505462646, 0.8899999856948853, 0.0, 1.9067081212997437, 2.7477898597717285, 0.0, 0.0
2.7388455867767334, 0.8899999856948853, 0.0, 1.9067081212997437, 2.7477898597717285, 0.0, 0.0
2.7488441467285156, 0.8899999856948853, 0.0, 1.9067081212997437, 2.7477898597717285, 0.0, 0.0
2.7588307857513428, 0.8899999856948853, 0.0, 1.9067081212997437, 2.7477898597717285, 0.0, 0.0
2.7688426971435547, 0.8899999856948853, 0.0, 1.9067081212997437, 2.7477898597717285, 0.0, 0.0
2.7788474559783936, 0.8899999856948853, 0.0, 1.9067081212997437, 2.7477898597717285, 0.0, 0.0
2.788844108581543, 0.8899999856948853, 0.0, 1.9067081212997437, 2.7477898597717285, 0.0, 0.0
2.798863410949707, 0.8899999856948853, 0.0, 1.9067081212997437, 2.7477898597717285, 0.0, 0.0
2.80886173248291, 0.8899999856948853, 0.0, 1.9067081212997437, 2.7477898597717285, 0.0, 0.0
2.8188719749450684, 0.8899999856948853, 0.0, 1.9067081212997437, 2.7477898597717285, 0.0, 0.0
2.828843116760254, 0.8899999856948853, 0.0, 1.9067081212997437, 2.7477898597717285, 0.0, 0.0
2.8388445377349854, 0.8899999856948853, 0.0, 1.9067081212997437, 2.7477898597717285, 0.0, 0.0
2.8488402366638184, 0.8899999856948853, 0.0, 1.9067081212997437, 2.7477898597717285, 0.0, 0.0
2.8588733673095703, 0.8899999856948853, 0.0, 1.9067081212997437, 2.7477898597717285, 0.0, 0.0
2.868863821029663, 0.8899999856948853, 0.0, 1.9067081212997437, 2.7477898597717285, 0.0, 0.0
2.878854990005493, 0.8899999856948853, 0.0, 1.9067081212997437, 2.7477898597717285, 0.0, 0.0
2.888838768005371, 0.8899999856948853, 0.0, 1.9067081212997437, 2.7477898597717285, 0.0, 0.0
2.8988420963287354, 0.8899999856948853, 0.0, 1.9067081212997437, 2.7477898597717285, 0.0, 0.0
2.9088449478149414, 0.8899999856948853, 0.0, 1.9067081212997437, 2.7477898597717285, 0.0, 0.0
2.9188451766967773, 0.8899999856948853, 0.0, 1.9067081212997437, 2.7477898597717285, 0.0, 0.0
2.928839921951294, 0.8899999856948853, 0.0, 1.9067081212997437, 2.7477898597717285, 0.0, 0.0
2.9388391971588135, 0.8899999856948853, 0.0, 1.9067081212997437, 2.7477898597717285, 0.0, 0.0
2.9488511085510254, 0.8899999856948853, 0.0, 1.9067081212997437, 2.7477898597717285, 0.0, 0.0
2.9588558673858643, 0.8899999856948853, 0.0, 1.9067081212997437, 2.7477898597717285, 0.0, 0.0
2.968844175338745, 0.8899999856948853, 0.0, 1.9067081212997437, 2.7477898597717285, 0.0, 0.0
2.978847026824951, 0.8899999856948853, 0.0, 1.9067081212997437, 2.7477898597717285, 0.0, 0.0
2.988847017288208, 0.8899999856948853, 0.0, 1.9067081212997437, 2.7477898597717285, 0.0, 0.0
2.998835802078247, 0.8899999856948853, 0.0, 1.9067081212997437, 2.7477898597717285, 0.0, 0.0
3.008843421936035, 0.8899999856948853, 0.0, 1.9067081212997437, 2.7477898597717285, 0.0, 0.0
3.0188634395599365, 0.8899999856948853, 0.0, 1.9067081212997437, 2.7477898597717285, 0.0, 0.0
3.0288641452789307, 0.8899999856948853, 0.0, 1.9067081212997437, 2.7477898597717285, 0.0, 0.0
3.038867473602295, 0.8899999856948853, 0.0, 1.9067081212997437, 2.7477898597717285, 0.0, 0.0
3.048874616622925, 0.8899999856948853, 0.0, 1.9067081212997437, 2.7477898597717285, 0.0, 0.0
3.058849573135376, 0.8899999856948853, 0.0, 1.9067081212997437, 2.7477898597717285, 0.0, 0.0
3.0688517093658447, 0.8899999856948853, 0.0, 1.9067081212997437, 2.7477898597717285, 0.0, 0.0
3.0788474082946777, 0.8899999856948853, 0.0, 1.9067081212997437, 2.7477898597717285, 0.0, 0.0
3.088848114013672, 0.8899999856948853, 0.0, 1.9067081212997437, 2.7477898597717285, 0.0, 0.0
3.0988376140594482, 0.8899999856948853, 0.0, 1.9067081212997437, 2.7477898597717285, 0.0, 0.0
3.1088626384735107, 0.8899999856948853, 0.0, 1.9067081212997437, 2.7477898597717285, 0.0, 0.0
3.118837356567383, 0.8899999856948853, 0.0, 1.9067081212997437, 2.7477898597717285, 0.0, 0.0
3.1288301944732666, 0.8899999856948853, 0.0, 1.9067081212997437, 2.7477898597717285, 0.0, 0.0
3.138843536376953, 0.8899999856948853, 0.0, 1.9067081212997437, 2.7477898597717285, 0.0, 0.0
3.1488497257232666, 0.8899999856948853, 0.0, 1.9067081212997437, 2.7477898597717285, 0.0, 0.0
3.1589038372039795, 0.8899999856948853, 0.0, 1.9067081212997437, 2.7477898597717285, 0.0, 0.0
3.168858289718628, 0.8899999856948853, 0.0, 1.9067081212997437, 2.7477898597717285, 0.0, 0.0
3.178832530975342, 0.8899999856948853, 0.0, 1.9067081212997437, 2.7477898597717285, 0.0, 0.0
3.188840866088867, 0.8899999856948853, 0.0, 1.9067081212997437, 2.7477898597717285, 0.0, 0.0
3.1988143920898438, 0.8899999856948853, 0.0, 1.9067081212997437, 2.7477898597717285, 0.0, 0.0
3.208860397338867, 0.8899999856948853, 0.0, 1.9067081212997437, 2.7477898597717285, 0.0, 0.0
3.2188496589660645, 0.8818919062614441, -0.5395248532295227, 1.8856022357940674, -36.33378219604492, 0.0, 0.0
3.228841543197632, 0.8818919062614441, -0.5556841492652893, 1.8432773351669312, -24.137514114379883, 0.0, 0.0
3.238842010498047, 0.8845946192741394, 0.18485049903392792, 1.8425158262252808, -0.052078139036893845, 0.0, 0.0
3.248833656311035, 0.8818919062614441, -0.544108510017395, 1.8520429134368896, -2.810009241104126, 0.0, 0.0
3.2588865756988525, 0.8845946192741394, 0.5792813301086426, 1.9009536504745483, 10.483236312866211, 0.0, 0.0
3.268842935562134, 0.8845946192741394, 0.0, 1.9539532661437988, 13.34654712677002, 0.0, 0.0
3.278865337371826, 0.8845946192741394, 0.0, 2.099968910217285, 0.18811534345149994, 0.0, 0.0
3.2888593673706055, 0.8845946192741394, 0.0, 1.9223811626434326, -35.49641418457031, 0.0, 0.0
3.298884630203247, 0.8845946192741394, 0.0, 2.1053311824798584, 17.185842514038086, 0.0, 0.0
3.308856248855591, 0.8845946192741394, 0.0, 2.1053311824798584, 17.185842514038086, 0.0, 0.0
3.318894147872925, 0.8845946192741394, 0.0, 2.1053311824798584, 17.185842514038086, 0.0, 0.0
3.3288886547088623, 0.8872972726821899, 0.0, 2.1718995571136475, 0.132531076669693, 0.0, 0.0
3.3388617038726807, 0.8845946192741394, -0.5634173154830933, 2.15326189994812, -3.948913097381592, 0.0, 0.0
3.3488802909851074, 0.8872972726821899, 0.46352455019950867, 2.169301986694336, 2.7509725093841553, 0.0, 0.0
3.3588685989379883, 0.8872972726821899, 0.0, 2.1688528060913086, -0.07197177410125732, 0.0, 0.0
3.368873357772827, 0.8845946192741394, -0.48367780447006226, 2.181835651397705, 1.0547621250152588, 0.0, 0.0
3.3788836002349854, 0.8845946192741394, 0.0, 2.175386905670166, -1.3796294927597046, 0.0, 0.0
3.388876438140869, 0.8845946192741394, 0.0, 2.1803529262542725, 0.2829468548297882, 0.0, 0.0
3.398862361907959, 0.8845946192741394, 0.0, 2.1850879192352295, -0.8300269842147827, 0.0, 0.0
3.4088714122772217, 0.8845946192741394, 0.0, 2.1918444633483887, 1.36910879611969, 0.0, 0.0
3.41888689994812, 0.8845946192741394, 0.0, 2.2078752517700195, 1.0672941207885742, 0.0, 0.0
3.428864002227783, 0.8845946192741394, 0.0, 2.202831268310547, -1.8084514141082764, 0.0, 0.0
3.4388601779937744, 0.8845946192741394, 0.0, 2.2125401496887207, 1.8521651029586792, 0.0, 0.0
3.4488372802734375, 0.8845946192741394, 0.0, 2.2247958183288574, 0.9295446276664734, 0.0, 0.0
3.4588396549224854, 0.8845946192741394, 0.0, 2.2213258743286133, -1.9766427278518677, 0.0, 0.0
3.4688384532928467, 0.8845946192741394, 0.5106977224349976, 2.215811014175415, -0.6865248680114746, 0.0, 0.0
3.4788718223571777, 0.8845946192741394, 0.5106977224349976, 2.215811014175415, -0.6865248680114746, 0.0, 0.0
3.4888665676116943, 0.8845946192741394, 0.5483459830284119, 2.2302088737487793, 2.7767345905303955, 0.0, 0.0
3.4988672733306885, 0.8818919062614441, 0.0, 2.214446783065796, -3.1595957279205322, 0.0, 0.0
3.508843421936035, 0.8818919062614441, 0.0, 2.22733473777771, 1.17451012134552, 0.0, 0.0
3.518850564956665, 0.8818919062614441, 0.0, 2.219806671142578, -1.1920034885406494, 0.0, 0.0
3.52884840965271, 0.8791891932487488, -0.19589336216449738, 2.2160370349884033, -0.2732261121273041, 0.0, 0.0
3.5388622283935547, 0.8791891932487488, 0.0, 2.2141757011413574, -0.1899115890264511, 0.0, 0.0
3.5488457679748535, 0.8791891932487488, 0.0, 2.1033315658569336, -11.595011711120605, 0.0, 0.0
3.5588462352752686, 0.8791891932487488, 0.0, 2.210110902786255, 11.011890411376953, 0.0, 0.0
3.56885027885437, 0.8791891932487488, 0.0, 2.1142024993896484, -7.8503737449646, 0.0, 0.0
3.57887864112854, 0.8791891932487488, 0.0, 2.2174251079559326, 21.598758697509766, 0.0, 0.0
3.588876724243164, 0.8791891932487488, 0.0, 2.2206695079803467, 24.388471603393555, 0.0, 0.0
3.5988388061523438, 0.8791891932487488, 0.0, 2.105501890182495, -25.3663330078125, 0.0, 0.0
3.6088311672210693, 0.8791891932487488, 0.0, 2.087942600250244, -26.90353012084961, 0.0, 0.0
3.618889093399048, 0.8791891932487488, 0.0, 2.2120745182037354, 21.226585388183594, 0.0, 0.0
3.628873825073242, 0.8791891932487488, 0.0, 2.09858775138855, -20.872072219848633, 0.0, 0.0
3.6388607025146484, 0.8791891932487488, 0.0, 2.2083895206451416, -1.1187609434127808, 0.0, 0.0
3.6488351821899414, 0.8791891932487488, 0.0, 2.067713499069214, -2.03288197517395, 0.0, 0.0
3.6588454246520996, 0.8764864802360535, -0.4886820316314697, 2.089604139328003, 1.241115927696228, 0.0, 0.0
3.6688530445098877, 0.8764864802360535, 0.0, 2.089895725250244, 0.05131242424249649, 0.0, 0.0
3.6788692474365234, 0.8764864802360535, 0.0, 2.055826425552368, 3.595874309539795, 0.0, 0.0
3.688857316970825, 0.8764864802360535, 0.0, 2.2150423526763916, 29.1632137298584, 0.0, 0.0
3.69883394241333, 0.8764864802360535, 0.0, 2.2068982124328613, 19.008485794067383, 0.0, 0.0
3.708857774734497, 0.8764864802360535, 0.0, 2.0586140155792236, -28.294864654541016, 0.0, 0.0
3.7188849449157715, 0.8764864802360535, 0.0, 2.062633991241455, -0.7774345874786377, 0.0, 0.0
3.728863000869751, 0.8764864802360535, 0.0, 2.0653724670410156, 0.35403966903686523, 0.0, 0.0
3.7388644218444824, 0.8764864802360535, 0.0, 2.063082218170166, -0.2655261158943176, 0.0, 0.0
3.7488956451416016, 0.8764864802360535, 0.0, 2.059821844100952, -0.6350148916244507, 0.0, 0.0
3.7588789463043213, 0.8764864802360535, 0.0, 2.0653257369995117, 0.2182980328798294, 0.0, 0.0
3.7688467502593994, 0.8764864802360535, 0.0, 2.068835496902466, 1.7239100933074951, 0.0, 0.0
3.7788538932800293, 0.8764864802360535, 0.0, 2.0598340034484863, -0.43051961064338684, 0.0, 0.0
3.7888362407684326, 0.8764864802360535, 0.0, 2.2211556434631348, 2.0848498344421387, 0.0, 0.0
3.7988409996032715, 0.8764864802360535, 0.0, 2.2258188724517822, 0.7285568714141846, 0.0, 0.0
3.8088459968566895, 0.8764864802360535, 0.0, 2.0413033962249756, -39.31575012207031, 0.0, 0.0
3.8188583850860596, 0.8791891932487488, 0.0, 2.0971274375915527, 2.868090867996216, 0.0, 0.0
3.828857660293579, 0.8764864802360535, -0.5055729746818542, 2.2252588272094727, 24.57819938659668, 0.0, 0.0
3.8388490676879883, 0.8791891932487488, 0.0, 2.2298102378845215, -4.537796497344971, 0.0, 0.0
3.848842144012451, 0.8791891932487488, 0.0, 2.074676513671875, -30.604318618774414, 0.0, 0.0
3.858844757080078, 0.8791891932487488, 0.0, 2.0538225173950195, -4.929104804992676, 0.0, 0.0
3.868835687637329, 0.8791891932487488, 0.0, 2.0719525814056396, -29.37534523010254, 0.0, 0.0
3.878833532333374, 0.8791891932487488, 0.0, 2.2209813594818115, 26.471479415893555, 0.0, 0.0
3.8888697624206543, 0.8791891932487488, 0.0, 2.2414112091064453, 4.9550251960754395, 0.0, 0.0
3.8988535404205322, 0.8791891932487488, 0.0, 2.086127519607544, -24.46583366394043, 0.0, 0.0
3.9088430404663086, 0.8791891932487488, 0.0, 2.21338152885437, -2.015929698944092, 0.0, 0.0
3.9188666343688965, 0.8818919062614441, 0.5127999782562256, 2.0725107192993164, -26.72823715209961, 0.0, 0.0
3.928834915161133, 0.8818919062614441, 0.0, 2.0974440574645996, -19.000131607055664, 0.0, 0.0
3.9388675689697266, 0.8818919062614441, 0.0, 2.206071138381958, -0.15879619121551514, 0.0, 0.0
3.9488718509674072, 0.8818919062614441, 0.0, 2.192833185195923, -2.5734126567840576, 0.0, 0.0
3.958833932876587, 0.8818919062614441, 0.0, 2.188915967941284, -0.2575605511665344, 0.0, 0.0
3.9688477516174316, 0.8818919062614441, 0.0, 2.1824440956115723, -0.6505846381187439, 0.0, 0.0
3.978856325149536, 0.8845946192741394, 0.4591687023639679, 2.20430850982666, 1.4855087995529175, 0.0, 0.0
3.9888479709625244, 0.8845946192741394, 0.0, 2.203092098236084, -1.6187065839767456, 0.0, 0.0
3.998845100402832, 0.8845946192741394, 0.0, 2.1943533420562744, -4.732734203338623, 0.0, 0.0
4.008851766586304, 0.8845946192741394, 0.0, 2.2068850994110107, 2.267925977706909, 0.0, 0.0
4.018859148025513, 0.8845946192741394, 0.0, 2.195824146270752, -2.2360122203826904, 0.0, 0.0
4.02884840965271, 0.8845946192741394, 0.0, 2.215881824493408, 3.819535970687866, 0.0, 0.0
4.038849592208862, 0.8872972726821899, 0.0, 2.2054786682128906, 1.2459715604782104, 0.0, 0.0
4.048859119415283, 0.8872972726821899, 0.0, 2.1998465061187744, 0.4520709216594696, 0.0, 0.0
4.058887004852295, 0.8872972726821899, 0.0, 2.213996410369873, 2.732978105545044, 0.0, 0.0
4.068876028060913, 0.8872972726821899, 0.0, 2.1971027851104736, -0.8417791724205017, 0.0, 0.0
4.078842878341675, 0.8872972726821899, 0.0, 2.1988518238067627, 0.7786761522293091, 0.0, 0.0
4.088847875595093, 0.8872972726821899, 0.0, 2.1794378757476807, -2.1360671520233154, 0.0, 0.0
4.098840951919556, 0.8872972726821899, 0.0, 2.203977346420288, 2.0485992431640625, 0.0, 0.0
4.108870267868042, 0.8872972726821899, 0.0, 2.203977346420288, 2.0485992431640625, 0.0, 0.0
4.1188483238220215, 0.8872972726821899, 0.0, 2.1882009506225586, -0.8453190922737122, 0.0, 0.0
4.128839731216431, 0.8872972726821899, 0.0, 2.196942090988159, 0.9643627405166626, 0.0, 0.0
4.138848781585693, 0.8872972726821899, 0.0, 2.1863954067230225, 0.4209626019001007, 0.0, 0.0
4.148841857910156, 0.8872972726821899, 0.0, 2.1863954067230225, 0.4209626019001007, 0.0, 0.0
4.158840179443359, 0.8872972726821899, 0.0, 2.1863954067230225, 0.4209626019001007, 0.0, 0.0
4.168852090835571, 0.8899999856948853, 0.09380265325307846, 2.1756629943847656, -0.3724859952926636, 0.0, 0.0
4.178870439529419, 0.8899999856948853, 0.0, 2.1797850131988525, 0.4087510108947754, 0.0, 0.0
4.1888346672058105, 0.8872972726821899, -0.3090163767337799, 2.141359806060791, -4.393386363983154, 0.0, 0.0
4.198854207992554, 0.8872972726821899, 0.0, 2.1314568519592285, -0.8739479780197144, 0.0, 0.0
4.20884108543396, 0.8872972726821899, 0.0, 2.0900983810424805, 26.35578155517578, 0.0, 0.0
4.2188427448272705, 0.8872972726821899, 0.0, 1.94170343875885, 6.5963454246521, 0.0, 0.0
