3.337860107421875e-06, 0.0, 0.0, 0.0, 0.0, 0.0, 0.0
0.0008242130279541016, 0.0, 0.0, 0.0, 0.0, 0.0, 0.0
0.010825634002685547, 0.0, 0.0, 0.0, 0.0, 0.0, 0.0
0.02087092399597168, 0.0, 0.0, 0.0, 0.0, 0.0, 0.0
0.030825138092041016, 0.0, 0.0, 0.0, 0.0, 0.0, 0.0
0.040837764739990234, 0.0, 0.0, 0.0, 0.0, 0.0, 0.0
0.050832271575927734, 0.0, 0.0, 0.0, 0.0, 0.0, 0.0
0.06087660789489746, 0.0, 0.0, 0.0, 0.0, 0.0, 0.0
0.07086753845214844, 0.0, 0.0, 0.0, 0.0, 0.0, 0.0
0.0808870792388916, 0.0, 0.0, 0.0, 0.0, 0.0, 0.0
0.09089899063110352, 0.0, 0.0, 0.0, 0.0, 0.0, 0.0
0.1009829044342041, 0.0, 0.0, 0.0, 0.0, 0.0, 0.0
0.11091876029968262, 0.0, 0.0, 0.0, 0.0, 0.0, 0.0
0.12090516090393066, 0.0, 0.0, 0.0, 0.0, 0.0, 0.0
0.1309185028076172, 0.0, 0.0, 0.0, 0.0, 0.0, 0.0
0.14090490341186523, 0.0, 0.0, 0.0, 0.0, 0.0, 0.0
0.15089678764343262, 0.0, 0.0, 0.0, 0.0, 0.0, 0.0
0.16091585159301758, 0.0, 0.0, 0.0, 0.0, 0.0, 0.0
0.17090964317321777, 0.0, 0.0, 0.0, 0.0, 0.0, 0.0
0.18086695671081543, 0.0, 0.0, 0.0, 0.0, 0.0, 0.0
0.19083094596862793, 0.0, 0.0, 0.0, 0.0, 0.0, 0.0
0.20080351829528809, 0.0, 0.0, 0.0, 0.0, 0.0, 0.0
0.21084976196289062, 0.0, 0.0, 0.0, 0.0, 0.0, 0.0
0.2209162712097168, 0.0, 0.0, 0.0, 0.0, 0.0, 0.0
0.23084139823913574, 0.0, 0.0, 0.0, 0.0, 0.0, 0.0
0.2408447265625, 0.0, 0.0, 0.0, 0.0, 0.0, 0.0
0.25087761878967285, 0.0, 0.0, 0.0, 0.0, 0.0, 0.0
0.2608916759490967, 0.0, 0.0, 0.0, 0.0, 0.0, 0.0
0.2708258628845215, 0.0, 0.0, 0.0, 0.0, 0.0, 0.0
0.28083086013793945, 0.0, 0.0, 0.0, 0.0, 0.0, 0.0
0.2908799648284912, 0.0, 0.0, 0.0, 0.0, 0.0, 0.0
0.300858736038208, 0.0, 0.0, 0.0, 0.0, 0.0, 0.0
0.31088757514953613, 0.0, 0.0, 0.0, 0.0, 0.0, 0.0
0.32083988189697266, 0.0, 0.0, 0.0, 0.0, 0.0, 0.0
0.3308713436126709, 0.0, 0.0, 0.0, 0.0, 0.0, 0.0
0.34098076820373535, 0.0, 0.0, 0.0, 0.0, 0.0, 0.0
0.3509254455566406, 0.0, 0.0, 0.0, 0.0, 0.0, 0.0
0.3609135150909424, 0.0, 0.0, 0.0, 0.0, 0.0, 0.0
0.3709123134613037, 0.0, 0.0, 0.0, 0.0, 0.0, 0.0
0.3808748722076416, 0.0, 0.0, 0.0, 0.0, 0.0, 0.0
0.39086389541625977, 0.0, 0.0, 0.0, 0.0, 0.0, 0.0
0.4008457660675049, 0.0, 0.0, 0.0, 0.0, 0.0, 0.0
0.4108312129974365, 0.0, 0.0, 0.0, 0.0, 0.0, 0.0
0.4208798408508301, 0.0, 0.0, 0.0, 0.0, 0.0, 0.0
0.4308912754058838, 0.0, 0.0, 0.0, 0.0, 0.0, 0.0
0.4408559799194336, 0.0, 0.0, 0.0, 0.0, 0.0, 0.0
0.4508686065673828, 0.0, 0.0, 0.0, 0.0, 0.0, 0.0
0.4608752727508545, 0.0, 0.0, 0.0, 0.0, 0.0, 0.0
0.47086358070373535, 0.0, 0.0, 0.0, 0.0, 0.0, 0.0
0.48084092140197754, 0.0, 0.0, 0.0, 0.0, 0.0, 0.0
0.490877628326416, 0.0, 0.0, 0.0, 0.0, 0.0, 0.0
0.5008730888366699, 0.0, 0.0, 0.0, 0.0, 0.0, 0.0
0.5108129978179932, 0.0, 0.0, 0.0, 0.0, 0.0, 0.0
0.5208592414855957, 0.0, 0.0, 0.0, 0.0, 0.0, 0.0
0.5308539867401123, 0.0, 0.0, 0.0, 0.0, 0.0, 0.0
0.5408742427825928, 0.0, 0.0, 0.0, 0.0, 0.0, 0.0
0.5508718490600586, 0.0, 0.0, 0.0, 0.0, 0.0, 0.0
0.5608677864074707, 0.0, 0.0, 0.0, 0.0, 0.0, 0.0
0.5708818435668945, 0.0, 0.0, 0.0, 0.0, 0.0, 0.0
0.5808212757110596, 0.0, 0.0, 0.0, 0.0, 0.0, 0.0
0.5908050537109375, 0.0, 0.0, 0.0, 0.0, 0.0, 0.0
0.6008391380310059, 0.0, 0.0, 0.0, 0.0, 0.0, 0.0
0.6108307838439941, 0.0, 0.0, 0.0, 0.0, 0.0, 0.0
0.6208269596099854, 0.0, 0.0, 0.0, 0.0, 0.0, 0.0
0.630840539932251, 0.0, 0.0, 0.0, 0.0, 0.0, 0.0
0.6409158706665039, 0.0, 0.0, 0.0, 0.0, 0.0, 0.0
0.6509101390838623, 0.0, 0.0, 0.0, 0.0, 0.0, 0.0
0.6608729362487793, 0.0, 0.0, 0.0, 0.0, 0.0, 0.0
0.6708383560180664, 0.0, 0.0, 0.0, 0.0, 0.0, 0.0
0.6808497905731201, 0.0, 0.0, 0.0, 0.0, 0.0, 0.0
0.690847635269165, 0.0, 0.0, 0.0, 0.0, 0.0, 0.0
0.7009048461914062, 0.0, 0.0, 0.0, 0.0, 0.0, 0.0
0.7108824253082275, 0.0, 0.0, 0.0, 0.0, 0.0, 0.0
0.7209022045135498, 0.0, 0.0, 0.0, 0.0, 0.0, 0.0
0.7309021949768066, 0.0, 0.0, 0.0, 0.0, 0.0, 0.0
0.740919828414917, 0.0, 0.0, 0.0, 0.0, 0.0, 0.0
0.7509918212890625, 0.0, 0.0, 0.0, 0.0, 0.0, 0.0
0.7609031200408936, 0.0, 0.0, 0.0, 0.0, 0.0, 0.0
0.7708821296691895, 0.0, 0.0, 0.0, 0.0, 0.0, 0.0
0.7808778285980225, 0.0, 0.0, 0.0, 0.0, 0.0, 0.0
0.7908775806427002, 0.0, 0.0, 0.0, 0.0, 0.0, 0.0
0.8008565902709961, 0.0, 0.0, 0.0, 0.0, 0.0, 0.0
0.810901403427124, 0.0, 0.0, 0.0, 0.0, 0.0, 0.0
0.8208956718444824, 0.0, 0.0, 0.0, 0.0, 0.0, 0.0
0.8308846950531006, 0.0, 0.0, 0.0, 0.0, 0.0, 0.0
0.8409159183502197, 0.0, 0.0, 0.0, 0.0, 0.0, 0.0
0.8509232997894287, 0.0, 0.0, 0.0, 0.0, 0.0, 0.0
0.860966682434082, 0.0, 0.0, 0.0, 0.0, 0.0, 0.0
0.8709022998809814, 0.0, 0.0, 0.0, 0.0, 0.0, 0.0
0.8809423446655273, 0.0, 0.0, 0.0, 0.0, 0.0, 0.0
0.8909099102020264, 0.0, 0.0, 0.0, 0.0, 0.0, 0.0
0.9009013175964355, 0.0, 0.0, 0.0, 0.0, 0.0, 0.0
0.9109220504760742, 0.0, 0.0, 0.0, 0.0, 0.0, 0.0
0.9209673404693604, 0.0, 0.0, 0.0, 0.0, 0.0, 0.0
0.9309594631195068, 0.0, 0.0, 0.0, 0.0, 0.0, 0.0
0.9409542083740234, 0.0, 0.0, 0.0, 0.0, 0.0, 0.0
0.9509313106536865, 0.0, 0.0, 0.0, 0.0, 0.0, 0.0
0.9609367847442627, 0.0, 0.0, 0.0, 0.0, 0.0, 0.0
0.9709663391113281, 0.0, 0.0, 0.0, 0.0, 0.0, 0.0
0.9809844493865967, 0.0, 0.0, 0.0, 0.0, 0.0, 0.0
0.9909849166870117, 0.0, 0.0, 0.0, 0.0, 0.0, 0.0
1.0009589195251465, 0.0, 0.0, 0.0, 0.0, 0.0, 0.0
1.0108861923217773, 0.0, 0.0, 0.0, 0.0, 0.0, 0.0
1.0209848880767822, 0.0, 0.0, 0.0, 0.0, 0.0, 0.0
1.0308947563171387, 0.0, 0.0, 0.0, 0.0, 0.0, 0.0
1.0409834384918213, 0.0, 0.0, 0.0, 0.0, 0.0, 0.0
1.050971269607544, 0.0, 0.0, 0.0, 0.0, 0.0, 0.0
1.0609524250030518, 0.0, 0.0, 0.0, 0.0, 0.0, 0.0
1.0709197521209717, 0.0, 0.0, 0.0, 0.0, 0.0, 0.0
1.0809264183044434, 0.0, 0.0, 0.0, 0.0, 0.0, 0.0
1.0909371376037598, 0.0, 0.0, 0.0, 0.0, 0.0, 0.0
1.1008985042572021, 0.0, 0.0, 0.0, 0.0, 0.0, 0.0
1.1108818054199219, 0.0, 0.0, 0.0, 0.0, 0.0, 0.0
1.1209771633148193, 0.0, 0.0, 0.0, 0.0, 0.0, 0.0
1.1308586597442627, 0.0, 0.0, 0.0, 0.0, 0.0, 0.0
1.1408982276916504, 0.0, 0.0, 0.0, 0.0, 0.0, 0.0
1.1508748531341553, 0.0, 0.0, 0.0, 0.0, 0.0, 0.0
1.160891056060791, 0.0, 0.0, 0.0, 0.0, 0.0, 0.0
1.1709139347076416, 0.0, 0.0, 0.0, 0.0, 0.0, 0.0
1.1809611320495605, 0.0, 0.0, 0.0, 0.0, 0.0, 0.0
1.190887451171875, 0.0, 0.0, 0.0, 0.0, 0.0, 0.0
1.2009923458099365, 0.0, 0.0, 0.0, 0.0, 0.0, 0.0
1.2109124660491943, 0.0, 0.0, 0.0, 0.0, 0.0, 0.0
1.2209091186523438, 0.0, 0.0, 0.0, 0.0, 0.0, 0.0
1.2309279441833496, 0.0, 0.0, 0.0, 0.0, 0.0, 0.0
1.240912914276123, 0.0, 0.0, 0.0, 0.0, 0.0, 0.0
1.250908374786377, 0.0, 0.0, 0.0, 0.0, 0.0, 0.0
1.2608733177185059, 0.0, 0.0, 0.0, 0.0, 0.0, 0.0
1.270799160003662, 0.0, 0.0, 0.0, 0.0, 0.0, 0.0
1.2808284759521484, 0.0, 0.0, 0.0, 0.0, 0.0, 0.0
1.290811538696289, 0.0, 0.0, 0.0, 0.0, 0.0, 0.0
1.3008410930633545, 0.0, 0.0, 0.0, 0.0, 0.0, 0.0
1.310788631439209, 0.0, 0.0, 0.0, 0.0, 0.0, 0.0
1.3208138942718506, 0.0, 0.0, 0.0, 0.0, 0.0, 0.0
1.330876350402832, 0.0, 0.0, 0.0, 0.0, 0.0, 0.0
1.340895175933838, 0.0, 0.0, 0.0, 0.0, 0.0, 0.0
1.3508522510528564, 0.0, 0.0, 0.0, 0.0, 0.0, 0.0
1.3608291149139404, 0.0, 0.0, 0.0, 0.0, 0.0, 0.0
1.370861530303955, 0.0, 0.0, 0.0, 0.0, 0.0, 0.0
1.3808133602142334, 0.0, 0.0, 0.0, 0.0, 0.0, 0.0
1.3908240795135498, 0.0, 0.0, 0.0, 0.0, 0.0, 0.0
1.4007775783538818, 0.0, 0.0, 0.0, 0.0, 0.0, 0.0
1.4107840061187744, 0.0, 0.0, 0.0, 0.0, 0.0, 0.0
1.4207844734191895, 0.0, 0.0, 0.0, 0.0, 0.0, 0.0
1.430814266204834, 0.0, 0.0, 0.0, 0.0, 0.0, 0.0
1.440850019454956, 0.0, 0.0, 0.0, 0.0, 0.0, 0.0
1.4508838653564453, 0.0, 0.0, 0.0, 0.0, 0.0, 0.0
1.460827112197876, 0.0, 0.0, 0.0, 0.0, 0.0, 0.0
1.4708845615386963, 0.0, 0.0, 0.0, 0.0, 0.0, 0.0
1.4808671474456787, 0.0, 0.0, 0.0, 0.0, 0.0, 0.0
1.490821123123169, 0.0, 0.0, 0.0, 0.0, 0.0, 0.0
1.5008337497711182, 0.0, 0.0, 0.0, 0.0, 0.0, 0.0
1.5108091831207275, 0.0, 0.0, 0.0, 0.0, 0.0, 0.0
1.520815134048462, 0.0, 0.0, 0.0, 0.0, 0.0, 0.0
1.5308105945587158, 0.8893616795539856, 0.5500863790512085, -1.540417194366455, -0.4948889911174774, 0.0, 0.0
1.5408148765563965, 0.8893616795539856, 0.0, -1.626052737236023, -23.381141662597656, 0.0, 0.0
1.5508067607879639, 0.8893616795539856, 0.0, -1.5275890827178955, -1.5600972175598145, 0.0, 0.0
1.5608105659484863, 0.8893616795539856, 0.0, -1.5465706586837769, -1.1603540182113647, 0.0, 0.0
1.5708105564117432, 0.8914893865585327, 0.5869541764259338, -1.5275808572769165, 0.08857274800539017, 0.0, 0.0
1.5808053016662598, 0.8914893865585327, 0.0, -1.5493419170379639, -2.9401838779449463, 0.0, 0.0
1.5908167362213135, 0.8914893865585327, 0.0, -1.5328946113586426, -0.6931953430175781, 0.0, 0.0
1.600830316543579, 0.8914893865585327, 0.0, -1.5357829332351685, -3.9541802406311035, 0.0, 0.0
1.6108078956604004, 0.8914893865585327, 0.0, -1.532649040222168, -2.3713631629943848, 0.0, 0.0
1.6208257675170898, 0.8936170339584351, 0.0, -1.5225563049316406, -0.20940299332141876, 0.0, 0.0
1.6308391094207764, 0.8936170339584351, 0.0, -1.530377745628357, 22.81907844543457, 0.0, 0.0
1.6407968997955322, 0.8957446813583374, 0.6022846102714539, -1.5255200862884521, 1.049245834350586, 0.0, 0.0
1.6507916450500488, 0.8936170339584351, 0.0, -1.5338785648345947, -3.7244608402252197, 0.0, 0.0
1.66080641746521, 0.8957446813583374, 0.0, -1.5296822786331177, -0.32081788778305054, 0.0, 0.0
1.670830249786377, 0.8957446813583374, 0.0, -1.5249134302139282, 19.848295211791992, 0.0, 0.0
1.6807913780212402, 0.8957446813583374, 0.0, -1.5289698839187622, -0.14322030544281006, 0.0, 0.0
1.690795660018921, 0.8957446813583374, 0.0, -1.5151230096817017, -2.571901798248291, 0.0, 0.0
1.7008042335510254, 0.8978723287582397, 0.6087762713432312, -1.5308572053909302, -0.12174712866544724, 0.0, 0.0
1.7108068466186523, 0.8978723287582397, 0.0, -1.5227084159851074, -5.46664571762085, 0.0, 0.0
1.7208144664764404, 0.8978723287582397, 0.0, -1.5272399187088013, 0.5321176648139954, 0.0, 0.0
1.7308168411254883, 0.8978723287582397, 0.0, -1.5230876207351685, -2.7422845363616943, 0.0, 0.0
1.7407982349395752, 0.8978723287582397, 0.0, -1.5065282583236694, 8.299237251281738, 0.0, 0.0
1.7507903575897217, 0.8978723287582397, 0.0, -1.526042103767395, -3.6879215240478516, 0.0, 0.0
1.7607998847961426, 0.8978723287582397, -0.5712855458259583, -1.517689824104309, 4.269610404968262, 0.0, 0.0
1.7708323001861572, 0.8999999761581421, 0.0, -1.5168612003326416, -2.7579281330108643, 0.0, 0.0
1.7808055877685547, 0.8999999761581421, 0.0, -1.508553385734558, 3.053556203842163, 0.0, 0.0
1.7908012866973877, 0.8999999761581421, 0.0, -1.5147292613983154, -1.2466965913772583, 0.0, 0.0
1.8008065223693848, 0.8999999761581421, 0.0, -1.5049717426300049, 1.791202425956726, 0.0, 0.0
1.8108012676239014, 0.8999999761581421, 0.0, -1.5080617666244507, -0.37901416420936584, 0.0, 0.0
1.8208022117614746, 0.8999999761581421, 0.0, -1.5055943727493286, 1.3585971593856812, 0.0, 0.0
1.830810308456421, 0.9021276831626892, 0.0, -1.5088971853256226, -0.654881477355957, 0.0, 0.0
1.8407940864562988, 0.9021276831626892, 0.5552545189857483, -1.60715913772583, -25.388914108276367, 0.0, 0.0
1.85079026222229, 0.9021276831626892, 0.0, -1.5136820077896118, -2.7638089656829834, 0.0, 0.0
1.860795497894287, 0.9021276831626892, 0.0, -1.5073872804641724, -0.9977025389671326, 0.0, 0.0
1.870832920074463, 0.9021276831626892, 0.0, -1.5057721138000488, 0.14997100830078125, 0.0, 0.0
1.880793809890747, 0.9021276831626892, 0.0, -1.501543641090393, -0.7154210805892944, 0.0, 0.0
1.890815019607544, 0.9021276831626892, 0.0, -1.5072821378707886, -0.1754140704870224, 0.0, 0.0
1.9008064270019531, 0.9021276831626892, 0.0, -1.4944525957107544, 1.0085937976837158, 0.0, 0.0
1.9108054637908936, 0.9021276831626892, 0.0, -1.5050582885742188, -1.428660273551941, 0.0, 0.0
1.9207992553710938, 0.9021276831626892, 0.0, -1.49239981174469, 0.6412093043327332, 0.0, 0.0
1.9307923316955566, 0.9021276831626892, 0.0, -1.5012153387069702, -1.574191927909851, 0.0, 0.0
1.9408042430877686, 0.9042553305625916, 0.0, -1.497050166130066, 4.084662914276123, 0.0, 0.0
1.9507923126220703, 0.9042553305625916, 0.0, -1.486473798751831, 1.2462351322174072, 0.0, 0.0
1.9608280658721924, 0.9042553305625916, 0.0, -1.504777193069458, -1.6967698335647583, 0.0, 0.0
1.9707939624786377, 0.9042553305625916, 0.0, -1.4906060695648193, 2.652010202407837, 0.0, 0.0
1.9808268547058105, 0.9042553305625916, 0.0, -1.4926788806915283, -1.3226410150527954, 0.0, 0.0
1.9907886981964111, 0.9042553305625916, 0.0, -1.5016847848892212, 1.5918079614639282, 0.0, 0.0
2.000800609588623, 0.9042553305625916, 0.0, -1.484541654586792, 1.4653534889221191, 0.0, 0.0
2.01080060005188, 0.9042553305625916, 0.0, -1.491921305656433, -2.186004161834717, 0.0, 0.0
2.0208075046539307, 0.9042553305625916, 0.0, -1.5042027235031128, -1.7314181327819824, 0.0, 0.0
2.030808448791504, 0.9042553305625916, 0.0, -1.4912010431289673, 0.5312182307243347, 0.0, 0.0
2.0408411026000977, 0.9042553305625916, 0.0, -1.484066128730774, -0.4421349763870239, 0.0, 0.0
2.0508036613464355, 0.9042553305625916, 0.0, -1.4944283962249756, -1.6003457307815552, 0.0, 0.0
2.060795307159424, 0.9042553305625916, 0.0, -1.4933722019195557, 1.3397818803787231, 0.0, 0.0
2.0708281993865967, 0.9042553305625916, 0.0, -1.4886101484298706, 0.6209496259689331, 0.0, 0.0
2.080822467803955, 0.9042553305625916, 0.0, -1.482956886291504, -0.4287656545639038, 0.0, 0.0
2.0908544063568115, 0.9042553305625916, 0.0, -1.4883556365966797, -1.314463496208191, 0.0, 0.0
2.1008057594299316, 0.9042553305625916, 0.0, -1.4905800819396973, 0.735482931137085, 0.0, 0.0
2.1108031272888184, 0.9021276831626892, -0.5840347409248352, -1.4833731651306152, 0.2365061342716217, 0.0, 0.0
2.1208078861236572, 0.9021276831626892, 0.0, -1.4851922988891602, 1.1298331022262573, 0.0, 0.0
2.1307923793792725, 0.9021276831626892, 0.0, -1.481766700744629, 0.3736957907676697, 0.0, 0.0
2.1408185958862305, 0.9021276831626892, 0.0, -1.4802439212799072, -0.41615810990333557, 0.0, 0.0
2.1507904529571533, 0.9021276831626892, 0.0, -1.4798005819320679, -0.11429348587989807, 0.0, 0.0
2.160827398300171, 0.9021276831626892, 0.0, -1.4833170175552368, -0.7762075662612915, 0.0, 0.0
2.170851945877075, 0.9021276831626892, 0.0, -1.4803636074066162, 1.0731749534606934, 0.0, 0.0
2.180795669555664, 0.9021276831626892, 0.0, -1.4816007614135742, -0.6457123160362244, 0.0, 0.0
2.190807342529297, 0.9021276831626892, 0.0, -1.4807442426681519, 1.3054741621017456, 0.0, 0.0
2.200788736343384, 0.9021276831626892, 0.0, -1.480082631111145, -0.1277882605791092, 0.0, 0.0
2.2108285427093506, 0.9021276831626892, 0.0, -1.4807151556015015, -0.3280946910381317, 0.0, 0.0
2.22082257270813, 0.9021276831626892, 0.0, -1.4832254648208618, -0.7582179307937622, 0.0, 0.0
2.230837345123291, 0.9021276831626892, 0.5621803402900696, -1.490933895111084, -3.6211373805999756, 0.0, 0.0
2.2408664226531982, 0.8999999761581421, 0.0, -1.4805175065994263, -0.45943501591682434, 0.0, 0.0
2.2508018016815186, 0.8999999761581421, 0.0, -1.4843418598175049, -0.7832484841346741, 0.0, 0.0
2.260831356048584, 0.8999999761581421, 0.0, -1.4806504249572754, 0.6555050015449524, 0.0, 0.0
2.270825147628784, 0.8999999761581421, 0.0, -1.478715181350708, 0.7157386541366577, 0.0, 0.0
2.280822277069092, 0.8999999761581421, 0.0, -1.478281021118164, 0.19954334199428558, 0.0, 0.0
2.2908051013946533, 0.8999999761581421, 0.0, -1.4812110662460327, -0.20357531309127808, 0.0, 0.0
2.3008065223693848, 0.8978723287582397, -0.5233126878738403, -1.4762810468673706, -0.08614227175712585, 0.0, 0.0
2.3108205795288086, 0.8978723287582397, 0.0, -1.4813477993011475, -0.13065539300441742, 0.0, 0.0
2.3208227157592773, 0.8978723287582397, 0.0, -1.479793667793274, -0.4763982594013214, 0.0, 0.0
2.3307971954345703, 0.8978723287582397, 0.0, -1.4825646877288818, -0.8835257291793823, 0.0, 0.0
2.3408143520355225, 0.8978723287582397, 0.0, -1.4803463220596313, 0.0778188705444336, 0.0, 0.0
2.350801706314087, 0.8978723287582397, 0.0, -1.471961259841919, 1.567651391029358, 0.0, 0.0
2.360833168029785, 0.8978723287582397, 0.0, -1.4778411388397217, -0.507836103439331, 0.0, 0.0
2.3708131313323975, 0.8957446813583374, -0.6226661205291748, -1.487665057182312, -2.501621723175049, 0.0, 0.0
2.3808066844940186, 0.8957446813583374, 0.0, -1.4837095737457275, -0.6252624988555908, 0.0, 0.0
2.3907928466796875, 0.8957446813583374, 0.0, -1.472719669342041, 2.7751176357269287, 0.0, 0.0
2.4007937908172607, 0.8957446813583374, 0.0, -1.4769682884216309, 0.6514281630516052, 0.0, 0.0
2.4108035564422607, 0.8957446813583374, 0.0, -1.4806269407272339, 2.0801825523376465, 0.0, 0.0
2.4208431243896484, 0.8936170339584351, 0.0, -1.4772717952728271, 1.6671885251998901, 0.0, 0.0
2.430830478668213, 0.8936170339584351, 0.0, -1.475999116897583, -0.2553694248199463, 0.0, 0.0
2.4408011436462402, 0.8936170339584351, 0.0, -1.4806050062179565, 1.9627503156661987, 0.0, 0.0
2.450793981552124, 0.8936170339584351, 0.0, -1.473465085029602, 0.5051539540290833, 0.0, 0.0
2.460791826248169, 0.8936170339584351, 0.0, -1.4763978719711304, -0.21051809191703796, 0.0, 0.0
2.4708175659179688, 0.8914893865585327, -0.5534981489181519, -1.4826645851135254, 0.9940659999847412, 0.0, 0.0
2.480794668197632, 0.8914893865585327, 0.0, -1.4733744859695435, 0.2745276987552643, 0.0, 0.0
2.4908440113067627, 0.8914893865585327, 0.0, -1.48521888256073, -1.7015808820724487, 0.0, 0.0
2.5007965564727783, 0.8914893865585327, 0.0, -1.5969246625900269, -28.886333465576172, 0.0, 0.0
2.5107979774475098, 0.8914893865585327, 0.0, -1.4764610528945923, -0.16661790013313293, 0.0, 0.0
2.5207996368408203, 0.8893616795539856, -0.5948970913887024, -1.4860793352127075, -0.1753380298614502, 0.0, 0.0
2.530825138092041, 0.8893616795539856, 0.0, -1.4749692678451538, 0.2627541124820709, 0.0, 0.0
2.540818691253662, 0.8893616795539856, 0.0, -1.4895094633102417, 0.341683954000473, 0.0, 0.0
2.5508034229278564, 0.8872340321540833, 0.0, -1.4769896268844604, 32.693321228027344, 0.0, 0.0
2.560800790786743, 0.8872340321540833, -0.6114457845687866, -1.4888893365859985, 0.3437058925628662, 0.0, 0.0
2.570808172225952, 0.8872340321540833, 0.0, -1.4901602268218994, 0.9176329970359802, 0.0, 0.0
2.580796480178833, 0.8872340321540833, 0.0, -1.4934511184692383, -4.49441385269165, 0.0, 0.0
2.5907912254333496, 0.8872340321540833, 0.0, -1.4891717433929443, 1.1268236637115479, 0.0, 0.0
2.6008245944976807, 0.8872340321540833, 0.0, -1.4875667095184326, -2.2731988430023193, 0.0, 0.0
2.6107990741729736, 0.8851063847541809, 0.0, -1.6080518960952759, -32.30105209350586, 0.0, 0.0
2.620805501937866, 0.8851063847541809, 0.0, -1.4959661960601807, -4.477403163909912, 0.0, 0.0
2.630811929702759, 0.8851063847541809, 0.0, -1.4957902431488037, 0.010336188599467278, 0.0, 0.0
2.6408023834228516, 0.8851063847541809, 0.6365228891372681, -1.482434868812561, -0.7919936776161194, 0.0, 0.0
2.6508255004882812, 0.8829787373542786, 0.0, -1.4976413249969482, -0.41278621554374695, 0.0, 0.0
2.6608026027679443, 0.8829787373542786, 0.0, -1.484632134437561, 0.5008398294448853, 0.0, 0.0
2.6708004474639893, 0.8829787373542786, 0.0, -1.502829909324646, 0.42183685302734375, 0.0, 0.0
2.680799722671509, 0.8829787373542786, 0.0, -1.4927144050598145, -1.4277175664901733, 0.0, 0.0
2.6907949447631836, 0.8808510899543762, 0.0, -1.6181676387786865, -34.71452331542969, 0.0, 0.0
2.7007884979248047, 0.8808510899543762, 0.0, -1.4973840713500977, -3.851055383682251, 0.0, 0.0
2.710836410522461, 0.8808510899543762, 0.0, -1.5003525018692017, 0.9452492594718933, 0.0, 0.0
2.7208645343780518, 0.8808510899543762, 0.0, -1.4982446432113647, -4.834533214569092, 0.0, 0.0
2.7307944297790527, 0.8787233829498291, 0.0, -1.6197998523712158, -31.70762825012207, 0.0, 0.0
2.7407944202423096, 0.8787233829498291, 0.0, -1.4979956150054932, -1.53250253200531, 0.0, 0.0
2.7507922649383545, 0.8787233829498291, 0.0, -1.502744436264038, 0.9461557865142822, 0.0, 0.0
2.760801076889038, 0.8787233829498291, 0.0, -1.4970827102661133, -2.6357388496398926, 0.0, 0.0
2.7708258628845215, 0.8765957355499268, -0.5797473788261414, -1.5075020790100098, 0.15979479253292084, 0.0, 0.0
2.780801296234131, 0.8765957355499268, -0.6046105027198792, -1.5057733058929443, -3.864563226699829, 0.0, 0.0
2.7907965183258057, 0.8765957355499268, 0.0, -1.6170159578323364, -29.440834045410156, 0.0, 0.0
2.800799608230591, 0.8765957355499268, 0.0, -1.5047645568847656, -0.7842308282852173, 0.0, 0.0
2.8108012676239014, 0.8765957355499268, 0.0, -1.514299988746643, -1.6582591533660889, 0.0, 0.0
2.8207924365997314, 0.8765957355499268, 0.0, -1.4993548393249512, 27.235130310058594, 0.0, 0.0
2.8308300971984863, 0.8744680881500244, -0.6119069457054138, -1.5187768936157227, -1.5582377910614014, 0.0, 0.0
2.840799570083618, 0.8744680881500244, 0.0, -1.4904589653015137, -1.6324366331100464, 0.0, 0.0
2.850836753845215, 0.8744680881500244, 0.0, -1.515749216079712, 0.7720476984977722, 0.0, 0.0
2.8608036041259766, 0.8744680881500244, 0.0, -1.5046565532684326, -3.654012680053711, 0.0, 0.0
2.8708081245422363, 0.8744680881500244, 0.0, -1.5165519714355469, -0.32786139845848083, 0.0, 0.0
2.8808059692382812, 0.8744680881500244, 0.0, -1.588942527770996, -20.668996810913086, 0.0, 0.0
2.890799045562744, 0.8744680881500244, 0.0, -1.5168094635009766, -3.5044777393341064, 0.0, 0.0
2.900808572769165, 0.8723404407501221, 0.0, -1.5189526081085205, 1.141476035118103, 0.0, 0.0
2.9108128547668457, 0.8723404407501221, -0.5804260969161987, -1.5124375820159912, -1.8498196601867676, 0.0, 0.0
2.9208335876464844, 0.8723404407501221, 0.0, -1.5231521129608154, 1.3459317684173584, 0.0, 0.0
2.930788040161133, 0.8723404407501221, 0.0, -1.5061091184616089, -4.2004313468933105, 0.0, 0.0
2.940797805786133, 0.8723404407501221, 0.0, -1.5215858221054077, -1.5913785696029663, 0.0, 0.0
2.95080828666687, 0.8723404407501221, 0.0, -1.6265455484390259, -26.77243423461914, 0.0, 0.0
2.9608654975891113, 0.8723404407501221, 0.0, -1.5174635648727417, -4.385713577270508, 0.0, 0.0
2.970818281173706, 0.8723404407501221, 0.0, -1.5263468027114868, 0.7335612773895264, 0.0, 0.0
2.9807872772216797, 0.8723404407501221, 0.0, -1.5003225803375244, 0.033746372908353806, 0.0, 0.0
2.9908013343811035, 0.8723404407501221, 0.0, -1.6457576751708984, -35.39381408691406, 0.0, 0.0
3.000800609588623, 0.8702127933502197, -0.5982069373130798, -1.5269818305969238, 0.5960163474082947, 0.0, 0.0
3.010806083679199, 0.8723404407501221, 0.0, -1.4977697134017944, 0.7303582429885864, 0.0, 0.0
3.020829916000366, 0.8723404407501221, 0.0, -1.5266757011413574, -1.8749176263809204, 0.0, 0.0
3.030794382095337, 0.8702127933502197, 0.0, -1.5305447578430176, 0.05978973209857941, 0.0, 0.0
3.040795087814331, 0.8702127933502197, 0.0, -1.4884920120239258, 3.8337531089782715, 0.0, 0.0
3.05082106590271, 0.8702127933502197, -0.595413088798523, -1.523363709449768, -0.7788996696472168, 0.0, 0.0
3.060802698135376, 0.8702127933502197, 0.0, -1.5296244621276855, -0.04226495325565338, 0.0, 0.0
3.07083797454834, 0.8702127933502197, 0.0, -1.5269520282745361, 1.4228209257125854, 0.0, 0.0
3.0807979106903076, 0.8702127933502197, -0.5766381025314331, -1.4992350339889526, 0.25113657116889954, 0.0, 0.0
3.0907888412475586, 0.8723404407501221, 0.0, -1.5299321413040161, -1.6691762208938599, 0.0, 0.0
3.1008028984069824, 0.8723404407501221, 0.0, -1.5321629047393799, -0.6850939989089966, 0.0, 0.0
3.110826253890991, 0.8723404407501221, 0.0, -1.5319594144821167, 0.4618580639362335, 0.0, 0.0
3.120832920074463, 0.8723404407501221, 0.0, -1.5039969682693481, 3.810105800628662, 0.0, 0.0
3.130803108215332, 0.8723404407501221, 0.0, -1.6164089441299438, -2.0398783683776855, 0.0, 0.0
3.1408169269561768, 0.8723404407501221, 0.0, -1.5312366485595703, -0.3732074201107025, 0.0, 0.0
3.150804281234741, 0.8723404407501221, 0.0, -1.5345487594604492, -0.42302167415618896, 0.0, 0.0
3.160829782485962, 0.8723404407501221, 0.0, -1.5362389087677002, 0.45672228932380676, 0.0, 0.0
3.170804023742676, 0.8723404407501221, 0.0, -1.5354127883911133, 0.19736115634441376, 0.0, 0.0
3.1808083057403564, 0.8723404407501221, 0.0, -1.5138111114501953, -0.03632771596312523, 0.0, 0.0
3.190819025039673, 0.8723404407501221, 0.0, -1.5160645246505737, -1.1325860023498535, 0.0, 0.0
3.200807809829712, 0.8723404407501221, 0.0, -1.522365689277649, -0.41579610109329224, 0.0, 0.0
3.210819721221924, 0.8744680881500244, 0.0, -1.5229732990264893, 0.04057498276233673, 0.0, 0.0
3.220794439315796, 0.8744680881500244, 0.0, -1.6248273849487305, 0.8798154592514038, 0.0, 0.0
3.230801820755005, 0.8744680881500244, 0.0, -1.529388666152954, 27.382137298583984, 0.0, 0.0
3.240818738937378, 0.8744680881500244, 0.0, -1.61873459815979, 3.8131964206695557, 0.0, 0.0
3.2508249282836914, 0.8744680881500244, 0.0, -1.5279792547225952, 20.65522575378418, 0.0, 0.0
3.2608327865600586, 0.8744680881500244, 0.0, -1.617233157157898, -6.793905735015869, 0.0, 0.0
3.2708168029785156, 0.8744680881500244, 0.0, -1.6212191581726074, 0.7364872097969055, 0.0, 0.0
3.2807953357696533, 0.8765957355499268, 0.4767630696296692, -1.6295921802520752, -0.5743880271911621, 0.0, 0.0
3.2908220291137695, 0.8765957355499268, 0.0, -1.5300508737564087, -1.4826377630233765, 0.0, 0.0
3.300839424133301, 0.8765957355499268, 0.0, -1.5318851470947266, -0.4588351547718048, 0.0, 0.0
3.3107993602752686, 0.8765957355499268, 0.0, -1.5311633348464966, 0.33479541540145874, 0.0, 0.0
3.3208041191101074, 0.8787233829498291, 0.5329700708389282, -1.533120036125183, 0.16114722192287445, 0.0, 0.0
3.3308119773864746, 0.8787233829498291, 0.0, -1.5311311483383179, 0.17882589995861053, 0.0, 0.0
3.340810775756836, 0.8787233829498291, 0.0, -1.5217108726501465, 0.28462883830070496, 0.0, 0.0
3.350797176361084, 0.8787233829498291, 0.0, -1.5142189264297485, -0.2105613499879837, 0.0, 0.0
3.36080002784729, 0.8787233829498291, 0.0, -1.5243823528289795, -1.8108595609664917, 0.0, 0.0
3.3708224296569824, 0.8808510899543762, 0.5924484729766846, -1.6298718452453613, -2.666517734527588, 0.0, 0.0
3.3808345794677734, 0.8808510899543762, 0.0, -1.5294016599655151, 27.575956344604492, 0.0, 0.0
3.390799045562744, 0.8808510899543762, 0.0, -1.5310449600219727, 0.4763852655887604, 0.0, 0.0
3.400799512863159, 0.8829787373542786, 0.6055952310562134, -1.522634744644165, 2.4737002849578857, 0.0, 0.0
3.4108083248138428, 0.8829787373542786, 0.0, -1.513387680053711, 1.6898351907730103, 0.0, 0.0
3.4208314418792725, 0.8829787373542786, 0.0, -1.6204415559768677, -29.29939079284668, 0.0, 0.0
3.4308440685272217, 0.8829787373542786, 0.0, -1.5326699018478394, 0.128366619348526, 0.0, 0.0
3.4408066272735596, 0.8829787373542786, 0.0, -1.531760334968567, 0.5196458101272583, 0.0, 0.0
3.4508302211761475, 0.8851063847541809, 0.5807282328605652, -1.4907948970794678, 4.142852783203125, 0.0, 0.0
3.4608089923858643, 0.8851063847541809, 0.0, -1.5170763731002808, -2.4432976245880127, 0.0, 0.0
3.4708056449890137, 0.8851063847541809, 0.0, -1.535116195678711, 0.502903938293457, 0.0, 0.0
3.480811834335327, 0.8851063847541809, 0.0, -1.5214016437530518, 3.259784460067749, 0.0, 0.0
3.490811347961426, 0.8872340321540833, 0.0, -1.5105284452438354, -3.3348724842071533, 0.0, 0.0
3.500798225402832, 0.8872340321540833, 0.0, -1.5357617139816284, -0.00777000468224287, 0.0, 0.0
3.5107977390289307, 0.8872340321540833, 0.0, -1.502629280090332, 6.427552700042725, 0.0, 0.0
3.520794630050659, 0.8893616795539856, 0.5777206420898438, -1.5099968910217285, -2.7501511573791504, 0.0, 0.0
3.5308029651641846, 0.8893616795539856, 0.0, -1.5342787504196167, -1.3534032106399536, 0.0, 0.0
3.540799379348755, 0.8893616795539856, 0.0, -1.5985862016677856, 4.52819299697876, 0.0, 0.0
3.550802707672119, 0.8893616795539856, 0.0, -1.5111232995986938, -0.777887225151062, 0.0, 0.0
3.560819387435913, 0.8893616795539856, 0.0, -1.619674563407898, -22.23118782043457, 0.0, 0.0
3.5708112716674805, 0.8914893865585327, 0.0, -1.5119142532348633, 0.9211828112602234, 0.0, 0.0
3.5807976722717285, 0.8914893865585327, 0.0, -1.625020146369934, -31.1494140625, 0.0, 0.0
3.590794086456299, 0.8914893865585327, 0.0, -1.6108198165893555, 1.042425274848938, 0.0, 0.0
3.600808620452881, 0.8936170339584351, 0.5611199140548706, -1.5151774883270264, -1.8502641916275024, 0.0, 0.0
3.610797643661499, 0.8914893865585327, 0.0, -1.6069660186767578, -24.947053909301758, 0.0, 0.0
3.6207921504974365, 0.8936170339584351, 0.0, -1.5106966495513916, 1.3838794231414795, 0.0, 0.0
3.6308035850524902, 0.8936170339584351, 0.0, -1.599543571472168, -21.160661697387695, 0.0, 0.0
3.640803813934326, 0.8936170339584351, 0.0, -1.512931227684021, 1.6503307819366455, 0.0, 0.0
3.650808572769165, 0.8936170339584351, -0.5941841006278992, -1.4991055727005005, 3.5415542125701904, 0.0, 0.0
3.6608071327209473, 0.8957446813583374, 0.0, -1.5154019594192505, 1.6064766645431519, 0.0, 0.0
3.670787811279297, 0.8957446813583374, 0.0, -1.496000051498413, -0.6035215854644775, 0.0, 0.0
3.680818557739258, 0.8957446813583374, 0.0, -1.5194854736328125, 0.19442366063594818, 0.0, 0.0
3.690802812576294, 0.8957446813583374, 0.0, -1.5007338523864746, 2.6807174682617188, 0.0, 0.0
3.7008254528045654, 0.8978723287582397, 0.6093581914901733, -1.5184547901153564, 28.99439811706543, 0.0, 0.0
3.710827589035034, 0.8978723287582397, 0.0, -1.4875314235687256, 5.355159759521484, 0.0, 0.0
3.7208080291748047, 0.8978723287582397, 0.0, -1.518072247505188, 28.27078628540039, 0.0, 0.0
3.730799674987793, 0.8978723287582397, 0.0, -1.4831641912460327, 2.224391460418701, 0.0, 0.0
3.740813970565796, 0.8978723287582397, 0.0, -1.516542911529541, 1.3548178672790527, 0.0, 0.0
3.7508397102355957, 0.8978723287582397, -0.5513097643852234, -1.485131859779358, 6.393840789794922, 0.0, 0.0
3.7608695030212402, 0.8999999761581421, 0.0, -1.5175986289978027, -4.680826663970947, 0.0, 0.0
3.7708547115325928, 0.8999999761581421, 0.0, -1.4813395738601685, 2.4483954906463623, 0.0, 0.0
3.780816078186035, 0.8999999761581421, 0.0, -1.5182452201843262, -3.2529656887054443, 0.0, 0.0
3.7907955646514893, 0.8999999761581421, 0.0, -1.4814035892486572, 0.05596395209431648, 0.0, 0.0
3.800790786743164, 0.8999999761581421, 0.0, -1.5093810558319092, 0.8678646087646484, 0.0, 0.0
3.810793399810791, 0.8999999761581421, 0.0, -1.4805349111557007, 4.537685394287109, 0.0, 0.0
3.820850133895874, 0.9021276831626892, 0.0, -1.5071367025375366, -1.235105037689209, 0.0, 0.0
3.8308470249176025, 0.9021276831626892, 0.0, -1.4797927141189575, 2.0849380493164062, 0.0, 0.0
3.840820789337158, 0.9021276831626892, 0.0, -1.5112413167953491, -3.5518970489501953, 0.0, 0.0
3.8507986068725586, 0.9021276831626892, 0.0, -1.479631781578064, 2.3728013038635254, 0.0, 0.0
3.8608198165893555, 0.9021276831626892, 0.0, -1.4985673427581787, 0.8637925386428833, 0.0, 0.0
3.8707897663116455, 0.9021276831626892, 0.0, -1.4830410480499268, 3.4537410736083984, 0.0, 0.0
3.880840539932251, 0.9021276831626892, 0.0, -1.4995498657226562, -1.6310114860534668, 0.0, 0.0
3.890819549560547, 0.9021276831626892, 0.0, -1.4794087409973145, 3.1892385482788086, 0.0, 0.0
3.90080189704895, 0.9042553305625916, 0.6030986905097961, -1.4975520372390747, -2.6462175846099854, 0.0, 0.0
3.910799026489258, 0.9021276831626892, 0.0, -1.480136513710022, 2.5515472888946533, 0.0, 0.0
3.9208168983459473, 0.9042553305625916, 0.5820919275283813, -1.4844725131988525, -1.7974814176559448, 0.0, 0.0
3.9307942390441895, 0.9042553305625916, 0.0, -1.488508939743042, 1.5293313264846802, 0.0, 0.0
3.940798044204712, 0.9042553305625916, 0.0, -1.4764366149902344, -0.010828851722180843, 0.0, 0.0
3.9508039951324463, 0.9042553305625916, 0.0, -1.4772683382034302, 4.3270344734191895, 0.0, 0.0
3.960789442062378, 0.9042553305625916, 0.0, -1.4756035804748535, 25.6090087890625, 0.0, 0.0
3.970794200897217, 0.9042553305625916, 0.0, -1.4889225959777832, -0.6076945662498474, 0.0, 0.0
3.980821132659912, 0.9042553305625916, 0.0, -1.4771006107330322, -0.16702035069465637, 0.0, 0.0
3.9907875061035156, 0.9042553305625916, 0.0, -1.4762495756149292, -0.3325534462928772, 0.0, 0.0
4.000805377960205, 0.9042553305625916, 0.0, -1.4769781827926636, 1.4670441150665283, 0.0, 0.0
4.010805606842041, 0.9042553305625916, 0.0, -1.4776990413665771, -1.505088210105896, 0.0, 0.0
4.020806789398193, 0.9042553305625916, 0.0, -1.4810794591903687, -1.6184687614440918, 0.0, 0.0
4.0308005809783936, 0.9042553305625916, 0.0, -1.473038673400879, 0.8815661072731018, 0.0, 0.0
4.040807485580444, 0.9042553305625916, 0.0, -1.4740288257598877, -0.17258156836032867, 0.0, 0.0
4.050825595855713, 0.9042553305625916, 0.0, -1.4742382764816284, -0.2158164530992508, 0.0, 0.0
4.060793399810791, 0.9042553305625916, 0.0, -1.4715079069137573, 2.545675754547119, 0.0, 0.0
4.070815324783325, 0.9042553305625916, 0.0, -1.4688814878463745, 0.24576345086097717, 0.0, 0.0
4.080801725387573, 0.9042553305625916, 0.0, -1.471023440361023, 0.15626631677150726, 0.0, 0.0
4.090815782546997, 0.9042553305625916, 0.0, -1.477690577507019, -1.5398582220077515, 0.0, 0.0
4.10081148147583, 0.9042553305625916, 0.0, -1.4685564041137695, 0.8296067118644714, 0.0, 0.0
4.1108009815216064, 0.9042553305625916, 0.0, -1.4671871662139893, -0.04773666709661484, 0.0, 0.0
4.120805740356445, 0.9042553305625916, 0.0, -1.4670991897583008, 0.5124620199203491, 0.0, 0.0
4.130828380584717, 0.9042553305625916, 0.0, -1.4695510864257812, -0.20456169545650482, 0.0, 0.0
4.140800476074219, 0.9042553305625916, 0.0, -1.4753735065460205, -0.49050942063331604, 0.0, 0.0
4.150792598724365, 0.9042553305625916, 0.0, -1.4684065580368042, 0.9428381323814392, 0.0, 0.0
4.160840272903442, 0.9021276831626892, 0.0, -1.4612141847610474, 2.0262486934661865, 0.0, 0.0
4.170809268951416, 0.9021276831626892, 0.0, -1.46601402759552, 0.314844012260437, 0.0, 0.0
4.180811405181885, 0.9021276831626892, 0.0, -1.4681957960128784, -1.25828218460083, 0.0, 0.0
4.190814018249512, 0.9021276831626892, 0.0, -1.471195936203003, -0.5662646293640137, 0.0, 0.0
4.200806140899658, 0.9021276831626892, 0.0, -1.469860315322876, 0.09790707379579544, 0.0, 0.0
4.210801124572754, 0.9021276831626892, 0.0, -1.4671354293823242, 0.8425211310386658, 0.0, 0.0
4.220800876617432, 0.9021276831626892, 0.0, -1.4658854007720947, -0.0066985031589865685, 0.0, 0.0
4.23079514503479, 0.9021276831626892, 0.0, -1.4661146402359009, -0.17291755974292755, 0.0, 0.0
4.2408154010772705, 0.9021276831626892, 0.0, -1.4664902687072754, -0.15857350826263428, 0.0, 0.0
4.25080418586731, 0.9021276831626892, 0.0, -1.465108871459961, 0.056166473776102066, 0.0, 0.0
4.260793209075928, 0.8999999761581421, 0.0, -1.468544363975525, -0.6395493745803833, 0.0, 0.0
4.270793914794922, 0.8999999761581421, 0.0, -1.4651800394058228, 0.20697179436683655, 0.0, 0.0
4.280810594558716, 0.8999999761581421, 0.0, -1.4653979539871216, 0.05352462828159332, 0.0, 0.0
4.290823698043823, 0.8999999761581421, 0.0, -1.466199278831482, 0.41922369599342346, 0.0, 0.0
4.3008012771606445, 0.8999999761581421, 0.0, -1.4646310806274414, 0.4400619864463806, 0.0, 0.0
4.310812950134277, 0.8999999761581421, 0.0, -1.463207721710205, 0.41297435760498047, 0.0, 0.0
4.320806503295898, 0.8999999761581421, 0.0, -1.4609638452529907, -0.2262270301580429, 0.0, 0.0
4.330810070037842, 0.8999999761581421, 0.0, -1.4640963077545166, 0.040740616619586945, 0.0, 0.0
4.340812683105469, 0.8978723287582397, -0.5397720336914062, -1.4683427810668945, 0.580274224281311, 0.0, 0.0
4.350809097290039, 0.8978723287582397, 0.0, -1.4660346508026123, -0.48884087800979614, 0.0, 0.0
4.360803127288818, 0.8978723287582397, 0.0, -1.464241623878479, -0.6413255333900452, 0.0, 0.0
4.370809316635132, 0.8978723287582397, 0.0, -1.4680322408676147, -0.6855936646461487, 0.0, 0.0
4.380808353424072, 0.8978723287582397, 0.0, -1.4649602174758911, 1.006330132484436, 0.0, 0.0
4.390805006027222, 0.8957446813583374, -0.5418367385864258, -1.4650119543075562, 0.7825135588645935, 0.0, 0.0
4.400805711746216, 0.8957446813583374, 0.0, -1.4651682376861572, -0.29738539457321167, 0.0, 0.0
4.410833120346069, 0.8957446813583374, 0.0, -1.4650405645370483, -1.5827081203460693, 0.0, 0.0
4.420801877975464, 0.8957446813583374, 0.0, -1.475736379623413, -0.970825731754303, 0.0, 0.0
4.430802583694458, 0.8957446813583374, 0.0, -1.468345284461975, 1.0111806392669678, 0.0, 0.0
4.440834999084473, 0.8957446813583374, 0.0, -1.4627795219421387, 0.3684999942779541, 0.0, 0.0
4.450796842575073, 0.8936170339584351, 0.0, -1.4749903678894043, -2.1492974758148193, 0.0, 0.0
4.460816383361816, 0.8936170339584351, 0.0, -1.471767544746399, 0.06091010197997093, 0.0, 0.0
4.470801830291748, 0.8936170339584351, 0.0, -1.4630488157272339, -0.5754455924034119, 0.0, 0.0
4.480799198150635, 0.8936170339584351, 0.0, -1.4694586992263794, -0.8107841610908508, 0.0, 0.0
4.490812301635742, 0.8914893865585327, -0.5733777284622192, -1.4697539806365967, 2.890765428543091, 0.0, 0.0
4.500812768936157, 0.8914893865585327, 0.0, -1.465991497039795, -1.1604409217834473, 0.0, 0.0
4.510799169540405, 0.8914893865585327, 0.0, -1.473523736000061, -0.816102147102356, 0.0, 0.0
4.520792484283447, 0.8914893865585327, 0.0, -1.4701378345489502, 3.487643003463745, 0.0, 0.0
4.5308027267456055, 0.8914893865585327, 0.0, -1.4700804948806763, -1.2845290899276733, 0.0, 0.0
4.540798664093018, 0.8893616795539856, 0.0, -1.4841206073760986, -0.29020488262176514, 0.0, 0.0
4.5508012771606445, 0.8893616795539856, 0.0, -1.4676923751831055, 32.43421173095703, 0.0, 0.0
4.560806035995483, 0.8893616795539856, 0.0, -1.4855777025222778, -2.1809141635894775, 0.0, 0.0
4.570817232131958, 0.8893616795539856, 0.0, -1.469296932220459, 2.9259934425354004, 0.0, 0.0
4.5808961391448975, 0.8893616795539856, 0.4821726381778717, -1.4800654649734497, -2.4873428344726562, 0.0, 0.0
4.590810775756836, 0.8872340321540833, 0.0, -1.5920166969299316, -30.8253116607666, 0.0, 0.0
4.600808382034302, 0.8872340321540833, 0.0, -1.4733531475067139, -1.5563874244689941, 0.0, 0.0
4.61079216003418, 0.8872340321540833, 0.0, -1.4809094667434692, -0.37023305892944336, 0.0, 0.0
4.620815277099609, 0.8851063847541809, 0.0, -1.4712796211242676, 33.49387741088867, 0.0, 0.0
4.630803108215332, 0.8851063847541809, -0.6241031289100647, -1.4801528453826904, 0.9069611430168152, 0.0, 0.0
4.640829563140869, 0.8851063847541809, 0.0, -1.4743726253509521, 33.30410385131836, 0.0, 0.0
4.650842905044556, 0.8851063847541809, 0.0, -1.4859145879745483, -0.6265307664871216, 0.0, 0.0
4.660823106765747, 0.8829787373542786, -0.4792466163635254, -1.5971901416778564, -2.453249931335449, 0.0, 0.0
4.6708080768585205, 0.8851063847541809, 0.5033589601516724, -1.4861648082733154, 26.266254425048828, 0.0, 0.0
4.680852174758911, 0.8829787373542786, 0.0, -1.591599702835083, -27.972347259521484, 0.0, 0.0
4.690856218338013, 0.8829787373542786, 0.0, -1.4897490739822388, 17.605392456054688, 0.0, 0.0
4.7008278369903564, 0.8808510899543762, -0.5162887573242188, -1.601393222808838, -2.5186831951141357, 0.0, 0.0
4.710813045501709, 0.8829787373542786, 0.0, -1.4903312921524048, 1.7402397394180298, 0.0, 0.0
4.720832109451294, 0.8808510899543762, 0.0, -1.4794546365737915, 0.35566288232803345, 0.0, 0.0
4.730816602706909, 0.8808510899543762, 0.0, -1.4984031915664673, 27.47726058959961, 0.0, 0.0
4.740830183029175, 0.8808510899543762, 0.0, -1.5952476263046265, -33.18585968017578, 0.0, 0.0
4.750806093215942, 0.8808510899543762, 0.0, -1.5021252632141113, 1.2160331010818481, 0.0, 0.0
4.760806560516357, 0.8787233829498291, 0.0, -1.5954468250274658, -32.45856857299805, 0.0, 0.0
4.770805835723877, 0.8787233829498291, 0.0, -1.5028362274169922, -2.1935102939605713, 0.0, 0.0
4.7808239459991455, 0.8787233829498291, 0.0, -1.4791942834854126, 0.640293538570404, 0.0, 0.0
4.790812730789185, 0.8787233829498291, 0.0, -1.5048270225524902, 23.93681526184082, 0.0, 0.0
4.800832509994507, 0.8765957355499268, -0.5132009387016296, -1.478941559791565, 1.163704514503479, 0.0, 0.0
4.810819864273071, 0.8765957355499268, 0.0, -1.5155842304229736, 24.372167587280273, 0.0, 0.0
4.82080602645874, 0.8765957355499268, 0.0, -1.48955500125885, 2.508894443511963, 0.0, 0.0
4.830808162689209, 0.8765957355499268, 0.0, -1.5145543813705444, -7.097047328948975, 0.0, 0.0
4.84080958366394, 0.8765957355499268, 0.0, -1.4862252473831177, 5.172933578491211, 0.0, 0.0
4.850807189941406, 0.8765957355499268, 0.0, -1.5175881385803223, -6.5848565101623535, 0.0, 0.0
4.8608081340789795, 0.8765957355499268, 0.0, -1.4911866188049316, 2.949289083480835, 0.0, 0.0
4.870823383331299, 0.8744680881500244, 0.0, -1.4909461736679077, -3.0518383979797363, 0.0, 0.0
4.880822420120239, 0.8744680881500244, 0.0, -1.4988272190093994, 5.288005352020264, 0.0, 0.0
4.89081072807312, 0.8744680881500244, 0.0, -1.5139623880386353, 19.23491859436035, 0.0, 0.0
4.900827407836914, 0.8744680881500244, 0.0, -1.5240180492401123, -1.0891510248184204, 0.0, 0.0
4.91081166267395, 0.8744680881500244, 0.0, -1.476420283317566, 1.330202341079712, 0.0, 0.0
4.920804023742676, 0.8744680881500244, 0.0, -1.5203872919082642, 21.682214736938477, 0.0, 0.0
4.930801630020142, 0.8744680881500244, 0.0, -1.4882583618164062, 4.174074172973633, 0.0, 0.0
4.940806150436401, 0.8723404407501221, 0.0, -1.5132498741149902, -9.240226745605469, 0.0, 0.0
4.950815677642822, 0.8723404407501221, 0.0, -1.5205357074737549, 0.18129101395606995, 0.0, 0.0
4.960832595825195, 0.8723404407501221, 0.0, -1.588853120803833, -28.169750213623047, 0.0, 0.0
4.970803260803223, 0.8723404407501221, 0.0, -1.522532343864441, -2.4641127586364746, 0.0, 0.0
4.98083758354187, 0.8723404407501221, 0.0, -1.5033941268920898, 2.6066043376922607, 0.0, 0.0
4.9908294677734375, 0.8723404407501221, 0.0, -1.483803153038025, -0.8348603248596191, 0.0, 0.0
5.00083589553833, 0.8723404407501221, 0.0, -1.527679204940796, -1.3352829217910767, 0.0, 0.0
5.010791540145874, 0.8723404407501221, 0.0, -1.5016735792160034, 1.904679536819458, 0.0, 0.0
5.0208048820495605, 0.8723404407501221, 0.0, -1.5217301845550537, -8.407491683959961, 0.0, 0.0
5.030799627304077, 0.8723404407501221, 0.0, -1.5258339643478394, -0.13790106773376465, 0.0, 0.0
5.0408079624176025, 0.8723404407501221, 0.0, -1.5194123983383179, 2.4020020961761475, 0.0, 0.0
5.0508129596710205, 0.8723404407501221, 0.0, -1.5006779432296753, -5.007143974304199, 0.0, 0.0
5.060791969299316, 0.8723404407501221, 0.0, -1.5305038690567017, -1.9660106897354126, 0.0, 0.0
5.070795774459839, 0.8723404407501221, 0.0, -1.530583143234253, 0.5563609004020691, 0.0, 0.0
5.080795049667358, 0.8723404407501221, 0.0, -1.4883224964141846, 4.582139015197754, 0.0, 0.0
5.090801239013672, 0.8723404407501221, 0.0, -1.5008200407028198, -2.677096366882324, 0.0, 0.0
5.100837707519531, 0.8723404407501221, 0.0, -1.5305910110473633, -1.2610247135162354, 0.0, 0.0
5.110828399658203, 0.8723404407501221, 0.0, -1.5325720310211182, -0.05356720834970474, 0.0, 0.0
5.120798826217651, 0.8723404407501221, 0.0, -1.5063644647598267, 4.246110439300537, 0.0, 0.0
5.130798101425171, 0.8723404407501221, 0.0, -1.5137591361999512, -6.927882671356201, 0.0, 0.0
5.1408116817474365, 0.8723404407501221, 0.0, -1.5253793001174927, -0.9394887089729309, 0.0, 0.0
5.150832176208496, 0.8723404407501221, 0.0, -1.532613754272461, -0.44653844833374023, 0.0, 0.0
5.1608030796051025, 0.8723404407501221, 0.0, -1.5338817834854126, -0.2568255662918091, 0.0, 0.0
5.170806169509888, 0.8723404407501221, 0.0, -1.5254498720169067, 2.1518964767456055, 0.0, 0.0
5.180804967880249, 0.8723404407501221, 0.0, -1.506749153137207, 1.852333664894104, 0.0, 0.0
5.190815210342407, 0.8744680881500244, 0.0, -1.4982187747955322, 1.327269434928894, 0.0, 0.0
5.200829744338989, 0.8744680881500244, 0.5727888941764832, -1.5095107555389404, -2.780971050262451, 0.0, 0.0
5.210811614990234, 0.8744680881500244, 0.0, -1.5287224054336548, -1.7824013233184814, 0.0, 0.0
5.220807313919067, 0.8744680881500244, 0.0, -1.5316696166992188, -0.05592372640967369, 0.0, 0.0
5.230806350708008, 0.8744680881500244, 0.0, -1.5338314771652222, 0.22131413221359253, 0.0, 0.0
5.240808963775635, 0.8744680881500244, 0.0, -1.5348540544509888, 0.03608043119311333, 0.0, 0.0
5.250814914703369, 0.8744680881500244, 0.0, -1.6367231607437134, -24.841951370239258, 0.0, 0.0
5.260808229446411, 0.8744680881500244, 0.0, -1.5350314378738403, -0.8815736174583435, 0.0, 0.0
5.270841121673584, 0.8765957355499268, 0.5686644315719604, -1.535367727279663, 0.21923965215682983, 0.0, 0.0
5.280828952789307, 0.8765957355499268, 0.0, -1.5362648963928223, -0.9222224354743958, 0.0, 0.0
5.290794372558594, 0.8765957355499268, 0.0, -1.5379316806793213, -0.19836096465587616, 0.0, 0.0
5.3008317947387695, 0.8765957355499268, 0.0, -1.5372365713119507, -0.4232384264469147, 0.0, 0.0
5.310826778411865, 0.8765957355499268, 0.0, -1.5329145193099976, 26.760700225830078, 0.0, 0.0
5.320802927017212, 0.8765957355499268, 0.0, -1.5322171449661255, 1.245709776878357, 0.0, 0.0
5.330842018127441, 0.8787233829498291, 0.0, -1.5269118547439575, 1.2667126655578613, 0.0, 0.0
5.340803623199463, 0.8787233829498291, 0.0, -1.6009838581085205, 0.4445287883281708, 0.0, 0.0
5.3508055210113525, 0.8787233829498291, 0.0, -1.5193084478378296, -2.175337314605713, 0.0, 0.0
5.360802412033081, 0.8787233829498291, 0.0, -1.5172199010849, -0.9292593598365784, 0.0, 0.0
5.370807886123657, 0.8808510899543762, 0.0, -1.5171068906784058, -0.959990382194519, 0.0, 0.0
5.380801439285278, 0.8808510899543762, 0.0, -1.532828450202942, -3.082937240600586, 0.0, 0.0
5.390880107879639, 0.8808510899543762, 0.0, -1.540000557899475, 0.022815529257059097, 0.0, 0.0
5.40079927444458, 0.8808510899543762, 0.0, -1.5328737497329712, -0.2019662857055664, 0.0, 0.0
5.410797119140625, 0.8808510899543762, 0.0, -1.515310287475586, 29.104440689086914, 0.0, 0.0
5.420799970626831, 0.8829787373542786, 0.0, -1.5195423364639282, 0.9012129902839661, 0.0, 0.0
5.430811166763306, 0.8829787373542786, 0.0, -1.5150362253189087, -0.05953368917107582, 0.0, 0.0
5.440807342529297, 0.8829787373542786, 0.0, -1.5387483835220337, -0.6030153036117554, 0.0, 0.0
5.450802326202393, 0.8829787373542786, 0.0, -1.6088483333587646, -0.20138520002365112, 0.0, 0.0
5.460829019546509, 0.8851063847541809, 0.5590109825134277, -1.5219063758850098, 1.018811583518982, 0.0, 0.0
5.470820665359497, 0.8851063847541809, 0.0, -1.5129380226135254, 0.0031497362069785595, 0.0, 0.0
5.4808337688446045, 0.8851063847541809, 0.0, -1.531738519668579, 1.5414988994598389, 0.0, 0.0
5.490828514099121, 0.8851063847541809, 0.0, -1.5264742374420166, -2.215027093887329, 0.0, 0.0
5.500797986984253, 0.8872340321540833, 0.0, -1.5126070976257324, 3.0190699100494385, 0.0, 0.0
5.5108397006988525, 0.8872340321540833, 0.0, -1.535086750984192, -3.239057779312134, 0.0, 0.0
5.520806550979614, 0.8872340321540833, 0.0, -1.5201563835144043, 24.70707893371582, 0.0, 0.0
5.530797481536865, 0.8893616795539856, 0.5535324811935425, -1.5124022960662842, 3.2838878631591797, 0.0, 0.0
5.540791988372803, 0.8893616795539856, 0.0, -1.5181612968444824, -0.3163343369960785, 0.0, 0.0
5.550835847854614, 0.8893616795539856, 0.0, -1.523980736732483, 24.368303298950195, 0.0, 0.0
5.560840845108032, 0.8893616795539856, 0.0, -1.5144438743591309, -0.47367092967033386, 0.0, 0.0
5.570814371109009, 0.8893616795539856, 0.0, -1.6141974925994873, -3.492039203643799, 0.0, 0.0
5.580811977386475, 0.8914893865585327, 0.0, -1.5185425281524658, 1.6382192373275757, 0.0, 0.0
5.590803146362305, 0.8914893865585327, 0.0, -1.5028525590896606, 2.223342180252075, 0.0, 0.0
5.6008031368255615, 0.8914893865585327, 0.0, -1.523654818534851, 26.577314376831055, 0.0, 0.0
5.610807657241821, 0.8914893865585327, 0.0, -1.510195255279541, 0.6616329550743103, 0.0, 0.0
5.6208226680755615, 0.8936170339584351, 0.5732672214508057, -1.523642897605896, 23.420345306396484, 0.0, 0.0
5.630796909332275, 0.8936170339584351, 0.0, -1.5096724033355713, 2.9887239933013916, 0.0, 0.0
5.640805006027222, 0.8936170339584351, 0.0, -1.5984199047088623, -27.749847412109375, 0.0, 0.0
5.650792598724365, 0.8936170339584351, 0.0, -1.5209063291549683, 1.2596560716629028, 0.0, 0.0
5.6608052253723145, 0.8936170339584351, 0.0, -1.5852867364883423, -24.981014251708984, 0.0, 0.0
5.670819520950317, 0.8957446813583374, 0.0, -1.5206191539764404, 1.080859661102295, 0.0, 0.0
5.680811405181885, 0.8957446813583374, 0.0, -1.4907128810882568, -0.5575997233390808, 0.0, 0.0
5.690801620483398, 0.8957446813583374, 0.0, -1.5193021297454834, 1.8885350227355957, 0.0, 0.0
5.700800657272339, 0.8957446813583374, 0.0, -1.5865999460220337, -24.340906143188477, 0.0, 0.0
5.710788011550903, 0.8957446813583374, 0.0, -1.517885684967041, 29.53034019470215, 0.0, 0.0
5.720810890197754, 0.8978723287582397, 0.0, -1.4910598993301392, -1.0584323406219482, 0.0, 0.0
5.730802774429321, 0.8978723287582397, 0.0, -1.5186156034469604, 1.8259069919586182, 0.0, 0.0
5.740807771682739, 0.8978723287582397, 0.0, -1.58447265625, -26.039453506469727, 0.0, 0.0
5.750797748565674, 0.8978723287582397, 0.0, -1.5141832828521729, 2.9254159927368164, 0.0, 0.0
5.760796070098877, 0.8978723287582397, 0.0, -1.493760347366333, -1.250181794166565, 0.0, 0.0
5.770830154418945, 0.8999999761581421, 0.5688456892967224, -1.5129673480987549, 1.691720724105835, 0.0, 0.0
5.780804634094238, 0.8999999761581421, 0.0, -1.503138780593872, -5.293921947479248, 0.0, 0.0
5.790807247161865, 0.8999999761581421, 0.0, -1.4948619604110718, 5.011758804321289, 0.0, 0.0
5.800800561904907, 0.8999999761581421, 0.0, -1.4899362325668335, -1.5865836143493652, 0.0, 0.0
5.810812711715698, 0.8999999761581421, 0.0, -1.5076981782913208, 2.4471435546875, 0.0, 0.0
5.820813417434692, 0.8999999761581421, 0.0, -1.4989246129989624, -3.106091022491455, 0.0, 0.0
