3.5762786865234375e-06, 0.0, 0.0, 0.0, 0.0, 0.0, 0.0
7.414817810058594e-05, 0.0, 0.0, 0.0, 0.0, 0.0, 0.0
0.007058382034301758, 0.0, 0.0, 0.0, 0.0, 0.0, 0.0
0.01705145835876465, 0.0, 0.0, 0.0, 0.0, 0.0, 0.0
0.027021408081054688, 0.0, 0.0, 0.0, 0.0, 0.0, 0.0
0.037050485610961914, 0.0, 0.0, 0.0, 0.0, 0.0, 0.0
0.047046661376953125, 0.0, 0.0, 0.0, 0.0, 0.0, 0.0
0.05702495574951172, 0.0, 0.0, 0.0, 0.0, 0.0, 0.0
0.06710505485534668, 0.0, 0.0, 0.0, 0.0, 0.0, 0.0
0.07714152336120605, 0.0, 0.0, 0.0, 0.0, 0.0, 0.0
0.08720707893371582, 0.0, 0.0, 0.0, 0.0, 0.0, 0.0
0.09717822074890137, 0.0, 0.0, 0.0, 0.0, 0.0, 0.0
0.10718631744384766, 0.0, 0.0, 0.0, 0.0, 0.0, 0.0
0.11720752716064453, 0.0, 0.0, 0.0, 0.0, 0.0, 0.0
0.12712597846984863, 0.0, 0.0, 0.0, 0.0, 0.0, 0.0
0.13712573051452637, 0.0, 0.0, 0.0, 0.0, 0.0, 0.0
0.14717960357666016, 0.0, 0.0, 0.0, 0.0, 0.0, 0.0
0.15715765953063965, 0.0, 0.0, 0.0, 0.0, 0.0, 0.0
0.1671288013458252, 0.0, 0.0, 0.0, 0.0, 0.0, 0.0
0.1770768165588379, 0.0, 0.0, 0.0, 0.0, 0.0, 0.0
0.18711304664611816, 0.0, 0.0, 0.0, 0.0, 0.0, 0.0
0.1970834732055664, 0.0, 0.0, 0.0, 0.0, 0.0, 0.0
0.20706415176391602, 0.0, 0.0, 0.0, 0.0, 0.0, 0.0
0.21705198287963867, 0.0, 0.0, 0.0, 0.0, 0.0, 0.0
0.22702479362487793, 0.0, 0.0, 0.0, 0.0, 0.0, 0.0
0.23701119422912598, 0.0, 0.0, 0.0, 0.0, 0.0, 0.0
0.24703335762023926, 0.0, 0.0, 0.0, 0.0, 0.0, 0.0
0.2570924758911133, 0.0, 0.0, 0.0, 0.0, 0.0, 0.0
0.2670891284942627, 0.0, 0.0, 0.0, 0.0, 0.0, 0.0
0.2770569324493408, 0.0, 0.0, 0.0, 0.0, 0.0, 0.0
0.2870190143585205, 0.0, 0.0, 0.0, 0.0, 0.0, 0.0
0.29706239700317383, 0.0, 0.0, 0.0, 0.0, 0.0, 0.0
0.3070793151855469, 0.0, 0.0, 0.0, 0.0, 0.0, 0.0
0.3171210289001465, 0.0, 0.0, 0.0, 0.0, 0.0, 0.0
0.32716846466064453, 0.0, 0.0, 0.0, 0.0, 0.0, 0.0
0.3371851444244385, 0.0, 0.0, 0.0, 0.0, 0.0, 0.0
0.3471996784210205, 0.0, 0.0, 0.0, 0.0, 0.0, 0.0
0.35721468925476074, 0.0, 0.0, 0.0, 0.0, 0.0, 0.0
0.36720919609069824, 0.0, 0.0, 0.0, 0.0, 0.0, 0.0
0.37724781036376953, 0.0, 0.0, 0.0, 0.0, 0.0, 0.0
0.38718223571777344, 0.0, 0.0, 0.0, 0.0, 0.0, 0.0
0.3971552848815918, 0.0, 0.0, 0.0, 0.0, 0.0, 0.0
0.4070854187011719, 0.0, 0.0, 0.0, 0.0, 0.0, 0.0
0.41701459884643555, 0.0, 0.0, 0.0, 0.0, 0.0, 0.0
0.42705202102661133, 0.0, 0.0, 0.0, 0.0, 0.0, 0.0
0.4371061325073242, 0.0, 0.0, 0.0, 0.0, 0.0, 0.0
0.4471254348754883, 0.0, 0.0, 0.0, 0.0, 0.0, 0.0
0.45710182189941406, 0.0, 0.0, 0.0, 0.0, 0.0, 0.0
0.4671459197998047, 0.0, 0.0, 0.0, 0.0, 0.0, 0.0
0.4770634174346924, 0.0, 0.0, 0.0, 0.0, 0.0, 0.0
0.48705315589904785, 0.0, 0.0, 0.0, 0.0, 0.0, 0.0
0.4971001148223877, 0.0, 0.0, 0.0, 0.0, 0.0, 0.0
0.5072073936462402, 0.0, 0.0, 0.0, 0.0, 0.0, 0.0
0.5170974731445312, 0.0, 0.0, 0.0, 0.0, 0.0, 0.0
0.5270595550537109, 0.0, 0.0, 0.0, 0.0, 0.0, 0.0
0.5370593070983887, 0.0, 0.0, 0.0, 0.0, 0.0, 0.0
0.5471630096435547, 0.0, 0.0, 0.0, 0.0, 0.0, 0.0
0.557091474533081, 0.0, 0.0, 0.0, 0.0, 0.0, 0.0
0.5671267509460449, 0.0, 0.0, 0.0, 0.0, 0.0, 0.0
0.5771174430847168, 0.0, 0.0, 0.0, 0.0, 0.0, 0.0
0.5870957374572754, 0.0, 0.0, 0.0, 0.0, 0.0, 0.0
0.5970525741577148, 0.0, 0.0, 0.0, 0.0, 0.0, 0.0
0.6072845458984375, 0.0, 0.0, 0.0, 0.0, 0.0, 0.0
0.6170940399169922, 0.0, 0.0, 0.0, 0.0, 0.0, 0.0
0.6270608901977539, 0.0, 0.0, 0.0, 0.0, 0.0, 0.0
0.6370820999145508, 0.0, 0.0, 0.0, 0.0, 0.0, 0.0
0.647120475769043, 0.0, 0.0, 0.0, 0.0, 0.0, 0.0
0.6571691036224365, 0.0, 0.0, 0.0, 0.0, 0.0, 0.0
0.6675660610198975, 0.0, 0.0, 0.0, 0.0, 0.0, 0.0
0.6771109104156494, 0.0, 0.0, 0.0, 0.0, 0.0, 0.0
0.6871261596679688, 0.0, 0.0, 0.0, 0.0, 0.0, 0.0
0.697124719619751, 0.0, 0.0, 0.0, 0.0, 0.0, 0.0
0.7071483135223389, 0.0, 0.0, 0.0, 0.0, 0.0, 0.0
0.7170917987823486, 0.0, 0.0, 0.0, 0.0, 0.0, 0.0
0.7270965576171875, 0.0, 0.0, 0.0, 0.0, 0.0, 0.0
0.7370913028717041, 0.0, 0.0, 0.0, 0.0, 0.0, 0.0
0.7470932006835938, 0.0, 0.0, 0.0, 0.0, 0.0, 0.0
0.757131814956665, 0.0, 0.0, 0.0, 0.0, 0.0, 0.0
0.7671065330505371, 0.0, 0.0, 0.0, 0.0, 0.0, 0.0
0.7770888805389404, 0.0, 0.0, 0.0, 0.0, 0.0, 0.0
0.7871453762054443, 0.0, 0.0, 0.0, 0.0, 0.0, 0.0
0.7970976829528809, 0.0, 0.0, 0.0, 0.0, 0.0, 0.0
0.8070518970489502, 0.0, 0.0, 0.0, 0.0, 0.0, 0.0
0.8170750141143799, 0.0, 0.0, 0.0, 0.0, 0.0, 0.0
0.8271043300628662, 0.0, 0.0, 0.0, 0.0, 0.0, 0.0
0.8370907306671143, 0.0, 0.0, 0.0, 0.0, 0.0, 0.0
0.847099781036377, 0.0, 0.0, 0.0, 0.0, 0.0, 0.0
0.857170820236206, 0.0, 0.0, 0.0, 0.0, 0.0, 0.0
0.867095947265625, 0.0, 0.0, 0.0, 0.0, 0.0, 0.0
0.8771424293518066, 0.0, 0.0, 0.0, 0.0, 0.0, 0.0
0.8870902061462402, 0.0, 0.0, 0.0, 0.0, 0.0, 0.0
0.8970999717712402, 0.0, 0.0, 0.0, 0.0, 0.0, 0.0
0.9071111679077148, 0.0, 0.0, 0.0, 0.0, 0.0, 0.0
0.9171645641326904, 0.0, 0.0, 0.0, 0.0, 0.0, 0.0
0.9271938800811768, 0.0, 0.0, 0.0, 0.0, 0.0, 0.0
0.9371864795684814, 0.0, 0.0, 0.0, 0.0, 0.0, 0.0
0.9471673965454102, 0.0, 0.0, 0.0, 0.0, 0.0, 0.0
0.957211971282959, 0.0, 0.0, 0.0, 0.0, 0.0, 0.0
0.9671368598937988, 0.0, 0.0, 0.0, 0.0, 0.0, 0.0
0.9771232604980469, 0.0, 0.0, 0.0, 0.0, 0.0, 0.0
0.9871721267700195, 0.0, 0.0, 0.0, 0.0, 0.0, 0.0
0.9972069263458252, 0.0, 0.0, 0.0, 0.0, 0.0, 0.0
1.0071351528167725, 0.0, 0.0, 0.0, 0.0, 0.0, 0.0
1.0171897411346436, 0.0, 0.0, 0.0, 0.0, 0.0, 0.0
1.0271248817443848, 0.0, 0.0, 0.0, 0.0, 0.0, 0.0
1.0371458530426025, 0.0, 0.0, 0.0, 0.0, 0.0, 0.0
1.0471477508544922, 0.0, 0.0, 0.0, 0.0, 0.0, 0.0
1.057074785232544, 0.0, 0.0, 0.0, 0.0, 0.0, 0.0
1.0670802593231201, 0.0, 0.0, 0.0, 0.0, 0.0, 0.0
1.0770668983459473, 0.0, 0.0, 0.0, 0.0, 0.0, 0.0
1.0870745182037354, 0.0, 0.0, 0.0, 0.0, 0.0, 0.0
1.0970592498779297, 0.0, 0.0, 0.0, 0.0, 0.0, 0.0
1.1070976257324219, 0.0, 0.0, 0.0, 0.0, 0.0, 0.0
1.117079496383667, 0.0, 0.0, 0.0, 0.0, 0.0, 0.0
1.127126693725586, 0.0, 0.0, 0.0, 0.0, 0.0, 0.0
1.137099027633667, 0.0, 0.0, 0.0, 0.0, 0.0, 0.0
1.1470861434936523, 0.0, 0.0, 0.0, 0.0, 0.0, 0.0
1.1571245193481445, 0.0, 0.0, 0.0, 0.0, 0.0, 0.0
1.167159080505371, 0.0, 0.0, 0.0, 0.0, 0.0, 0.0
1.1771206855773926, 0.0, 0.0, 0.0, 0.0, 0.0, 0.0
1.1870958805084229, 0.0, 0.0, 0.0, 0.0, 0.0, 0.0
1.197169542312622, 0.0, 0.0, 0.0, 0.0, 0.0, 0.0
1.207146406173706, 0.0, 0.0, 0.0, 0.0, 0.0, 0.0
1.2171249389648438, 0.0, 0.0, 0.0, 0.0, 0.0, 0.0
1.2271652221679688, 0.0, 0.0, 0.0, 0.0, 0.0, 0.0
1.2371327877044678, 0.0, 0.0, 0.0, 0.0, 0.0, 0.0
1.2471094131469727, 0.0, 0.0, 0.0, 0.0, 0.0, 0.0
1.2571032047271729, 0.0, 0.0, 0.0, 0.0, 0.0, 0.0
1.2670557498931885, 0.0, 0.0, 0.0, 0.0, 0.0, 0.0
1.277024507522583, 0.0, 0.0, 0.0, 0.0, 0.0, 0.0
1.2870492935180664, 0.0, 0.0, 0.0, 0.0, 0.0, 0.0
1.2970318794250488, 0.0, 0.0, 0.0, 0.0, 0.0, 0.0
1.3070039749145508, 0.0, 0.0, 0.0, 0.0, 0.0, 0.0
1.317011833190918, 0.0, 0.0, 0.0, 0.0, 0.0, 0.0
1.3270208835601807, 0.0, 0.0, 0.0, 0.0, 0.0, 0.0
1.3370513916015625, 0.0, 0.0, 0.0, 0.0, 0.0, 0.0
1.3470304012298584, 0.0, 0.0, 0.0, 0.0, 0.0, 0.0
1.3570263385772705, 0.0, 0.0, 0.0, 0.0, 0.0, 0.0
1.3670284748077393, 0.0, 0.0, 0.0, 0.0, 0.0, 0.0
1.377032995223999, 0.0, 0.0, 0.0, 0.0, 0.0, 0.0
1.387052297592163, 0.0, 0.0, 0.0, 0.0, 0.0, 0.0
1.397026538848877, 0.0, 0.0, 0.0, 0.0, 0.0, 0.0
1.407036542892456, 0.0, 0.0, 0.0, 0.0, 0.0, 0.0
1.4170567989349365, 0.0, 0.0, 0.0, 0.0, 0.0, 0.0
1.4270575046539307, 0.0, 0.0, 0.0, 0.0, 0.0, 0.0
1.4370572566986084, 0.0, 0.0, 0.0, 0.0, 0.0, 0.0
1.4470696449279785, 0.0, 0.0, 0.0, 0.0, 0.0, 0.0
1.4570786952972412, 0.0, 0.0, 0.0, 0.0, 0.0, 0.0
1.4670302867889404, 0.0, 0.0, 0.0, 0.0, 0.0, 0.0
1.4770665168762207, 0.0, 0.0, 0.0, 0.0, 0.0, 0.0
1.487018346786499, 0.0, 0.0, 0.0, 0.0, 0.0, 0.0
1.4970271587371826, 0.0, 0.0, 0.0, 0.0, 0.0, 0.0
1.5077400207519531, 0.0, 0.0, 0.0, 0.0, 0.0, 0.0
1.5170261859893799, 0.8872340321540833, 0.0, 2.0657620429992676, -1.6378241777420044, 0.0, 0.0
1.5270180702209473, 0.8872340321540833, 0.0, 2.0667920112609863, 0.09560205042362213, 0.0, 0.0
1.537036657333374, 0.8872340321540833, 0.0, 2.0750763416290283, 0.08695873618125916, 0.0, 0.0
1.5470571517944336, 0.8872340321540833, 0.0, 2.0664784908294678, -2.2421419620513916, 0.0, 0.0
1.5570521354675293, 0.8872340321540833, 0.0, 2.0669050216674805, 0.1850643903017044, 0.0, 0.0
1.5670292377471924, 0.8872340321540833, 0.0, 2.067500591278076, -0.07858558744192123, 0.0, 0.0
1.5770137310028076, 0.8872340321540833, 0.0, 2.06729793548584, -1.9046449661254883, 0.0, 0.0
1.5870330333709717, 0.8872340321540833, 0.0, 2.0708823204040527, 0.9836108684539795, 0.0, 0.0
1.597017765045166, 0.8872340321540833, 0.0, 2.067439556121826, -0.0936327576637268, 0.0, 0.0
1.6070289611816406, 0.8872340321540833, 0.0, 2.0665295124053955, -0.33698418736457825, 0.0, 0.0
1.6170117855072021, 0.8872340321540833, 0.0, 2.0662012100219727, -0.18302805721759796, 0.0, 0.0
1.6270501613616943, 0.8872340321540833, 0.0, 2.067164182662964, 0.33745959401130676, 0.0, 0.0
1.637017011642456, 0.8872340321540833, 0.0, 2.0665395259857178, -0.1429544985294342, 0.0, 0.0
1.6470255851745605, 0.8872340321540833, 0.0, 2.0744073390960693, 1.9928548336029053, 0.0, 0.0
1.6570303440093994, 0.8872340321540833, 0.0, 2.067148447036743, 0.2829326093196869, 0.0, 0.0
1.667020320892334, 0.8872340321540833, 0.0, 2.0745604038238525, 2.2754123210906982, 0.0, 0.0
1.6770339012145996, 0.8872340321540833, 0.0, 2.07507061958313, 2.3277623653411865, 0.0, 0.0
1.6870250701904297, 0.8872340321540833, 0.0, 2.0733046531677246, -1.5293952226638794, 0.0, 0.0
1.6970367431640625, 0.8872340321540833, 0.0, 2.0664138793945312, -1.463226556777954, 0.0, 0.0
1.7073533535003662, 0.8872340321540833, 0.0, 2.079369068145752, -0.989202618598938, 0.0, 0.0
1.7170648574829102, 0.8872340321540833, 0.0, 2.076859951019287, -2.326836109161377, 0.0, 0.0
1.7270524501800537, 0.8872340321540833, 0.0, 2.0853216648101807, 1.06036376953125, 0.0, 0.0
1.7370052337646484, 0.8872340321540833, 0.0, 2.0801687240600586, 0.65108323097229, 0.0, 0.0
1.7470319271087646, 0.8872340321540833, 0.0, 2.081603765487671, -1.4143106937408447, 0.0, 0.0
1.757033348083496, 0.8872340321540833, 0.0, 2.084104299545288, 0.8774934411048889, 0.0, 0.0
1.7670133113861084, 0.8872340321540833, 0.0, 2.0817880630493164, 0.014257247559726238, 0.0, 0.0
1.777024745941162, 0.8872340321540833, 0.0, 2.0809502601623535, -1.0159292221069336, 0.0, 0.0
1.7870442867279053, 0.8872340321540833, 0.0, 2.0857772827148438, 2.5712599754333496, 0.0, 0.0
1.7970221042633057, 0.8872340321540833, 0.0, 2.0829665660858154, 0.04381995648145676, 0.0, 0.0
1.8070101737976074, 0.8872340321540833, 0.0, 2.0793509483337402, -0.3688115179538727, 0.0, 0.0
1.817023515701294, 0.8872340321540833, 0.0, 2.0791563987731934, -0.009761074557900429, 0.0, 0.0
1.827009677886963, 0.8872340321540833, 0.0, 2.0814123153686523, -0.017070142552256584, 0.0, 0.0
1.8370213508605957, 0.8872340321540833, 0.0, 2.0828514099121094, 1.3758952617645264, 0.0, 0.0
1.8470230102539062, 0.8872340321540833, 0.0, 2.0825154781341553, 0.15151993930339813, 0.0, 0.0
1.8570613861083984, 0.8872340321540833, 0.0, 2.079963207244873, 0.22615744173526764, 0.0, 0.0
1.8670480251312256, 0.8872340321540833, 0.0, 2.0797386169433594, -0.6065547466278076, 0.0, 0.0
1.876997709274292, 0.8872340321540833, 0.0, 2.076626777648926, 0.02036786638200283, 0.0, 0.0
1.8870162963867188, 0.8872340321540833, 0.0, 2.0762407779693604, -1.1712653636932373, 0.0, 0.0
1.8970284461975098, 0.8872340321540833, 0.0, 2.074263334274292, -1.3168469667434692, 0.0, 0.0
1.9070467948913574, 0.8872340321540833, 0.0, 2.0749828815460205, 0.32477787137031555, 0.0, 0.0
1.9170150756835938, 0.8872340321540833, 0.0, 2.0733108520507812, -0.8028665781021118, 0.0, 0.0
1.9270291328430176, 0.8872340321540833, 0.0, 2.0726704597473145, 0.07876402884721756, 0.0, 0.0
1.9370503425598145, 0.8872340321540833, 0.0, 2.0718913078308105, -2.1390817165374756, 0.0, 0.0
1.9470417499542236, 0.8872340321540833, 0.0, 2.08435320854187, 4.512748718261719, 0.0, 0.0
1.9570081233978271, 0.8872340321540833, 0.0, 2.083538055419922, -0.18690600991249084, 0.0, 0.0
1.9670214653015137, 0.8872340321540833, 0.0, 2.0838513374328613, 0.48277607560157776, 0.0, 0.0
1.9770114421844482, 0.8872340321540833, 0.0, 2.084618330001831, 0.020798761397600174, 0.0, 0.0
1.9870266914367676, 0.8872340321540833, 0.0, 2.064713716506958, -1.3059791326522827, 0.0, 0.0
1.99702787399292, 0.8872340321540833, 0.0, 2.065847396850586, 0.15232279896736145, 0.0, 0.0
2.0070176124572754, 0.8872340321540833, 0.0, 2.0783793926239014, 0.03827332705259323, 0.0, 0.0
2.0170462131500244, 0.8872340321540833, 0.0, 2.0822389125823975, 0.5733777284622192, 0.0, 0.0
2.0270321369171143, 0.8872340321540833, 0.0, 2.0789308547973633, -0.05673924461007118, 0.0, 0.0
2.0370447635650635, 0.8872340321540833, 0.0, 2.0794105529785156, 0.8792543411254883, 0.0, 0.0
2.047048807144165, 0.8872340321540833, 0.0, 2.075015068054199, 0.41571328043937683, 0.0, 0.0
2.0570366382598877, 0.8872340321540833, 0.0, 2.067157506942749, -2.0893640518188477, 0.0, 0.0
2.0670371055603027, 0.8872340321540833, 0.0, 2.0672450065612793, -1.3394830226898193, 0.0, 0.0
2.077010154724121, 0.8872340321540833, 0.0, 2.0668325424194336, -2.7908763885498047, 0.0, 0.0
2.0870649814605713, 0.8872340321540833, 0.0, 2.0754001140594482, -0.008373483084142208, 0.0, 0.0
2.0970137119293213, 0.8872340321540833, 0.0, 2.0796902179718018, 1.639076828956604, 0.0, 0.0
2.1070096492767334, 0.8872340321540833, 0.0, 2.083061933517456, 1.4365493059158325, 0.0, 0.0
2.1171042919158936, 0.8872340321540833, 0.0, 2.071572780609131, -2.0688533782958984, 0.0, 0.0
2.127040386199951, 0.8872340321540833, 0.0, 2.0590479373931885, -4.863036155700684, 0.0, 0.0
2.1370320320129395, 0.8872340321540833, 0.0, 2.082848072052002, 0.8778539896011353, 0.0, 0.0
2.147015333175659, 0.8872340321540833, 0.0, 2.0822789669036865, 0.6745060086250305, 0.0, 0.0
2.1570122241973877, 0.8872340321540833, 0.0, 2.0820915699005127, 0.17755185067653656, 0.0, 0.0
2.167027711868286, 0.8872340321540833, 0.0, 2.0796632766723633, -0.7819539904594421, 0.0, 0.0
2.177030086517334, 0.8872340321540833, 0.0, 2.080225944519043, -0.24812915921211243, 0.0, 0.0
2.1870176792144775, 0.8872340321540833, 0.0, 2.0797839164733887, 0.17652037739753723, 0.0, 0.0
2.1970300674438477, 0.8872340321540833, 0.0, 2.0807666778564453, -0.061985697597265244, 0.0, 0.0
2.2070200443267822, 0.8872340321540833, 0.0, 2.075690984725952, -0.14742791652679443, 0.0, 0.0
2.2170398235321045, 0.8872340321540833, 0.0, 2.0774343013763428, 0.4537007212638855, 0.0, 0.0
2.2270050048828125, 0.8872340321540833, 0.0, 2.0749263763427734, 0.04585140943527222, 0.0, 0.0
2.2370307445526123, 0.8872340321540833, 0.0, 2.0815353393554688, 0.06365949660539627, 0.0, 0.0
2.2470273971557617, 0.8872340321540833, 0.0, 2.080808639526367, 0.40545761585235596, 0.0, 0.0
2.2570154666900635, 0.8872340321540833, 0.0, 2.087825059890747, 0.866779625415802, 0.0, 0.0
2.267031192779541, 0.8872340321540833, 0.0, 2.0823681354522705, -0.9594791531562805, 0.0, 0.0
2.2770156860351562, 0.8872340321540833, 0.0, 2.087428331375122, 0.35444822907447815, 0.0, 0.0
2.2870118618011475, 0.8872340321540833, 0.0, 2.06888747215271, 0.1137707382440567, 0.0, 0.0
2.2970192432403564, 0.8872340321540833, 0.0, 2.068230628967285, -5.663616180419922, 0.0, 0.0
2.307044744491577, 0.8872340321540833, 0.0, 2.070923328399658, -0.29388606548309326, 0.0, 0.0
2.3170037269592285, 0.8872340321540833, 0.0, 2.070664167404175, -0.4276489317417145, 0.0, 0.0
2.3270554542541504, 0.8872340321540833, 0.0, 2.0839920043945312, 2.959441661834717, 0.0, 0.0
2.337054491043091, 0.8872340321540833, 0.0, 2.072925567626953, -1.8747342824935913, 0.0, 0.0
2.3470897674560547, 0.8872340321540833, 0.0, 2.0672903060913086, -4.155632495880127, 0.0, 0.0
2.357034683227539, 0.8872340321540833, 0.0, 2.0798749923706055, 2.779139995574951, 0.0, 0.0
2.367025852203369, 0.8872340321540833, 0.0, 2.0700266361236572, -2.0159780979156494, 0.0, 0.0
2.3770198822021484, 0.8872340321540833, 0.0, 2.0787763595581055, 2.774493932723999, 0.0, 0.0
2.3870291709899902, 0.8872340321540833, 0.0, 2.0780396461486816, -1.4722070693969727, 0.0, 0.0
2.3970277309417725, 0.8872340321540833, 0.0, 2.069535255432129, -2.1196413040161133, 0.0, 0.0
2.407069206237793, 0.8872340321540833, 0.0, 2.079030752182007, -1.5209921598434448, 0.0, 0.0
2.4170422554016113, 0.8872340321540833, 0.0, 2.0778095722198486, -2.024441719055176, 0.0, 0.0
2.4270453453063965, 0.8872340321540833, 0.0, 2.0748860836029053, -0.8993412852287292, 0.0, 0.0
2.437000274658203, 0.8872340321540833, 0.0, 2.0807697772979736, 0.0006395575474016368, 0.0, 0.0
2.4470181465148926, 0.8872340321540833, 0.0, 2.074491024017334, -0.04020267352461815, 0.0, 0.0
2.4570682048797607, 0.8872340321540833, 0.0, 2.081411123275757, 1.732919454574585, 0.0, 0.0
2.467003107070923, 0.8872340321540833, 0.0, 2.0769662857055664, 0.17566922307014465, 0.0, 0.0
2.477006435394287, 0.8872340321540833, 0.0, 2.0753347873687744, 0.20642444491386414, 0.0, 0.0
2.4870119094848633, 0.8872340321540833, 0.0, 2.0798492431640625, -0.8746364116668701, 0.0, 0.0
2.4970526695251465, 0.8872340321540833, 0.0, 2.0871424674987793, 0.2731791138648987, 0.0, 0.0
2.507037878036499, 0.8872340321540833, 0.0, 2.078594207763672, -0.8043076992034912, 0.0, 0.0
2.517038583755493, 0.8872340321540833, 0.0, 2.078554630279541, -1.278033971786499, 0.0, 0.0
2.5270016193389893, 0.8872340321540833, 0.0, 2.08197021484375, -0.39214059710502625, 0.0, 0.0
2.5370371341705322, 0.8872340321540833, 0.0, 2.082263708114624, -0.16883622109889984, 0.0, 0.0
2.547065258026123, 0.8872340321540833, 0.0, 2.082529306411743, -0.15891459584236145, 0.0, 0.0
2.557040214538574, 0.8872340321540833, 0.0, 2.08493971824646, -0.2888634204864502, 0.0, 0.0
2.5670008659362793, 0.8872340321540833, 0.0, 2.082188129425049, -0.6371616125106812, 0.0, 0.0
2.5770058631896973, 0.8872340321540833, 0.0, 2.0852150917053223, -0.007696983870118856, 0.0, 0.0
2.587024450302124, 0.8872340321540833, 0.0, 2.0860753059387207, 0.736152172088623, 0.0, 0.0
2.5970284938812256, 0.8872340321540833, 0.0, 2.0852549076080322, 0.02823585830628872, 0.0, 0.0
2.6070027351379395, 0.8872340321540833, 0.0, 2.082134962081909, -0.1233566626906395, 0.0, 0.0
2.6169984340667725, 0.8872340321540833, 0.0, 2.0826008319854736, -0.620617687702179, 0.0, 0.0
2.6270363330841064, 0.8872340321540833, 0.0, 2.084944009780884, 0.7382982969284058, 0.0, 0.0
2.6370294094085693, 0.8872340321540833, 0.0, 2.084864854812622, 0.7103090286254883, 0.0, 0.0
2.6470253467559814, 0.8872340321540833, 0.0, 2.0821759700775146, 0.10436715930700302, 0.0, 0.0
2.6570029258728027, 0.8872340321540833, 0.0, 2.082587718963623, -0.6171699166297913, 0.0, 0.0
2.6670238971710205, 0.8872340321540833, 0.0, 2.0809576511383057, -0.8503676652908325, 0.0, 0.0
2.677018642425537, 0.8872340321540833, 0.0, 2.084890365600586, -0.030745768919587135, 0.0, 0.0
2.687049150466919, 0.8872340321540833, 0.0, 2.081939697265625, 0.09042198210954666, 0.0, 0.0
2.697023868560791, 0.8872340321540833, 0.0, 2.085538148880005, 0.3208850026130676, 0.0, 0.0
2.7070107460021973, 0.8872340321540833, 0.0, 2.084331512451172, -0.09078961610794067, 0.0, 0.0
2.717043161392212, 0.8872340321540833, 0.0, 2.085014820098877, 0.9187589287757874, 0.0, 0.0
2.7270495891571045, 0.8872340321540833, 0.0, 2.084368944168091, 0.4741550385951996, 0.0, 0.0
2.7370195388793945, 0.8872340321540833, 0.0, 2.0856869220733643, 0.00283195567317307, 0.0, 0.0
2.747022867202759, 0.8872340321540833, 0.0, 2.082476854324341, -0.6944694519042969, 0.0, 0.0
2.7570459842681885, 0.8872340321540833, 0.0, 2.066328525543213, -4.6420793533325195, 0.0, 0.0
2.7670681476593018, 0.8872340321540833, 0.0, 2.08249831199646, -0.6340895295143127, 0.0, 0.0
2.77703857421875, 0.8872340321540833, 0.0, 2.0821361541748047, -0.9528191089630127, 0.0, 0.0
2.787022113800049, 0.8872340321540833, 0.0, 2.0818583965301514, -1.0870258808135986, 0.0, 0.0
2.797023296356201, 0.8872340321540833, 0.0, 2.0820744037628174, 0.3724648058414459, 0.0, 0.0
2.8070168495178223, 0.8872340321540833, 0.0, 2.0792577266693115, -0.8939632773399353, 0.0, 0.0
2.8170623779296875, 0.8872340321540833, 0.0, 2.0776121616363525, -0.1520320028066635, 0.0, 0.0
2.8270134925842285, 0.8872340321540833, 0.0, 2.0777065753936768, 2.2393617630004883, 0.0, 0.0
2.837002754211426, 0.8872340321540833, 0.0, 2.070446491241455, 0.37892812490463257, 0.0, 0.0
2.8470094203948975, 0.8872340321540833, 0.0, 2.072585105895996, 0.7629434466362, 0.0, 0.0
2.8570446968078613, 0.8872340321540833, 0.0, 2.0716805458068848, 0.13174615800380707, 0.0, 0.0
2.8670308589935303, 0.8872340321540833, 0.0, 2.071176052093506, -1.5548499822616577, 0.0, 0.0
2.877012252807617, 0.8872340321540833, 0.0, 2.0723323822021484, 0.4206598103046417, 0.0, 0.0
2.887014865875244, 0.8872340321540833, 0.0, 2.071103811264038, -1.9072831869125366, 0.0, 0.0
2.897047758102417, 0.8872340321540833, 0.0, 2.074702501296997, 1.2289997339248657, 0.0, 0.0
2.907050371170044, 0.8872340321540833, 0.0, 2.0749592781066895, -1.2330454587936401, 0.0, 0.0
2.917001485824585, 0.8872340321540833, 0.0, 2.085125684738159, 0.20146037638187408, 0.0, 0.0
2.927006483078003, 0.8872340321540833, 0.0, 2.079826593399048, -1.0137180089950562, 0.0, 0.0
2.9370296001434326, 0.8872340321540833, 0.0, 2.087751865386963, -0.7913832664489746, 0.0, 0.0
2.947016954421997, 0.8872340321540833, 0.0, 2.086237907409668, -0.40966278314590454, 0.0, 0.0
2.957007646560669, 0.8872340321540833, 0.0, 2.0780067443847656, 4.002461910247803, 0.0, 0.0
2.967008113861084, 0.8872340321540833, 0.0, 2.079601764678955, -2.6997640132904053, 0.0, 0.0
2.977048873901367, 0.8872340321540833, 0.0, 2.0800411701202393, -0.5715034008026123, 0.0, 0.0
2.987016439437866, 0.8872340321540833, 0.0, 2.081076145172119, 0.2877849340438843, 0.0, 0.0
2.996997356414795, 0.8872340321540833, 0.0, 2.079576015472412, 0.23224584758281708, 0.0, 0.0
3.0070269107818604, 0.8872340321540833, 0.0, 2.081108570098877, 0.49405696988105774, 0.0, 0.0
3.017056703567505, 0.8872340321540833, 0.0, 2.076862335205078, -0.6411716341972351, 0.0, 0.0
3.0270140171051025, 0.8872340321540833, 0.0, 2.0779950618743896, -0.6994504928588867, 0.0, 0.0
3.037013530731201, 0.8872340321540833, 0.0, 2.074936628341675, 0.24222606420516968, 0.0, 0.0
3.0470221042633057, 0.8872340321540833, 0.0, 2.0768983364105225, -0.09573769569396973, 0.0, 0.0
3.057029962539673, 0.8872340321540833, 0.0, 2.074000835418701, 2.278209686279297, 0.0, 0.0
3.067065715789795, 0.8872340321540833, 0.0, 2.06447172164917, -2.0976483821868896, 0.0, 0.0
3.0770301818847656, 0.8872340321540833, 0.0, 2.0645508766174316, 0.22941753268241882, 0.0, 0.0
3.08701229095459, 0.8872340321540833, 0.0, 2.0650241374969482, 0.05930975824594498, 0.0, 0.0
3.0970091819763184, 0.8872340321540833, 0.0, 2.0659196376800537, 0.01451772078871727, 0.0, 0.0
3.107006311416626, 0.8872340321540833, 0.0, 2.072981357574463, 0.8769688606262207, 0.0, 0.0
3.117053270339966, 0.8872340321540833, 0.0, 2.0713140964508057, -2.3974759578704834, 0.0, 0.0
3.127009868621826, 0.8872340321540833, 0.0, 2.0825161933898926, 0.5893492698669434, 0.0, 0.0
3.137012481689453, 0.8872340321540833, 0.0, 2.083557367324829, 0.8788609504699707, 0.0, 0.0
3.147033214569092, 0.8872340321540833, 0.0, 2.0819549560546875, -0.1660330891609192, 0.0, 0.0
3.157029151916504, 0.8872340321540833, 0.0, 2.081317901611328, 0.8558542728424072, 0.0, 0.0
3.1670310497283936, 0.8872340321540833, 0.0, 2.0827555656433105, -0.3756277561187744, 0.0, 0.0
3.1770145893096924, 0.8872340321540833, 0.0, 2.080371379852295, -0.8392175436019897, 0.0, 0.0
3.187011480331421, 0.8872340321540833, 0.0, 2.078979253768921, -0.9844479560852051, 0.0, 0.0
3.1971590518951416, 0.8872340321540833, 0.0, 2.083270311355591, -0.0840521901845932, 0.0, 0.0
3.2070255279541016, 0.8872340321540833, 0.0, 2.082545042037964, 0.5789653658866882, 0.0, 0.0
3.2170279026031494, 0.8872340321540833, 0.0, 2.0767970085144043, -0.524020791053772, 0.0, 0.0
3.227004051208496, 0.8872340321540833, 0.0, 2.076742172241211, 2.6521522998809814, 0.0, 0.0
3.23699688911438, 0.8872340321540833, 0.0, 2.065371036529541, -2.3263115882873535, 0.0, 0.0
3.247009038925171, 0.8872340321540833, 0.0, 2.0682356357574463, -0.23543836176395416, 0.0, 0.0
3.2570457458496094, 0.8872340321540833, 0.0, 2.063863754272461, -0.14898020029067993, 0.0, 0.0
3.2670438289642334, 0.8872340321540833, 0.0, 2.067708730697632, 0.8751920461654663, 0.0, 0.0
3.277021884918213, 0.8872340321540833, 0.0, 2.0739517211914062, 0.2860230505466461, 0.0, 0.0
3.2870030403137207, 0.8872340321540833, 0.0, 2.0698060989379883, -1.120446801185608, 0.0, 0.0
3.297025203704834, 0.8872340321540833, 0.0, 2.072624921798706, 0.3211088478565216, 0.0, 0.0
3.3070316314697266, 0.8872340321540833, 0.0, 2.0817551612854004, 1.467728614807129, 0.0, 0.0
3.3170530796051025, 0.8872340321540833, 0.0, 2.0825905799865723, -1.4428143501281738, 0.0, 0.0
3.3270204067230225, 0.8872340321540833, 0.0, 2.066920042037964, -5.642934322357178, 0.0, 0.0
3.3370072841644287, 0.8872340321540833, 0.0, 2.0670926570892334, -6.2036662101745605, 0.0, 0.0
3.3470075130462646, 0.8872340321540833, 0.0, 2.068173885345459, 0.48105910420417786, 0.0, 0.0
3.357046604156494, 0.8872340321540833, 0.0, 2.06831693649292, -0.9014163017272949, 0.0, 0.0
3.367007255554199, 0.8872340321540833, 0.0, 2.0694332122802734, 0.034588251262903214, 0.0, 0.0
3.3769991397857666, 0.8872340321540833, 0.0, 2.0720717906951904, -2.6258785724639893, 0.0, 0.0
3.3870043754577637, 0.8872340321540833, 0.0, 2.069171905517578, -0.5337954163551331, 0.0, 0.0
3.3970346450805664, 0.8872340321540833, 0.0, 2.0712389945983887, 0.5374242663383484, 0.0, 0.0
3.40702486038208, 0.8872340321540833, 0.0, 2.073065996170044, 1.3495913743972778, 0.0, 0.0
3.417018175125122, 0.8872340321540833, 0.0, 2.0705127716064453, 0.3055407702922821, 0.0, 0.0
3.427001714706421, 0.8872340321540833, 0.0, 2.0709035396575928, -1.6112226247787476, 0.0, 0.0
3.4370031356811523, 0.8872340321540833, 0.0, 2.0789151191711426, 0.4077948033809662, 0.0, 0.0
3.4470419883728027, 0.8872340321540833, 0.0, 2.0689916610717773, 0.3371400535106659, 0.0, 0.0
3.457042932510376, 0.8872340321540833, 0.0, 2.068711519241333, 1.1994819641113281, 0.0, 0.0
3.4670188426971436, 0.8872340321540833, 0.0, 2.0667383670806885, -1.739935278892517, 0.0, 0.0
3.4769997596740723, 0.8872340321540833, 0.0, 2.066908121109009, 1.9317349195480347, 0.0, 0.0
3.48702335357666, 0.8872340321540833, 0.0, 2.0632412433624268, -0.9054322242736816, 0.0, 0.0
3.4970195293426514, 0.8872340321540833, 0.0, 2.065924882888794, 0.10306528955698013, 0.0, 0.0
3.5070078372955322, 0.8872340321540833, 0.0, 2.067244052886963, -0.09819500893354416, 0.0, 0.0
3.51700758934021, 0.8872340321540833, 0.0, 2.0678091049194336, 0.4986509382724762, 0.0, 0.0
3.5270445346832275, 0.8872340321540833, 0.0, 2.067152738571167, -0.19198408722877502, 0.0, 0.0
3.5370500087738037, 0.8872340321540833, 0.0, 2.066829204559326, 0.030441783368587494, 0.0, 0.0
3.547004222869873, 0.8872340321540833, 0.0, 2.0681958198547363, 0.09352291375398636, 0.0, 0.0
3.5570249557495117, 0.8872340321540833, 0.0, 2.0666255950927734, 0.9869142174720764, 0.0, 0.0
3.567002773284912, 0.8872340321540833, 0.0, 2.071568250656128, 1.3028403520584106, 0.0, 0.0
3.5770325660705566, 0.8872340321540833, 0.0, 2.067882537841797, 0.3378380537033081, 0.0, 0.0
3.5870232582092285, 0.8872340321540833, 0.0, 2.072073459625244, -0.09740649908781052, 0.0, 0.0
3.597034215927124, 0.8872340321540833, 0.0, 2.0716562271118164, 6.934983253479004, 0.0, 0.0
3.6070005893707275, 0.8872340321540833, 0.0, 2.0685648918151855, -0.37552908062934875, 0.0, 0.0
3.617014169692993, 0.8872340321540833, 0.0, 2.068007230758667, 0.35054558515548706, 0.0, 0.0
3.6269946098327637, 0.8872340321540833, 0.0, 2.0685510635375977, -0.9414069056510925, 0.0, 0.0
3.637014865875244, 0.8872340321540833, 0.0, 2.0461854934692383, -6.104589939117432, 0.0, 0.0
3.647045850753784, 0.8872340321540833, 0.0, 2.0643534660339355, 4.860527515411377, 0.0, 0.0
3.656996250152588, 0.8872340321540833, 0.0, 2.0695250034332275, 0.6065127849578857, 0.0, 0.0
3.667020559310913, 0.8872340321540833, 0.0, 2.070496082305908, 1.8363317251205444, 0.0, 0.0
3.677035331726074, 0.8872340321540833, 0.0, 2.0638043880462646, 0.00549100199714303, 0.0, 0.0
3.687004804611206, 0.8872340321540833, 0.0, 2.062843084335327, -2.52651047706604, 0.0, 0.0
3.6970205307006836, 0.8872340321540833, 0.0, 2.070435047149658, 0.18086566030979156, 0.0, 0.0
3.7070224285125732, 0.8872340321540833, 0.0, 2.067823648452759, -1.279446005821228, 0.0, 0.0
3.717024326324463, 0.8872340321540833, 0.0, 2.071700096130371, 1.0188595056533813, 0.0, 0.0
3.7285690307617188, 0.8872340321540833, 0.0, 2.0628507137298584, 0.11828884482383728, 0.0, 0.0
3.737022638320923, 0.8872340321540833, 0.0, 2.0616705417633057, -1.6094117164611816, 0.0, 0.0
3.7470428943634033, 0.8872340321540833, 0.0, 2.063709259033203, -1.1204636096954346, 0.0, 0.0
3.7570338249206543, 0.8872340321540833, 0.0, 2.066563606262207, -0.42867588996887207, 0.0, 0.0
3.767019510269165, 0.8872340321540833, 0.0, 2.0664334297180176, -0.10819488763809204, 0.0, 0.0
3.777005672454834, 0.8872340321540833, 0.0, 2.066866874694824, -1.1158068180084229, 0.0, 0.0
3.7870237827301025, 0.8872340321540833, 0.0, 2.066293478012085, -0.11588486284017563, 0.0, 0.0
3.7970077991485596, 0.8872340321540833, 0.0, 2.0657315254211426, -0.5121464133262634, 0.0, 0.0
3.807023048400879, 0.8872340321540833, 0.0, 2.075456380844116, 2.1705141067504883, 0.0, 0.0
3.81701397895813, 0.8872340321540833, 0.0, 2.0736491680145264, -0.3341244161128998, 0.0, 0.0
3.827082395553589, 0.8872340321540833, 0.0, 2.081023931503296, 3.535585880279541, 0.0, 0.0
3.837047576904297, 0.8872340321540833, 0.0, 2.0725173950195312, 0.023017147555947304, 0.0, 0.0
3.8470239639282227, 0.8872340321540833, 0.0, 2.0688233375549316, -1.9458372592926025, 0.0, 0.0
3.857004404067993, 0.8872340321540833, 0.0, 2.0815627574920654, 3.0411219596862793, 0.0, 0.0
3.8670125007629395, 0.8872340321540833, 0.0, 2.0823607444763184, 2.2224197387695312, 0.0, 0.0
3.8770413398742676, 0.8872340321540833, 0.0, 2.067992687225342, -0.8989266753196716, 0.0, 0.0
3.887010335922241, 0.8872340321540833, 0.0, 2.068253993988037, -0.7026429176330566, 0.0, 0.0
3.89703631401062, 0.8872340321540833, 0.0, 2.0704493522644043, -0.12380920350551605, 0.0, 0.0
3.9069886207580566, 0.8872340321540833, 0.0, 2.068655252456665, -3.919443368911743, 0.0, 0.0
3.9170315265655518, 0.8872340321540833, 0.0, 2.0707008838653564, 1.8212661743164062, 0.0, 0.0
3.9270710945129395, 0.8872340321540833, 0.0, 2.0793352127075195, 4.008297920227051, 0.0, 0.0
3.9370157718658447, 0.8872340321540833, 0.0, 2.074859380722046, 2.2812371253967285, 0.0, 0.0
3.947011947631836, 0.8872340321540833, 0.0, 2.0655384063720703, -2.9564754962921143, 0.0, 0.0
3.957023859024048, 0.8872340321540833, 0.0, 2.0752205848693848, -0.8932682275772095, 0.0, 0.0
3.967031717300415, 0.8872340321540833, 0.0, 2.082836151123047, 2.1169893741607666, 0.0, 0.0
3.977025032043457, 0.8872340321540833, 0.0, 2.084723472595215, 6.500348091125488, 0.0, 0.0
3.987013578414917, 0.8872340321540833, 0.0, 2.0657942295074463, -0.8474192023277283, 0.0, 0.0
3.997049331665039, 0.8872340321540833, 0.0, 2.0663347244262695, -0.22732287645339966, 0.0, 0.0
4.0070436000823975, 0.8872340321540833, 0.0, 2.061276912689209, -2.020848274230957, 0.0, 0.0
4.0170392990112305, 0.8872340321540833, 0.0, 2.0640006065368652, 0.006125742103904486, 0.0, 0.0
4.027012825012207, 0.8872340321540833, 0.0, 2.0658254623413086, -0.10895548015832901, 0.0, 0.0
4.037011623382568, 0.8872340321540833, 0.0, 2.0658822059631348, -0.7160218954086304, 0.0, 0.0
4.047015428543091, 0.8872340321540833, 0.0, 2.0694267749786377, 0.022097667679190636, 0.0, 0.0
4.0569822788238525, 0.8872340321540833, 0.0, 2.0710933208465576, -2.38070011138916, 0.0, 0.0
4.06705379486084, 0.8872340321540833, 0.0, 2.0782346725463867, -0.578068196773529, 0.0, 0.0
4.077020168304443, 0.8872340321540833, 0.0, 2.080707550048828, 1.5367261171340942, 0.0, 0.0
4.0870373249053955, 0.8872340321540833, 0.0, 2.0806212425231934, -0.5009000301361084, 0.0, 0.0
4.097059965133667, 0.8872340321540833, 0.0, 2.0807197093963623, 0.14094680547714233, 0.0, 0.0
4.107021331787109, 0.8872340321540833, 0.0, 2.0809261798858643, 0.16364562511444092, 0.0, 0.0
4.117044448852539, 0.8872340321540833, 0.0, 2.0823779106140137, 0.2096717357635498, 0.0, 0.0
4.127046585083008, 0.8872340321540833, 0.0, 2.0825681686401367, 0.24067485332489014, 0.0, 0.0
4.137014627456665, 0.8872340321540833, 0.0, 2.0792953968048096, -0.9703069925308228, 0.0, 0.0
4.14707088470459, 0.8872340321540833, 0.0, 2.0773611068725586, -0.2012830674648285, 0.0, 0.0
4.157037973403931, 0.8872340321540833, 0.0, 2.0717949867248535, -1.7522482872009277, 0.0, 0.0
4.167053937911987, 0.8872340321540833, 0.0, 2.0747177600860596, 1.5367430448532104, 0.0, 0.0
4.17927622795105, 0.8872340321540833, 0.0, 2.0729942321777344, 0.8026337027549744, 0.0, 0.0
4.18700909614563, 0.8872340321540833, 0.0, 2.068817615509033, -1.6376203298568726, 0.0, 0.0
4.197005033493042, 0.8872340321540833, 0.0, 2.0675981044769287, -0.2693159282207489, 0.0, 0.0
4.207038402557373, 0.8872340321540833, 0.0, 2.07609224319458, 2.233110189437866, 0.0, 0.0
4.217026948928833, 0.8872340321540833, 0.0, 2.0812032222747803, 3.588630199432373, 0.0, 0.0
4.227023601531982, 0.8872340321540833, 0.0, 2.070523738861084, 1.8292086124420166, 0.0, 0.0
4.237040281295776, 0.8872340321540833, 0.0, 2.0704550743103027, -2.5444424152374268, 0.0, 0.0
4.247040510177612, 0.8872340321540833, 0.0, 2.069247007369995, -0.7130411267280579, 0.0, 0.0
4.257038593292236, 0.8872340321540833, 0.0, 2.0718119144439697, 0.5401619076728821, 0.0, 0.0
4.2670347690582275, 0.8872340321540833, 0.0, 2.0701630115509033, -0.33676040172576904, 0.0, 0.0
4.277035474777222, 0.8872340321540833, 0.0, 2.069122791290283, -0.16645091772079468, 0.0, 0.0
4.287007570266724, 0.8872340321540833, 0.0, 2.0677285194396973, -0.3636689782142639, 0.0, 0.0
4.2970640659332275, 0.8872340321540833, 0.0, 2.0694665908813477, 0.7011271119117737, 0.0, 0.0
4.3070104122161865, 0.8872340321540833, 0.0, 2.0665183067321777, -1.0484442710876465, 0.0, 0.0
4.31702184677124, 0.8872340321540833, 0.0, 2.081251859664917, 3.832618236541748, 0.0, 0.0
4.327016115188599, 0.8872340321540833, 0.0, 2.0845723152160645, 0.9097607135772705, 0.0, 0.0
4.337004661560059, 0.8872340321540833, 0.0, 2.079442024230957, 0.5875046253204346, 0.0, 0.0
4.347034692764282, 0.8872340321540833, 0.0, 2.081646680831909, -0.09752403944730759, 0.0, 0.0
4.357019901275635, 0.8872340321540833, 0.0, 2.078139305114746, 1.0926055908203125, 0.0, 0.0
4.367050409317017, 0.8872340321540833, 0.0, 2.0682873725891113, -0.5566459894180298, 0.0, 0.0
4.376995086669922, 0.8872340321540833, 0.0, 2.0688974857330322, 0.048429589718580246, 0.0, 0.0
4.387022972106934, 0.8872340321540833, 0.0, 2.065246105194092, -3.0005438327789307, 0.0, 0.0
4.39703631401062, 0.8872340321540833, 0.0, 2.06588077545166, 0.14474831521511078, 0.0, 0.0
4.407087802886963, 0.8872340321540833, 0.0, 2.0663938522338867, -1.1618000268936157, 0.0, 0.0
4.417026042938232, 0.8872340321540833, 0.0, 2.0697693824768066, -0.6507828235626221, 0.0, 0.0
4.427056789398193, 0.8872340321540833, 0.0, 2.074051856994629, -0.14682182669639587, 0.0, 0.0
4.4370551109313965, 0.8872340321540833, 0.0, 2.076430082321167, 1.4333326816558838, 0.0, 0.0
4.4470250606536865, 0.8872340321540833, 0.0, 2.0819895267486572, 1.329488754272461, 0.0, 0.0
4.457010269165039, 0.8872340321540833, 0.0, 2.0806121826171875, -1.0349562168121338, 0.0, 0.0
4.4670045375823975, 0.8872340321540833, 0.0, 2.083108901977539, 0.5707039833068848, 0.0, 0.0
4.477051019668579, 0.8872340321540833, 0.0, 2.082681655883789, 0.6215737462043762, 0.0, 0.0
4.488737344741821, 0.8872340321540833, 0.0, 2.0830748081207275, -0.19621846079826355, 0.0, 0.0
4.497021675109863, 0.8872340321540833, 0.0, 2.0855369567871094, 0.12988995015621185, 0.0, 0.0
4.507019281387329, 0.8872340321540833, 0.0, 2.0788872241973877, -2.0221405029296875, 0.0, 0.0
4.517010688781738, 0.8872340321540833, 0.0, 2.0859215259552, 0.9339020848274231, 0.0, 0.0
4.527052879333496, 0.8872340321540833, 0.0, 2.0849430561065674, 0.1296258270740509, 0.0, 0.0
4.537020683288574, 0.8872340321540833, 0.0, 2.0839338302612305, 0.14191420376300812, 0.0, 0.0
4.547033071517944, 0.8872340321540833, 0.0, 2.085608959197998, -0.1260450929403305, 0.0, 0.0
4.557030439376831, 0.8872340321540833, 0.0, 2.085592746734619, -0.051782455295324326, 0.0, 0.0
4.56706976890564, 0.8872340321540833, 0.0, 2.0668673515319824, -4.6228156089782715, 0.0, 0.0
4.577026844024658, 0.8872340321540833, 0.0, 2.085160493850708, 0.7967074513435364, 0.0, 0.0
4.5870301723480225, 0.8872340321540833, 0.0, 2.085470199584961, 0.3977466821670532, 0.0, 0.0
4.597032070159912, 0.8872340321540833, 0.0, 2.082637310028076, 0.13448618352413177, 0.0, 0.0
4.607018947601318, 0.8872340321540833, 0.0, 2.084360122680664, 0.49137675762176514, 0.0, 0.0
4.617058277130127, 0.8872340321540833, 0.0, 2.08457612991333, 0.5320876836776733, 0.0, 0.0
4.627041816711426, 0.8872340321540833, 0.0, 2.0664989948272705, -3.6061511039733887, 0.0, 0.0
4.637077569961548, 0.8872340321540833, 0.0, 2.081613540649414, -0.21905283629894257, 0.0, 0.0
4.647046327590942, 0.8872340321540833, 0.2898831069469452, 2.082720994949341, 0.02938033454120159, 0.0, 0.0
4.657088279724121, 0.8872340321540833, 0.0, 2.083177328109741, 0.16597066819667816, 0.0, 0.0
4.667051792144775, 0.8872340321540833, 0.0, 2.078601837158203, -0.6547897458076477, 0.0, 0.0
4.677057504653931, 0.8872340321540833, 0.0, 2.0808544158935547, -0.27841946482658386, 0.0, 0.0
4.6870598793029785, 0.8872340321540833, 0.0, 2.081883192062378, -0.060588397085666656, 0.0, 0.0
4.697025299072266, 0.8872340321540833, 0.0, 2.0823490619659424, -0.14347529411315918, 0.0, 0.0
4.707021713256836, 0.8872340321540833, 0.5838819146156311, 2.0808024406433105, -0.22833125293254852, 0.0, 0.0
4.717043399810791, 0.8872340321540833, 0.0, 2.082653522491455, 0.21659070253372192, 0.0, 0.0
4.727044105529785, 0.8872340321540833, 0.0, 2.082322597503662, -0.023808946833014488, 0.0, 0.0
4.737057685852051, 0.8872340321540833, 0.0, 2.0845611095428467, -0.34382402896881104, 0.0, 0.0
4.747032165527344, 0.8872340321540833, 0.0, 2.081721067428589, -0.18799440562725067, 0.0, 0.0
4.757052898406982, 0.8872340321540833, 0.0, 2.081676959991455, 0.014681022614240646, 0.0, 0.0
4.767057180404663, 0.8872340321540833, 0.0, 2.0859858989715576, 0.05919395387172699, 0.0, 0.0
4.777029514312744, 0.8872340321540833, 0.0, 2.08430814743042, -0.2949315011501312, 0.0, 0.0
4.7871832847595215, 0.8872340321540833, 0.0, 2.080775737762451, -0.9801788330078125, 0.0, 0.0
4.797027826309204, 0.8872340321540833, 0.0, 2.084275245666504, 0.1812993288040161, 0.0, 0.0
4.807048559188843, 0.8872340321540833, 0.0, 2.081674098968506, -0.5857549905776978, 0.0, 0.0
4.817221641540527, 0.8872340321540833, 0.0, 2.0838804244995117, 0.5129753351211548, 0.0, 0.0
4.8270463943481445, 0.8872340321540833, 0.0, 2.0788052082061768, 1.0755022764205933, 0.0, 0.0
4.837006092071533, 0.8872340321540833, 0.0, 2.065451145172119, -2.1772849559783936, 0.0, 0.0
4.847012996673584, 0.8872340321540833, 0.0, 2.069040536880493, -1.9137641191482544, 0.0, 0.0
4.8570497035980225, 0.8872340321540833, 0.0, 2.070716142654419, 1.156380295753479, 0.0, 0.0
4.867044448852539, 0.8872340321540833, 0.0, 2.071579694747925, 0.23078913986682892, 0.0, 0.0
4.877120733261108, 0.8872340321540833, 0.0, 2.070730209350586, 0.18763165175914764, 0.0, 0.0
4.8870439529418945, 0.8872340321540833, 0.0, 2.0765843391418457, 1.0830196142196655, 0.0, 0.0
4.897024393081665, 0.8872340321540833, 0.0, 2.080688953399658, 1.1992796659469604, 0.0, 0.0
4.907094240188599, 0.8872340321540833, 0.0, 2.073122978210449, -0.4554356336593628, 0.0, 0.0
4.917031288146973, 0.8872340321540833, 0.0, 2.0748610496520996, -2.697453260421753, 0.0, 0.0
4.9271252155303955, 0.8872340321540833, 0.0, 2.0825676918029785, 0.9455346465110779, 0.0, 0.0
4.9370436668396, 0.8872340321540833, 0.0, 2.0846588611602783, -0.13081420958042145, 0.0, 0.0
4.947056770324707, 0.8872340321540833, 0.0, 2.07881236076355, -1.3987534046173096, 0.0, 0.0
4.9573047161102295, 0.8872340321540833, 0.0, 2.081723213195801, -0.029610157012939453, 0.0, 0.0
4.967037200927734, 0.8872340321540833, 0.0, 2.0809967517852783, 0.30285564064979553, 0.0, 0.0
4.977046251296997, 0.8872340321540833, 0.0, 2.079033613204956, 1.406380295753479, 0.0, 0.0
4.9870219230651855, 0.8872340321540833, 0.0, 2.0803945064544678, 0.1560487300157547, 0.0, 0.0
4.997028350830078, 0.8872340321540833, 0.0, 2.0809166431427, -0.08332677185535431, 0.0, 0.0
5.007034778594971, 0.8872340321540833, 0.0, 2.080625295639038, -0.07026506215333939, 0.0, 0.0
5.017075777053833, 0.8872340321540833, 0.0, 2.0791404247283936, -0.3361768126487732, 0.0, 0.0
5.027066707611084, 0.8872340321540833, 0.0, 2.0794384479522705, -0.06983010470867157, 0.0, 0.0
5.037084102630615, 0.8872340321540833, 0.0, 2.0720865726470947, -1.5649909973144531, 0.0, 0.0
5.047018766403198, 0.8872340321540833, 0.0, 2.0705161094665527, -1.3346823453903198, 0.0, 0.0
5.057055473327637, 0.8872340321540833, 0.0, 2.0698745250701904, -0.13840945065021515, 0.0, 0.0
