32.05315685272217, 0.26595744490623474, 1.1634249687194824, 2.4148192405700684, -109.80072784423828, 0.5826383829116821, 0.0
32.063188552856445, 0.28297871351242065, 1.956027865409851, 1.1114290952682495, -137.65072631835938, 0.5826383829116821, 0.0
32.07318162918091, 0.2978723347187042, 1.8293237686157227, -0.02597268484532833, -134.44712829589844, 0.5826383829116821, 0.0
32.08320140838623, 0.31063830852508545, 1.4417660236358643, -0.9249976873397827, -101.80541229248047, 0.5826383829116821, 0.0
32.09319877624512, 0.325531929731369, 1.1418401002883911, -2.3191111087799072, -123.88031768798828, 0.582426905632019, -0.05000000074505806
32.103156328201294, 0.3404255211353302, 1.2098767757415771, 2.523905038833618, -134.7803192138672, 0.582426905632019, -0.05000000074505806
32.11325001716614, 0.34893617033958435, 0.4513479173183441, 1.78725004196167, -52.83818817138672, 0.582426905632019, -0.05000000074505806
32.1231575012207, 0.3723404109477997, 1.8865586519241333, 0.044366270303726196, -146.4440460205078, 0.582426905632019, -0.05000000074505806
32.13317155838013, 0.38085106015205383, 0.5913100242614746, -0.721181333065033, -68.56197357177734, 0.5825125575065613, -0.05000000074505806
32.1431941986084, 0.4000000059604645, 1.3671817779541016, -2.2444021701812744, -105.48050689697266, 0.5825125575065613, -0.05000000074505806
32.153199434280396, 0.41063830256462097, 1.6715879440307617, 2.9595372676849365, 1505.74365234375, 0.5825125575065613, -0.05000000074505806
32.16315984725952, 0.4234042465686798, 1.8213587999343872, 1.9045867919921875, -154.1815643310547, 0.5825125575065613, -0.05000000074505806
32.17317605018616, 0.44680851697921753, 1.3704009056091309, -0.01625242456793785, -120.81109619140625, 0.5818576216697693, -0.05000000074505806
32.183189868927, 0.45957446098327637, 1.4937317371368408, -1.1153464317321777, -130.19918823242188, 0.5818576216697693, -0.05000000074505806
32.19315481185913, 0.47659575939178467, 2.99284029006958, -2.518519878387451, -235.0529022216797, 0.5818576216697693, -0.05000000074505806
32.20320105552673, 0.4957446753978729, 1.7665557861328125, 2.0344319343566895, -161.09185791015625, 0.5818576216697693, -0.05000000074505806
32.213154554367065, 0.5063830018043518, 1.5715968608856201, 0.8592079877853394, -146.42430114746094, 0.5795464515686035, -0.05000000074505806
32.223172187805176, 0.5297872424125671, 2.2848496437072754, -0.9187799692153931, -160.31210327148438, 0.5795464515686035, -0.05000000074505806
32.23315763473511, 0.5489361882209778, 1.7050155401229858, -2.722656488418579, -161.92491149902344, 0.5795464515686035, -0.05000000074505806
32.243165254592896, 0.5574468374252319, 1.0855189561843872, 2.6324515342712402, 1445.4959716796875, 0.5795464515686035, -0.05000000074505806
32.25315451622009, 0.5702127814292908, 1.6447842121124268, 1.3877557516098022, -161.48536682128906, 0.5768318772315979, -0.05000000074505806
32.26316022872925, 0.5957446694374084, 1.6226531267166138, -0.8447986245155334, -167.26695251464844, 0.5768318772315979, -0.05000000074505806
32.27316665649414, 0.6085106134414673, 1.8692047595977783, -2.13322114944458, -212.21568298339844, 0.5768318772315979, -0.05000000074505806
32.28319501876831, 0.6255319118499756, 1.7507293224334717, 2.164216995239258, -182.4014129638672, 0.5768318772315979, -0.05000000074505806
32.29315638542175, 0.6446808576583862, 1.153499722480774, 0.5105280876159668, -87.37570190429688, 0.5742592811584473, -0.05000000074505806
32.3031952381134, 0.6574468016624451, 1.2715342044830322, -0.8681812882423401, -139.6703338623047, 0.5742592811584473, -0.05000000074505806
32.31314992904663, 0.6787233948707581, 1.1501548290252686, 3.0379257202148438, 1511.072265625, 0.5742592811584473, -0.05000000074505806
32.32322072982788, 0.6893616914749146, 1.7904201745986938, 1.9895294904708862, -196.88888549804688, 0.5742592811584473, -0.05000000074505806
32.33317828178406, 0.7085106372833252, 1.3482476472854614, -0.1332966685295105, -151.1638946533203, 0.5719056725502014, -0.05000000074505806
32.34320688247681, 0.721276581287384, 1.8160462379455566, -1.5525299310684204, -202.39402770996094, 0.5719056725502014, -0.05000000074505806
32.35316252708435, 0.7382978796958923, 1.1444025039672852, 2.535266160964966, 1492.306396484375, 0.5719056725502014, -0.05000000074505806
32.36318922042847, 0.7489361763000488, 0.695452868938446, 1.0450984239578247, -120.63467407226562, 0.5719056725502014, -0.05000000074505806
32.37323784828186, 0.76382976770401, 1.8605985641479492, -0.8254794478416443, -217.7433624267578, 0.5699310898780823, -0.05000000074505806
32.383171796798706, 0.7808510661125183, 1.214817762374878, -3.0724568367004395, -211.94834899902344, 0.5699310898780823, -0.05000000074505806
32.393184185028076, 0.7872340679168701, 1.2553173303604126, 2.0487287044525146, -226.50343322753906, 0.5699310898780823, -0.05000000074505806
32.40321373939514, 0.8106383085250854, 1.667112112045288, -0.616083025932312, -199.14219665527344, 0.5699310898780823, -0.05000000074505806
32.41314435005188, 0.8255318999290466, 1.0046212673187256, -2.5739307403564453, -92.99899291992188, 0.5683032274246216, -0.05000000074505806
32.42315173149109, 0.8340425491333008, 1.2054641246795654, 2.1635665893554688, -220.29257202148438, 0.5683032274246216, -0.05000000074505806
32.433186054229736, 0.848936140537262, 2.201566696166992, 0.2046581208705902, -301.0187072753906, 0.5683032274246216, -0.05000000074505806
32.443164348602295, 0.8659574389457703, 1.1395800113677979, -2.2103114128112793, -215.14109802246094, 0.5683032274246216, -0.05000000074505806
32.45318818092346, 0.8723404407501221, 1.1558903455734253, 2.449662446975708, 1472.0272216796875, 0.5667762160301208, -0.05000000074505806
32.463191509246826, 0.8829787373542786, 1.558151125907898, 0.7784615755081177, -210.71810913085938, 0.5667762160301208, -0.05000000074505806
32.473193645477295, 0.8978723287582397, 1.215810775756836, -2.1630215644836426, -243.14346313476562, 0.5667762160301208, -0.05000000074505806
32.48319125175476, 0.9042553305625916, 0.5462144017219543, 2.0239696502685547, -220.75076293945312, 0.5667762160301208, -0.05000000074505806
32.493202447891235, 0.9085106253623962, 0.9430466890335083, 1.1800669431686401, -187.0223388671875, 0.5648599863052368, -0.05000000074505806
32.50318098068237, 0.9106382727622986, 0.0, -1.943887710571289, -196.60633850097656, 0.5648599863052368, -0.05000000074505806
32.51316714286804, 0.8999999761581421, -1.0761593580245972, 2.5892467498779297, 1415.7545166015625, 0.5648599863052368, -0.05000000074505806
32.52319931983948, 0.8872340321540833, -1.2722593545913696, 1.2211395502090454, -135.33981323242188, 0.5648599863052368, -0.05000000074505806
32.533161640167236, 0.8723404407501221, -1.045032024383545, -0.7207590341567993, -154.57366943359375, 0.5617561936378479, -0.05000000074505806
32.54319500923157, 0.8617021441459656, -1.7655073404312134, -2.0691089630126953, -186.67401123046875, 0.5617561936378479, -0.05000000074505806
32.55317711830139, 0.8425531983375549, -1.7846912145614624, 2.2776718139648438, -182.173583984375, 0.5617561936378479, -0.05000000074505806
32.56319308280945, 0.8297872543334961, -1.1239359378814697, 0.6416142582893372, -149.16749572753906, 0.5617561936378479, -0.05000000074505806
32.57318568229675, 0.8234042525291443, -0.5610493421554565, -0.6449053287506104, -170.2399444580078, 0.559908390045166, -0.05000000074505806
32.583160638809204, 0.8085106611251831, -1.2337965965270996, -2.5964181423187256, -185.5904541015625, 0.559908390045166, -0.05000000074505806
32.59315061569214, 0.7936170101165771, -1.166542649269104, 1.752285361289978, -176.806884765625, 0.559908390045166, -0.05000000074505806
32.603195905685425, 0.7893617153167725, -0.5856829285621643, 0.7694175839424133, -177.4058837890625, 0.559908390045166, -0.05000000074505806
32.6131591796875, 0.778723418712616, -0.9402645826339722, -1.1443644762039185, -146.87551879882812, 0.5581385493278503, -0.05000000074505806
32.623164653778076, 0.7723404169082642, -0.5458135008811951, -2.438004493713379, -164.28663635253906, 0.5581385493278503, -0.05000000074505806
32.63316345214844, 0.7595744729042053, -0.8716170191764832, 1.9179134368896484, -141.38877868652344, 0.5581385493278503, -0.05000000074505806
32.643166303634644, 0.7531914710998535, -1.1805862188339233, 0.6819533705711365, -178.7694854736328, 0.5581385493278503, -0.05000000074505806
32.65315341949463, 0.7446808218955994, -0.8716596364974976, -1.1072511672973633, -126.24171447753906, 0.5563762784004211, -0.05000000074505806
32.66315317153931, 0.7382978796958923, -0.6254153251647949, -2.2863805294036865, -169.92694091796875, 0.5563762784004211, -0.05000000074505806
32.67315101623535, 0.7234042286872864, -0.9126196503639221, 2.2788498401641846, -122.19144439697266, 0.5563762784004211, -0.05000000074505806
32.68320655822754, 0.714893639087677, -0.8105773329734802, 1.1725647449493408, -95.31468963623047, 0.5563762784004211, -0.05000000074505806
32.693180084228516, 0.7042553424835205, -1.111615777015686, -0.18019764125347137, -144.02117919921875, 0.5543368458747864, -0.05000000074505806
32.70316433906555, 0.6914893388748169, -0.9729137420654297, -1.787539005279541, -122.9544448852539, 0.5543368458747864, -0.05000000074505806
32.713200092315674, 0.6829787492752075, -1.004847526550293, -2.81823992729187, -123.65345001220703, 0.5543368458747864, -0.05000000074505806
32.723175048828125, 0.6659574508666992, -1.5041379928588867, 1.8933796882629395, -122.46026611328125, 0.5543368458747864, -0.05000000074505806
32.733219146728516, 0.6595744490623474, -0.5686644315719604, 0.9057704210281372, -128.5559539794922, 0.5525507926940918, -0.05000000074505806
32.74317121505737, 0.651063859462738, -1.181915283203125, -0.06951285153627396, -137.19564819335938, 0.5525507926940918, -0.05000000074505806
32.75317025184631, 0.6382978558540344, -1.3865834474563599, -1.7863268852233887, -154.9145965576172, 0.5525507926940918, -0.05000000074505806
32.763187408447266, 0.6276595592498779, -1.1074771881103516, -2.7449512481689453, -124.37688446044922, 0.5525507926940918, -0.05000000074505806
32.77319931983948, 0.6148936152458191, -1.1952921152114868, 2.1229753494262695, -134.1230926513672, 0.5506177544593811, -0.05000000074505806
32.783169746398926, 0.6063829660415649, -1.2103691101074219, 1.2523077726364136, -119.82726287841797, 0.5506177544593811, -0.05000000074505806
32.7931592464447, 0.5936170220375061, -0.9122464656829834, -0.059413135051727295, -93.41658782958984, 0.5506177544593811, -0.05000000074505806
32.80317258834839, 0.5872340202331543, -0.6036289930343628, -0.9397676587104797, -125.3637466430664, 0.5506177544593811, -0.05000000074505806
32.81317925453186, 0.5787234306335449, -1.5805970430374146, -1.7678884267807007, -157.24472045898438, 0.548457682132721, -0.05000000074505806
32.823158979415894, 0.563829779624939, -0.9556193351745605, 3.0657424926757812, 1319.0670166015625, 0.548457682132721, -0.05000000074505806
32.833157777786255, 0.5553191304206848, -1.1770049333572388, 2.2341501712799072, -113.6689224243164, 0.548457682132721, -0.05000000074505806
32.843185901641846, 0.5468084812164307, -0.5789199471473694, 1.2540724277496338, -100.9162826538086, 0.548457682132721, -0.05000000074505806
32.85317516326904, 0.5382978916168213, -1.0955804586410522, 0.4681837558746338, -103.42243194580078, 0.5463098287582397, -0.05000000074505806
32.86320424079895, 0.5297872424125671, -0.5897859334945679, -0.6735102534294128, -101.96209716796875, 0.5463098287582397, -0.05000000074505806
32.873159885406494, 0.5191489458084106, -1.0891622304916382, -1.7773464918136597, -93.15702056884766, 0.5463098287582397, -0.05000000074505806
32.88314509391785, 0.5106382966041565, -0.6158340573310852, -2.633143663406372, -46.79762268066406, 0.5463098287582397, -0.05000000074505806
32.89316654205322, 0.5021276473999023, -1.166313886642456, 2.9452273845672607, 1626.083740234375, 0.5440757274627686, -0.05000000074505806
32.903157472610474, 0.4893617033958435, -1.1584410667419434, 1.9933226108551025, -84.86998748779297, 0.5440757274627686, -0.05000000074505806
32.91318869590759, 0.4829787313938141, -1.1905083656311035, 1.3549199104309082, -92.56102752685547, 0.5440757274627686, -0.05000000074505806
32.92317748069763, 0.47446808218955994, -0.6132947206497192, 0.4157441258430481, -86.9753646850586, 0.5440757274627686, -0.05000000074505806
32.933162450790405, 0.47021275758743286, -0.42054906487464905, -0.07998580485582352, -68.9651870727539, 0.5419168472290039, -0.05000000074505806
32.94316577911377, 0.4617021381855011, -0.5147699117660522, -1.0791860818862915, -72.9108657836914, 0.5419168472290039, -0.05000000074505806
32.953176736831665, 0.4553191363811493, -0.6036698222160339, -1.640890121459961, -81.32046508789062, 0.5419168472290039, -0.05000000074505806
32.9631781578064, 0.4489361643791199, -0.5593262910842896, -2.331423044204712, -77.2345199584961, 0.5419168472290039, -0.05000000074505806
32.973154067993164, 0.4382978677749634, -0.575448215007782, -3.096574306488037, -67.40479278564453, 0.5399870872497559, -0.05000000074505806
32.98318576812744, 0.43191489577293396, -1.2026212215423584, 2.677520513534546, -69.80510711669922, 0.5399870872497559, -0.05000000074505806
32.993154764175415, 0.4234042465686798, -0.4503912031650543, 1.958462119102478, -52.833988189697266, 0.5399870872497559, -0.05000000074505806
33.00315809249878, 0.41914892196655273, -0.5784696340560913, 1.504132866859436, -66.79534149169922, 0.5399870872497559, -0.05000000074505806
33.01316213607788, 0.4127659499645233, -0.4313427805900574, 0.9395190477371216, -42.58869552612305, 0.5383027195930481, -0.05000000074505806
33.023170948028564, 0.40851062536239624, -0.45082348585128784, 0.5230979323387146, -20.90818977355957, 0.5383027195930481, -0.05000000074505806
33.033159255981445, 0.40425533056259155, -1.1209007501602173, 0.01639459654688835, -104.49671936035156, 0.5383027195930481, -0.05000000074505806
33.04315662384033, 0.39787232875823975, -0.6029356718063354, -0.6493082642555237, -53.19810104370117, 0.5383027195930481, -0.05000000074505806
33.05319261550903, 0.39361703395843506, -0.6132947206497192, -0.9176393151283264, -25.179243087768555, 0.5365176796913147, -0.05000000074505806
33.06317329406738, 0.389361709356308, -1.1515647172927856, -1.3585283756256104, -76.84576416015625, 0.5365176796913147, -0.05000000074505806
33.07319521903992, 0.3851063847541809, 0.0, -1.8514716625213623, -41.65839385986328, 0.5365176796913147, -0.05000000074505806
33.083184003829956, 0.3787234127521515, -0.5746330618858337, -2.297361373901367, -37.6904296875, 0.5365176796913147, -0.05000000074505806
33.09318566322327, 0.3744680881500244, -0.5603448152542114, -2.576366662979126, -35.50364685058594, 0.5346762537956238, -0.05000000074505806
33.10315799713135, 0.3723404109477997, -0.6210627555847168, -2.860257863998413, -34.33510208129883, 0.5346762537956238, -0.05000000074505806
33.11317420005798, 0.368085116147995, 0.0, 3.055783748626709, 1775.308837890625, 0.5346762537956238, -0.05000000074505806
33.12316393852234, 0.3638297915458679, -0.523466169834137, 2.7975916862487793, -38.658348083496094, 0.5346762537956238, -0.05000000074505806
33.1331672668457, 0.3617021143436432, -0.5983673930168152, 2.5536248683929443, -24.245784759521484, 0.5326629281044006, -0.05000000074505806
33.1431610584259, 0.35957446694374084, 0.0, 2.2782628536224365, -21.638938903808594, 0.5326629281044006, -0.05000000074505806
33.15318036079407, 0.3574468195438385, 0.0, 2.1111724376678467, -18.39145278930664, 0.5326629281044006, -0.05000000074505806
33.16315054893494, 0.35531914234161377, -0.49089890718460083, 1.8947770595550537, -15.260065078735352, 0.5326629281044006, -0.05000000074505806
33.173181772232056, 0.35531914234161377, 0.0, 1.7703553438186646, -18.240936279296875, 0.5304539203643799, -0.05000000074505806
33.18315362930298, 0.3531914949417114, -0.49827197194099426, 1.6322600841522217, -37.07188034057617, 0.5304539203643799, -0.05000000074505806
33.1931631565094, 0.3531914949417114, 0.0, 1.4886096715927124, -7.237829208374023, 0.5304539203643799, -0.05000000074505806
33.20314645767212, 0.3531914949417114, 0.0, 1.4237215518951416, -10.12649917602539, 0.5304539203643799, -0.05000000074505806
33.21317219734192, 0.3531914949417114, 0.0, 1.3854451179504395, -4.399174213409424, 0.5282200574874878, -0.05000000074505806
33.22316265106201, 0.3531914949417114, 0.0, 1.3483071327209473, -1.869964599609375, 0.5282200574874878, -0.05000000074505806
33.23321509361267, 0.3531914949417114, 0.0, 1.3387303352355957, 0.16307514905929565, 0.5282200574874878, -0.05000000074505806
33.243157386779785, 0.3531914949417114, 0.0, 1.3469947576522827, 1.4032191038131714, 0.5282200574874878, -0.05000000074505806
33.253159046173096, 0.35531914234161377, 0.0, 1.4018384218215942, 5.598082542419434, 0.5261810421943665, -0.05000000074505806
33.26321053504944, 0.3574468195438385, 0.5209603905677795, 1.442536473274231, 3.304610252380371, 0.5261810421943665, -0.05000000074505806
33.27316379547119, 0.3574468195438385, 0.0, 1.540431022644043, 8.08788776397705, 0.5261810421943665, -0.05000000074505806
33.283207416534424, 0.35957446694374084, 0.0, 1.670201301574707, 5.265445232391357, 0.5261810421943665, -0.05000000074505806
33.2931604385376, 0.3638297915458679, 0.5011541247367859, 1.7971769571304321, 3.7676732540130615, 0.5241215825080872, -0.05000000074505806
33.30316925048828, 0.36595743894577026, 0.5836145877838135, 1.9212586879730225, 5.083284854888916, 0.5241215825080872, -0.05000000074505806
33.31315612792969, 0.37021276354789734, 0.5388919711112976, 2.1609020233154297, 15.849884986877441, 0.5241215825080872, -0.05000000074505806
33.323206186294556, 0.3723404109477997, 0.613632082939148, 2.260594367980957, 15.187092781066895, 0.5241215825080872, -0.05000000074505806
33.33322358131409, 0.3744680881500244, 0.0, 2.4607362747192383, 24.224342346191406, 0.5222876071929932, -0.05000000074505806
33.34321045875549, 0.38085106015205383, 0.6157065629959106, 2.820831298828125, 31.891942977905273, 0.5222876071929932, -0.05000000074505806
33.3531551361084, 0.3851063847541809, 0.0, 3.121365547180176, 19.22338104248047, 0.5222876071929932, -0.05000000074505806
33.36316990852356, 0.389361709356308, 0.6170262694358826, -2.9064083099365234, 39.0057487487793, 0.5222876071929932, -0.05000000074505806
33.37316036224365, 0.3957446813583374, 0.4944620430469513, -2.4757938385009766, 33.84625244140625, 0.5202594995498657, -0.05000000074505806
33.383171796798706, 0.39787232875823975, 0.0, -2.1792171001434326, 43.80840301513672, 0.5202594995498657, -0.05000000074505806
33.39322090148926, 0.4021276533603668, 0.5439172983169556, -1.8884556293487549, 37.07542419433594, 0.5202594995498657, -0.05000000074505806
33.403188705444336, 0.40851062536239624, 0.6358879208564758, -1.3799368143081665, 50.31598663330078, 0.5202594995498657, -0.05000000074505806
33.413156032562256, 0.4127659499645233, 0.5827381014823914, -1.0496906042099, 53.16570281982422, 0.5184821486473083, -0.05000000074505806
33.42315936088562, 0.41914892196655273, 0.6130840182304382, -0.5724454522132874, 51.60470962524414, 0.5184821486473083, -0.05000000074505806
33.4331636428833, 0.4234042465686798, 0.5303096771240234, -0.07911396771669388, 39.74309539794922, 0.5184821486473083, -0.05000000074505806
33.4431734085083, 0.4297872483730316, 1.1723661422729492, 0.3335457146167755, 58.34968948364258, 0.5184821486473083, -0.05000000074505806
33.45317101478577, 0.43617022037506104, 0.5722012519836426, 0.9912452101707458, 59.582698822021484, 0.5162692666053772, -0.05000000074505806
33.46316909790039, 0.4446808397769928, 0.9918367266654968, 1.6005789041519165, 66.86912536621094, 0.5162692666053772, -0.05000000074505806
33.47316527366638, 0.45319148898124695, 1.1739083528518677, 2.021939992904663, 55.833091735839844, 0.5162692666053772, -0.05000000074505806
33.483179807662964, 0.45957446098327637, 0.5099748969078064, 2.578036308288574, 56.54560470581055, 0.5162692666053772, -0.05000000074505806
33.493207931518555, 0.4659574329853058, 0.512140691280365, 3.0518436431884766, 56.669010162353516, 0.5140900015830994, -0.05000000074505806
33.503183126449585, 0.47446808218955994, 0.6106090545654297, -2.40999174118042, 71.29695129394531, 0.5140900015830994, -0.05000000074505806
33.51317572593689, 0.4829787313938141, 0.5729727745056152, -1.6275207996368408, 63.52156448364258, 0.5140900015830994, -0.05000000074505806
33.52318286895752, 0.4893617033958435, 1.0161752700805664, -1.2365440130233765, 61.8770866394043, 0.5140900015830994, -0.05000000074505806
33.5331552028656, 0.49787235260009766, 0.5372051000595093, -0.4097394049167633, 77.34617614746094, 0.5121528506278992, -0.05000000074505806
33.54316425323486, 0.5063830018043518, 1.2102869749069214, 0.23916321992874146, 98.65345764160156, 0.5121528506278992, -0.05000000074505806
33.553168058395386, 0.5148935914039612, 0.46296176314353943, 1.1889880895614624, 67.17051696777344, 0.5121528506278992, -0.05000000074505806
33.563161849975586, 0.521276593208313, 0.5924484729766846, 1.750356674194336, 81.80171966552734, 0.5121528506278992, -0.05000000074505806
33.57321071624756, 0.5319148898124695, 1.1201269626617432, 2.6463623046875, 86.40455627441406, 0.5101736187934875, -0.05000000074505806
33.58318090438843, 0.5404255390167236, 1.1677638292312622, -2.9270119667053223, -1628.5750732421875, 0.5101736187934875, -0.05000000074505806
33.593177318573, 0.5531914830207825, 1.8281995058059692, -1.8793339729309082, 90.2822265625, 0.5101736187934875, -0.05000000074505806
33.60316300392151, 0.563829779624939, 0.9574134945869446, -1.0792200565338135, 72.20719146728516, 0.5101736187934875, -0.05000000074505806
33.61316442489624, 0.5702127814292908, 0.5632092952728271, -0.38064390420913696, 95.39994812011719, 0.5083514451980591, -0.05000000074505806
33.6231472492218, 0.5829787254333496, 0.6138008832931519, 0.9821733236312866, 108.97750091552734, 0.5083514451980591, -0.05000000074505806
33.63315725326538, 0.5893617272377014, 0.6195966601371765, 1.5166977643966675, 53.83463668823242, 0.5083514451980591, -0.05000000074505806
33.64323163032532, 0.6000000238418579, 1.1048035621643066, 2.615360736846924, 103.49333953857422, 0.5083514451980591, -0.05000000074505806
33.653194427490234, 0.6085106134414673, 1.1517876386642456, -2.7824480533599854, -1577.861083984375, 0.5065727233886719, -0.05000000074505806
33.66315793991089, 0.6212766170501709, 0.5284568667411804, -1.5625035762786865, 91.50897979736328, 0.5065727233886719, -0.05000000074505806
33.67319202423096, 0.6297872066497803, 1.2341378927230835, -0.784996509552002, 117.20719146728516, 0.5065727233886719, -0.05000000074505806
33.68316411972046, 0.6404255032539368, 0.975839376449585, 0.5360428690910339, 100.20738220214844, 0.5065727233886719, -0.05000000074505806
33.693180322647095, 0.6489361524581909, 1.2288695573806763, 1.3653334379196167, 114.973876953125, 0.5045795440673828, -0.05000000074505806
33.70317792892456, 0.6638298034667969, 1.831952452659607, 2.608762264251709, 130.17892456054688, 0.5045795440673828, -0.05000000074505806
33.71317648887634, 0.6744681000709534, 1.6755634546279907, -2.7014896869659424, -1522.36279296875, 0.5045795440673828, -0.05000000074505806
33.7231879234314, 0.6872340440750122, 1.0918941497802734, -1.399611234664917, 107.12043762207031, 0.5045795440673828, -0.05000000074505806
33.7331805229187, 0.699999988079071, 1.1878936290740967, -0.05353637412190437, 122.54241180419922, 0.5025863647460938, -0.05000000074505806
33.74317479133606, 0.7085106372833252, 1.618239402770996, 1.0057036876678467, 189.3566436767578, 0.5025863647460938, -0.05000000074505806
33.753159284591675, 0.7170212864875793, 1.1753771305084229, 1.9003890752792358, 122.30705261230469, 0.5025863647460938, -0.05000000074505806
33.763161420822144, 0.7319148778915405, 1.6116153001785278, -2.846564292907715, -1451.145751953125, 0.5025863647460938, -0.05000000074505806
33.773184299468994, 0.7404255270957947, 0.8851469159126282, -1.8552695512771606, 98.67615509033203, 0.5001932978630066, -0.05000000074505806
33.78318691253662, 0.7531914710998535, 1.170060396194458, -0.35949358344078064, 147.2607879638672, 0.5001932978630066, -0.05000000074505806
33.7931649684906, 0.76382976770401, 0.5792205333709717, 1.0041860342025757, 71.30652618408203, 0.5001932978630066, -0.05000000074505806
33.80319833755493, 0.7723404169082642, 1.011395812034607, 1.9889883995056152, 118.18753814697266, 0.5001932978630066, -0.05000000074505806
33.813180923461914, 0.785106360912323, 1.1228046417236328, -2.631153106689453, -1507.3626708984375, 0.4979288578033447, -0.05000000074505806
33.82316017150879, 0.800000011920929, 1.1325656175613403, -1.036532998085022, 134.83580017089844, 0.4979288578033447, -0.05000000074505806
33.833197355270386, 0.806382954120636, 0.8592798709869385, -0.1763346940279007, 117.11502838134766, 0.4979288578033447, -0.05000000074505806
33.843154430389404, 0.8170212507247925, 0.5748921632766724, 1.5199968814849854, 74.03264617919922, 0.4979288578033447, -0.05000000074505806
33.853206157684326, 0.8255318999290466, 1.166923999786377, 2.628579616546631, 159.3665771484375, 0.4959445297718048, -0.05000000074505806
33.86319375038147, 0.8361701965332031, 0.9419517517089844, -2.4526405334472656, 128.88560485839844, 0.4959445297718048, -0.05000000074505806
33.87322998046875, 0.8531914949417114, 1.2056269645690918, -0.46793732047080994, 165.81785583496094, 0.4959445297718048, -0.05000000074505806
33.883179903030396, 0.8617021441459656, 0.5283004641532898, 1.0136289596557617, 71.04611206054688, 0.4959445297718048, -0.05000000074505806
33.893195152282715, 0.8702127933502197, 1.2118483781814575, 2.1682004928588867, 169.936279296875, 0.49405166506767273, -0.05000000074505806
33.90317749977112, 0.8893616795539856, 2.2882182598114014, -1.927755355834961, 247.73475646972656, 0.49405166506767273, -0.05000000074505806
33.913201332092285, 0.8936170339584351, 0.5705550312995911, -1.03761625289917, 155.0337371826172, 0.49405166506767273, -0.05000000074505806
33.92322111129761, 0.8999999761581421, 0.5998958945274353, 0.22060956060886383, 182.2822265625, 0.49405166506767273, -0.05000000074505806
33.9331910610199, 0.914893627166748, 0.9494681358337402, 2.4489173889160156, 143.6785888671875, 0.4919496476650238, -0.05000000074505806
33.94315147399902, 0.9234042763710022, 0.5328428149223328, -2.205277919769287, 83.41194915771484, 0.4919496476650238, -0.05000000074505806
33.95317530632019, 0.9319148659706116, 1.1754546165466309, -0.9485698342323303, 171.38104248046875, 0.4919496476650238, -0.05000000074505806
33.96318960189819, 0.9425531625747681, 1.153499722480774, 1.3921329975128174, 177.29812622070312, 0.4919496476650238, -0.05000000074505806
33.97319197654724, 0.9468085169792175, 0.5692448019981384, 2.3597166538238525, 168.54541015625, 0.4901511073112488, -0.05000000074505806
33.98318958282471, 0.9595744609832764, 1.1146007776260376, -1.8778654336929321, 178.54644775390625, 0.4901511073112488, -0.05000000074505806
33.99320387840271, 0.9659574627876282, 1.1352310180664062, -0.5452665686607361, 175.6927490234375, 0.4901511073112488, -0.05000000074505806
34.00315976142883, 0.9723404049873352, 0.5337350964546204, 1.3936800956726074, 141.33445739746094, 0.4901511073112488, -0.05000000074505806
34.01316452026367, 0.9744681119918823, 0.0, 2.782104253768921, 168.74728393554688, 0.4881773889064789, -0.05000000074505806
34.02315974235535, 0.9723404049873352, -0.6007034778594971, -1.654655933380127, 170.57334899902344, 0.4881773889064789, -0.05000000074505806
34.033193588256836, 0.9638298153877258, -1.2581490278244019, -0.5578117370605469, 164.38731384277344, 0.4881773889064789, -0.05000000074505806
34.04316067695618, 0.9489361643791199, -1.1646395921707153, 1.000465989112854, 171.01014709472656, 0.4881773889064789, -0.05000000074505806
34.05319142341614, 0.9382978677749634, -1.0732473134994507, 2.0206387042999268, 129.38414001464844, 0.4853668808937073, -0.05000000074505806
34.06317377090454, 0.9276595711708069, -0.4694151282310486, -2.6790153980255127, -1264.41259765625, 0.4853668808937073, -0.05000000074505806
34.07315945625305, 0.9191489219665527, -1.2287850379943848, -1.649558186531067, 142.0460205078125, 0.4853668808937073, -0.05000000074505806
34.08316397666931, 0.9063829779624939, -1.514005184173584, -0.13006648421287537, 181.36204528808594, 0.4853668808937073, -0.05000000074505806
34.093156576156616, 0.8978723287582397, -1.1819934844970703, 0.9180940985679626, 145.12661743164062, 0.48380813002586365, -0.05000000074505806
34.10316324234009, 0.8872340321540833, -0.9848315715789795, 2.4234867095947266, 113.94462585449219, 0.48380813002586365, -0.05000000074505806
34.11319851875305, 0.8829787373542786, -0.474355548620224, -2.796990394592285, -1280.89404296875, 0.48380813002586365, -0.05000000074505806
34.12319827079773, 0.8744680881500244, -0.5866454839706421, -1.2903167009353638, 134.69940185546875, 0.48380813002586365, -0.05000000074505806
34.13314390182495, 0.8680850863456726, 0.0, -0.010970352217555046, 73.0655288696289, 0.4821597933769226, -0.05000000074505806
34.143195152282715, 0.8638297915458679, -0.5198981165885925, 1.0351932048797607, 125.90699005126953, 0.4821597933769226, -0.05000000074505806
34.15315222740173, 0.8595744967460632, -0.5394783616065979, 2.0042829513549805, 121.33092498779297, 0.4821597933769226, -0.05000000074505806
34.16317844390869, 0.8531914949417114, 0.0, -2.77282452583313, 71.82437133789062, 0.4821597933769226, -0.05000000074505806
34.17316198348999, 0.8510638475418091, 0.0, -1.8051774501800537, 126.97891998291016, 0.48055294156074524, -0.05000000074505806
34.183164834976196, 0.8425531983375549, -0.4539191722869873, -0.17729651927947998, 104.26095581054688, 0.48055294156074524, -0.05000000074505806
34.19317030906677, 0.8361701965332031, -1.242384910583496, 0.630084216594696, 97.25653839111328, 0.48055294156074524, -0.05000000074505806
34.203269720077515, 0.827659547328949, -0.4846603572368622, 1.998435378074646, 94.84585571289062, 0.48055294156074524, -0.05000000074505806
34.21319651603699, 0.8212766051292419, -0.5825098752975464, 2.8443949222564697, 119.86674499511719, 0.47847509384155273, -0.05000000074505806
34.22317981719971, 0.8127659559249878, -1.264656901359558, -2.1525354385375977, 120.03020477294922, 0.47847509384155273, -0.05000000074505806
34.233200788497925, 0.806382954120636, -0.5600985884666443, -1.2022203207015991, 95.08480072021484, 0.47847509384155273, -0.05000000074505806
34.243165254592896, 0.800000011920929, -0.6064594388008118, -0.41737955808639526, 109.76841735839844, 0.47847509384155273, -0.05000000074505806
34.25315475463867, 0.7893617153167725, -1.0609976053237915, 0.7040174603462219, 95.43977355957031, 0.4763020873069763, -0.05000000074505806
34.2631733417511, 0.7829787135124207, -1.134365200996399, 1.4949456453323364, 107.00993347167969, 0.4763020873069763, -0.05000000074505806
34.27319145202637, 0.7765957713127136, -1.1431565284729004, 2.5944995880126953, 146.18832397460938, 0.4763020873069763, -0.05000000074505806
34.28316569328308, 0.7702127695083618, -0.5958503484725952, -2.7324750423431396, 109.47125244140625, 0.4763020873069763, -0.05000000074505806
34.29316020011902, 0.7659574747085571, -0.5779451727867126, -2.0143964290618896, 95.77337646484375, 0.47452184557914734, -0.05000000074505806
34.303163290023804, 0.757446825504303, -0.8864657878875732, -1.059912919998169, 102.67326354980469, 0.47452184557914734, -0.05000000074505806
34.313185930252075, 0.7510638236999512, -1.187340497970581, -0.41961151361465454, 83.94686889648438, 0.47452184557914734, -0.05000000074505806
34.32317066192627, 0.742553174495697, -0.5740785598754883, 0.6211082339286804, 89.98030090332031, 0.47452184557914734, -0.05000000074505806
34.33319568634033, 0.73617023229599, -1.0101937055587769, 1.1828960180282593, 55.65655517578125, 0.47256073355674744, -0.05000000074505806
34.34315824508667, 0.7319148778915405, -0.577346920967102, 1.821225881576538, 73.4468002319336, 0.47256073355674744, -0.05000000074505806
34.35317897796631, 0.7255319356918335, -0.5717979669570923, 2.6901297569274902, 76.66506958007812, 0.47256073355674744, -0.05000000074505806
34.363165616989136, 0.7191489338874817, -0.4919271767139435, -2.666548252105713, 70.47574615478516, 0.47256073355674744, -0.05000000074505806
34.373156785964966, 0.714893639087677, -0.6388468146324158, -2.11362361907959, 80.36463928222656, 0.4705048203468323, -0.05000000074505806
34.38316988945007, 0.7085106372833252, -0.5464820265769958, -1.5175784826278687, 25.686107635498047, 0.4705048203468323, -0.05000000074505806
34.39315485954285, 0.7021276354789734, -0.5576486587524414, -0.7809494733810425, 60.588600158691406, 0.4705048203468323, -0.05000000074505806
34.403202056884766, 0.6978723406791687, -0.5792957544326782, -0.27761584520339966, 70.28009033203125, 0.4705048203468323, -0.05000000074505806
34.41314721107483, 0.6914893388748169, -0.5704091191291809, 0.5080490112304688, 69.34342956542969, 0.46835336089134216, -0.05000000074505806
34.42315363883972, 0.6872340440750122, -0.3426791727542877, 0.990301251411438, 37.468318939208984, 0.46835336089134216, -0.05000000074505806
34.43316841125488, 0.6829787492752075, -0.5990904569625854, 1.5155810117721558, 55.22918701171875, 0.46835336089134216, -0.05000000074505806
34.44318652153015, 0.6787233948707581, 0.0, 2.0005383491516113, 48.77525329589844, 0.46835336089134216, -0.05000000074505806
34.45316672325134, 0.6744681000709534, -0.5558424592018127, 2.4088985919952393, 54.79801559448242, 0.4659966230392456, -0.05000000074505806
34.46318006515503, 0.6702127456665039, -0.6081539392471313, 3.0091395378112793, 58.73393249511719, 0.4659966230392456, -0.05000000074505806
34.473159313201904, 0.6659574508666992, -0.5185085535049438, -2.6397716999053955, 53.171600341796875, 0.4659966230392456, -0.05000000074505806
34.48323130607605, 0.6638298034667969, -0.5119937658309937, -2.290637969970703, 38.48387145996094, 0.4659966230392456, -0.05000000074505806
34.49318599700928, 0.6617021560668945, 0.0, -1.9327709674835205, 44.63800048828125, 0.46389085054397583, -0.05000000074505806
34.50320887565613, 0.6574468016624451, -0.5873404741287231, -1.5249707698822021, 33.472686767578125, 0.46389085054397583, -0.05000000074505806
34.513219594955444, 0.6531915068626404, -0.5650637149810791, -1.1031954288482666, 35.93222427368164, 0.46389085054397583, -0.05000000074505806
34.523170709609985, 0.651063859462738, -0.611781120300293, -0.85899817943573, 35.73489761352539, 0.46389085054397583, -0.05000000074505806
34.53315567970276, 0.6489361524581909, 0.0, -0.47619473934173584, 31.488201141357422, 0.4619130790233612, -0.05000000074505806
34.543208360672, 0.6468085050582886, 0.0, -0.2824665606021881, 19.43808937072754, 0.4619130790233612, -0.05000000074505806
34.553168296813965, 0.6446808576583862, 0.0, 0.15876531600952148, 34.667850494384766, 0.4619130790233612, -0.05000000074505806
34.563170194625854, 0.6425532102584839, 0.0, 0.3791687488555908, 28.067792892456055, 0.4619130790233612, -0.05000000074505806
34.57315444946289, 0.6404255032539368, 0.0, 0.6274763941764832, 25.53676986694336, 0.45992225408554077, -0.05000000074505806
34.58318018913269, 0.6382978558540344, 0.0, 0.8496949672698975, 35.16575622558594, 0.45992225408554077, -0.05000000074505806
34.593180656433105, 0.6361702084541321, 0.0, 1.0113486051559448, 6.649939060211182, 0.45992225408554077, -0.05000000074505806
34.60315942764282, 0.6340425610542297, 0.0, 1.1866376399993896, 14.598774909973145, 0.45992225408554077, -0.05000000074505806
34.613194704055786, 0.6340425610542297, 0.0, 1.2883015871047974, 9.70958137512207, 0.4579492211341858, -0.05000000074505806
34.62317967414856, 0.6319149136543274, 0.0, 1.3939878940582275, 10.038686752319336, 0.4579492211341858, -0.05000000074505806
34.633150577545166, 0.6319149136543274, 0.0, 1.4537733793258667, 5.6220479011535645, 0.4579492211341858, -0.05000000074505806
34.643179178237915, 0.6319149136543274, 0.0, 1.496019959449768, 7.879499912261963, 0.4579492211341858, -0.05000000074505806
34.65315389633179, 0.6319149136543274, 0.0, 1.516532063484192, 3.398282527923584, 0.4562499523162842, -0.05000000074505806
34.66318607330322, 0.6319149136543274, 0.0, 1.5307645797729492, 3.8237411975860596, 0.4562499523162842, -0.05000000074505806
34.673181772232056, 0.6319149136543274, 0.0, 1.5035886764526367, -1.3492341041564941, 0.4562499523162842, -0.05000000074505806
34.68319606781006, 0.6340425610542297, 0.0, 1.4780895709991455, -2.9876179695129395, 0.4562499523162842, -0.05000000074505806
34.6931734085083, 0.6340425610542297, 0.0, 1.4230457544326782, -7.510737419128418, 0.4543457329273224, -0.05000000074505806
34.70319199562073, 0.6361702084541321, 0.45322757959365845, 1.3877179622650146, -6.315662860870361, 0.4543457329273224, -0.05000000074505806
34.7131552696228, 0.6361702084541321, 0.0, 1.291871428489685, -8.138846397399902, 0.4543457329273224, -0.05000000074505806
34.72317576408386, 0.6382978558540344, 0.5950954556465149, 1.2133872509002686, -10.660809516906738, 0.4543457329273224, -0.05000000074505806
34.7332227230072, 0.6382978558540344, 0.0, 1.1379302740097046, -18.537261962890625, 0.45239123702049255, -0.05000000074505806
34.74319934844971, 0.6404255032539368, 0.0, 0.9711510539054871, -20.62169075012207, 0.45239123702049255, -0.05000000074505806
34.75318217277527, 0.6359459161758423, 0.5413800477981567, 0.5739961862564087, -13.680192947387695, 0.45239123702049255, -0.05000000074505806
34.76314949989319, 0.6359459161758423, -1.8171236515045166, 0.3499867916107178, -17.649934768676758, 0.45239123702049255, -0.05000000074505806
34.773194789886475, 0.6386486291885376, 0.0, 0.0978522077202797, -30.523351669311523, 0.4502256512641907, -0.05000000074505806
34.78316903114319, 0.6440540552139282, 0.4636193513870239, -0.23368506133556366, -27.28306007385254, 0.4502256512641907, -0.05000000074505806
34.79320311546326, 0.6553191542625427, 2.753291368484497, -1.156807780265808, -197.40724182128906, 0.4502256512641907, -0.05000000074505806
34.80316996574402, 0.6595744490623474, 0.0, -1.4191737174987793, -16.618558883666992, 0.4502256512641907, -0.05000000074505806
34.81316518783569, 0.6659574508666992, 1.2045692205429077, -1.4875866174697876, 5.386524677276611, 0.44797465205192566, -0.05000000074505806
34.82317352294922, 0.6702127456665039, 0.5783571600914001, -1.695846676826477, -13.85112190246582, 0.44797465205192566, -0.05000000074505806
34.833192586898804, 0.6744681000709534, 0.5741893649101257, -1.8008815050125122, -17.39011001586914, 0.44797465205192566, -0.05000000074505806
34.843162059783936, 0.6787233948707581, 0.5192628502845764, -2.093388080596924, -28.302078247070312, 0.44797465205192566, -0.05000000074505806
34.853169441223145, 0.6737837791442871, 0.0, -2.4942269325256348, -30.839508056640625, 0.44603919982910156, -0.05000000074505806
34.86317706108093, 0.6791892051696777, 0.5167034268379211, -3.007014751434326, -48.62662887573242, 0.44603919982910156, -0.05000000074505806
34.87320637702942, 0.6845945715904236, 0.5477895140647888, 2.725201368331909, -71.84149932861328, 0.44603919982910156, -0.05000000074505806
34.88320851325989, 0.6872972846031189, 0.0, 2.249380350112915, -57.1945915222168, 0.44603919982910156, -0.05000000074505806
34.893152713775635, 0.6899999976158142, 0.4043790102005005, 2.0580193996429443, -28.631473541259766, 0.44425293803215027, -0.05000000074505806
34.903157472610474, 0.6954054236412048, 0.463202565908432, 1.440360188484192, -54.43743896484375, 0.44425293803215027, -0.05000000074505806
34.913187980651855, 0.6981081366539001, 0.0, 0.9199556112289429, -42.0297966003418, 0.44425293803215027, -0.05000000074505806
34.923192739486694, 0.7062162160873413, 0.3958500027656555, 0.3650738000869751, -31.727985382080078, 0.44425293803215027, -0.05000000074505806
34.93318581581116, 0.7234042286872864, 3.2624733448028564, -1.013442039489746, -253.26658630371094, 0.44226908683776855, -0.05000000074505806
34.9432110786438, 0.7251351475715637, -0.0760679617524147, -1.1423991918563843, -2.931307077407837, 0.44226908683776855, -0.05000000074505806
34.953158140182495, 0.7305405139923096, 0.4671154022216797, -1.563019871711731, -72.01981353759766, 0.44226908683776855, -0.05000000074505806
34.9631290435791, 0.7386486530303955, 0.5350935459136963, -2.251490831375122, -74.8627700805664, 0.44226908683776855, -0.05000000074505806
34.973180532455444, 0.7413513660430908, 0.5226110816001892, -2.507164716720581, -49.43862533569336, 0.44034138321876526, -0.05000000074505806
34.98317551612854, 0.7467567324638367, 0.4816228449344635, 2.960571527481079, 1027.3052978515625, 0.44034138321876526, -0.05000000074505806
34.99316620826721, 0.7521621584892273, 0.4656188488006592, 2.1389002799987793, -71.10102844238281, 0.44034138321876526, -0.05000000074505806
35.003161668777466, 0.7629729509353638, 1.1289669275283813, 1.2994136810302734, -87.62646484375, 0.44034138321876526, -0.05000000074505806
35.01315474510193, 0.773783802986145, 1.450167179107666, 0.5533452033996582, -96.05929565429688, 0.43849268555641174, -0.05000000074505806
35.02316427230835, 0.7791891694068909, 0.9459242820739746, 0.10016586631536484, -79.3045654296875, 0.43849268555641174, -0.05000000074505806
35.0332236289978, 0.7845945954322815, 0.5402963161468506, -0.7025091648101807, -97.93304443359375, 0.43849268555641174, -0.05000000074505806
35.043203353881836, 0.7927026748657227, 1.129416823387146, -1.4911916255950928, -100.74689483642578, 0.43849268555641174, -0.05000000074505806
35.05321764945984, 0.7981081008911133, 1.085923671722412, -2.273038625717163, -91.78375244140625, 0.43645840883255005, -0.05000000074505806
35.06320023536682, 0.8062162399291992, 1.007506251335144, 2.9600110054016113, 1073.904052734375, 0.43645840883255005, -0.05000000074505806
35.073174238204956, 0.8143243193626404, 0.9448599219322205, 2.0890233516693115, -21.37371253967285, 0.43645840883255005, -0.05000000074505806
35.08316206932068, 0.819729745388031, 0.995036780834198, 1.5715484619140625, -95.25772094726562, 0.43645840883255005, -0.05000000074505806
35.093154430389404, 0.8278378248214722, 0.5354979634284973, 0.5244609713554382, -103.0499496459961, 0.43420934677124023, -0.05000000074505806
35.10315775871277, 0.8359459638595581, 0.5091837048530579, -0.39448976516723633, -71.49794006347656, 0.43420934677124023, -0.05000000074505806
35.113187074661255, 0.8467567563056946, 0.9506840705871582, -1.4992749691009521, -96.70162963867188, 0.43420934677124023, -0.05000000074505806
35.12316417694092, 0.857567548751831, 1.0837953090667725, -2.4858291149139404, -80.73553466796875, 0.43420934677124023, -0.05000000074505806
35.13317155838013, 0.865675687789917, 1.0194664001464844, 2.4794607162475586, 1018.3328857421875, 0.4320196807384491, -0.05000000074505806
35.143208742141724, 0.8683784008026123, 0.45560696721076965, 2.017242431640625, -77.91822814941406, 0.4320196807384491, -0.05000000074505806
35.15315365791321, 0.8737837672233582, 0.5267882943153381, 1.002450942993164, -77.26632690429688, 0.4320196807384491, -0.05000000074505806
35.16318225860596, 0.8818919062614441, 0.542961835861206, 0.042012039572000504, -67.32939147949219, 0.4320196807384491, -0.05000000074505806
35.17316961288452, 0.8954054117202759, 0.7529195547103882, -1.305399775505066, -87.53229522705078, 0.4298207759857178, -0.05000000074505806
35.18316459655762, 0.9062162041664124, 1.0309633016586304, -2.5939724445343018, -121.2424545288086, 0.4298207759857178, -0.05000000074505806
35.19316220283508, 0.9089189171791077, 0.5191882848739624, 3.025927782058716, 1079.5809326171875, 0.4298207759857178, -0.05000000074505806
35.20319938659668, 0.9143243432044983, 0.4635624885559082, 1.9336696863174438, -111.69377899169922, 0.4298207759857178, -0.05000000074505806
35.21315312385559, 0.9251351356506348, 1.0236550569534302, 0.8372039198875427, -82.13154602050781, 0.42779797315597534, -0.05000000074505806
35.22318744659424, 0.9359459280967712, 1.0593361854553223, -0.31209540367126465, -92.96102905273438, 0.42779797315597534, -0.05000000074505806
35.23317766189575, 0.9440540671348572, 0.4049423635005951, -1.7270665168762207, -107.13868713378906, 0.42779797315597534, -0.05000000074505806
35.24318790435791, 0.949459433555603, 0.9543657898902893, -2.4189584255218506, -122.15880584716797, 0.42779797315597534, -0.05000000074505806
35.25319504737854, 0.9548648595809937, 0.49364033341407776, 2.414137840270996, 1011.9189453125, 0.4258577525615692, -0.05000000074505806
35.26319718360901, 0.9629729986190796, 0.8031141757965088, 1.1988401412963867, -111.76023864746094, 0.4258577525615692, -0.05000000074505806
35.273162841796875, 0.9737837910652161, 0.9905589818954468, -0.26123127341270447, -136.7913818359375, 0.4258577525615692, -0.05000000074505806
35.28316330909729, 0.9818918704986572, 0.5681899189949036, -1.5119022130966187, -105.36710357666016, 0.4258577525615692, -0.05000000074505806
35.2931854724884, 0.9872972965240479, 0.4965812563896179, -2.7446272373199463, -90.53135681152344, 0.42391836643218994, -0.05000000074505806
35.30320382118225, 0.9927027225494385, 0.9755136966705322, 2.7917110919952393, 999.1431884765625, 0.42391836643218994, -0.05000000074505806
35.31315994262695, 1.0035134553909302, 0.9811707735061646, 1.2295491695404053, -142.66085815429688, 0.42391836643218994, -0.05000000074505806
35.32325077056885, 1.0116215944290161, 1.005897045135498, -0.050298694521188736, -144.1603240966797, 0.42391836643218994, -0.05000000074505806
35.33317828178406, 1.019729733467102, 0.4652748703956604, -1.6526941061019897, -139.2074737548828, 0.4219300150871277, -0.05000000074505806
35.34316658973694, 1.027837872505188, 0.5464428663253784, 3.0117526054382324, 1105.4921875, 0.4219300150871277, -0.05000000074505806
35.35322332382202, 1.0305405855178833, 0.5179310441017151, 2.349686622619629, -126.87467193603516, 0.4219300150871277, -0.05000000074505806
35.36319947242737, 1.0332432985305786, 0.0, 0.8429170846939087, -144.16665649414062, 0.4219300150871277, -0.05000000074505806
35.373167991638184, 1.0359458923339844, 0.0, -0.8808255791664124, -186.84237670898438, 0.4198768138885498, -0.05000000074505806
35.38317561149597, 1.0305405855178833, -1.0600792169570923, -2.1100518703460693, -131.65147399902344, 0.4198768138885498, -0.05000000074505806
35.39321851730347, 1.0251351594924927, -0.9068765640258789, -2.467547655105591, -59.97783279418945, 0.4198768138885498, -0.05000000074505806
35.403154134750366, 1.0116215944290161, -1.5009211301803589, 2.5205743312835693, 1032.7703857421875, 0.4198768138885498, -0.05000000074505806
35.413193702697754, 0.9981080889701843, -1.53548264503479, 1.3678107261657715, -104.44282531738281, 0.41735416650772095, -0.05000000074505806
35.4231538772583, 0.9900000095367432, -0.5286553502082825, 0.4648987352848053, -96.8934555053711, 0.41735416650772095, -0.05000000074505806
35.43318176269531, 0.9818918704986572, -0.5605199933052063, -0.7390141487121582, -88.15018463134766, 0.41735416650772095, -0.05000000074505806
35.443228006362915, 0.9764865040779114, -1.1157987117767334, -1.3262721300125122, -121.22341918945312, 0.41735416650772095, -0.05000000074505806
35.45319628715515, 0.9656756520271301, -0.8786541819572449, -2.3158111572265625, -94.7298583984375, 0.41583141684532166, -0.05000000074505806
35.46318244934082, 0.9548648595809937, -1.0735316276550293, 2.547194480895996, -116.77450561523438, 0.41583141684532166, -0.05000000074505806
35.47316861152649, 0.949459433555603, -0.5808842778205872, 1.5543708801269531, -130.0463409423828, 0.41583141684532166, -0.05000000074505806
35.48318123817444, 0.949459433555603, 0.0, 1.1495158672332764, -64.32872009277344, 0.41583141684532166, -0.05000000074505806
35.493186712265015, 0.9440540671348572, -0.5031940937042236, -0.2543107867240906, -151.536865234375, 0.41446295380592346, -0.05000000074505806
35.50316905975342, 0.9386486411094666, -0.49383386969566345, -1.244632601737976, -108.47490692138672, 0.41446295380592346, -0.05000000074505806
35.51316571235657, 0.9359459280967712, 0.0, -2.22922945022583, -51.419132232666016, 0.41446295380592346, -0.05000000074505806
35.523181676864624, 0.9332432150840759, -0.4593547582626343, -2.9993622303009033, -130.89273071289062, 0.41446295380592346, -0.05000000074505806
35.533164501190186, 0.9305405616760254, 0.0, 1.8949265480041504, -144.044677734375, 0.41260629892349243, -0.05000000074505806
35.5431854724884, 0.9278378486633301, -0.41943082213401794, 1.1804907321929932, -87.07086944580078, 0.41260629892349243, -0.05000000074505806
35.55318355560303, 0.9251351356506348, -0.5099854469299316, 0.1008850559592247, -100.12345886230469, 0.41260629892349243, -0.05000000074505806
