31.74455213546753, 0.3127659559249878, 1.1358813047409058, -1.9607527256011963, -132.3737030029297, 0.5836946368217468, -0.25
31.754557609558105, 0.3191489279270172, 1.1625407934188843, -2.4477200508117676, -88.69205474853516, 0.5836946368217468, -0.25
31.764567375183105, 0.33829787373542786, 0.5545644164085388, 2.103336811065674, -62.87896728515625, 0.5836946368217468, -0.25
31.77454710006714, 0.34893617033958435, 1.5797576904296875, 1.1044871807098389, -123.6753921508789, 0.5836946368217468, -0.25
31.784539937973022, 0.368085116147995, 1.5207130908966064, -0.42104339599609375, -117.33992004394531, 0.5835453271865845, -0.25
31.794546604156494, 0.389361709356308, 1.6235387325286865, -1.9480311870574951, -133.08941650390625, 0.5835453271865845, -0.25
31.804540634155273, 0.4021276533603668, 1.179857850074768, -2.9776790142059326, -94.13880920410156, 0.5835453271865845, -0.25
31.81455898284912, 0.4170212745666504, 1.6962652206420898, 1.9883211851119995, -142.33203125, 0.5835453271865845, -0.25
31.824588298797607, 0.4382978677749634, 1.570306420326233, 0.36901164054870605, -136.07119750976562, 0.5785750150680542, -0.25
31.834551095962524, 0.4510638415813446, 0.9021027088165283, -0.4444381892681122, -56.43141174316406, 0.5785750150680542, -0.25
31.84455633163452, 0.47659575939178467, 1.9404329061508179, -2.3681702613830566, -125.25473022460938, 0.5785750150680542, -0.25
31.854554176330566, 0.4893617033958435, 1.8174022436141968, 2.7923717498779297, 1628.382080078125, 0.5785750150680542, -0.25
31.864551067352295, 0.5127659440040588, 1.6849753856658936, 1.1228879690170288, -110.881591796875, 0.5672796368598938, -0.25
31.874572038650513, 0.5276595950126648, 1.573999285697937, -0.010244304314255714, -140.65469360351562, 0.5672796368598938, -0.25
31.884528875350952, 0.5531914830207825, 1.9405384063720703, -1.7406024932861328, -133.56385803222656, 0.5672796368598938, -0.25
31.89455771446228, 0.5659574270248413, 1.2224727869033813, -2.921431303024292, -112.32984161376953, 0.5672796368598938, -0.25
31.904548406600952, 0.585106372833252, 3.028181552886963, 1.8506710529327393, -257.96441650390625, 0.5538690686225891, -0.25
31.91457438468933, 0.6042553186416626, 1.6034109592437744, 0.3156631588935852, -155.01116943359375, 0.5538690686225891, -0.25
31.924543857574463, 0.6212766170501709, 2.4734065532684326, -0.9483374953269958, -184.74380493164062, 0.5538690686225891, -0.25
31.934550046920776, 0.6425532102584839, 1.4816621541976929, -2.834562063217163, -146.95257568359375, 0.5538690686225891, -0.25
31.944550275802612, 0.6574468016624451, 1.6673197746276855, 2.137463092803955, -172.50393676757812, 0.5398958325386047, -0.25
31.954575300216675, 0.6787233948707581, 2.255969524383545, 0.1838940680027008, -175.59921264648438, 0.5398958325386047, -0.25
31.964555263519287, 0.6957446932792664, 2.0249719619750977, -1.155275583267212, -159.9917755126953, 0.5398958325386047, -0.25
31.974551916122437, 0.7191489338874817, 1.5567015409469604, 2.7482492923736572, 1363.865966796875, 0.5398958325386047, -0.25
31.984533309936523, 0.73617023229599, 1.7883869409561157, 1.0213122367858887, -193.17721557617188, 0.5276113152503967, -0.25
31.99456524848938, 0.7531914710998535, 2.0601491928100586, -0.3800187110900879, -172.42420959472656, 0.5276113152503967, -0.25
32.00453853607178, 0.7723404169082642, 1.4787160158157349, -2.5298879146575928, -166.4730224609375, 0.5276113152503967, -0.25
32.014572858810425, 0.7829787135124207, 1.5493143796920776, 2.3216776847839355, -172.95555114746094, 0.5276113152503967, -0.25
32.024534702301025, 0.8042553067207336, 1.8726369142532349, 0.11662322282791138, -160.1782684326172, 0.5172738432884216, -0.25
32.034578800201416, 0.8170212507247925, 1.5829334259033203, -1.3800158500671387, -185.25576782226562, 0.5172738432884216, -0.25
32.044577836990356, 0.8340425491333008, 1.6011096239089966, 2.659271240234375, 1384.8541259765625, 0.5172738432884216, -0.25
32.05456352233887, 0.8425531983375549, 0.5909967422485352, 1.521930456161499, -106.47367858886719, 0.5172738432884216, -0.25
32.06456017494202, 0.8680850863456726, 2.0764472484588623, -1.1009215116500854, -183.649169921875, 0.5078108310699463, -0.25
32.07458567619324, 0.8787233829498291, 0.9459456205368042, -2.6287271976470947, -167.37741088867188, 0.5078108310699463, -0.25
32.08459162712097, 0.8914893865585327, 1.752448320388794, 2.105126142501831, -214.58497619628906, 0.5078108310699463, -0.25
32.09455466270447, 0.9127659797668457, 1.3608577251434326, -0.6287508010864258, -167.10360717773438, 0.5078108310699463, -0.25
32.10457253456116, 0.9255319237709045, 1.5757594108581543, -2.242335081100464, -196.8102569580078, 0.49911201000213623, -0.25
32.114567279815674, 0.936170220375061, 0.4367256164550781, 2.020087718963623, -87.309326171875, 0.49911201000213623, -0.25
32.12455344200134, 0.9489361643791199, 1.7546305656433105, -0.03688706085085869, -224.9252471923828, 0.49911201000213623, -0.25
32.13453769683838, 0.9617021083831787, 0.8825644850730896, -2.5629522800445557, -173.78749084472656, 0.49911201000213623, -0.25
32.14458513259888, 0.9680851101875305, 0.5258721709251404, 2.0671699047088623, -208.6555633544922, 0.48977214097976685, -0.25
32.154547929763794, 0.978723406791687, 1.4439433813095093, 0.40057408809661865, -185.42276000976562, 0.48977214097976685, -0.25
32.16455292701721, 0.9829787015914917, 0.0, -1.9676811695098877, -83.0348129272461, 0.48977214097976685, -0.25
32.17454767227173, 0.9765957593917847, -0.4478146731853485, 2.8846256732940674, 1246.9384765625, 0.48977214097976685, -0.25
32.18456745147705, 0.9680851101875305, -0.8019456267356873, 1.1486459970474243, -127.0914077758789, 0.47962716221809387, -0.25
32.19452881813049, 0.9553191661834717, -0.4579959511756897, -0.8021665215492249, -69.12970733642578, 0.47962716221809387, -0.25
32.204549074172974, 0.9425531625747681, -1.7430921792984009, -2.44887638092041, -177.13916015625, 0.47962716221809387, -0.25
32.21454334259033, 0.9276595711708069, -1.8604369163513184, 1.8958394527435303, -216.16012573242188, 0.47962716221809387, -0.25
32.224547147750854, 0.9191489219665527, -1.1557406187057495, 0.61188143491745, -171.56175231933594, 0.4691352844238281, 0.20000000298023224
32.23457098007202, 0.9106382727622986, -1.1167627573013306, -0.9923179745674133, -169.5015411376953, 0.4691352844238281, 0.20000000298023224
32.24454927444458, 0.9042553305625916, -0.4256439507007599, -2.295220136642456, -128.20574951171875, 0.4691352844238281, 0.20000000298023224
32.25454878807068, 0.8914893865585327, -0.8806918859481812, 2.0638091564178467, -135.2361602783203, 0.4691352844238281, 0.20000000298023224
32.26459050178528, 0.8829787373542786, -0.5653500556945801, 0.47819221019744873, -164.68313598632812, 0.4603631794452667, 0.20000000298023224
32.274555683135986, 0.8765957355499268, -0.8915581107139587, -1.4337823390960693, -199.82786560058594, 0.4603631794452667, 0.20000000298023224
32.284544706344604, 0.8702127933502197, -0.9853208661079407, -2.7050974369049072, -146.08021545410156, 0.4603631794452667, 0.20000000298023224
32.294543743133545, 0.8617021441459656, -0.5341504216194153, 2.0359373092651367, -77.55480194091797, 0.4603631794452667, 0.20000000298023224
32.30457139015198, 0.8553191423416138, -1.1848182678222656, 0.8323581218719482, -134.5726318359375, 0.46162867546081543, 0.20000000298023224
32.31458616256714, 0.8468084931373596, -1.0466253757476807, -0.8986436128616333, -135.78866577148438, 0.46162867546081543, 0.20000000298023224
32.32454180717468, 0.8361701965332031, -1.8656553030014038, -2.0249550342559814, -140.93031311035156, 0.46162867546081543, 0.20000000298023224
32.33457374572754, 0.8170212507247925, -1.8412443399429321, 2.7115819454193115, 1249.1988525390625, 0.46162867546081543, 0.20000000298023224
32.34456419944763, 0.8021276593208313, -2.3731021881103516, 1.383040428161621, -229.1280059814453, 0.4732418656349182, 0.20000000298023224
32.354557514190674, 0.7893617153167725, -1.1394344568252563, 0.2544594705104828, -126.52071380615234, 0.4732418656349182, 0.20000000298023224
32.36455416679382, 0.7702127695083618, -1.519418478012085, -1.1821951866149902, -114.29936981201172, 0.4732418656349182, 0.20000000298023224
32.374553203582764, 0.7595744729042053, -0.96559739112854, -2.13250470161438, -93.28729248046875, 0.4732418656349182, 0.20000000298023224
32.384562492370605, 0.7404255270957947, -1.5488662719726562, 2.774686336517334, 1417.8165283203125, 0.48788464069366455, 0.20000000298023224
32.39455008506775, 0.7297872304916382, -1.7578563690185547, 1.7557059526443481, -143.0362548828125, 0.48788464069366455, 0.20000000298023224
32.404544830322266, 0.7191489338874817, -1.4217818975448608, 0.8642427921295166, -106.92608642578125, 0.48788464069366455, 0.20000000298023224
32.41455960273743, 0.7063829898834229, -1.0635899305343628, -0.501129150390625, -119.60249328613281, 0.48788464069366455, 0.20000000298023224
32.42455005645752, 0.693617045879364, -0.9090868234634399, -1.686625599861145, -109.83460235595703, 0.5021752715110779, 0.20000000298023224
32.434552907943726, 0.6851063966751099, -0.4197775423526764, -2.49397611618042, -37.87223434448242, 0.5021752715110779, 0.20000000298023224
32.444538593292236, 0.672340452671051, -1.1944122314453125, 2.6603856086730957, -134.43173217773438, 0.5021752715110779, 0.20000000298023224
32.45454144477844, 0.6574468016624451, -1.11928391456604, 1.3541526794433594, -108.52934265136719, 0.5021752715110779, 0.20000000298023224
32.46454930305481, 0.6489361524581909, -0.8360158205032349, 0.5652533173561096, -76.62895965576172, 0.5134053826332092, 0.20000000298023224
32.47454833984375, 0.6361702084541321, -1.0930309295654297, -0.6507254242897034, -104.59423065185547, 0.5134053826332092, 0.20000000298023224
32.48454236984253, 0.6276595592498779, -1.0919610261917114, -1.4289538860321045, -89.72946166992188, 0.5134053826332092, 0.20000000298023224
32.494544982910156, 0.6127659678459167, -0.7956536412239075, -2.580671787261963, -71.45284271240234, 0.5134053826332092, 0.20000000298023224
32.50455570220947, 0.6000000238418579, -2.1828534603118896, 2.7495765686035156, 1464.6141357421875, 0.5220402479171753, 0.20000000298023224
32.51455998420715, 0.585106372833252, -0.9462966918945312, 1.6710529327392578, -76.60198974609375, 0.5220402479171753, 0.20000000298023224
32.52458214759827, 0.5787234306335449, -0.42986759543418884, 1.1213806867599487, -36.47127914428711, 0.5220402479171753, 0.20000000298023224
32.534568786621094, 0.5680851340293884, -0.5440167784690857, -0.11477069556713104, -93.14976501464844, 0.5220402479171753, 0.20000000298023224
32.54458785057068, 0.5595744848251343, -1.1024152040481567, -0.8246644139289856, -95.51268005371094, 0.5286068916320801, 0.20000000298023224
32.554540395736694, 0.5531914830207825, -1.1870245933532715, -1.4617359638214111, -91.66725158691406, 0.5286068916320801, 0.20000000298023224
32.56455421447754, 0.5404255390167236, -1.0140390396118164, -2.4126288890838623, -76.36993408203125, 0.5286068916320801, 0.20000000298023224
32.574564695358276, 0.5297872424125671, -1.1972163915634155, -3.0326647758483887, -89.26732635498047, 0.5286068916320801, 0.20000000298023224
32.584585428237915, 0.5170212984085083, -0.8482534885406494, 2.358881711959839, -53.49584197998047, 0.5346372723579407, 0.20000000298023224
32.59456825256348, 0.5106382966041565, -1.09457266330719, 1.8054622411727905, -71.08383178710938, 0.5346372723579407, 0.20000000298023224
32.60455775260925, 0.5, -1.1924970149993896, 0.9755831360816956, -75.47560119628906, 0.5346372723579407, 0.20000000298023224
32.614720582962036, 0.49148935079574585, -1.0224037170410156, 0.2986980676651001, -65.63089752197266, 0.5346372723579407, 0.20000000298023224
32.624549865722656, 0.48510637879371643, -1.038586139678955, -0.22902849316596985, -69.86030578613281, 0.5408889055252075, 0.20000000298023224
32.63458728790283, 0.47659575939178467, -0.557788074016571, -0.9845467805862427, -67.61271667480469, 0.5408889055252075, 0.20000000298023224
32.64458990097046, 0.4659574329853058, -0.9867371916770935, -1.7192333936691284, -56.08634567260742, 0.5408889055252075, 0.20000000298023224
32.654558181762695, 0.45957446098327637, -1.1817587614059448, -2.161705493927002, -65.92819213867188, 0.5408889055252075, 0.20000000298023224
32.66457438468933, 0.4510638415813446, -0.4975496828556061, -2.866642951965332, -56.0085563659668, 0.5482061505317688, 0.20000000298023224
32.67456126213074, 0.4446808397769928, -0.5739677548408508, 2.994313955307007, 1640.0001220703125, 0.5482061505317688, 0.20000000298023224
32.684553146362305, 0.4382978677749634, -0.99471116065979, 2.6032333374023438, -72.80890655517578, 0.5482061505317688, 0.20000000298023224
32.69455313682556, 0.4297872483730316, -0.5873017907142639, 2.05179500579834, -47.792545318603516, 0.5482061505317688, 0.20000000298023224
32.70456838607788, 0.4234042465686798, -0.47793760895729065, 1.6258305311203003, -42.16643524169922, 0.5559874773025513, 0.20000000298023224
32.71457314491272, 0.4170212745666504, -0.5526754856109619, 1.310728669166565, -36.310569763183594, 0.5559874773025513, 0.20000000298023224
32.72455406188965, 0.40851062536239624, -0.5560503005981445, 0.8272015452384949, -39.39369201660156, 0.5559874773025513, 0.20000000298023224
32.73453760147095, 0.4021276533603668, -0.5037283301353455, 0.4614257514476776, -13.671667098999023, 0.5559874773025513, 0.20000000298023224
32.7445433139801, 0.3957446813583374, -0.4726221263408661, 0.10719307512044907, -29.686965942382812, 0.5643027424812317, 0.20000000298023224
32.75455665588379, 0.3914893567562103, -0.5457467436790466, -0.16637656092643738, -33.40593719482422, 0.5643027424812317, 0.20000000298023224
32.76456046104431, 0.38723403215408325, 0.0, -0.46241068840026855, -14.318358421325684, 0.5643027424812317, 0.20000000298023224
32.774558782577515, 0.38297873735427856, -0.49779945611953735, -0.6907866597175598, -26.620956420898438, 0.5643027424812317, 0.20000000298023224
32.78455400466919, 0.37659573554992676, -0.4244091510772705, -1.0431528091430664, -19.186120986938477, 0.5726367831230164, 0.20000000298023224
32.794567584991455, 0.37021276354789734, -0.6114038825035095, -1.3127714395523071, -26.34491729736328, 0.5726367831230164, 0.20000000298023224
32.80456852912903, 0.368085116147995, 0.0, -1.437418818473816, -9.659385681152344, 0.5726367831230164, 0.20000000298023224
32.81454801559448, 0.3638297915458679, -0.5495781898498535, -1.549078345298767, 5.581210613250732, 0.5726367831230164, 0.20000000298023224
32.82457518577576, 0.35957446694374084, -0.5983272790908813, -1.7828987836837769, -7.163680553436279, 0.5807742476463318, 0.20000000298023224
32.83454084396362, 0.3574468195438385, 0.0, -1.923872947692871, -4.059276103973389, 0.5807742476463318, 0.20000000298023224
32.84454131126404, 0.35531914234161377, 0.0, -2.0448079109191895, -13.31663703918457, 0.5807742476463318, 0.20000000298023224
32.8545618057251, 0.3510638177394867, 0.0, -2.142099380493164, -6.255129814147949, 0.5807742476463318, 0.20000000298023224
32.86458921432495, 0.34893617033958435, 0.0, -2.1982033252716064, -6.07536506652832, 0.5883523225784302, 0.20000000298023224
32.874560832977295, 0.346808522939682, 0.0, -2.2537150382995605, -6.989719867706299, 0.5883523225784302, 0.20000000298023224
32.88454580307007, 0.346808522939682, 0.0, -2.315678358078003, -6.072779655456543, 0.5883523225784302, 0.20000000298023224
32.89461278915405, 0.3446808457374573, -0.5172463655471802, -2.340466260910034, -3.8112499713897705, 0.5883523225784302, 0.20000000298023224
32.90456485748291, 0.3446808457374573, 0.0, -2.358203887939453, 0.04836386442184448, 0.5869007706642151, 0.20000000298023224
32.914586305618286, 0.346808522939682, 0.0, -2.427180051803589, -4.516688823699951, 0.5869007706642151, 0.20000000298023224
32.924612045288086, 0.34893617033958435, 0.0, -2.456242799758911, -1.5058072805404663, 0.5869007706642151, 0.20000000298023224
32.93455648422241, 0.3510638177394867, 0.0, -2.4369897842407227, 6.22434663772583, 0.5869007706642151, 0.20000000298023224
32.944546699523926, 0.3531914949417114, 0.0, -2.380809783935547, 9.939502716064453, 0.5867135524749756, -0.25
32.95457172393799, 0.35531914234161377, 0.46411749720573425, -2.268287181854248, 17.815570831298828, 0.5867135524749756, -0.25
32.964595079422, 0.35531914234161377, 0.0, -2.087547779083252, 26.40801239013672, 0.5867135524749756, -0.25
32.974554777145386, 0.35531914234161377, 0.0, -1.7979719638824463, 23.43631362915039, 0.5867135524749756, -0.25
32.98458790779114, 0.35531914234161377, 0.0, -1.5873126983642578, 32.911705017089844, 0.5918158888816833, -0.25
32.99454617500305, 0.35531914234161377, 0.0, -1.358199119567871, 37.24980163574219, 0.5918158888816833, -0.25
33.004554271698, 0.3574468195438385, 0.0, -1.063960313796997, 19.530921936035156, 0.5918158888816833, -0.25
33.014538288116455, 0.35957446694374084, 0.0, -0.8596882820129395, 16.94101333618164, 0.5918158888816833, -0.25
33.024547815322876, 0.3638297915458679, 0.4924701154232025, -0.6024131178855896, 27.91526985168457, 0.5895678400993347, -0.25
33.03455448150635, 0.368085116147995, 0.39532431960105896, -0.30455103516578674, 24.431264877319336, 0.5895678400993347, -0.25
33.04454803466797, 0.3723404109477997, 0.32684043049812317, -0.1330440640449524, 18.211671829223633, 0.5895678400993347, -0.25
33.05455279350281, 0.37659573554992676, 0.48505550622940063, 0.15489554405212402, 22.418079376220703, 0.5895678400993347, -0.25
33.06458258628845, 0.38297873735427856, 0.5902931094169617, 0.3936421871185303, 24.46239471435547, 0.5806344747543335, -0.25
33.07454752922058, 0.3914893567562103, 0.49913591146469116, 0.7379846572875977, 26.402040481567383, 0.5806344747543335, -0.25
33.084593534469604, 0.39787232875823975, 0.5653500556945801, 0.9303037524223328, 23.229957580566406, 0.5806344747543335, -0.25
33.09458589553833, 0.40425533056259155, 0.5902150273323059, 1.1586724519729614, 31.395008087158203, 0.5806344747543335, -0.25
33.10455942153931, 0.4170212745666504, 1.1660091876983643, 1.5933626890182495, 32.642189025878906, 0.5678580403327942, -0.25
33.114564418792725, 0.42553192377090454, 0.5397393703460693, 1.9331773519515991, 34.53908920288086, 0.5678580403327942, -0.25
33.124587297439575, 0.4340425431728363, 0.9925537705421448, 2.207736015319824, 30.801753997802734, 0.5678580403327942, -0.25
33.13457655906677, 0.4404255449771881, 1.2173033952713013, 2.5408735275268555, 53.760101318359375, 0.5678580403327942, -0.25
33.14457607269287, 0.45319148898124695, 1.1418401002883911, -3.076998233795166, -1628.870849609375, 0.5523226857185364, -0.25
33.154571294784546, 0.45957446098327637, 0.5175462961196899, -2.666651964187622, 51.78965377807617, 0.5523226857185364, -0.25
33.164589166641235, 0.4723404347896576, 1.0757052898406982, -2.014601945877075, 53.40802764892578, 0.5523226857185364, -0.25
33.17453145980835, 0.48085105419158936, 1.0571014881134033, -1.477836012840271, 52.634952545166016, 0.5523226857185364, -0.25
33.184568881988525, 0.48723405599594116, 0.8435628414154053, -1.0628046989440918, 43.53081512451172, 0.5387036800384521, -0.25
33.19455051422119, 0.4936170279979706, 0.6115295886993408, -0.4896130859851837, 62.19536209106445, 0.5387036800384521, -0.25
33.204535722732544, 0.5021276473999023, 0.5589759349822998, 0.12647463381290436, 65.02873229980469, 0.5387036800384521, -0.25
33.21459650993347, 0.5085106492042542, 0.9605566263198853, 0.6589049696922302, 62.15339660644531, 0.5387036800384521, -0.25
33.22458577156067, 0.521276593208313, 0.9457451105117798, 1.5775352716445923, 58.98966598510742, 0.5276210308074951, -0.25
33.234570026397705, 0.5297872424125671, 1.062260627746582, 2.0817275047302246, 65.5929946899414, 0.5276210308074951, -0.25
33.24454975128174, 0.542553186416626, 1.4872592687606812, 2.9293243885040283, 67.99642181396484, 0.5276210308074951, -0.25
33.254552602767944, 0.5510638356208801, 1.5266966819763184, -2.7512898445129395, 73.79907989501953, 0.5276210308074951, -0.25
33.264572858810425, 0.5617021322250366, 1.1156458854675293, -1.8724315166473389, 71.84356689453125, 0.5181199908256531, -0.25
33.27454900741577, 0.5680851340293884, 1.2001144886016846, -1.4282612800598145, 84.30712890625, 0.5181199908256531, -0.25
33.28454303741455, 0.5808510780334473, 0.8634786009788513, -0.5054007172584534, 64.68173217773438, 0.5181199908256531, -0.25
33.294540882110596, 0.5914893746376038, 1.2355903387069702, 0.3304016888141632, 98.2537612915039, 0.5181199908256531, -0.25
33.3045711517334, 0.6000000238418579, 0.4899555742740631, 1.1690104007720947, 74.7179946899414, 0.5097736120223999, -0.25
33.31459140777588, 0.6106383204460144, 1.6490392684936523, 2.014172077178955, 133.9690704345703, 0.5097736120223999, -0.25
33.32458567619324, 0.6234042644500732, 0.5404912233352661, 2.9093639850616455, 45.810569763183594, 0.5097736120223999, -0.25
33.33454871177673, 0.6319149136543274, 1.176539421081543, -2.6065518856048584, 108.6352767944336, 0.5097736120223999, -0.25
33.34455633163452, 0.6425532102584839, 1.3832879066467285, -1.7169908285140991, 117.9276351928711, 0.5014161467552185, -0.25
33.354546308517456, 0.6574468016624451, 1.0349125862121582, -0.36517903208732605, 92.28096771240234, 0.5014161467552185, -0.25
33.364545583724976, 0.6659574508666992, 1.131416916847229, 0.42897742986679077, 110.35227966308594, 0.5014161467552185, -0.25
33.374550580978394, 0.6765957474708557, 0.7894595861434937, 1.3957476615905762, 72.704833984375, 0.5014161467552185, -0.25
33.384546995162964, 0.6872340440750122, 1.1018707752227783, 2.4184017181396484, 110.86148071289062, 0.4921865165233612, -0.25
33.394548416137695, 0.7042553424835205, 1.675039291381836, -2.610858678817749, 111.0248794555664, 0.4921865165233612, -0.25
33.404550313949585, 0.714893639087677, 1.3110108375549316, -1.7620000839233398, 87.45555114746094, 0.4921865165233612, -0.25
33.414546489715576, 0.7234042286872864, 1.2106974124908447, -0.9198946952819824, 120.07305145263672, 0.4921865165233612, -0.25
33.42454695701599, 0.73617023229599, 1.1025514602661133, 0.4122428894042969, 113.98143005371094, 0.4825345277786255, -0.25
33.43458294868469, 0.7446808218955994, 1.0863116979599, 1.252340316772461, 102.01622772216797, 0.4825345277786255, -0.25
33.44458222389221, 0.7595744729042053, 1.5539005994796753, 2.684318780899048, 114.53337860107422, 0.4825345277786255, -0.25
33.4545361995697, 0.7744680643081665, 0.9832040071487427, -2.1774542331695557, 109.94993591308594, 0.4825345277786255, -0.25
33.46455693244934, 0.785106360912323, 1.413673758506775, -1.2162460088729858, 106.89435577392578, 0.47197654843330383, -0.25
33.47455334663391, 0.7936170101165771, 1.2495170831680298, -0.27127012610435486, 141.55921936035156, 0.47197654843330383, -0.25
33.48457193374634, 0.806382954120636, 1.1399439573287964, 1.1099934577941895, 112.22090148925781, 0.47197654843330383, -0.25
33.49457406997681, 0.8170212507247925, 1.7594738006591797, 2.1637730598449707, 137.0605926513672, 0.47197654843330383, -0.25
33.504546880722046, 0.8361701965332031, 1.634441614151001, -2.360889434814453, 130.4254608154297, 0.4616336524486542, -0.25
33.51454496383667, 0.8446808457374573, 1.119705319404602, -1.335034728050232, 136.13548278808594, 0.4616336524486542, -0.25
33.52460741996765, 0.8553191423416138, 1.0186691284179688, -0.04486152157187462, 124.00962829589844, 0.4616336524486542, -0.25
33.53455305099487, 0.8638297915458679, 1.1272722482681274, 1.026724100112915, 151.56729125976562, 0.4616336524486542, -0.25
33.54455876350403, 0.8765957355499268, 1.2106974124908447, 2.666804790496826, 155.4669647216797, 0.4514243006706238, -0.25
33.55458879470825, 0.8893616795539856, 0.5132304430007935, -2.239344835281372, 68.99259948730469, 0.4514243006706238, -0.25
33.56460499763489, 0.8999999761581421, 1.6464025974273682, -0.8359822630882263, 217.6175079345703, 0.4514243006706238, -0.25
33.5745689868927, 0.9106382727622986, 1.170060396194458, 0.5567840337753296, 152.19589233398438, 0.4514243006706238, -0.25
33.58454918861389, 0.9234042763710022, 1.0599894523620605, 2.2694852352142334, 140.4351806640625, 0.44138240814208984, -0.25
33.59457230567932, 0.9340425729751587, 1.0926294326782227, -2.8870134353637695, -1467.9071044921875, 0.44138240814208984, -0.25
33.60454344749451, 0.9510638117790222, 1.7032798528671265, -1.139643907546997, 154.5660858154297, 0.44138240814208984, -0.25
33.614579916000366, 0.9595744609832764, 0.9340155124664307, 0.04207804054021835, 131.1502227783203, 0.44138240814208984, -0.25
33.62457633018494, 0.9659574627876282, 1.0005663633346558, 1.2085990905761719, 140.39865112304688, 0.4316897690296173, -0.25
33.63456106185913, 0.978723406791687, 1.076938509941101, 3.0136678218841553, 144.72787475585938, 0.4316897690296173, -0.25
33.64456629753113, 0.9914893507957458, 0.5132895112037659, -1.3779067993164062, 154.6231231689453, 0.4316897690296173, -0.25
33.65457272529602, 1.0, 0.9602465033531189, -0.16425661742687225, 137.19427490234375, 0.4316897690296173, -0.25
33.66456317901611, 1.006382942199707, 1.0635265111923218, 0.9049804210662842, 111.49011993408203, 0.42138341069221497, -0.25
33.67457389831543, 1.0170212984085083, 1.140308141708374, 3.003915309906006, 170.13751220703125, 0.42138341069221497, -0.25
33.68455719947815, 1.0255318880081177, 0.8791735172271729, -1.9933308362960815, 135.8408203125, 0.42138341069221497, -0.25
33.69459080696106, 1.0340425968170166, 0.5454131960868835, -0.01785138249397278, 171.00869750976562, 0.42138341069221497, -0.25
33.70454144477844, 1.042553186416626, 0.5453798770904541, 1.851518988609314, 164.7910614013672, 0.4114413261413574, -0.25
33.71456718444824, 1.042553186416626, 0.0, 2.715222120285034, 28.827850341796875, 0.4114413261413574, -0.25
33.72458815574646, 1.0382978916168213, -0.47839879989624023, -2.2284140586853027, 118.25782775878906, 0.4114413261413574, -0.25
33.73454022407532, 1.02765953540802, -0.5175163149833679, -0.6148254871368408, 86.10472106933594, 0.4114413261413574, -0.25
33.74460053443909, 1.0191489458084106, -0.5468503832817078, 0.23168492317199707, 58.99736022949219, 0.40074241161346436, 0.20000000298023224
33.75453281402588, 1.0042552947998047, -0.9858651161193848, 1.9286569356918335, 111.2817611694336, 0.40074241161346436, 0.20000000298023224
33.76459527015686, 0.9978723526000977, -0.510120689868927, 2.8808510303497314, 85.05873107910156, 0.40074241161346436, 0.20000000298023224
33.77457880973816, 0.9914893507957458, 0.0, -2.195864200592041, 64.48552703857422, 0.40074241161346436, 0.20000000298023224
33.864540576934814, 0.9340425729751587, -1.1439625024795532, 1.7988996505737305, 91.08067321777344, 0.40657928586006165, 0.0
33.87456703186035, 0.9234042763710022, -0.9278971552848816, 2.7936830520629883, 68.98238372802734, 0.40657928586006165, 0.0
33.88460445404053, 0.9170212745666504, -1.0438708066940308, -2.763662338256836, 85.78471374511719, 0.40657928586006165, 0.0
33.89456105232239, 0.9021276831626892, -1.6234402656555176, -1.6843817234039307, 90.6661605834961, 0.40657928586006165, 0.0
33.90457034111023, 0.8936170339584351, -1.004847526550293, -0.9841124415397644, 82.67728424072266, 0.4182243347167969, 0.20000000298023224
33.91458296775818, 0.8808510899543762, -1.1296981573104858, 0.04158990830183029, 94.59022521972656, 0.4182243347167969, 0.20000000298023224
33.92455577850342, 0.8702127933502197, -0.9147712588310242, 0.9029310941696167, 75.64575958251953, 0.4182243347167969, 0.20000000298023224
33.934550285339355, 0.8638297915458679, -0.5430567264556885, 1.5929780006408691, 88.84783935546875, 0.4182243347167969, 0.20000000298023224
33.94457483291626, 0.8531914949417114, -1.1497102975845337, 2.6205227375030518, 95.66377258300781, 0.42001715302467346, 0.20000000298023224
33.95455884933472, 0.848936140537262, -0.5926845073699951, -2.98956561088562, -1655.888671875, 0.42001715302467346, 0.20000000298023224
33.96458053588867, 0.8404255509376526, -1.1201971769332886, -1.949670433998108, 89.40135192871094, 0.42001715302467346, 0.20000000298023224
33.97453260421753, 0.8361701965332031, 0.0, -0.9286356568336487, 88.5149917602539, 0.42001715302467346, 0.20000000298023224
33.98455309867859, 0.8319149017333984, -0.4067109227180481, -0.43174615502357483, 60.84650802612305, 0.4221891760826111, 0.20000000298023224
33.994542360305786, 0.827659547328949, -0.5851069688796997, 0.409650593996048, 87.39920043945312, 0.4221891760826111, 0.20000000298023224
34.004579067230225, 0.8212766051292419, -0.5763773918151855, 1.4129986763000488, 114.36866760253906, 0.4221891760826111, 0.20000000298023224
34.0145959854126, 0.8170212507247925, -0.5986483693122864, 2.1987602710723877, 86.49357604980469, 0.4221891760826111, 0.20000000298023224
34.02458882331848, 0.8148936033248901, -0.4479495584964752, 2.792166233062744, 61.6952018737793, 0.42998015880584717, 0.20000000298023224
34.03453707695007, 0.8085106611251831, -0.4880797863006592, -2.6692161560058594, 59.6007194519043, 0.42998015880584717, 0.20000000298023224
34.044575214385986, 0.8021276593208313, -0.59319669008255, -2.174379348754883, 67.99041748046875, 0.42998015880584717, 0.20000000298023224
34.05459523200989, 0.7914893627166748, -1.0476082563400269, -1.4023971557617188, 76.16983795166016, 0.42998015880584717, 0.20000000298023224
34.06455111503601, 0.7829787135124207, -0.9791048169136047, -0.9866385459899902, 47.49687957763672, 0.43866896629333496, 0.20000000298023224
34.074591636657715, 0.778723418712616, -0.5804638266563416, -0.6830794215202332, 30.93100929260254, 0.43866896629333496, 0.20000000298023224
34.084550857543945, 0.7659574747085571, -0.9794809818267822, -0.007287200540304184, 44.005489349365234, 0.43866896629333496, 0.20000000298023224
34.09454607963562, 0.7595744729042053, -0.8540987968444824, 0.38520482182502747, 39.1740608215332, 0.43866896629333496, 0.20000000298023224
34.10454726219177, 0.7510638236999512, -0.5512757301330566, 0.9571933150291443, 23.79832649230957, 0.4485059082508087, 0.20000000298023224
34.114553928375244, 0.7446808218955994, -1.1223809719085693, 1.4231555461883545, 74.32515716552734, 0.4485059082508087, 0.20000000298023224
34.12454628944397, 0.7404255270957947, -0.5923304557800293, 1.785538911819458, 44.757110595703125, 0.4485059082508087, 0.20000000298023224
34.13457894325256, 0.7340425252914429, -0.5591510534286499, 2.305652618408203, 42.28583526611328, 0.4485059082508087, 0.20000000298023224
34.14454007148743, 0.7319148778915405, -0.504497230052948, 2.5678930282592773, 18.741600036621094, 0.4572433531284332, 0.20000000298023224
34.154545545578, 0.7276595830917358, 0.0, 3.1329994201660156, 38.49320602416992, 0.4572433531284332, 0.20000000298023224
34.16453742980957, 0.7234042286872864, -0.5631381869316101, -2.8552894592285156, 39.30704116821289, 0.4572433531284332, 0.20000000298023224
34.17455530166626, 0.7191489338874817, -0.41422441601753235, -2.5826256275177, 26.024723052978516, 0.4572433531284332, 0.20000000298023224
34.18458080291748, 0.7127659320831299, -0.5480257272720337, -2.1367955207824707, 28.749534606933594, 0.46584582328796387, 0.20000000298023224
34.19453287124634, 0.7085106372833252, -0.4383990466594696, -1.8534774780273438, 22.868650436401367, 0.46584582328796387, 0.20000000298023224
34.204543113708496, 0.7063829898834229, -0.5023389458656311, -1.676040768623352, 41.892669677734375, 0.46584582328796387, 0.20000000298023224
34.214539766311646, 0.7021276354789734, 0.0, -1.3458411693572998, 20.835966110229492, 0.46584582328796387, 0.20000000298023224
34.22454619407654, 0.6978723406791687, -0.540917158126831, -1.1126035451889038, 20.437904357910156, 0.4734797775745392, 0.20000000298023224
34.23455595970154, 0.6957446932792664, 0.0, -0.9492273330688477, 15.327460289001465, 0.4734797775745392, 0.20000000298023224
34.24454617500305, 0.6893616914749146, -0.5440831184387207, -0.7164541482925415, 13.88222599029541, 0.4734797775745392, 0.20000000298023224
34.25455331802368, 0.6893616914749146, 0.0, -0.6335393190383911, 14.822187423706055, 0.4734797775745392, 0.20000000298023224
34.264599323272705, 0.6851063966751099, -0.5508333444595337, -0.5092210173606873, 15.466782569885254, 0.48125001788139343, 0.20000000298023224
34.27455496788025, 0.6808510422706604, -0.452446311712265, -0.3353715240955353, 10.85781478881836, 0.48125001788139343, 0.20000000298023224
34.28454542160034, 0.6787233948707581, -0.45080071687698364, -0.2498127967119217, 10.488362312316895, 0.48125001788139343, 0.20000000298023224
34.294673204422, 0.6765957474708557, 0.0, -0.15736237168312073, 6.432972431182861, 0.48125001788139343, 0.20000000298023224
34.30455279350281, 0.6744681000709534, 0.0, -0.10435333102941513, 16.2048397064209, 0.48879024386405945, 0.20000000298023224
34.31454920768738, 0.6702127456665039, -0.5196256637573242, -0.04508337751030922, 8.56509017944336, 0.48879024386405945, 0.20000000298023224
34.32456398010254, 0.6680850982666016, -0.6201133131980896, -0.037596117705106735, 8.420312881469727, 0.48879024386405945, 0.20000000298023224
34.3345832824707, 0.6659574508666992, 0.0, -0.07873854041099548, -7.05045747756958, 0.48879024386405945, 0.20000000298023224
34.34456920623779, 0.6638298034667969, -0.5763401389122009, -0.10332829505205154, -4.560173511505127, 0.4971543848514557, 0.20000000298023224
34.354565382003784, 0.6617021560668945, 0.0, -0.18835091590881348, -4.560911178588867, 0.4971543848514557, 0.20000000298023224
34.36457681655884, 0.6617021560668945, 0.0, -0.23991449177265167, -3.7476418018341064, 0.4971543848514557, 0.20000000298023224
34.37459135055542, 0.6595744490623474, 0.0, -0.4269985556602478, -15.39099407196045, 0.4971543848514557, 0.20000000298023224
34.38453960418701, 0.6574468016624451, 0.0, -0.595190167427063, -16.077308654785156, 0.504930317401886, 0.20000000298023224
34.39459991455078, 0.6553191542625427, 0.0, -0.8287967443466187, -34.13851547241211, 0.504930317401886, 0.20000000298023224
34.4045467376709, 0.6531915068626404, -0.5618971586227417, -0.968890368938446, -20.50655746459961, 0.504930317401886, 0.20000000298023224
34.41454458236694, 0.651063859462738, 0.0, -1.191558599472046, -9.200919151306152, 0.504930317401886, 0.20000000298023224
34.4245400428772, 0.651063859462738, 0.0, -1.3216115236282349, -15.177180290222168, 0.5130580067634583, 0.20000000298023224
34.434581995010376, 0.6489361524581909, 0.0, -1.5652226209640503, -22.74034309387207, 0.5130580067634583, 0.20000000298023224
34.44454264640808, 0.6489361524581909, 0.0, -1.6708879470825195, -13.574196815490723, 0.5130580067634583, 0.20000000298023224
34.45456910133362, 0.6489361524581909, 0.0, -1.7850441932678223, -13.301873207092285, 0.5130580067634583, 0.20000000298023224
34.464542627334595, 0.6489361524581909, 0.0, -1.8954095840454102, -11.437578201293945, 0.5209696292877197, 0.20000000298023224
34.47455024719238, 0.651063859462738, 0.0, -1.9862614870071411, 1.7534295320510864, 0.5209696292877197, 0.20000000298023224
34.484551191329956, 0.651063859462738, 0.0, -2.1084835529327393, -11.232439994812012, 0.5209696292877197, 0.20000000298023224
34.494585275650024, 0.6531915068626404, 0.0, -2.325289726257324, -14.514178276062012, 0.5209696292877197, 0.20000000298023224
34.50455665588379, 0.6553191542625427, 0.0, -2.8562862873077393, -49.89162063598633, 0.5291830897331238, -0.25
34.51455855369568, 0.6553191542625427, 0.0, 3.0039846897125244, 1369.2630615234375, 0.5291830897331238, -0.25
34.524540185928345, 0.6574468016624451, 2.9286301136016846, 2.374020576477051, -180.04953002929688, 0.5291830897331238, -0.25
34.53454518318176, 0.6574468016624451, 2.841942548751831, 2.025251626968384, -171.30947875976562, 0.5291830897331238, -0.25
34.54455256462097, 0.6494594812393188, -1.476611852645874, 2.2160346508026123, 56.86798095703125, 0.5364747643470764, 0.20000000298023224
34.55454230308533, 0.6494594812393188, 0.0, 1.7686129808425903, -18.47377586364746, 0.5364747643470764, 0.20000000298023224
34.56454300880432, 0.6521621346473694, 0.5530274510383606, 1.3776121139526367, -35.374107360839844, 0.5364747643470764, 0.20000000298023224
34.57454967498779, 0.6638298034667969, 3.2456271648406982, 1.114951491355896, -6.25758171081543, 0.5364747643470764, 0.20000000298023224
34.584595680236816, 0.65756756067276, 0.40319961309432983, 0.565597653388977, -37.095088958740234, 0.5344362854957581, -0.25
34.59456443786621, 0.6744681000709534, 3.8141262531280518, -0.09231610596179962, -86.59949493408203, 0.5344362854957581, -0.25
34.60456323623657, 0.6787233948707581, 0.5575093030929565, -0.7080941200256348, -68.36133575439453, 0.5344362854957581, -0.25
34.614588022232056, 0.6893616914749146, 1.1237236261367798, -1.2487785816192627, -36.8709602355957, 0.5344362854957581, -0.25
34.62454652786255, 0.699999988079071, 0.9213350415229797, -1.5246657133102417, -18.434486389160156, 0.5313546657562256, -0.25
34.63456988334656, 0.7042553424835205, 0.5648848414421082, -1.6734561920166016, -24.331878662109375, 0.5313546657562256, -0.25
34.644566774368286, 0.7106382846832275, 0.57356196641922, -1.8506313562393188, -27.33993148803711, 0.5313546657562256, -0.25
34.65454292297363, 0.7062162160873413, 0.541483461856842, -2.497830629348755, -34.85508346557617, 0.5313546657562256, -0.25
34.664618492126465, 0.7116216421127319, 0.45713189244270325, 3.02923583984375, 980.9812622070312, 0.5259820222854614, -0.25
34.674572706222534, 0.7170270085334778, 0.49228978157043457, 2.365410327911377, -29.851503372192383, 0.5259820222854614, -0.25
34.684566497802734, 0.7224324345588684, 0.5212892889976501, 1.693346381187439, -65.0753173828125, 0.5259820222854614, -0.25
34.69458627700806, 0.7404255270957947, 3.5896434783935547, 0.9923948049545288, -110.81864929199219, 0.5259820222854614, -0.25
34.70457720756531, 0.7489361763000488, 1.5891348123550415, 0.8133717179298401, -49.06437683105469, 0.5117425918579102, -0.25
34.714540004730225, 0.7617021203041077, 1.3688594102859497, -0.3612534999847412, -37.39887619018555, 0.5117425918579102, -0.25
34.7245728969574, 0.7702127695083618, 0.9357784390449524, -1.0144929885864258, -57.23466110229492, 0.5117425918579102, -0.25
34.73458123207092, 0.7710810899734497, -0.5551652908325195, -1.0838178396224976, 21.914648056030273, 0.5117425918579102, -0.25
34.7445650100708, 0.7818918824195862, 1.0486546754837036, -1.8588796854019165, -76.68470001220703, 0.49869203567504883, -0.25
34.75457954406738, 0.7900000214576721, 0.5371218323707581, -2.5181221961975098, -80.9146728515625, 0.49869203567504883, -0.25
34.76454997062683, 0.795405387878418, 0.49848100543022156, 3.0450119972229004, 1075.8353271484375, 0.49869203567504883, -0.25
34.77454972267151, 0.8106383085250854, 1.204487919807434, 1.762744665145874, -59.418235778808594, 0.49869203567504883, -0.25
34.7845675945282, 0.8212766051292419, 1.1943323612213135, 1.3837957382202148, -32.526912689208984, 0.4853653013706207, -0.25
34.79453992843628, 0.827659547328949, 0.9655451774597168, 1.2223443984985352, -26.393030166625977, 0.4853653013706207, -0.25
34.80455660820007, 0.8305405378341675, 1.0712995529174805, 0.14674796164035797, -93.5552749633789, 0.4853653013706207, -0.25
34.81454563140869, 0.8386486768722534, 0.5435084700584412, -0.6790443062782288, -65.5407943725586, 0.4853653013706207, -0.25
34.82457494735718, 0.8467567563056946, 0.44761922955513, -1.484695553779602, -50.72129440307617, 0.4737328588962555, -0.25
34.83459401130676, 0.8548648357391357, 0.4940491020679474, -2.259368896484375, -64.47470092773438, 0.4737328588962555, -0.25
34.84455108642578, 0.8680850863456726, 2.1746034622192383, 2.438883066177368, 1467.6600341796875, 0.4737328588962555, -0.25
34.85459852218628, 0.8710810542106628, -0.21605339646339417, 2.1813724040985107, 26.244592666625977, 0.4737328588962555, -0.25
34.86457133293152, 0.8818919062614441, 0.9803223013877869, 1.111314296722412, -63.347267150878906, 0.4642699658870697, -0.25
34.874568462371826, 0.8899999856948853, 1.0397576093673706, 0.20281212031841278, -105.71269989013672, 0.4642699658870697, -0.25
34.884601354599, 0.8954054117202759, 0.49282482266426086, -0.7497815489768982, -110.80518341064453, 0.4642699658870697, -0.25
34.894569396972656, 0.9085106253623962, 1.9960085153579712, -1.8881769180297852, -144.2278289794922, 0.4642699658870697, -0.25
34.904579401016235, 0.911621630191803, 0.19236747920513153, -2.4888668060302734, -114.20175170898438, 0.4554242491722107, -0.25
34.91458296775818, 0.9170270562171936, 0.3839443325996399, 2.758918285369873, 828.3018798828125, 0.4554242491722107, -0.25
34.92456269264221, 0.9224324226379395, 0.8814210891723633, 1.9778339862823486, -127.36589050292969, 0.4554242491722107, -0.25
34.93455219268799, 0.9278378486633301, 0.5409150719642639, 0.9966100454330444, -76.79139709472656, 0.4554242491722107, -0.25
34.9445641040802, 0.9413513541221619, 1.2616066932678223, -0.21737049520015717, -97.62662506103516, 0.44595107436180115, -0.25
34.95455002784729, 0.9521621465682983, 1.0345858335494995, -1.4660214185714722, -119.20881652832031, 0.44595107436180115, -0.25
34.96454453468323, 0.9629729986190796, 0.5079061388969421, -2.4709856510162354, -73.93235778808594, 0.44595107436180115, -0.25
34.97455883026123, 0.9710810780525208, 1.023840069770813, 2.7554726600646973, 1071.69091796875, 0.44595107436180115, -0.25
34.98454141616821, 0.9737837910652161, 0.4394122362136841, 2.1235244274139404, -102.74374389648438, 0.43709537386894226, -0.25
34.99455738067627, 0.9872972965240479, 1.5945923328399658, 0.8539909720420837, -121.79663848876953, 0.43709537386894226, -0.25
35.00458073616028, 0.9981080889701843, 0.9963048696517944, -0.2528458833694458, -84.40847778320312, 0.43709537386894226, -0.25
35.01454782485962, 1.0062161684036255, 0.4522082507610321, -1.629227638244629, -117.37150573730469, 0.43709537386894226, -0.25
35.02454113960266, 1.0089188814163208, 0.4988758862018585, -2.250072717666626, -114.5981216430664, 0.42724156379699707, -0.25
35.03457236289978, 1.0170270204544067, 0.5250558853149414, 2.485719680786133, 1062.7513427734375, 0.42724156379699707, -0.25
35.044541120529175, 1.0251351594924927, 1.0639594793319702, 1.375717043876648, -144.7066650390625, 0.42724156379699707, -0.25
35.05457067489624, 1.0332432985305786, 0.9477035999298096, 0.23469075560569763, -118.99353790283203, 0.42724156379699707, -0.25
35.0645809173584, 1.0386486053466797, 0.5010589361190796, -0.9483880400657654, -83.69808959960938, 0.4168746769428253, -0.25
35.07455134391785, 1.0386486053466797, 0.0, -2.2184901237487793, -102.99835205078125, 0.4168746769428253, -0.25
35.0845410823822, 1.0359458923339844, -0.5113427042961121, -2.571505069732666, -66.78929901123047, 0.4168746769428253, -0.25
35.09456706047058, 1.027837872505188, -0.43301719427108765, 2.3898003101348877, -88.0281982421875, 0.4168746769428253, -0.25
35.104533672332764, 1.019729733467102, -0.4149932861328125, 1.5204417705535889, -13.87299919128418, 0.4062405228614807, 0.20000000298023224
35.11454796791077, 1.0089188814163208, -0.5273028612136841, 0.5143200755119324, -67.70951080322266, 0.4062405228614807, 0.20000000298023224
35.12454056739807, 1.0035134553909302, -0.5370200872421265, -0.3345174789428711, -98.83978271484375, 0.4062405228614807, 0.20000000298023224
35.13459038734436, 1.0008108615875244, -0.5205233097076416, -1.0454740524291992, -136.9257049560547, 0.4062405228614807, 0.20000000298023224
35.224565744400024, 0.9656756520271301, -1.0472015142440796, -1.7106636762619019, -74.43206787109375, 0.4114243686199188, 0.0
35.23461031913757, 0.9548648595809937, -1.5265910625457764, -2.2902119159698486, -64.13108825683594, 0.4114243686199188, 0.0
35.24456429481506, 0.9386486411094666, -1.8741765022277832, -2.8816945552825928, -71.71115112304688, 0.4114243686199188, 0.0
35.25454378128052, 0.9332432150840759, -0.8306251764297485, 2.9487290382385254, 895.935791015625, 0.4114243686199188, 0.0
35.264551401138306, 0.9197297096252441, -1.4727121591567993, 2.3273940086364746, -57.274044036865234, 0.4232254922389984, 0.20000000298023224
35.2745418548584, 0.911621630191803, -0.8980042338371277, 1.849273681640625, -49.3388671875, 0.4232254922389984, 0.20000000298023224
35.2845253944397, 0.903513491153717, -0.8980042338371277, 1.2500897645950317, -48.948665618896484, 0.4232254922389984, 0.20000000298023224
35.29454851150513, 0.8981081247329712, -0.750566303730011, 0.7621028423309326, -78.92329406738281, 0.4232254922389984, 0.20000000298023224
35.30454659461975, 0.8954054117202759, 0.0, 0.2785252630710602, -39.77285385131836, 0.4255778193473816, 0.20000000298023224
35.314563274383545, 0.8927026987075806, -0.5623273253440857, -0.023839103057980537, -62.9102668762207, 0.4255778193473816, 0.20000000298023224
35.32456064224243, 0.8899999856948853, 0.0, -0.5224683284759521, -53.52742004394531, 0.4255778193473816, 0.20000000298023224
35.33455467224121, 0.8845946192741394, -0.5717434287071228, -1.3033279180526733, -63.577232360839844, 0.4255778193473816, 0.20000000298023224
35.34460496902466, 0.8818919062614441, 0.0, -1.6072275638580322, -52.968387603759766, 0.4278656244277954, 0.20000000298023224
35.35455274581909, 0.8791891932487488, 0.0, -2.0512583255767822, -45.89073944091797, 0.4278656244277954, 0.20000000298023224
35.36454463005066, 0.8764864802360535, 0.0, -2.416691303253174, -3.0022525787353516, 0.4278656244277954, 0.20000000298023224
35.37457609176636, 0.8764864802360535, 0.0, -3.0437889099121094, -28.561004638671875, 0.4278656244277954, 0.20000000298023224
35.384573221206665, 0.8764864802360535, 0.0, 2.885802984237671, 1040.2589111328125, 0.435569703578949, 0.20000000298023224
35.39459705352783, 0.8764864802360535, 0.0, 2.3144149780273438, -60.056915283203125, 0.435569703578949, 0.20000000298023224
35.4045946598053, 0.8737837672233582, -0.5084072351455688, 1.8330130577087402, -21.385475158691406, 0.435569703578949, 0.20000000298023224
35.414576292037964, 0.8710810542106628, -0.5323294997215271, 1.5731996297836304, -18.48004913330078, 0.435569703578949, 0.20000000298023224
35.42455005645752, 0.865675687789917, -0.44631507992744446, 1.3927286863327026, -10.907707214355469, 0.44376930594444275, 0.20000000298023224
35.43455481529236, 0.8602702617645264, -0.5082249045372009, 1.2104123830795288, -22.0710506439209, 0.44376930594444275, 0.20000000298023224
35.44456171989441, 0.8548648357391357, -0.9580761194229126, 1.085728406906128, -22.099485397338867, 0.44376930594444275, 0.20000000298023224
35.45458459854126, 0.8494594693183899, -1.1336523294448853, 1.0085257291793823, -15.853004455566406, 0.44376930594444275, 0.20000000298023224
35.46454572677612, 0.8440540432929993, -0.519164502620697, 0.8789434432983398, 13.713622093200684, 0.4532421827316284, 0.20000000298023224
35.47455954551697, 0.8386486768722534, -0.4905429482460022, 0.7022011876106262, -17.647628784179688, 0.4532421827316284, 0.20000000298023224
35.48456120491028, 0.8332432508468628, -0.4914148151874542, 0.38236862421035767, -49.04589080810547, 0.4532421827316284, 0.20000000298023224
35.49456334114075, 0.8305405378341675, 0.0, 0.38896775245666504, -15.471435546875, 0.4532421827316284, 0.20000000298023224
35.50453042984009, 0.8251351118087769, -0.4893782138824463, 0.22156478464603424, 6.049457550048828, 0.46210813522338867, 0.20000000298023224
35.51455640792847, 0.8224324584007263, -0.5394735336303711, 0.13521546125411987, -17.23577117919922, 0.46210813522338867, 0.20000000298023224
35.52455806732178, 0.819729745388031, -0.5222980380058289, -0.031024480238556862, -17.667648315429688, 0.46210813522338867, 0.20000000298023224
35.5345618724823, 0.819729745388031, 0.0, -0.11672420054674149, -16.272624969482422, 0.46210813522338867, 0.20000000298023224
35.544538736343384, 0.8170270323753357, 0.0, -0.09767122566699982, 3.195286750793457, 0.47069481015205383, 0.20000000298023224
35.55455136299133, 0.8143243193626404, -0.5415610671043396, -0.07609688490629196, 11.095867156982422, 0.47069481015205383, 0.20000000298023224
35.564553022384644, 0.8143243193626404, 0.0, 0.07801034301519394, 6.195226669311523, 0.47069481015205383, 0.20000000298023224
35.57454514503479, 0.827659547328949, 0.0, 1.2170324325561523, 31.033864974975586, 0.47069481015205383, 0.20000000298023224
35.58453941345215, 0.8255318999290466, 0.0, 1.219024896621704, 0.3170754015445709, 0.47875022888183594, 0.20000000298023224
35.594552755355835, 0.8212766051292419, -0.48767971992492676, 1.1917179822921753, -2.8663620948791504, 0.47875022888183594, 0.20000000298023224
35.60455274581909, 0.8191489577293396, -0.46021613478660583, 1.1468454599380493, -5.565738201141357, 0.47875022888183594, 0.20000000298023224
35.61454129219055, 0.8170212507247925, 0.0, 1.043442964553833, -10.478367805480957, 0.47875022888183594, 0.20000000298023224
35.62453627586365, 0.8127659559249878, -0.4477248191833496, 0.9055034518241882, -12.687631607055664, 0.4866854250431061, 0.20000000298023224
35.63453817367554, 0.8106383085250854, 0.0, 0.7814647555351257, -12.162266731262207, 0.4866854250431061, 0.20000000298023224
35.64456796646118, 0.8085106611251831, 0.0, 0.5296725034713745, -23.633089065551758, 0.4866854250431061, 0.20000000298023224
35.65459179878235, 0.806382954120636, 0.0, 0.36688560247421265, -23.032224655151367, 0.4866854250431061, 0.20000000298023224
35.66455340385437, 0.806382954120636, 0.0, 0.09271613508462906, -18.771955490112305, 0.4940837621688843, 0.20000000298023224
35.67457914352417, 0.806382954120636, 0.0, 0.04114879295229912, 8.284232139587402, 0.4940837621688843, 0.20000000298023224
35.684579372406006, 0.806382954120636, 0.0, -0.37642186880111694, -22.777774810791016, 0.4940837621688843, 0.20000000298023224
35.694584131240845, 0.8085106611251831, 0.0, -0.5527670979499817, -21.344377517700195, 0.4940837621688843, 0.20000000298023224
35.7045578956604, 0.8106383085250854, 0.0, -0.8378981351852417, -7.574583053588867, 0.5020522475242615, -0.25
35.714555978775024, 0.8127659559249878, 0.0, -1.0465319156646729, -12.724639892578125, 0.5020522475242615, -0.25
35.724550008773804, 0.8170212507247925, 0.5122288465499878, -1.379618763923645, -26.2374210357666, 0.5020522475242615, -0.25
35.73455047607422, 0.8170212507247925, 0.0, -1.7226786613464355, -33.978336334228516, 0.5020522475242615, -0.25
35.744579553604126, 0.8191489577293396, 0.0, -2.0024609565734863, -37.345367431640625, 0.5092354416847229, -0.25
35.75454044342041, 0.8170212507247925, 0.0, -2.1938045024871826, -31.44948959350586, 0.5092354416847229, -0.25
35.76455497741699, 0.8170212507247925, 0.0, -2.6601943969726562, -34.527225494384766, 0.5092354416847229, -0.25
35.774540185928345, 0.8170212507247925, 0.0, -3.000044107437134, -26.657630920410156, 0.5092354416847229, -0.25
35.78458833694458, 0.8148936033248901, 0.0, 3.0630621910095215, -16.58429718017578, 0.5069401264190674, 0.20000000298023224
35.79454302787781, 0.8170212507247925, 0.0, 2.7078306674957275, -20.29526710510254, 0.5069401264190674, 0.20000000298023224
35.80454349517822, 0.8191489577293396, 0.5210516452789307, 2.2605137825012207, -34.19525146484375, 0.5069401264190674, 0.20000000298023224
35.81459355354309, 0.8212766051292419, 0.49225279688835144, 1.9749456644058228, -34.31739807128906, 0.5069401264190674, 0.20000000298023224
35.82459568977356, 0.8255318999290466, 0.5362688899040222, 1.6459499597549438, -32.387088775634766, 0.49452918767929077, -0.25
35.83459138870239, 0.8340425491333008, 0.5515483021736145, 1.2666611671447754, -19.201967239379883, 0.49452918767929077, -0.25
35.8445463180542, 0.8404255509376526, 1.031801462173462, 0.9793807864189148, -34.93630599975586, 0.49452918767929077, -0.25
35.8545937538147, 0.8531914949417114, 1.024398922920227, 0.47108766436576843, -36.026798248291016, 0.49452918767929077, -0.25
35.86454463005066, 0.8638297915458679, 1.1109930276870728, 0.10002440959215164, -40.06278991699219, 0.4877777397632599, -0.25
35.87456941604614, 0.8723404407501221, 0.8519380688667297, -0.21731044352054596, -34.12129592895508, 0.4877777397632599, -0.25
35.88456869125366, 0.8808510899543762, 1.0936336517333984, -0.6497764587402344, -45.70059585571289, 0.4877777397632599, -0.25
35.89457035064697, 0.8851063847541809, 0.5412123799324036, -1.1008176803588867, -47.83086395263672, 0.4877777397632599, -0.25
35.90465998649597, 0.8872340321540833, 0.0, -1.482108473777771, -44.739681243896484, 0.48331084847450256, -0.25
35.91459584236145, 0.8893616795539856, 0.0, -2.24802303314209, -43.52812576293945, 0.48331084847450256, -0.25
35.92457985877991, 0.8893616795539856, 0.0, -2.6861977577209473, -50.52390670776367, 0.48331084847450256, -0.25
35.93457317352295, 0.8914893865585327, 0.6072848439216614, -3.130659341812134, -62.789703369140625, 0.48331084847450256, -0.25
35.94456672668457, 0.8978723287582397, 0.5094218254089355, 2.3446013927459717, -54.357940673828125, 0.47248271107673645, -0.25
35.95452642440796, 0.9042553305625916, 0.5255624651908875, 1.7377183437347412, -55.201904296875, 0.47248271107673645, -0.25
35.96460461616516, 0.9106382727622986, 0.5317316055297852, 1.2629467248916626, -58.553741455078125, 0.47248271107673645, -0.25
35.97455883026123, 0.9191489219665527, 1.1959328651428223, 0.692729651927948, -63.4525032043457, 0.47248271107673645, -0.25
35.98454236984253, 0.9276595711708069, 1.136315107345581, 0.005301966797560453, -59.75077819824219, 0.4616568088531494, -0.25
35.99458885192871, 0.9297872185707092, 0.6084027290344238, -0.34968873858451843, -65.892333984375, 0.4616568088531494, -0.25
36.00454664230347, 0.936170220375061, 0.4946539103984833, -1.0815207958221436, -54.44807052612305, 0.4616568088531494, -0.25
36.01455116271973, 0.9404255151748657, 0.0, -1.6477773189544678, -59.27005386352539, 0.4616568088531494, -0.25
36.02457666397095, 0.9489361643791199, 0.5786572098731995, -2.288510799407959, -67.2416763305664, 0.45028626918792725, -0.25
36.03454542160034, 0.9553191661834717, 0.5526754856109619, -2.798030376434326, -65.38291931152344, 0.45028626918792725, -0.25
36.04458713531494, 0.9659574627876282, 0.0, 2.6780288219451904, -34.568702697753906, 0.45028626918792725, -0.25
36.054537534713745, 0.9765957593917847, 0.9320644736289978, 1.82077956199646, -63.476905822753906, 0.45028626918792725, -0.25
36.06457448005676, 0.9808510541915894, 0.5366882085800171, 1.0829421281814575, -109.13136291503906, 0.43909960985183716, -0.25
36.07457160949707, 0.9829787015914917, 0.0, 0.49566373229026794, -34.206382751464844, 0.43909960985183716, -0.25
36.08454966545105, 0.9893617033958435, 0.5304988026618958, -0.4080624282360077, -76.94994354248047, 0.43909960985183716, -0.25
36.09458255767822, 0.9936169981956482, 0.49427035450935364, -1.0218253135681152, -70.22749328613281, 0.43909960985183716, -0.25
36.10452890396118, 1.0, 0.49342313408851624, -1.9730380773544312, -73.20429229736328, 0.4288981854915619, -0.25
36.11458158493042, 1.006382942199707, 0.5400987267494202, -2.599717140197754, -77.80965423583984, 0.4288981854915619, -0.25
36.12455439567566, 1.0106383562088013, 0.3973662555217743, 3.049340009689331, 1113.193359375, 0.4288981854915619, -0.25
36.13456463813782, 1.0170212984085083, 0.5598174929618835, 1.917854905128479, -83.548095703125, 0.4288981854915619, -0.25
36.14457654953003, 1.0191489458084106, 0.5820159912109375, 1.4218456745147705, -91.38518524169922, 0.41909343004226685, -0.25
36.15459704399109, 1.02765953540802, 0.8816054463386536, 0.4769648611545563, -49.553951263427734, 0.41909343004226685, -0.25
36.164546489715576, 1.0319149494171143, 0.5569873452186584, -0.1126677393913269, -34.65707778930664, 0.41909343004226685, -0.25
36.17457914352417, 1.0340425968170166, 0.0, -0.9524926543235779, -39.289554595947266, 0.41909343004226685, -0.25
36.18455648422241, 1.0297871828079224, -0.5748180747032166, -1.4495997428894043, -67.64868927001953, 0.40949928760528564, -0.25
36.19454503059387, 1.0234042406082153, -0.5423306822776794, -2.183497190475464, -30.213991165161133, 0.40949928760528564, -0.25
36.204540729522705, 1.014893651008606, -0.5404912233352661, -2.86240553855896, -56.66572189331055, 0.40949928760528564, -0.25
36.21456456184387, 1.0106383562088013, -0.5211428999900818, 2.975731134414673, 1485.7491455078125, 0.40949928760528564, -0.25
36.34453988075256, 0.9893617033958435, -0.5556694269180298, -2.9476349353790283, -19.067228317260742, 0.4022001624107361, 0.0
36.354552268981934, 0.9872340559959412, 0.0, -3.061044216156006, -14.222216606140137, 0.4022001624107361, 0.0
36.36455821990967, 0.9808510541915894, 0.0, 3.0097830295562744, -20.171777725219727, 0.4022001624107361, 0.0
36.374573945999146, 0.9765957593917847, -0.4091724455356598, 2.8489537239074707, -16.092212677001953, 0.4022001624107361, 0.0
36.38458442687988, 0.9702127575874329, -0.47587326169013977, 2.5413200855255127, -4.475471496582031, 0.40635839104652405, 0.20000000298023224
36.394559383392334, 0.9659574627876282, -0.5701904892921448, 2.375216007232666, -23.037059783935547, 0.40635839104652405, 0.20000000298023224
36.40458703041077, 0.9638298153877258, -0.5442821979522705, 2.1550467014312744, -28.573776245117188, 0.40635839104652405, 0.20000000298023224
36.41455388069153, 0.9595744609832764, 0.0, 1.8582977056503296, -19.866910934448242, 0.40635839104652405, 0.20000000298023224
36.42454648017883, 0.957446813583374, 0.0, 1.691194772720337, -24.80244255065918, 0.40520399808883667, 0.20000000298023224
36.43457865715027, 0.9553191661834717, 0.0, 1.4806373119354248, -28.086925506591797, 0.40520399808883667, 0.20000000298023224
