34.13257193565369, 0.2702127695083618, 1.1663901805877686, 1.8045183420181274, -114.09879302978516, 0.5821869373321533, -0.25
34.14255428314209, 0.28723403811454773, 1.8711317777633667, 0.4590887427330017, -130.65267944335938, 0.5821869373321533, -0.25
34.15256690979004, 0.2978723347187042, 2.3016445636749268, -0.45295166969299316, -187.2821502685547, 0.5821869373321533, -0.25
34.16258478164673, 0.3063829839229584, 0.8538944721221924, -1.1302543878555298, -44.87235641479492, 0.5821869373321533, -0.25
34.1725754737854, 0.325531929731369, 0.9717483520507812, -2.78495192527771, -107.50016021728516, 0.581793487071991, -0.25
34.182578563690186, 0.34255319833755493, 1.7477577924728394, 2.0666582584381104, -131.10552978515625, 0.581793487071991, -0.25
34.192583084106445, 0.3510638177394867, 1.0621973276138306, 1.32785964012146, -62.203330993652344, 0.581793487071991, -0.25
34.20255470275879, 0.3723404109477997, 1.7639950513839722, -0.3966313302516937, -135.37818908691406, 0.581793487071991, -0.25
34.212576150894165, 0.38297873735427856, 0.527925431728363, -1.1342743635177612, -59.22315216064453, 0.5767248272895813, -0.25
34.222575426101685, 0.40425533056259155, 1.7775813341140747, -2.6441333293914795, -138.55335998535156, 0.5767248272895813, -0.25
34.23256301879883, 0.41489362716674805, 1.6056227684020996, 2.614891290664673, -131.54058837890625, 0.5767248272895813, -0.25
34.24256873130798, 0.43617022037506104, 2.2416605949401855, 1.0700360536575317, -141.60595703125, 0.5767248272895813, -0.25
34.25254988670349, 0.45957446098327637, 3.5023748874664307, -0.511570394039154, -219.90158081054688, 0.5654135346412659, -0.25
34.26256799697876, 0.47446808218955994, 1.6810343265533447, -1.5642337799072266, -139.8324737548828, 0.5654135346412659, -0.25
34.27255845069885, 0.4936170279979706, 1.8661754131317139, 3.0762367248535156, 1675.380615234375, 0.5654135346412659, -0.25
34.28258538246155, 0.5042552947998047, 1.5880978107452393, 2.2496368885040283, -136.1367645263672, 0.5654135346412659, -0.25
34.29255390167236, 0.5191489458084106, 0.9399674534797668, 1.1277505159378052, -82.04391479492188, 0.5519941449165344, -0.25
34.302560329437256, 0.5468084812164307, 2.3757872581481934, -0.893231987953186, -161.9153289794922, 0.5519941449165344, -0.25
34.312559604644775, 0.563829779624939, 2.7220752239227295, -2.3515734672546387, -225.65513610839844, 0.5519941449165344, -0.25
34.3225622177124, 0.5808510780334473, 1.6328465938568115, 2.41894793510437, -154.53958129882812, 0.5519941449165344, -0.25
34.33254909515381, 0.5957446694374084, 2.139418840408325, 1.2162013053894043, -153.27561950683594, 0.5380569100379944, -0.25
34.34255051612854, 0.6234042644500732, 3.716032028198242, -0.927387535572052, -270.24761962890625, 0.5380569100379944, -0.25
34.35257601737976, 0.6340425610542297, 2.0515060424804688, -1.8472375869750977, -149.4456024169922, 0.5380569100379944, -0.25
34.3625590801239, 0.6553191542625427, 1.6594653129577637, 2.547292470932007, 1469.7470703125, 0.5380569100379944, -0.25
34.37255597114563, 0.6680850982666016, 1.6045641899108887, 1.2498620748519897, -163.13037109375, 0.5260403752326965, -0.25
34.38259148597717, 0.6829787492752075, 1.3917734622955322, -0.07748851925134659, -147.07931518554688, 0.5260403752326965, -0.25
34.392558574676514, 0.7085106372833252, 1.582839846611023, -2.426629066467285, -167.06759643554688, 0.5260403752326965, -0.25
34.402562856674194, 0.721276581287384, 0.5921339988708496, 2.1220526695251465, -96.62887573242188, 0.5260403752326965, -0.25
34.41256356239319, 0.7340425252914429, 1.577151894569397, 0.7194924354553223, -173.22637939453125, 0.5156080722808838, -0.25
34.42256140708923, 0.7510638236999512, 2.12870192527771, -1.0535882711410522, -266.11834716796875, 0.5156080722808838, -0.25
34.432554960250854, 0.7723404169082642, 2.2908616065979004, 2.7222914695739746, 1401.598388671875, 0.5156080722808838, -0.25
34.44259452819824, 0.7808510661125183, 1.6522960662841797, 1.5665175914764404, -206.11953735351562, 0.5156080722808838, -0.25
34.452553033828735, 0.7978723645210266, 2.0911171436309814, -0.2036633938550949, -218.0277862548828, 0.5061582326889038, -0.25
34.46254634857178, 0.8170212507247925, 2.3955576419830322, -2.8031845092773438, -314.7495422363281, 0.5061582326889038, -0.25
34.472556829452515, 0.8255318999290466, 1.8023531436920166, 2.403242588043213, -203.13661193847656, 0.5061582326889038, -0.25
34.482579708099365, 0.8446808457374573, 1.5691099166870117, 0.130941703915596, -177.3729705810547, 0.5061582326889038, -0.25
34.492592096328735, 0.8574467897415161, 1.2950925827026367, -1.3798078298568726, -152.24520874023438, 0.4975544512271881, -0.25
34.50253987312317, 0.8787233829498291, 2.3702659606933594, 2.246807813644409, 1429.3948974609375, 0.4975544512271881, -0.25
34.51260542869568, 0.8893616795539856, 1.4078750610351562, 1.0937315225601196, -172.84410095214844, 0.4975544512271881, -0.25
34.522573471069336, 0.9127659797668457, 2.3701086044311523, -1.6109936237335205, -331.1556396484375, 0.4975544512271881, -0.25
34.532602310180664, 0.9212765693664551, 1.1543951034545898, -2.7755191326141357, -212.27317810058594, 0.4883246421813965, -0.25
34.542564868927, 0.9319148659706116, 1.338875412940979, 1.9207637310028076, -170.4572296142578, 0.4883246421813965, -0.25
34.5525598526001, 0.9510638117790222, 1.7666723728179932, -0.9212151765823364, -232.08251953125, 0.4883246421813965, -0.25
34.56259489059448, 0.9595744609832764, 1.0139814615249634, -2.5583043098449707, -194.32354736328125, 0.4883246421813965, -0.25
34.5726113319397, 0.9723404049873352, 1.1362428665161133, 1.2114838361740112, -227.8584442138672, 0.4783008396625519, -0.25
34.58257842063904, 0.9808510541915894, 1.1228046417236328, -0.43413296341896057, -216.54470825195312, 0.4783008396625519, -0.25
34.592576026916504, 0.9872340559959412, 0.0, -2.867189645767212, -221.4723663330078, 0.4783008396625519, -0.25
34.60256552696228, 0.9872340559959412, 0.0, 1.9137206077575684, -187.6242218017578, 0.4783008396625519, -0.25
34.612574338912964, 0.9808510541915894, -1.0929640531539917, 0.15721218287944794, -262.5848083496094, 0.46754783391952515, -0.25
34.62258434295654, 0.9702127575874329, -0.5965673327445984, -1.479495882987976, -87.4768295288086, 0.46754783391952515, -0.25
34.63255190849304, 0.9531915187835693, -1.7283507585525513, 2.8381404876708984, 1527.2615966796875, 0.46754783391952515, -0.25
34.64259672164917, 0.9446808695793152, -1.0075135231018066, 1.5661790370941162, -161.3301239013672, 0.46754783391952515, -0.25
34.65255093574524, 0.9297872185707092, -1.1376913785934448, -0.35716933012008667, -169.43150329589844, 0.4571080207824707, 0.30000001192092896
34.66254901885986, 0.9234042763710022, -1.190270185470581, -1.6492202281951904, -180.93711853027344, 0.4571080207824707, 0.30000001192092896
34.67258954048157, 0.9106382727622986, -1.3832879066467285, 3.0450377464294434, 1224.287109375, 0.4571080207824707, 0.30000001192092896
34.68255019187927, 0.8978723287582397, -1.2559356689453125, 1.1188334226608276, -172.1065673828125, 0.4571080207824707, 0.30000001192092896
34.6925528049469, 0.8936170339584351, -0.5709565877914429, -0.13576987385749817, -168.41343688964844, 0.44882985949516296, 0.30000001192092896
34.7025990486145, 0.8872340321540833, -0.7986800074577332, -1.412564754486084, -118.1829833984375, 0.44882985949516296, 0.30000001192092896
34.71256637573242, 0.8744680881500244, -1.5577884912490845, 2.6618261337280273, 1305.36767578125, 0.44882985949516296, 0.30000001192092896
34.722557067871094, 0.8702127933502197, -0.5129944086074829, 1.3959599733352661, -153.56942749023438, 0.44882985949516296, 0.30000001192092896
34.732545137405396, 0.8659574389457703, -0.3767011761665344, 0.16602416336536407, -109.92623138427734, 0.45278429985046387, 0.30000001192092896
34.74258804321289, 0.8574467897415161, -0.5150967240333557, -1.6507612466812134, -75.28096008300781, 0.45278429985046387, 0.30000001192092896
34.75254797935486, 0.8425531983375549, -1.1340768337249756, 2.967005729675293, 1530.6973876953125, 0.45278429985046387, 0.30000001192092896
34.76257371902466, 0.8319149017333984, -0.9615398049354553, 1.881270170211792, -125.60135650634766, 0.45278429985046387, 0.30000001192092896
34.772541761398315, 0.8170212507247925, -1.7723153829574585, 0.6552080512046814, -139.23622131347656, 0.46929845213890076, 0.30000001192092896
34.782559633255005, 0.8021276593208313, -1.6788206100463867, -0.5349900126457214, -124.17616271972656, 0.46929845213890076, 0.30000001192092896
34.7925865650177, 0.7893617153167725, -1.2373319864273071, -1.5021449327468872, -95.02518463134766, 0.46929845213890076, 0.30000001192092896
34.80260944366455, 0.7680851221084595, -1.6353400945663452, -2.8721165657043457, -116.43265533447266, 0.46929845213890076, 0.30000001192092896
34.81254243850708, 0.7489361763000488, -1.8007770776748657, 2.013312578201294, -137.76583862304688, 0.4899040460586548, 0.30000001192092896
34.82259654998779, 0.73617023229599, -1.3734943866729736, 1.0884959697723389, -93.70032501220703, 0.4899040460586548, 0.30000001192092896
34.83255314826965, 0.721276581287384, -1.2395375967025757, -0.2215769737958908, -131.63217163085938, 0.4899040460586548, 0.30000001192092896
34.84260678291321, 0.7106382846832275, -1.1112697124481201, -1.1588398218154907, -126.02916717529297, 0.4899040460586548, 0.30000001192092896
34.85258412361145, 0.699999988079071, -0.8767980933189392, -2.0039594173431396, -80.9176254272461, 0.5098060965538025, 0.30000001192092896
34.8625590801239, 0.6787233948707581, -1.7522189617156982, 2.756725311279297, 1605.4610595703125, 0.5098060965538025, 0.30000001192092896
34.87255930900574, 0.6680850982666016, -1.0798053741455078, 1.8921434879302979, -115.55928802490234, 0.5098060965538025, 0.30000001192092896
34.88256764411926, 0.6531915068626404, -1.1692938804626465, 0.6802513599395752, -109.79878997802734, 0.5098060965538025, 0.30000001192092896
34.8925895690918, 0.6425532102584839, -0.9906256198883057, -0.13750573992729187, -98.38133239746094, 0.5261926651000977, 0.30000001192092896
34.90258431434631, 0.6297872066497803, -1.1825417280197144, -1.3506847620010376, -105.81761932373047, 0.5261926651000977, 0.30000001192092896
34.9125657081604, 0.6191489100456238, -1.4596889019012451, -2.1385557651519775, -91.20975494384766, 0.5261926651000977, 0.30000001192092896
34.92254829406738, 0.6042553186416626, -1.106173038482666, 2.9890780448913574, 1533.3255615234375, 0.5261926651000977, 0.30000001192092896
34.93257188796997, 0.5936170220375061, -1.655975341796875, 2.210344076156616, -100.54570007324219, 0.5384038090705872, 0.30000001192092896
34.942561864852905, 0.5808510780334473, -1.1159248352050781, 1.1463981866836548, -90.4244155883789, 0.5384038090705872, 0.30000001192092896
34.952595949172974, 0.5723404288291931, -1.1538726091384888, 0.40185993909835815, -100.6847152709961, 0.5384038090705872, 0.30000001192092896
34.9625403881073, 0.5595744848251343, -1.1917803287506104, -0.6294543743133545, -94.2242431640625, 0.5384038090705872, 0.30000001192092896
34.972588300704956, 0.5510638356208801, -1.0537313222885132, -1.2861018180847168, -78.3655014038086, 0.5492871403694153, 0.30000001192092896
34.98254919052124, 0.5382978916168213, -1.1936932802200317, -2.2574851512908936, -94.9937515258789, 0.5492871403694153, 0.30000001192092896
34.99254751205444, 0.5276595950126648, -1.689414620399475, -2.9050445556640625, -88.41552734375, 0.5492871403694153, 0.30000001192092896
35.00258278846741, 0.5148935914039612, -1.2619742155075073, 2.4370932579040527, -91.45294189453125, 0.5492871403694153, 0.30000001192092896
35.01256847381592, 0.5085106492042542, -0.9749332070350647, 1.8257421255111694, -102.54241180419922, 0.5588678121566772, 0.30000001192092896
35.02255368232727, 0.4957446753978729, -1.1680694818496704, 0.9512252807617188, -76.595703125, 0.5588678121566772, 0.30000001192092896
35.03258752822876, 0.4893617033958435, -1.0049606561660767, 0.39696764945983887, -64.56378173828125, 0.5588678121566772, 0.30000001192092896
35.04256796836853, 0.48085105419158936, -0.7868145704269409, -0.14109568297863007, -48.768043518066406, 0.5588678121566772, 0.30000001192092896
35.0525689125061, 0.47021275758743286, -1.2009220123291016, -0.9188625812530518, -73.92449188232422, 0.5680818557739258, 0.30000001192092896
35.062557220458984, 0.45957446098327637, -1.1742944717407227, -1.651322841644287, -66.29842376708984, 0.5680818557739258, 0.30000001192092896
35.07256579399109, 0.4510638415813446, -0.8884957432746887, -2.111063003540039, -51.36554718017578, 0.5680818557739258, 0.30000001192092896
35.082552433013916, 0.4404255449771881, -1.2088934183120728, -2.8062686920166016, -64.63011169433594, 0.5680818557739258, 0.30000001192092896
35.09262824058533, 0.4340425431728363, -1.1793380975723267, 3.0276856422424316, 1675.072265625, 0.5786042809486389, 0.30000001192092896
35.10256862640381, 0.4234042465686798, -0.9402150511741638, 2.4389402866363525, -43.395450592041016, 0.5786042809486389, 0.30000001192092896
35.1125864982605, 0.4170212745666504, -1.1749902963638306, 2.0332694053649902, -51.80945587158203, 0.5786042809486389, 0.30000001192092896
35.122551679611206, 0.40851062536239624, -0.5928026437759399, 1.4991408586502075, -51.132476806640625, 0.5786042809486389, 0.30000001192092896
35.13259506225586, 0.40425533056259155, 0.0, 1.1782346963882446, -26.157222747802734, 0.5893915295600891, 0.30000001192092896
35.14259219169617, 0.3957446813583374, -0.5483288168907166, 0.6454113721847534, -49.41511917114258, 0.5893915295600891, 0.30000001192092896
35.1525456905365, 0.38723403215408325, -0.5515483021736145, 0.16884560883045197, -42.8707275390625, 0.5893915295600891, 0.30000001192092896
35.1626033782959, 0.38297873735427856, -0.5583115220069885, -0.1588885337114334, -46.1536750793457, 0.5893915295600891, 0.30000001192092896
35.17256236076355, 0.37659573554992676, -0.5767871737480164, -0.6437550783157349, -43.340057373046875, 0.5893610715866089, 0.30000001192092896
35.18255639076233, 0.3744680881500244, -0.5536698698997498, -0.9639952778816223, -50.57289123535156, 0.5893610715866089, 0.30000001192092896
35.192569971084595, 0.37021276354789734, -0.6012701392173767, -1.4528237581253052, -69.59681701660156, 0.5893610715866089, 0.30000001192092896
35.20258188247681, 0.37021276354789734, 0.0, -1.7287145853042603, -58.643280029296875, 0.5893610715866089, 0.30000001192092896
35.21255111694336, 0.36595743894577026, -0.5793333649635315, -2.2071011066436768, -36.85841751098633, 0.5906499028205872, 0.30000001192092896
35.222556591033936, 0.36595743894577026, 0.0, -2.4933032989501953, -38.37845993041992, 0.5906499028205872, 0.30000001192092896
35.23254990577698, 0.3617021143436432, 0.0, -2.796851873397827, -30.261877059936523, 0.5906499028205872, 0.30000001192092896
35.242557525634766, 0.3574468195438385, -0.5193837285041809, -2.916616916656494, -10.780028343200684, 0.5906499028205872, 0.30000001192092896
35.25255084037781, 0.34893617033958435, -1.1686813831329346, -3.0677921772003174, -21.132944107055664, 0.600362241268158, 0.30000001192092896
35.262563705444336, 0.3446808457374573, -0.47701790928840637, -3.1079304218292236, -8.686240196228027, 0.600362241268158, 0.30000001192092896
35.272544860839844, 0.33829787373542786, -0.582243800163269, 3.0688819885253906, -2.1348166465759277, 0.600362241268158, 0.30000001192092896
35.28255271911621, 0.3361702263355255, 0.0, 3.0243146419525146, -7.015300750732422, 0.600362241268158, 0.30000001192092896
35.29254198074341, 0.33191490173339844, -0.3762723505496979, 2.9845118522644043, -1.394758701324463, 0.6139430403709412, 0.30000001192092896
35.30257606506348, 0.32765957713127136, -0.5559117197990417, 2.91782283782959, -1.0918292999267578, 0.6139430403709412, 0.30000001192092896
35.31254553794861, 0.325531929731369, 0.0, 2.9045863151550293, 2.2764687538146973, 0.6139430403709412, 0.30000001192092896
35.322580337524414, 0.32127660512924194, -0.5529494285583496, 2.9164412021636963, 3.9726390838623047, 0.6139430403709412, 0.30000001192092896
35.33254837989807, 0.31702128052711487, -0.60090571641922, -3.1254899501800537, -1724.058837890625, 0.6305614709854126, 0.30000001192092896
35.34255051612854, 0.31489360332489014, 0.0, 3.0962774753570557, 16.567533493041992, 0.6305614709854126, 0.30000001192092896
35.35260820388794, 0.3127659559249878, 0.0, -3.1033010482788086, 3.692382574081421, 0.6305614709854126, 0.30000001192092896
35.362569093704224, 0.31063830852508545, 0.0, -2.8682351112365723, 21.852352142333984, 0.6305614709854126, 0.30000001192092896
35.37254476547241, 0.3085106313228607, 0.0, -2.6347954273223877, 19.199831008911133, 0.646623432636261, 0.30000001192092896
35.382582902908325, 0.3085106313228607, 0.0, -2.5009560585021973, 26.772890090942383, 0.646623432636261, 0.30000001192092896
35.39255881309509, 0.3063829839229584, -0.5421000719070435, -2.2180356979370117, 23.428966522216797, 0.646623432636261, 0.30000001192092896
35.40255546569824, 0.3063829839229584, 0.0, -2.0283217430114746, 26.947906494140625, 0.646623432636261, 0.30000001192092896
35.412562131881714, 0.3063829839229584, 0.0, -1.7528855800628662, 23.051368713378906, 0.6607866883277893, 0.30000001192092896
35.42257380485535, 0.3063829839229584, 0.0, -1.5795791149139404, 21.140226364135742, 0.6607866883277893, 0.30000001192092896
35.432563066482544, 0.3063829839229584, 0.0, -1.3073582649230957, 35.46369552612305, 0.6607866883277893, 0.30000001192092896
35.44257736206055, 0.3063829839229584, 0.0, -1.1916145086288452, 19.66730308532715, 0.6607866883277893, 0.30000001192092896
35.45255494117737, 0.30425530672073364, 0.0, -0.95570307970047, 24.53339958190918, 0.6732561588287354, 0.30000001192092896
35.462543964385986, 0.30425530672073364, 0.0, -0.7009663581848145, 46.15401840209961, 0.6732561588287354, 0.30000001192092896
35.47255063056946, 0.30425530672073364, 0.0, -0.30871912837028503, 44.14125442504883, 0.6732561588287354, 0.30000001192092896
35.48259687423706, 0.30425530672073364, 0.0, 0.027312016114592552, 40.85819625854492, 0.6732561588287354, 0.30000001192092896
35.49255061149597, 0.30425530672073364, 0.0, 0.6074582934379578, 50.32506561279297, 0.6845741271972656, 0.30000001192092896
35.502580642700195, 0.3063829839229584, 0.5916236639022827, 0.9709345102310181, 77.60657501220703, 0.6845741271972656, 0.30000001192092896
35.51254487037659, 0.3085106313228607, 0.0, 1.424068808555603, 35.94429397583008, 0.6845741271972656, 0.30000001192092896
35.52254676818848, 0.31063830852508545, 0.0, 1.6050770282745361, 10.294391632080078, 0.6845741271972656, 0.30000001192092896
35.53254222869873, 0.3127659559249878, 0.0, 1.8712481260299683, 10.896982192993164, 0.6947839260101318, -0.25
35.54258346557617, 0.3191489279270172, 0.4812365770339966, 2.433581590652466, 38.96151351928711, 0.6947839260101318, -0.25
35.55256628990173, 0.32127660512924194, 0.49799391627311707, 2.89805269241333, 55.716976165771484, 0.6947839260101318, -0.25
35.562554359436035, 0.325531929731369, 0.5663546919822693, -2.478450298309326, 75.6424560546875, 0.6947839260101318, -0.25
35.57258915901184, 0.32765957713127136, 0.6013511419296265, -1.9093183279037476, 55.54634475708008, 0.7043922543525696, -0.25
35.58254933357239, 0.3297872245311737, 0.5639210939407349, -1.4987679719924927, 61.944942474365234, 0.7043922543525696, -0.25
35.5925509929657, 0.33191490173339844, 0.6136742830276489, -1.1083358526229858, 65.08546447753906, 0.7043922543525696, -0.25
35.60257625579834, 0.33829787373542786, 0.5984476208686829, -0.5736608505249023, 65.16966247558594, 0.7043922543525696, -0.25
35.6125431060791, 0.3446808457374573, 1.0727312564849854, 0.4396376609802246, 137.53672790527344, 0.6992676854133606, -0.25
35.62256169319153, 0.3510638177394867, 0.5786947011947632, 1.0463632345199585, 78.47510528564453, 0.6992676854133606, -0.25
35.632556676864624, 0.3617021143436432, 1.693047046661377, 1.6109917163848877, 69.259765625, 0.6992676854133606, -0.25
35.6425564289093, 0.36595743894577026, 0.4232417047023773, 1.8432637453079224, 31.00139045715332, 0.6992676854133606, -0.25
35.652554988861084, 0.38085106015205383, 1.150896430015564, 2.4751110076904297, 62.20497131347656, 0.6867128610610962, -0.25
35.662601470947266, 0.3851063847541809, 0.0, 2.860766649246216, 37.1696891784668, 0.6867128610610962, -0.25
35.67257905006409, 0.3957446813583374, 1.2225843667984009, -2.8133671283721924, 60.03725051879883, 0.6867128610610962, -0.25
35.68257403373718, 0.4063829779624939, 0.7259752750396729, -2.1626298427581787, 35.65378189086914, 0.6867128610610962, -0.25
35.6925630569458, 0.42553192377090454, 1.2031887769699097, -1.4929649829864502, 46.15501022338867, 0.6698713302612305, -0.25
35.70255637168884, 0.4404255449771881, 0.5495443940162659, -1.0856167078018188, 24.205108642578125, 0.6698713302612305, -0.25
35.71257472038269, 0.4553191363811493, 2.2839722633361816, -0.4564369022846222, 115.28886413574219, 0.6698713302612305, -0.25
35.72254800796509, 0.4723404347896576, 1.2498670816421509, 0.696558952331543, 107.22301483154297, 0.6698713302612305, -0.25
35.73258018493652, 0.478723406791687, 1.061502456665039, 1.162438988685608, 79.33597564697266, 0.6525387167930603, -0.25
35.74254369735718, 0.49148935079574585, 0.5994929075241089, 1.9135452508926392, 59.94479751586914, 0.6525387167930603, -0.25
35.75256705284119, 0.49787235260009766, 0.5361078381538391, 2.3168082237243652, 39.59749984741211, 0.6525387167930603, -0.25
35.76254177093506, 0.5148935914039612, 2.049738883972168, -2.3359246253967285, 176.19512939453125, 0.6525387167930603, -0.25
35.772560119628906, 0.5234042406082153, 1.0633364915847778, -1.6792062520980835, 70.37387084960938, 0.6376339197158813, -0.25
35.78255367279053, 0.5319148898124695, 1.0020267963409424, -1.2061346769332886, 59.63920211791992, 0.6376339197158813, -0.25
35.7925500869751, 0.5468084812164307, 1.8114995956420898, 0.18333463370800018, 215.6670379638672, 0.6376339197158813, -0.25
35.802573680877686, 0.5531914830207825, 1.6261025667190552, 1.0521870851516724, 159.3553009033203, 0.6376339197158813, -0.25
35.81256866455078, 0.5595744848251343, 0.4418940842151642, 1.471840739250183, 27.22743034362793, 0.6265829205513, -0.25
35.82257843017578, 0.5765957236289978, 1.6682548522949219, 2.556239366531372, 106.61228942871094, 0.6265829205513, -0.25
35.832561016082764, 0.585106372833252, 0.8155031800270081, -2.8100833892822266, -1079.27685546875, 0.6265829205513, -0.25
35.842559576034546, 0.5978723168373108, 0.7381044030189514, -1.7091008424758911, 57.35513687133789, 0.6265829205513, -0.25
35.85255694389343, 0.6106383204460144, 1.1281273365020752, -0.6139864325523376, 103.55187225341797, 0.6183667778968811, -0.25
35.86256647109985, 0.6148936152458191, 0.5278317332267761, 0.2935832738876343, 158.3334197998047, 0.6183667778968811, -0.25
35.87256908416748, 0.6297872066497803, 1.129626750946045, 1.7138022184371948, 79.38513946533203, 0.6183667778968811, -0.25
35.88257622718811, 0.6425532102584839, 0.5427594780921936, 2.6996333599090576, 69.8876724243164, 0.6183667778968811, -0.25
35.8925883769989, 0.6531915068626404, 1.1028238534927368, -2.3135461807250977, 156.46002197265625, 0.6108563542366028, -0.25
35.902554750442505, 0.6659574508666992, 1.123016595840454, -1.2877395153045654, 75.32772827148438, 0.6108563542366028, -0.25
35.912548542022705, 0.6744681000709534, 1.0391907691955566, -0.3648873567581177, 129.2098846435547, 0.6108563542366028, -0.25
35.922603368759155, 0.6829787492752075, 0.707359790802002, 1.0141923427581787, 103.06417083740234, 0.6108563542366028, -0.25
35.932557344436646, 0.699999988079071, 1.8138315677642822, 2.530848741531372, 183.48880004882812, 0.6036130785942078, -0.25
35.942567110061646, 0.7063829898834229, 1.0301340818405151, -2.736224889755249, -1345.6964111328125, 0.6036130785942078, -0.25
35.95259666442871, 0.714893639087677, 1.0613762140274048, -1.7474310398101807, 98.117431640625, 0.6036130785942078, -0.25
35.96255540847778, 0.7340425252914429, 2.3697938919067383, 0.25829827785491943, 292.2059631347656, 0.6036130785942078, -0.25
35.97257328033447, 0.7382978796958923, 0.49718931317329407, 1.1656301021575928, 121.59879302978516, 0.5950208902359009, -0.25
35.98255920410156, 0.7510638236999512, 1.1743717193603516, 2.31118106842041, 115.7807846069336, 0.5950208902359009, -0.25
35.992597579956055, 0.7617021203041077, 1.244926929473877, -2.5229074954986572, -1069.182861328125, 0.5950208902359009, -0.25
36.002551555633545, 0.778723418712616, 1.1773154735565186, -0.9717603325843811, 116.82403564453125, 0.5950208902359009, -0.25
36.01257562637329, 0.7829787135124207, 1.07784903049469, -0.01673218607902527, 177.90640258789062, 0.5853783488273621, -0.25
36.02255988121033, 0.7936170101165771, 1.1385623216629028, 1.6157535314559937, 105.94647216796875, 0.5853783488273621, -0.25
36.03255867958069, 0.8021276593208313, 1.103028416633606, 2.5438029766082764, 142.1201934814453, 0.5853783488273621, -0.25
36.042582273483276, 0.8191489577293396, 1.2292927503585815, -1.7126284837722778, 126.23435974121094, 0.5853783488273621, -0.25
36.052544832229614, 0.8234042525291443, 0.0, -1.1112340688705444, 44.13770294189453, 0.5787582993507385, -0.25
36.06255340576172, 0.8361701965332031, 1.1428636312484741, 1.1800389289855957, 157.31326293945312, 0.5787582993507385, -0.25
36.07255530357361, 0.8446808457374573, 1.1027557849884033, 2.0162622928619385, 107.1492919921875, 0.5787582993507385, -0.25
36.08256959915161, 0.8595744967460632, 1.1195647716522217, -2.1156561374664307, 177.96104431152344, 0.5787582993507385, -0.25
36.09253978729248, 0.8680850863456726, 0.5231592655181885, -1.02239191532135, 57.46443557739258, 0.5687384605407715, -0.25
36.102582931518555, 0.8765957355499268, 1.1249276399612427, 0.5512204170227051, 244.3128204345703, 0.5687384605407715, -0.25
36.11260628700256, 0.8851063847541809, 0.6472566723823547, 1.6153651475906372, 68.4141845703125, 0.5687384605407715, -0.25
36.12258815765381, 0.8957446813583374, 0.8545076847076416, -2.7632672786712646, -1025.4932861328125, 0.5687384605407715, -0.25
36.13260459899902, 0.9063829779624939, 1.065749168395996, -1.4113227128982544, 107.96780395507812, 0.5583097338676453, -0.25
36.142563343048096, 0.9127659797668457, 0.5104124546051025, -0.23989064991474152, 164.05633544921875, 0.5583097338676453, -0.25
36.15256428718567, 0.9063829779624939, -1.133644700050354, 1.674156665802002, 86.08019256591797, 0.5583097338676453, -0.25
36.162556648254395, 0.8999999761581421, -1.1405266523361206, 2.4985363483428955, 116.01905059814453, 0.5583097338676453, -0.25
36.17257571220398, 0.8914893865585327, -1.1171122789382935, -2.468122959136963, 172.91510009765625, 0.5475813150405884, 0.30000001192092896
36.182618618011475, 0.8808510899543762, -1.1690641641616821, -1.1702044010162354, 131.61158752441406, 0.5475813150405884, 0.30000001192092896
36.19254922866821, 0.8702127933502197, -1.1537234783172607, 0.07487790286540985, 162.00584411621094, 0.5475813150405884, 0.30000001192092896
36.20262956619263, 0.8595744967460632, -1.6028350591659546, 0.8839778900146484, 51.558616638183594, 0.5475813150405884, 0.30000001192092896
36.21256446838379, 0.8510638475418091, -0.5298688411712646, 2.113770008087158, 83.4533462524414, 0.5381494760513306, 0.30000001192092896
36.222574949264526, 0.8446808457374573, -0.6072022318840027, -3.0836687088012695, -1613.7913818359375, 0.5381494760513306, 0.30000001192092896
36.23258376121521, 0.8404255509376526, -0.588890790939331, -1.593773365020752, 93.97699737548828, 0.5381494760513306, 0.30000001192092896
36.24255180358887, 0.8340425491333008, -0.5161394476890564, -0.95650714635849, 80.74253845214844, 0.5381494760513306, 0.30000001192092896
36.25254678726196, 0.8255318999290466, -0.5914276242256165, 0.3744920492172241, 77.64490509033203, 0.5418798923492432, 0.30000001192092896
36.26254844665527, 0.8234042525291443, 0.0, 1.484910249710083, 84.65958404541016, 0.5418798923492432, 0.30000001192092896
36.272568702697754, 0.8191489577293396, -0.39747244119644165, 2.131972312927246, 64.1637954711914, 0.5418798923492432, 0.30000001192092896
36.282607078552246, 0.8148936033248901, -0.5862985849380493, -2.5317912101745605, 167.89178466796875, 0.5418798923492432, 0.30000001192092896
36.29294538497925, 0.806382954120636, -1.084200143814087, -1.5162675380706787, 62.90058898925781, 0.5566721558570862, 0.30000001192092896
36.30256628990173, 0.7978723645210266, -1.0260478258132935, -0.9698841571807861, 71.6616439819336, 0.5566721558570862, 0.30000001192092896
36.31255006790161, 0.785106360912323, -1.213991403579712, 0.0029449930880218744, 59.565467834472656, 0.5566721558570862, 0.30000001192092896
36.32254934310913, 0.7723404169082642, -1.7554359436035156, 1.1189159154891968, 95.35623168945312, 0.5566721558570862, 0.30000001192092896
36.33256816864014, 0.7595744729042053, -1.563611388206482, 1.6729357242584229, 46.81800842285156, 0.5764041543006897, 0.30000001192092896
36.34254860877991, 0.7446808218955994, -1.1817587614059448, 2.3470776081085205, 67.37178039550781, 0.5764041543006897, 0.30000001192092896
36.35255432128906, 0.7340425252914429, -1.1368217468261719, 3.0471248626708984, 102.54948425292969, 0.5764041543006897, 0.30000001192092896
36.362584829330444, 0.721276581287384, -1.4850318431854248, -2.2514617443084717, 75.91220092773438, 0.5764041543006897, 0.30000001192092896
36.37254071235657, 0.7127659320831299, -0.5519235134124756, -1.7634270191192627, 24.345212936401367, 0.5966710448265076, 0.30000001192092896
36.382606506347656, 0.699999988079071, -1.069260835647583, -1.1940406560897827, 46.690956115722656, 0.5966710448265076, 0.30000001192092896
36.39255094528198, 0.693617045879364, -0.4448014199733734, -0.6796042919158936, 60.5953254699707, 0.5966710448265076, 0.30000001192092896
36.40259385108948, 0.6829787492752075, -0.6281004548072815, 0.6273679733276367, 188.6548309326172, 0.5966710448265076, 0.30000001192092896
36.41254115104675, 0.6702127456665039, -1.1529781818389893, 1.444530963897705, 56.56015396118164, 0.613162100315094, 0.30000001192092896
36.422602891922, 0.6638298034667969, -1.0052436590194702, 1.8038051128387451, 41.25431442260742, 0.613162100315094, 0.30000001192092896
36.432555198669434, 0.6553191542625427, -0.5676877498626709, 2.4307448863983154, 67.02655029296875, 0.613162100315094, 0.30000001192092896
36.44254994392395, 0.651063859462738, -0.558730959892273, -3.0907368659973145, -1537.3720703125, 0.613162100315094, 0.30000001192092896
36.45257258415222, 0.6468085050582886, -0.4796845316886902, -2.5052268505096436, 35.14027404785156, 0.6135244369506836, 0.30000001192092896
36.46256637573242, 0.6425532102584839, 0.0, -1.4948538541793823, 79.7002944946289, 0.6135244369506836, 0.30000001192092896
36.4725604057312, 0.6382978558540344, -0.616599977016449, -1.0507562160491943, 32.292625427246094, 0.6135244369506836, 0.30000001192092896
36.4825701713562, 0.6361702084541321, -0.5595718026161194, -0.573931872844696, 67.26410675048828, 0.6135244369506836, 0.30000001192092896
36.49257564544678, 0.6340425610542297, -0.49975085258483887, 0.09013581275939941, 72.19883728027344, 0.6127814054489136, 0.30000001192092896
36.50258946418762, 0.6297872066497803, 0.0, 1.0081031322479248, 70.51537322998047, 0.6127814054489136, 0.30000001192092896
36.51256442070007, 0.6255319118499756, 0.0, 1.6207505464553833, 34.014869689941406, 0.6127814054489136, 0.30000001192092896
36.522618770599365, 0.6212766170501709, -0.5569177865982056, 1.8838869333267212, 33.82122039794922, 0.6127814054489136, 0.30000001192092896
36.532557010650635, 0.6170212626457214, -0.5600283145904541, 2.3386170864105225, 45.654727935791016, 0.6198580861091614, 0.30000001192092896
36.54257249832153, 0.6127659678459167, -0.5734145641326904, 2.7100298404693604, 54.134944915771484, 0.6198580861091614, 0.30000001192092896
36.55254864692688, 0.6063829660415649, -0.5940654277801514, -2.746368169784546, 84.37844848632812, 0.6198580861091614, 0.30000001192092896
36.56256127357483, 0.6000000238418579, 2.1237220764160156, -2.169433116912842, 120.5157699584961, 0.6198580861091614, 0.30000001192092896
36.572551250457764, 0.5936170220375061, -0.5777580738067627, -1.8773285150527954, 41.3865966796875, 0.6303508281707764, 0.30000001192092896
36.5825457572937, 0.5893617272377014, -0.4379257559776306, -1.6922022104263306, 19.091142654418945, 0.6303508281707764, 0.30000001192092896
36.592570781707764, 0.5808510780334473, -0.5409499406814575, -1.4663612842559814, 39.751075744628906, 0.6303508281707764, 0.30000001192092896
36.60255551338196, 0.5744680762290955, -0.5661391019821167, -1.2885358333587646, 13.230935096740723, 0.6303508281707764, 0.30000001192092896
36.61257815361023, 0.5702127814292908, -0.47814247012138367, -1.1871263980865479, 11.726378440856934, 0.64540696144104, 0.30000001192092896
36.62254977226257, 0.5617021322250366, -0.6044876575469971, -1.0662850141525269, 13.133625984191895, 0.64540696144104, 0.30000001192092896
36.63257884979248, 0.5574468374252319, -0.5189005136489868, -0.9896829128265381, 11.608940124511719, 0.64540696144104, 0.30000001192092896
36.642552614212036, 0.5489361882209778, -1.0104224681854248, -0.9090208411216736, 4.151674270629883, 0.64540696144104, 0.30000001192092896
36.65256333351135, 0.5446808338165283, -0.524882435798645, -0.8693236112594604, -0.13412471115589142, 0.6615245342254639, 0.30000001192092896
36.66254258155823, 0.5278378129005432, -2.518388509750366, -0.34821340441703796, 50.137630462646484, 0.6615245342254639, 0.30000001192092896
36.67260670661926, 0.5224324464797974, -0.45520445704460144, -0.494737446308136, -33.996421813964844, 0.6615245342254639, 0.30000001192092896
36.682549476623535, 0.5170270204544067, -0.5238185524940491, -0.14143694937229156, 9.229994773864746, 0.6615245342254639, 0.30000001192092896
36.69256019592285, 0.5143243074417114, -0.44096770882606506, -0.2665471136569977, -20.41273307800293, 0.6765065789222717, 0.30000001192092896
36.70256471633911, 0.5089189410209656, -0.5064764618873596, -0.045995667576789856, 5.041934967041016, 0.6765065789222717, 0.30000001192092896
36.712599992752075, 0.5062162280082703, 0.0, 0.019812077283859253, 5.978668212890625, 0.6765065789222717, 0.30000001192092896
36.72255873680115, 0.5008108019828796, -0.5024135708808899, -0.026182662695646286, -9.592246055603027, 0.6765065789222717, 0.30000001192092896
36.732576847076416, 0.4981081187725067, -0.48885059356689453, -0.04337998852133751, -15.579530715942383, 0.6902889609336853, 0.30000001192092896
36.742568254470825, 0.4954054057598114, 0.0, 0.03565841168165207, 13.123543739318848, 0.6902889609336853, 0.30000001192092896
36.75255489349365, 0.49000000953674316, -0.520642876625061, -0.015069306828081608, 14.703660011291504, 0.6902889609336853, 0.30000001192092896
36.76256799697876, 0.48729729652404785, -0.4583517909049988, -0.06130126863718033, 13.116238594055176, 0.6902889609336853, 0.30000001192092896
36.77256417274475, 0.48729729652404785, 0.0, -0.09835024923086166, -6.45460844039917, 0.7027764916419983, 0.30000001192092896
36.78254818916321, 0.48459458351135254, 0.0, -0.1590978354215622, 27.173057556152344, 0.7027764916419983, 0.30000001192092896
36.7925808429718, 0.4818919003009796, 0.0, -0.261978417634964, -6.6411285400390625, 0.7027764916419983, 0.30000001192092896
36.802618741989136, 0.4936170279979706, 3.1992976665496826, 1.6787899732589722, 517.385498046875, 0.7027764916419983, 0.30000001192092896
36.81255555152893, 0.4957446753978729, 0.0, 1.7544258832931519, 4.404414653778076, 0.7136387825012207, 0.30000001192092896
36.82258987426758, 0.4936170279979706, 0.0, 1.7404993772506714, 12.445822715759277, 0.7136387825012207, 0.30000001192092896
36.83254885673523, 0.4936170279979706, 0.0, 2.1319990158081055, 19.094480514526367, 0.7136387825012207, 0.30000001192092896
36.842544078826904, 0.49148935079574585, -0.5531893968582153, 2.046372652053833, -48.941226959228516, 0.7136387825012207, 0.30000001192092896
36.85255312919617, 0.49148935079574585, 0.0, 2.7188408374786377, 49.27040481567383, 0.7242575287818909, 0.30000001192092896
36.86257839202881, 0.49148935079574585, 0.0, 2.9302186965942383, 24.670948028564453, 0.7242575287818909, 0.30000001192092896
36.87254810333252, 0.4893617033958435, -0.5933150053024292, -2.8858747482299805, 35.44051742553711, 0.7242575287818909, 0.30000001192092896
36.882551193237305, 0.4893617033958435, 0.0, -2.71652889251709, 12.422097206115723, 0.7242575287818909, 0.30000001192092896
36.89254903793335, 0.4893617033958435, 0.0, -2.4003610610961914, 26.997499465942383, 0.734947681427002, 0.30000001192092896
36.902546644210815, 0.48723405599594116, 0.0, -2.2247507572174072, 13.293803215026855, 0.734947681427002, 0.30000001192092896
36.912567138671875, 0.4893617033958435, 0.0, -1.94748055934906, 23.429370880126953, 0.734947681427002, 0.30000001192092896
36.92259860038757, 0.48723405599594116, 0.0, -1.7465593814849854, 17.68937110900879, 0.734947681427002, 0.30000001192092896
36.932549238204956, 0.48723405599594116, 0.0, -1.3459112644195557, 47.35856628417969, 0.7456761002540588, -0.25
36.942540884017944, 0.48723405599594116, 0.0, -1.1330245733261108, 18.299367904663086, 0.7456761002540588, -0.25
36.952545404434204, 0.4893617033958435, 0.5189005136489868, -0.5444157719612122, 69.2394027709961, 0.7456761002540588, -0.25
36.962608098983765, 0.4893617033958435, 0.0, -0.16417773067951202, 44.600990295410156, 0.7456761002540588, -0.25
36.97255349159241, 0.49148935079574585, 0.0, 0.4078945219516754, 73.22257995605469, 0.7559584975242615, -0.25
36.98256540298462, 0.4936170279979706, 0.5613316893577576, 0.6378455758094788, 18.769397735595703, 0.7559584975242615, -0.25
36.99258279800415, 0.4957446753978729, 0.5291776061058044, 1.0724740028381348, 33.73313522338867, 0.7559584975242615, -0.25
37.0025429725647, 0.49787235260009766, 0.0, 1.432580828666687, 21.4555606842041, 0.7559584975242615, -0.25
37.01259183883667, 0.5, 0.0, 1.726468801498413, 28.783260345458984, 0.7500934600830078, -0.25
37.02255320549011, 0.5042552947998047, 0.5221797227859497, 2.2092373371124268, 49.92903137207031, 0.7500934600830078, -0.25
37.03255796432495, 0.5085106492042542, 0.557788074016571, 2.923567295074463, 62.768428802490234, 0.7500934600830078, -0.25
37.04257369041443, 0.5127659440040588, 0.4744816720485687, -2.877302408218384, 48.98186492919922, 0.7500934600830078, -0.25
37.052589654922485, 0.521276593208313, 0.5827000141143799, -2.322734832763672, 20.570232391357422, 0.7388491630554199, -0.25
37.06257486343384, 0.5319148898124695, 1.2388492822647095, -1.8885968923568726, 40.27348327636719, 0.7388491630554199, -0.25
37.0725781917572, 0.5404255390167236, 1.0639069080352783, -1.5995287895202637, 36.384063720703125, 0.7388491630554199, -0.25
37.082597494125366, 0.5553191304206848, 1.868128776550293, -1.135540246963501, 49.094688415527344, 0.7388491630554199, -0.25
37.092562198638916, 0.5617021322250366, 1.1074771881103516, -0.8536847829818726, 51.19377899169922, 0.7226614356040955, -0.25
37.102604389190674, 0.5723404288291931, 0.7931079864501953, -0.42906004190444946, 40.39915466308594, 0.7226614356040955, -0.25
37.11256670951843, 0.5872340202331543, 1.406691551208496, 0.23782147467136383, 73.08424377441406, 0.7226614356040955, -0.25
37.12260055541992, 0.5978723168373108, 1.1917803287506104, 0.8417904376983643, 49.6009635925293, 0.7226614356040955, -0.25
37.13255548477173, 0.6042553186416626, 0.5710296034812927, 1.228049397468567, 53.425453186035156, 0.705761730670929, -0.25
37.14257788658142, 0.6127659678459167, 0.5410155057907104, 1.8531008958816528, 58.01962661743164, 0.705761730670929, -0.25
37.152573347091675, 0.6212766170501709, 0.6079468131065369, 2.639453887939453, 78.4922103881836, 0.705761730670929, -0.25
37.16255187988281, 0.6255319118499756, 0.5773842334747314, 3.0789618492126465, 79.34345245361328, 0.705761730670929, -0.25
37.17256569862366, 0.6382978558540344, 1.176772117614746, -2.272681713104248, 102.38903045654297, 0.6908106803894043, -0.25
37.182575941085815, 0.6446808576583862, 1.074798345565796, -1.9137903451919556, 58.76841354370117, 0.6908106803894043, -0.25
37.19255065917969, 0.6574468016624451, 1.6623504161834717, -1.0825035572052002, 85.78496551513672, 0.6908106803894043, -0.25
37.202552795410156, 0.6617021560668945, 0.9614362120628357, -0.45903903245925903, 82.07664489746094, 0.6908106803894043, -0.25
37.212544679641724, 0.6680850982666016, 1.1287693977355957, 0.7038512229919434, 119.60882568359375, 0.6790971755981445, -0.25
37.22256541252136, 0.672340452671051, 0.5188703536987305, 1.1184788942337036, 64.38745880126953, 0.6790971755981445, -0.25
37.23255658149719, 0.6808510422706604, 0.9075613617897034, 1.775214433670044, 58.26053237915039, 0.6790971755981445, -0.25
37.24255132675171, 0.6914893388748169, 0.5452466011047363, 2.7063708305358887, 85.2669677734375, 0.6790971755981445, -0.25
37.25254034996033, 0.699999988079071, 1.1641079187393188, -2.856869697570801, -1619.7281494140625, 0.6753596067428589, -0.25
37.262556076049805, 0.7063829898834229, 0.527519702911377, -1.8889354467391968, 76.1916275024414, 0.6753596067428589, -0.25
37.27254676818848, 0.7085106372833252, 0.5788072943687439, -1.215828537940979, 92.43868255615234, 0.6753596067428589, -0.25
37.28254675865173, 0.714893639087677, 1.0888965129852295, -0.019609155133366585, 108.7593002319336, 0.6753596067428589, -0.25
37.29260540008545, 0.7170212864875793, 0.49225279688835144, 0.5256162285804749, 84.19931030273438, 0.6710309386253357, -0.25
37.30256128311157, 0.7255319356918335, 0.5893574953079224, 1.8697826862335205, 99.0178451538086, 0.6710309386253357, -0.25
37.312557220458984, 0.7276595830917358, 0.5501542091369629, 2.4703369140625, 127.80931854248047, 0.6710309386253357, -0.25
37.32256579399109, 0.7340425252914429, 0.47067779302597046, -2.5663411617279053, 84.16004180908203, 0.6710309386253357, -0.25
37.33256721496582, 0.742553174495697, 1.6686707735061646, -1.7039873600006104, 127.32421875, 0.6671760678291321, -0.25
37.342552185058594, 0.7510638236999512, 1.140235185623169, -0.82561856508255, 98.40388488769531, 0.6671760678291321, -0.25
37.35257005691528, 0.7595744729042053, 1.1568642854690552, -0.005167592316865921, 109.72560119628906, 0.6671760678291321, -0.25
37.36259055137634, 0.7723404169082642, 1.180351972579956, 1.2482372522354126, 143.2440643310547, 0.6671760678291321, -0.25
37.37257671356201, 0.7744680643081665, 0.5382419228553772, 1.8044166564941406, 94.5169677734375, 0.6628881096839905, -0.25
37.382596254348755, 0.7829787135124207, 1.2350772619247437, 3.1006062030792236, 128.162353515625, 0.6628881096839905, -0.25
37.39262652397156, 0.7893617153167725, 0.9915061593055725, -2.3406684398651123, 90.1562728881836, 0.6628881096839905, -0.25
37.402565479278564, 0.8021276593208313, 1.1421324014663696, -0.9893003106117249, 160.2029266357422, 0.6628881096839905, -0.25
37.412556409835815, 0.806382954120636, 0.5369142293930054, -0.2821849584579468, 119.0347671508789, 0.6582150459289551, -0.25
37.42258405685425, 0.8106383085250854, 0.6046105027198792, 1.054085373878479, 116.94713592529297, 0.6582150459289551, -0.25
37.43254518508911, 0.8127659559249878, 0.5609788298606873, 2.093888521194458, 184.0311737060547, 0.6582150459289551, -0.25
37.44254541397095, 0.8212766051292419, 1.1416939496994019, -2.7895123958587646, 81.50267791748047, 0.6582150459289551, -0.25
37.45256233215332, 0.8255318999290466, 1.018494725227356, -2.1915438175201416, 93.44957733154297, 0.654275119304657, -0.25
37.46254205703735, 0.8255318999290466, 0.0, -0.8217921853065491, 170.20603942871094, 0.654275119304657, -0.25
37.472548961639404, 0.8191489577293396, -1.0641605854034424, -0.19205009937286377, 102.9515380859375, 0.654275119304657, -0.25
37.48255968093872, 0.8085106611251831, -0.9991660118103027, 0.8382871747016907, 71.36162567138672, 0.654275119304657, -0.25
37.492557525634766, 0.800000011920929, -0.5458803176879883, 1.7643579244613647, 101.78032684326172, 0.649493396282196, 0.30000001192092896
37.50257658958435, 0.7957446575164795, -0.5566746592521667, 2.2506351470947266, 84.5660171508789, 0.649493396282196, 0.30000001192092896
37.51257586479187, 0.7893617153167725, -0.6607471704483032, 2.9422898292541504, 53.580284118652344, 0.649493396282196, 0.30000001192092896
37.52254772186279, 0.7808510661125183, -0.5661391019821167, -2.210505485534668, 81.14875030517578, 0.649493396282196, 0.30000001192092896
37.5325403213501, 0.7744680643081665, -0.5993318557739258, -1.5967994928359985, 89.97566986083984, 0.6468152403831482, 0.30000001192092896
37.5425488948822, 0.7680851221084595, -0.4662513732910156, -0.6382755637168884, 75.0145263671875, 0.6468152403831482, 0.30000001192092896
37.552576541900635, 0.7659574747085571, 0.0, 0.03607158362865448, 91.32913970947266, 0.6468152403831482, 0.30000001192092896
37.562564849853516, 0.7617021203041077, 0.0, 0.9384613037109375, 82.99639892578125, 0.6468152403831482, 0.30000001192092896
37.572566747665405, 0.7595744729042053, 0.0, 1.5164583921432495, 65.17118835449219, 0.6460065841674805, 0.30000001192092896
37.58256244659424, 0.7553191781044006, 0.0, 2.5043697357177734, 55.968685150146484, 0.6460065841674805, 0.30000001192092896
37.59261918067932, 0.7510638236999512, -0.5588709115982056, -3.0980000495910645, -1560.6790771484375, 0.6460065841674805, 0.30000001192092896
37.60258221626282, 0.7489361763000488, 0.0, -2.194009304046631, 72.60198974609375, 0.6460065841674805, 0.30000001192092896
37.612560749053955, 0.7489361763000488, 0.0, -1.6614371538162231, 70.71529388427734, 0.645061194896698, 0.30000001192092896
37.62259030342102, 0.7468085289001465, 0.0, -0.8516722321510315, 70.10247039794922, 0.645061194896698, 0.30000001192092896
37.632580518722534, 0.7468085289001465, 0.0, -0.1629081517457962, 76.66038513183594, 0.645061194896698, 0.30000001192092896
37.642600774765015, 0.742553174495697, -0.5450800657272339, 0.32940593361854553, 39.738704681396484, 0.645061194896698, 0.30000001192092896
37.65254855155945, 0.73617023229599, -0.5598877668380737, 0.9487987160682678, 50.14476013183594, 0.6439284086227417, 0.30000001192092896
37.66255164146423, 0.7297872304916382, -0.5103832483291626, 1.351800560951233, 48.80887222290039, 0.6439284086227417, 0.30000001192092896
37.67254137992859, 0.721276581287384, -0.5598877668380737, 1.9706588983535767, 55.712913513183594, 0.6439284086227417, 0.30000001192092896
37.68258047103882, 0.7170212864875793, -0.5666424036026001, 2.386323928833008, 54.46272277832031, 0.6439284086227417, 0.30000001192092896
37.69255304336548, 0.7127659320831299, -0.5753369331359863, 2.9987668991088867, 55.673248291015625, 0.6424344182014465, 0.30000001192092896
37.70256519317627, 0.7106382846832275, 0.0, -2.811298370361328, 75.92660522460938, 0.6424344182014465, 0.30000001192092896
37.712541818618774, 0.7085106372833252, -0.573746383190155, -2.3642802238464355, 48.739898681640625, 0.6424344182014465, 0.30000001192092896
37.72255206108093, 0.7085106372833252, 0.0, -2.0197384357452393, 50.070770263671875, 0.6424344182014465, 0.30000001192092896
37.732569217681885, 0.7085106372833252, 0.0, -1.5116925239562988, 46.94932174682617, 0.6415570378303528, 0.30000001192092896
37.74255299568176, 0.7063829898834229, -0.5859521627426147, -1.1553822755813599, 49.005104064941406, 0.6415570378303528, 0.30000001192092896
37.752559185028076, 0.7042553424835205, 0.0, -0.6637226343154907, 41.252906799316406, 0.6415570378303528, 0.30000001192092896
37.76256966590881, 0.7021276354789734, 0.0, -0.3618609309196472, 30.679302215576172, 0.6415570378303528, 0.30000001192092896
37.77255082130432, 0.6957446932792664, -0.5561542510986328, 0.018187111243605614, 32.62134552001953, 0.6412308216094971, 0.30000001192092896
37.78254580497742, 0.693617045879364, -0.5983673930168152, 0.2458624541759491, 31.606306076049805, 0.6412308216094971, 0.30000001192092896
37.79257678985596, 0.6914893388748169, 0.0, 0.5061297416687012, 23.729578018188477, 0.6412308216094971, 0.30000001192092896
37.8025541305542, 0.6872340440750122, -0.5939468145370483, 0.7947317361831665, 22.582170486450195, 0.6412308216094971, 0.30000001192092896
37.81254053115845, 0.6872340440750122, 0.0, 1.002872347831726, 25.46612548828125, 0.6409866809844971, 0.30000001192092896
37.822547912597656, 0.6851063966751099, 0.0, 1.291628122329712, 24.556230545043945, 0.6409866809844971, 0.30000001192092896
37.83258295059204, 0.6851063966751099, 0.0, 1.4669904708862305, 22.691492080688477, 0.6409866809844971, 0.30000001192092896
37.8425657749176, 0.6851063966751099, 0.0, 1.7326469421386719, 19.872045516967773, 0.6409866809844971, 0.30000001192092896
37.8525652885437, 0.6851063966751099, 0.0, 1.8915488719940186, 16.883867263793945, 0.63969886302948, 0.30000001192092896
37.8625648021698, 0.6851063966751099, 0.0, 2.0600812435150146, 15.534566879272461, 0.63969886302948, 0.30000001192092896
37.872573375701904, 0.6851063966751099, 0.0, 2.173046350479126, 15.452826499938965, 0.63969886302948, 0.30000001192092896
37.88261651992798, 0.6851063966751099, 0.0, 2.263576030731201, 6.7570271492004395, 0.63969886302948, 0.30000001192092896
37.89262890815735, 0.6851063966751099, 0.0, 2.3352603912353516, 9.964983940124512, 0.6386590600013733, 0.30000001192092896
37.902575969696045, 0.6829787492752075, 0.0, 2.3642356395721436, 1.5716203451156616, 0.6386590600013733, 0.30000001192092896
37.912593126297, 0.6829787492752075, 0.0, 2.380000114440918, -2.045781373977661, 0.6386590600013733, 0.30000001192092896
37.92256164550781, 0.6829787492752075, 0.0, 2.373821258544922, -2.545657157897949, 0.6386590600013733, 0.30000001192092896
37.93260884284973, 0.6829787492752075, 0.0, 2.312384605407715, -8.5007905960083, 0.638149082660675, 0.30000001192092896
37.94257378578186, 0.6829787492752075, 0.0, 2.245279550552368, -7.867538928985596, 0.638149082660675, 0.30000001192092896
37.9525420665741, 0.6829787492752075, 0.0, 2.143005847930908, -18.833919525146484, 0.638149082660675, 0.30000001192092896
37.9625678062439, 0.6808510422706604, 0.0, 2.0720272064208984, -13.184530258178711, 0.638149082660675, 0.30000001192092896
37.97256112098694, 0.6808510422706604, 0.0, 2.016219139099121, -11.614950180053711, 0.6377111673355103, 0.30000001192092896
37.9825701713562, 0.665675699710846, 0.0, 2.0725436210632324, 38.2562141418457, 0.6377111673355103, 0.30000001192092896
37.992584466934204, 0.665675699710846, 0.0, 1.968687653541565, -8.399439811706543, 0.6377111673355103, 0.30000001192092896
38.002551317214966, 0.6629729866981506, 0.0, 1.8452714681625366, -13.137890815734863, 0.6377111673355103, 0.30000001192092896
38.0125675201416, 0.6629729866981506, 0.0, 1.7002607583999634, -14.09972858428955, 0.6369336247444153, 0.30000001192092896
38.022539138793945, 0.6602702736854553, 0.0, 1.6330087184906006, 1.6622642278671265, 0.6369336247444153, 0.30000001192092896
38.03256678581238, 0.6602702736854553, 0.0, 1.3551037311553955, -49.69389343261719, 0.6369336247444153, 0.30000001192092896
38.04256820678711, 0.6602702736854553, 0.0, 1.2828506231307983, -13.43968677520752, 0.6369336247444153, 0.30000001192092896
38.05257844924927, 0.6629729866981506, 0.0, 1.1119581460952759, -10.457280158996582, 0.6357982158660889, -0.25
38.06255054473877, 0.665675699710846, 0.551977276802063, 0.8600030541419983, -20.903369903564453, 0.6357982158660889, -0.25
38.07256603240967, 0.6683783531188965, 0.4297504127025604, 0.757652223110199, -16.27457046508789, 0.6357982158660889, -0.25
38.082568883895874, 0.6710810661315918, 0.42017704248428345, 0.5724109411239624, -11.12082576751709, 0.6357982158660889, -0.25
38.09256601333618, 0.6764864921569824, 0.5524076223373413, 0.339319109916687, -15.58474349975586, 0.6350719332695007, -0.25
38.102564573287964, 0.681891918182373, 0.48830312490463257, 0.09580942988395691, -20.707401275634766, 0.6350719332695007, -0.25
38.11255955696106, 0.6872972846031189, 0.5145223736763, -0.17187362909317017, -31.024404525756836, 0.6350719332695007, -0.25
38.12258505821228, 0.6899999976158142, 0.5384740829467773, -0.45780685544013977, -23.534286499023438, 0.6350719332695007, -0.25
38.13259696960449, 0.6899999976158142, 0.0, -0.6191846132278442, -33.89929962158203, 0.6346695423126221, -0.25
38.14255714416504, 0.6927027106285095, 0.0, -0.9476339221000671, -35.491424560546875, 0.6346695423126221, -0.25
38.15255784988403, 0.6927027106285095, 0.0, -1.306073546409607, -30.086223602294922, 0.6346695423126221, -0.25
38.162596464157104, 0.6954054236412048, 0.0, -1.6097586154937744, -32.801883697509766, 0.6346695423126221, -0.25
38.172584772109985, 0.6954054236412048, 0.0, -1.9001317024230957, -37.20612335205078, 0.6342025995254517, -0.25
38.1825590133667, 0.6954054236412048, 0.0, -2.3043460845947266, -40.53028869628906, 0.6342025995254517, -0.25
38.19257569313049, 0.6954054236412048, 0.0, -2.5823349952697754, -54.8253288269043, 0.6342025995254517, -0.25
38.202579975128174, 0.6981081366539001, 0.0, -3.117882251739502, -37.74818801879883, 0.6342025995254517, -0.25
38.21256232261658, 0.703513503074646, 0.5551670789718628, 2.539996385574341, -43.58431625366211, 0.6333003640174866, -0.25
38.22260665893555, 0.7116216421127319, 1.1362090110778809, 2.037362575531006, -83.13269805908203, 0.6333003640174866, -0.25
38.23255157470703, 0.7143242955207825, 0.34671837091445923, 2.0116634368896484, -3.296827554702759, 0.6333003640174866, -0.25
38.24255585670471, 0.7143242955207825, 0.34671837091445923, 2.0116634368896484, -3.296827554702759, 0.6333003640174866, -0.25
38.252546548843384, 0.7143242955207825, 0.34671837091445923, 2.0116634368896484, -3.296827554702759, 0.632368266582489, -0.25
38.26254844665527, 0.7143242955207825, 0.34671837091445923, 2.0116634368896484, -3.296827554702759, 0.632368266582489, -0.25
38.272547483444214, 0.7359459400177002, 0.4942968487739563, -0.20053647458553314, -50.573612213134766, 0.632368266582489, -0.25
38.28254461288452, 0.7386486530303955, 0.2808015048503876, -0.7737650275230408, -59.55647277832031, 0.632368266582489, -0.25
38.29254651069641, 0.7386486530303955, 0.0, -0.9860860109329224, -35.19359588623047, 0.6316540837287903, -0.25
38.3025586605072, 0.7413513660430908, 0.45400121808052063, -1.6679255962371826, -58.42399597167969, 0.6316540837287903, -0.25
38.31255507469177, 0.7467567324638367, 0.5036635994911194, -2.346737861633301, -64.1563949584961, 0.6316540837287903, -0.25
38.32256841659546, 0.7521621584892273, 0.4297178387641907, -2.8553030490875244, -71.58642578125, 0.6316540837287903, -0.25
38.33255958557129, 0.7548648715019226, 0.45779648423194885, 2.931309223175049, 980.1636352539062, 0.6312276124954224, -0.25
38.342554807662964, 0.7602702975273132, 0.48090770840644836, 2.215433359146118, -68.09827423095703, 0.6312276124954224, -0.25
38.35256743431091, 0.7656756639480591, 0.0, 1.661563754081726, -21.46588897705078, 0.6312276124954224, -0.25
38.362547636032104, 0.7710810899734497, 0.4556618928909302, 0.665577232837677, -68.80487823486328, 0.6312276124954224, -0.25
38.372599840164185, 0.773783802986145, 0.4554971158504486, 0.46119943261146545, -34.44459533691406, 0.630577027797699, -0.25
38.38255167007446, 0.7791891694068909, 0.4935973584651947, -0.4384060204029083, -50.22200012207031, 0.630577027797699, -0.25
38.39257287979126, 0.7845945954322815, 0.5108587741851807, -1.2515215873718262, -78.10317993164062, 0.630577027797699, -0.25
38.40257692337036, 0.7900000214576721, 0.4702155590057373, -1.9606125354766846, -76.1638412475586, 0.630577027797699, -0.25
38.41259455680847, 0.7900000214576721, 0.4702155590057373, -1.9606125354766846, -76.1638412475586, 0.6298204064369202, -0.25
38.422569036483765, 0.795405387878418, 0.41085705161094666, -2.5985569953918457, -48.48923873901367, 0.6298204064369202, -0.25
38.432565212249756, 0.8035135269165039, 0.5354726910591125, 1.8006973266601562, 290.533935546875, 0.6298204064369202, -0.25
38.44262170791626, 0.8062162399291992, 0.5134503245353699, 1.2785753011703491, -68.51726531982422, 0.6298204064369202, -0.25
38.452571392059326, 0.8116216063499451, 0.5284335613250732, 0.7368985414505005, -81.81891632080078, 0.6291495561599731, -0.25
38.46252131462097, 0.8170270323753357, 0.7879579067230225, 0.017179539427161217, -104.91503143310547, 0.6291495561599731, -0.25
38.472564697265625, 0.8224324584007263, 0.5038650631904602, -0.9417660236358643, -90.3594970703125, 0.6291495561599731, -0.25
38.48258304595947, 0.8278378248214722, 0.5045603513717651, -1.7084894180297852, -55.19448471069336, 0.6291495561599731, -0.25
38.4925856590271, 0.8305405378341675, 0.47160446643829346, -2.4704620838165283, -63.3916130065918, 0.6285897493362427, -0.25
38.502562046051025, 0.8305405378341675, 0.0, 2.959465265274048, 970.75, 0.6285897493362427, -0.25
38.512603998184204, 0.8359459638595581, 0.41665589809417725, 1.8421701192855835, -63.781192779541016, 0.6285897493362427, -0.25
38.522568225860596, 0.8386486768722534, 0.49547430872917175, 1.5658400058746338, -50.65837478637695, 0.6285897493362427, -0.25
38.53256177902222, 0.8359459638595581, -0.5138925909996033, 0.7943604588508606, -35.591209411621094, 0.6276988983154297, -0.25
38.54255771636963, 0.8446808457374573, 2.84806489944458, 1.7132837772369385, 424.69677734375, 0.6276988983154297, -0.25
38.55256223678589, 0.8404255509376526, -0.5256243944168091, 2.054302215576172, 47.93716049194336, 0.6276988983154297, -0.25
38.56256079673767, 0.8089188933372498, -1.4968911409378052, -1.6324963569641113, -94.95673370361328, 0.6276988983154297, -0.25
38.5725953578949, 0.8062162399291992, -0.4395144581794739, -1.8150142431259155, -29.681129455566406, 0.6270309090614319, 0.30000001192092896
38.58255076408386, 0.7981081008911133, -0.9322332739830017, -2.240847110748291, -15.024538040161133, 0.6270309090614319, 0.30000001192092896
38.592578411102295, 0.795405387878418, -0.4157085716724396, -2.8447623252868652, -92.88951110839844, 0.6270309090614319, 0.30000001192092896
38.60260367393494, 0.7927026748657227, 0.0, 2.428525686264038, -122.72704315185547, 0.6270309090614319, 0.30000001192092896
38.612574338912964, 0.7900000214576721, 0.0, 1.9479541778564453, -58.38611602783203, 0.6266493201255798, 0.30000001192092896
38.622567653656006, 0.7900000214576721, 0.0, 1.5933527946472168, -55.60646057128906, 0.6266493201255798, 0.30000001192092896
38.63255500793457, 0.7900000214576721, 0.0, 1.6309200525283813, 4.610636234283447, 0.6266493201255798, 0.30000001192092896
38.64387011528015, 0.7845945954322815, -2.3490402698516846, 0.2710922062397003, -78.81584167480469, 0.6266493201255798, 0.30000001192092896
38.65265488624573, 0.806382954120636, 5.55510950088501, 1.6263525485992432, 464.4782409667969, 0.6262005567550659, -0.25
38.66255259513855, 0.806382954120636, 0.0, 1.7750964164733887, 30.63325309753418, 0.6262005567550659, -0.25
38.672563552856445, 0.7818918824195862, 0.0, -1.2956398725509644, -47.25974655151367, 0.6262005567550659, -0.25
38.68261408805847, 0.7818918824195862, -0.4675392508506775, -1.8301210403442383, -45.626800537109375, 0.6262005567550659, -0.25
38.69255781173706, 0.7791891694068909, -0.44573596119880676, -2.325777292251587, -40.270904541015625, 0.6256214380264282, 0.30000001192092896
38.7025682926178, 0.7764865159988403, -0.4677707552909851, -2.576369047164917, -43.37120056152344, 0.6256214380264282, 0.30000001192092896
38.71256065368652, 0.7764865159988403, 0.0, -2.995572566986084, -35.845062255859375, 0.6256214380264282, 0.30000001192092896
38.722573041915894, 0.7893617153167725, 3.5409996509552, -1.518694281578064, -1044.1171875, 0.6256214380264282, 0.30000001192092896
38.73259878158569, 0.7872340679168701, -0.4516448676586151, -1.279322624206543, 30.20709991455078, 0.6247125864028931, 0.30000001192092896
38.74258899688721, 0.7872340679168701, 0.0, -1.0677191019058228, 25.471620559692383, 0.6247125864028931, 0.30000001192092896
38.75257229804993, 0.785106360912323, -0.5267413258552551, -0.5767401456832886, 40.73506164550781, 0.6247125864028931, 0.30000001192092896
38.76258444786072, 0.785106360912323, 0.0, -0.275648832321167, 32.075927734375, 0.6247125864028931, 0.30000001192092896
38.77254247665405, 0.785106360912323, 0.0, 0.1357397884130478, 34.22887420654297, 0.6243097186088562, 0.30000001192092896
38.78254437446594, 0.7829787135124207, -0.5849151611328125, 0.5360137820243835, 46.03211975097656, 0.6243097186088562, 0.30000001192092896
38.79260444641113, 0.7829787135124207, 0.0, 0.5598602890968323, 3.6236379146575928, 0.6243097186088562, 0.30000001192092896
38.80260348320007, 0.7548648715019226, -5.446059226989746, 0.736440896987915, 3.025277853012085, 0.6243097186088562, 0.30000001192092896
38.812556982040405, 0.7765957713127136, -0.5266480445861816, 0.9669433832168579, 19.36236000061035, 0.6239383220672607, 0.30000001192092896
38.822579860687256, 0.7765957713127136, 0.0, 1.058603286743164, 7.463284015655518, 0.6239383220672607, 0.30000001192092896
38.8325879573822, 0.7723404169082642, 3.7817466259002686, 1.2128485441207886, 116.74201965332031, 0.6239383220672607, 0.30000001192092896
38.84260606765747, 0.7702127695083618, -0.5340545177459717, 1.3457194566726685, 9.184966087341309, 0.6239383220672607, 0.30000001192092896
38.85258769989014, 0.7702127695083618, 0.0, 1.4319955110549927, 9.669008255004883, 0.623305082321167, 0.30000001192092896
38.862589597702026, 0.7680851221084595, -0.5128470063209534, 1.5139518976211548, 9.415679931640625, 0.623305082321167, 0.30000001192092896
38.87257361412048, 0.7680851221084595, 0.0, 1.609546184539795, 6.748122692108154, 0.623305082321167, 0.30000001192092896
38.882575273513794, 0.7680851221084595, 0.0, 1.6546294689178467, 6.28289270401001, 0.623305082321167, 0.30000001192092896
38.89259147644043, 0.7680851221084595, 0.0, 1.6779735088348389, 0.8102931380271912, 0.6224403977394104, 0.30000001192092896
38.902602672576904, 0.7680851221084595, 0.0, 1.6862411499023438, 0.8642616271972656, 0.6224403977394104, 0.30000001192092896
38.91265511512756, 0.7680851221084595, 0.0, 1.6618541479110718, -3.9029364585876465, 0.6224403977394104, 0.30000001192092896
38.922571897506714, 0.7680851221084595, 0.0, 1.6289204359054565, -4.202938079833984, 0.6224403977394104, 0.30000001192092896
38.932555198669434, 0.7680851221084595, 0.0, 1.5456966161727905, -0.4058575928211212, 0.6218366026878357, 0.30000001192092896
38.942561864852905, 0.7680851221084595, 0.0, 1.467078447341919, -10.662302017211914, 0.6218366026878357, 0.30000001192092896
38.95258641242981, 0.7702127695083618, 0.48595353960990906, 1.3959901332855225, -9.32089614868164, 0.6218366026878357, 0.30000001192092896
38.96257209777832, 0.7702127695083618, 0.0, 1.2914851903915405, -11.500519752502441, 0.6218366026878357, 0.30000001192092896
38.97256684303284, 0.7702127695083618, 0.0, 1.131136178970337, -11.060025215148926, 0.6215445399284363, -0.25
38.982545614242554, 0.7723404169082642, 0.0, 1.0127651691436768, -15.657195091247559, 0.6215445399284363, -0.25
38.99255394935608, 0.7744680643081665, 0.37464529275894165, 0.8555654287338257, -16.88069725036621, 0.6215445399284363, -0.25
39.00257968902588, 0.7744680643081665, 0.0, 0.7057722806930542, -19.841045379638672, 0.6215445399284363, -0.25
39.012587785720825, 0.7765957713127136, 0.0, 0.5088109374046326, -18.875606536865234, 0.6212112307548523, -0.25
39.022571325302124, 0.778723418712616, 0.0, 0.2017556130886078, -18.28647804260254, 0.6212112307548523, -0.25
39.032567739486694, 0.7808510661125183, 0.0, -0.03701210021972656, -34.59750747680664, 0.6212112307548523, -0.25
39.04258489608765, 0.7829787135124207, 0.0, -0.24083994328975677, -32.34031677246094, 0.6212112307548523, -0.25
39.05258631706238, 0.785106360912323, 0.45851364731788635, -0.5073592066764832, -34.03181838989258, 0.6205466389656067, -0.25
39.06260848045349, 0.7872340679168701, 0.0, -0.7740687727928162, -25.477216720581055, 0.6205466389656067, -0.25
39.07258319854736, 0.7893617153167725, 0.0, -1.1090354919433594, -41.369998931884766, 0.6205466389656067, -0.25
39.08260107040405, 0.7914893627166748, 0.3598117530345917, -1.3324947357177734, -18.066543579101562, 0.6205466389656067, -0.25
39.09259819984436, 0.7936170101165771, 0.0, -1.6828248500823975, -37.51856994628906, 0.6198657155036926, -0.25
39.10261249542236, 0.7978723645210266, 0.4913313388824463, -2.1385209560394287, -43.78541946411133, 0.6198657155036926, -0.25
39.11258673667908, 0.800000011920929, 0.4051414728164673, -2.4329676628112793, -28.726150512695312, 0.6198657155036926, -0.25
39.12256169319153, 0.8021276593208313, 0.4261317551136017, -2.7942421436309814, -28.661178588867188, 0.6198657155036926, -0.25
39.132556438446045, 0.8042553067207336, 0.37033867835998535, 3.126981735229492, 1064.1531982421875, 0.6193625330924988, -0.25
39.14258432388306, 0.806382954120636, 0.5095672607421875, 2.7110183238983154, -41.77826690673828, 0.6193625330924988, -0.25
39.15257692337036, 0.8085106611251831, 0.0, 2.268700122833252, -32.575096130371094, 0.6193625330924988, -0.25
39.16257905960083, 0.8106383085250854, 0.0, 1.8243310451507568, -37.342376708984375, 0.6193625330924988, -0.25
39.17256712913513, 0.8127659559249878, 0.0, 1.3734567165374756, -54.367645263671875, 0.6189374923706055, -0.25
39.18255949020386, 0.8170212507247925, 0.37496012449264526, 0.9084529876708984, -34.96700668334961, 0.6189374923706055, -0.25
39.19260120391846, 0.8212766051292419, 0.5419354438781738, 0.4200213551521301, -61.896297454833984, 0.6189374923706055, -0.25
39.202592849731445, 0.8234042525291443, 0.35696205496788025, 0.07527107745409012, -36.67190170288086, 0.6189374923706055, -0.25
39.2126030921936, 0.827659547328949, 0.4676930606365204, -0.5520987510681152, -58.54118347167969, 0.6184533834457397, -0.25
39.22256898880005, 0.8319149017333984, 0.504440188407898, -0.9923718571662903, -52.31161880493164, 0.6184533834457397, -0.25
39.23255968093872, 0.8340425491333008, 0.0, -1.5391794443130493, -38.133766174316406, 0.6184533834457397, -0.25
39.242608070373535, 0.8382978439331055, 0.37810570001602173, -2.043667793273926, -36.84030532836914, 0.6184533834457397, -0.25
39.25256586074829, 0.8404255509376526, 0.3427713215351105, -2.471957206726074, -36.396244049072266, 0.6178336143493652, -0.25
39.26258826255798, 0.8425531983375549, 0.4019661843776703, 3.106257438659668, 1118.0517578125, 0.6178336143493652, -0.25
39.27255082130432, 0.8446808457374573, 0.38528844714164734, 2.459590435028076, -69.42550659179688, 0.6178336143493652, -0.25
39.28257417678833, 0.848936140537262, 0.46867555379867554, 1.6011000871658325, -80.17247009277344, 0.6178336143493652, -0.25
39.29259967803955, 0.8510638475418091, 0.0, 1.106667399406433, -63.30710983276367, 0.6174104809761047, -0.25
39.30265283584595, 0.8574467897415161, 0.8999194502830505, 0.5453940629959106, -63.3192138671875, 0.6174104809761047, -0.25
39.312578439712524, 0.8595744967460632, 0.49410614371299744, -0.06565821915864944, -85.38678741455078, 0.6174104809761047, -0.25
39.32255458831787, 0.8659574389457703, 0.5387943387031555, -0.9459260106086731, -64.01287841796875, 0.6174104809761047, -0.25
39.332573890686035, 0.8680850863456726, 0.31813663244247437, -1.207908272743225, -39.17270278930664, 0.6170243620872498, -0.25
39.342567443847656, 0.8702127933502197, 0.0, -2.2927660942077637, -126.58811950683594, 0.6170243620872498, -0.25
39.35257124900818, 0.8680850863456726, -0.5827000141143799, -2.6609232425689697, -64.2877197265625, 0.6170243620872498, -0.25
39.362608909606934, 0.8659574389457703, -0.43814074993133545, 3.1354691982269287, 1243.9542236328125, 0.6170243620872498, -0.25
39.37256956100464, 0.8617021441459656, -0.4946539103984833, 2.5167288780212402, -55.20065689086914, 0.6164449453353882, 0.30000001192092896
39.38255000114441, 0.8531914949417114, -1.2254945039749146, 1.7927099466323853, -82.16012573242188, 0.6164449453353882, 0.30000001192092896
39.392579793930054, 0.848936140537262, -0.4933958649635315, 1.4611310958862305, -34.393245697021484, 0.6164449453353882, 0.30000001192092896
39.402565002441406, 0.8425531983375549, -0.5863756537437439, 1.0484782457351685, -41.758914947509766, 0.6164449453353882, 0.30000001192092896
39.41258263587952, 0.8382978439331055, -0.5526412725448608, 0.5489490032196045, -7.484602451324463, 0.615908682346344, 0.30000001192092896
39.4225800037384, 0.8340425491333008, -0.42196089029312134, 0.18439634144306183, -35.98780822753906, 0.615908682346344, 0.30000001192092896
39.432560443878174, 0.8319149017333984, -0.5323659777641296, -0.36822161078453064, -55.06956481933594, 0.615908682346344, 0.30000001192092896
39.44257187843323, 0.8297872543334961, -0.46605655550956726, -0.8021263480186462, -47.81186294555664, 0.615908682346344, 0.30000001192092896
39.45256972312927, 0.8297872543334961, 0.0, -1.1647448539733887, -33.20857238769531, 0.6155468821525574, 0.30000001192092896
39.46258735656738, 0.827659547328949, 0.0, -1.7054892778396606, -28.457660675048828, 0.6155468821525574, 0.30000001192092896
39.47255563735962, 0.827659547328949, 0.0, -2.0303072929382324, -52.393653869628906, 0.6155468821525574, 0.30000001192092896
39.48255181312561, 0.827659547328949, 0.0, -2.364086866378784, -0.7184662818908691, 0.6155468821525574, 0.30000001192092896
39.49256873130798, 0.8255318999290466, -0.5438510179519653, -2.7307000160217285, -38.80136489868164, 0.6151813864707947, 0.30000001192092896
39.5025520324707, 0.8234042525291443, -0.5974860191345215, 3.0475692749023438, 1714.807861328125, 0.6151813864707947, 0.30000001192092896
39.512579679489136, 0.8234042525291443, 0.0, 2.6771388053894043, -49.32011413574219, 0.6151813864707947, 0.30000001192092896
39.522555112838745, 0.8191489577293396, 0.0, 2.2208261489868164, -38.85795593261719, 0.6151813864707947, 0.30000001192092896
39.5325448513031, 0.8170212507247925, 0.0, 1.963279366493225, -30.187271118164062, 0.6145565509796143, 0.30000001192092896
39.54261302947998, 0.8127659559249878, -0.5833475589752197, 1.7096357345581055, -28.221765518188477, 0.6145565509796143, 0.30000001192092896
39.552560806274414, 0.8106383085250854, 0.0, 1.5259056091308594, -24.693073272705078, 0.6145565509796143, 0.30000001192092896
39.56255602836609, 0.806382954120636, -0.5706279873847961, 1.3353432416915894, -24.77886199951172, 0.6145565509796143, 0.30000001192092896
39.572550535202026, 0.8042553067207336, 0.0, 1.2451801300048828, -9.191040992736816, 0.6140685677528381, 0.30000001192092896
39.58254885673523, 0.8021276593208313, -0.5678683519363403, 1.0391265153884888, -35.036895751953125, 0.6140685677528381, 0.30000001192092896
39.59255242347717, 0.8021276593208313, 0.0, 1.0345416069030762, -5.921626567840576, 0.6140685677528381, 0.30000001192092896
39.60255193710327, 0.800000011920929, 0.0, 1.0060948133468628, -3.953085422515869, 0.6140685677528381, 0.30000001192092896
39.61254930496216, 0.800000011920929, 0.0, 0.9896898865699768, 1.258375883102417, 0.6138500571250916, 0.30000001192092896
39.622549057006836, 0.7791891694068909, 0.0, 1.2042101621627808, 35.39537048339844, 0.6138500571250916, 0.30000001192092896
39.63259816169739, 0.7791891694068909, 0.5111352205276489, 0.9046470522880554, -39.31433868408203, 0.6138500571250916, 0.30000001192092896
39.64261054992676, 0.7791891694068909, 0.0, 0.8596187233924866, -24.253826141357422, 0.6138500571250916, 0.30000001192092896
39.652546405792236, 0.7791891694068909, 0.0, 0.9399823546409607, 17.1649112701416, 0.6135629415512085, 0.30000001192092896
39.66254734992981, 0.7818918824195862, 0.5149196982383728, 0.8100461959838867, -0.39256787300109863, 0.6135629415512085, 0.30000001192092896
39.67255210876465, 0.7818918824195862, 0.0, 0.8153920769691467, 0.9381387829780579, 0.6135629415512085, 0.30000001192092896
39.68255400657654, 0.7845945954322815, 0.0, 1.0710710287094116, 42.32271194458008, 0.6135629415512085, 0.30000001192092896
39.69257616996765, 0.7872973084449768, 0.0, 1.2897999286651611, 14.624690055847168, 0.6130003929138184, -0.25
39.702555656433105, 0.8085106611251831, 0.0, 0.9194418787956238, -6.876194000244141, 0.6130003929138184, -0.25
39.71254301071167, 0.8085106611251831, 0.0, 0.7669495940208435, -15.62199592590332, 0.6130003929138184, -0.25
39.722562074661255, 0.806382954120636, 0.0, 0.6335687637329102, -15.478544235229492, 0.6130003929138184, -0.25
39.7325541973114, 0.8042553067207336, -0.5207475423812866, 0.4801398813724518, -17.031051635742188, 0.6123810410499573, 0.30000001192092896
39.742554664611816, 0.8042553067207336, 0.0, 0.3722502887248993, -16.138708114624023, 0.6123810410499573, 0.30000001192092896
39.75258255004883, 0.8042553067207336, 0.0, 0.1825125813484192, -15.097029685974121, 0.6123810410499573, 0.30000001192092896
39.76256442070007, 0.8042553067207336, 0.0, 0.037222720682621, -7.469503402709961, 0.6123810410499573, 0.30000001192092896
39.77259111404419, 0.8042553067207336, 0.0, -0.09161580353975296, -19.666501998901367, 0.6120113134384155, 0.30000001192092896
39.782543897628784, 0.806382954120636, 0.0, -0.27158892154693604, -15.134679794311523, 0.6120113134384155, 0.30000001192092896
39.792608976364136, 0.8085106611251831, 0.5653858780860901, -0.39901259541511536, -24.09632110595703, 0.6120113134384155, 0.30000001192092896
39.80256772041321, 0.8106383085250854, 0.0, -0.591320276260376, -25.145036697387695, 0.6120113134384155, 0.30000001192092896
39.81255316734314, 0.8127659559249878, 0.0, -0.7054942846298218, -16.360027313232422, 0.6117460131645203, -0.25
39.8225679397583, 0.8170212507247925, 0.4640209674835205, -0.9545594453811646, -20.817432403564453, 0.6117460131645203, -0.25
39.83257222175598, 0.8212766051292419, 0.5845320820808411, -1.2152832746505737, -26.847951889038086, 0.6117460131645203, -0.25
39.842599868774414, 0.8234042525291443, 0.5182375907897949, -1.406502366065979, -23.869770050048828, 0.6117460131645203, -0.25
