38.335089445114136, 0.27659574151039124, 1.5956701040267944, 1.4713844060897827, -105.71021270751953, 0.5827236175537109, 0.0
38.34505820274353, 0.29361701011657715, 0.4440489113330841, 0.17270900309085846, -45.741004943847656, 0.5827236175537109, 0.0
38.35507416725159, 0.3063829839229584, 1.1193541288375854, -0.9457623362541199, -118.63016510009766, 0.5827236175537109, 0.0
38.36511707305908, 0.3191489279270172, 1.4024176597595215, -2.117875576019287, -109.10819244384766, 0.5827236175537109, 0.0
38.37510871887207, 0.3297872245311737, 1.5791985988616943, -3.053309202194214, -117.66291046142578, 0.5825802087783813, -0.05000000074505806
38.385066986083984, 0.346808522939682, 0.563102662563324, 1.7866252660751343, -66.08919525146484, 0.5825802087783813, -0.05000000074505806
38.395100831985474, 0.35957446694374084, 1.691122055053711, 0.8144460916519165, -126.41374206542969, 0.5825802087783813, -0.05000000074505806
38.405094385147095, 0.38085106015205383, 2.8289010524749756, -0.9497436285018921, -200.1651611328125, 0.5825802087783813, -0.05000000074505806
38.41504716873169, 0.389361709356308, 1.5064232349395752, -1.7200803756713867, -121.43628692626953, 0.5826212763786316, -0.05000000074505806
38.42507863044739, 0.4063829779624939, 1.4242022037506104, 3.0155153274536133, 1286.0555419921875, 0.5826212763786316, -0.05000000074505806
38.435081243515015, 0.42127659916877747, 1.577059030532837, 1.7101428508758545, -128.74928283691406, 0.5826212763786316, -0.05000000074505806
38.44508695602417, 0.4382978677749634, 1.1797277927398682, 0.35193273425102234, -74.66084289550781, 0.5826212763786316, -0.05000000074505806
38.45511507987976, 0.45319148898124695, 2.40362286567688, -0.7489628791809082, -157.1477508544922, 0.5814149975776672, -0.05000000074505806
38.46507382392883, 0.4680851101875305, 0.8093276023864746, -2.4419987201690674, -108.4369888305664, 0.5814149975776672, -0.05000000074505806
38.47507071495056, 0.478723406791687, 1.7413915395736694, 2.696606159210205, 1555.3687744140625, 0.5814149975776672, -0.05000000074505806
38.48506832122803, 0.49148935079574585, 1.687497854232788, 1.5640709400177002, -150.27816772460938, 0.5814149975776672, -0.05000000074505806
38.49507141113281, 0.5127659440040588, 2.7292068004608154, 0.09050253033638, -190.28001403808594, 0.5789045691490173, -0.05000000074505806
38.50507950782776, 0.5319148898124695, 1.0475467443466187, -1.9510960578918457, -145.20474243164062, 0.5789045691490173, -0.05000000074505806
38.515069007873535, 0.5531914830207825, 2.24971342086792, 2.5468342304229736, 1502.2987060546875, 0.5789045691490173, -0.05000000074505806
38.525059938430786, 0.5702127814292908, 1.508906602859497, 1.342867374420166, -109.1208724975586, 0.5789045691490173, -0.05000000074505806
38.53507351875305, 0.5872340202331543, 1.7971506118774414, -0.2033085823059082, -178.34877014160156, 0.5766445994377136, -0.05000000074505806
38.54510259628296, 0.6021276712417603, 1.7742828130722046, -1.7809269428253174, -177.49984741210938, 0.5766445994377136, -0.05000000074505806
38.55507183074951, 0.6148936152458191, 1.4383578300476074, -3.0934765338897705, -150.07577514648438, 0.5766445994377136, -0.05000000074505806
38.56507134437561, 0.6340425610542297, 1.266721248626709, 1.2305474281311035, -131.3810272216797, 0.5766445994377136, -0.05000000074505806
38.575066804885864, 0.6468085050582886, 1.7137467861175537, -0.11129183322191238, -179.85238647460938, 0.5740569829940796, -0.05000000074505806
38.58506464958191, 0.6638298034667969, 1.4655218124389648, -2.1640069484710693, -159.25257873535156, 0.5740569829940796, -0.05000000074505806
38.59507727622986, 0.6744681000709534, 0.5857598185539246, 2.7386910915374756, -95.11617279052734, 0.5740569829940796, -0.05000000074505806
38.60507416725159, 0.6872340440750122, 1.6584372520446777, 1.3520567417144775, -180.05599975585938, 0.5740569829940796, -0.05000000074505806
38.615066051483154, 0.7127659320831299, 1.1373530626296997, -1.0950103998184204, -125.16641235351562, 0.5718873739242554, -0.05000000074505806
38.625072717666626, 0.7255319356918335, 1.81937837600708, -2.888396978378296, -203.6689910888672, 0.5718873739242554, -0.05000000074505806
38.63507699966431, 0.7340425252914429, 1.831325888633728, 2.323391914367676, -207.20175170898438, 0.5718873739242554, -0.05000000074505806
38.64509677886963, 0.757446825504303, 1.3441860675811768, -0.21575723588466644, -152.33035278320312, 0.5718873739242554, -0.05000000074505806
38.655073404312134, 0.7680851221084595, 1.0353327989578247, -1.7112001180648804, -180.52268981933594, 0.5699290037155151, -0.05000000074505806
38.665072202682495, 0.785106360912323, 1.7865967750549316, 2.3189585208892822, -160.21231079101562, 0.5699290037155151, -0.05000000074505806
38.67507576942444, 0.7978723645210266, 1.8074637651443481, 0.7951878309249878, -215.2295684814453, 0.5699290037155151, -0.05000000074505806
38.68508338928223, 0.8127659559249878, 1.3368029594421387, -1.525631308555603, -161.45440673828125, 0.5699290037155151, -0.05000000074505806
38.69506573677063, 0.8212766051292419, 1.7644600868225098, -3.0823569297790527, -214.81214904785156, 0.5679591298103333, -0.05000000074505806
38.705097913742065, 0.8361701965332031, 1.0729892253875732, 1.2327780723571777, -94.99714660644531, 0.5679591298103333, -0.05000000074505806
38.715087890625, 0.848936140537262, 2.1680052280426025, -0.7420459389686584, -301.0896911621094, 0.5679591298103333, -0.05000000074505806
38.725075006484985, 0.8617021441459656, 1.039493441581726, 3.1321568489074707, 1338.885986328125, 0.5679591298103333, -0.05000000074505806
38.735074281692505, 0.8723404407501221, 1.1915416717529297, 1.5111384391784668, -223.34381103515625, 0.5664624571800232, -0.05000000074505806
38.745081663131714, 0.8872340321540833, 1.0449097156524658, -0.9502879977226257, -203.1121368408203, 0.5664624571800232, -0.05000000074505806
38.75507736206055, 0.8936170339584351, 0.5005638003349304, -2.6338107585906982, -198.24423217773438, 0.5664624571800232, -0.05000000074505806
38.765066623687744, 0.9021276831626892, 1.253377914428711, 1.990818977355957, -248.110595703125, 0.5664624571800232, -0.05000000074505806
38.77507424354553, 0.9127659797668457, 0.0, -0.46561774611473083, -80.834228515625, 0.5645791888237, -0.05000000074505806
38.78507590293884, 0.9106382727622986, -0.48360976576805115, -2.485700845718384, -190.14674377441406, 0.5645791888237, -0.05000000074505806
38.79508185386658, 0.9021276831626892, -0.5602392554283142, 1.7117055654525757, -189.38088989257812, 0.5645791888237, -0.05000000074505806
38.80511522293091, 0.8936170339584351, -0.7424335479736328, 0.3475019931793213, -116.88391876220703, 0.5645791888237, -0.05000000074505806
38.81507205963135, 0.8744680881500244, -1.0392513275146484, -1.6653763055801392, -84.49848175048828, 0.5616149306297302, -0.05000000074505806
38.825084924697876, 0.8638297915458679, -1.2494295835494995, -2.9610159397125244, -189.80227661132812, 0.5616149306297302, -0.05000000074505806
38.83515787124634, 0.848936140537262, -0.7590414881706238, 1.3513306379318237, -118.79695892333984, 0.5616149306297302, -0.05000000074505806
38.84510588645935, 0.8382978439331055, -1.4041093587875366, 0.1265251785516739, -125.35401153564453, 0.5616149306297302, -0.05000000074505806
38.855080127716064, 0.827659547328949, -0.8633950352668762, -1.5887477397918701, -135.4224395751953, 0.5597503185272217, -0.05000000074505806
38.86513352394104, 0.8127659559249878, -1.1880518198013306, 2.7594399452209473, 1572.141845703125, 0.5597503185272217, -0.05000000074505806
38.87510061264038, 0.8042553067207336, -1.0652403831481934, 1.464134931564331, -158.2401580810547, 0.5597503185272217, -0.05000000074505806
38.88507056236267, 0.7936170101165771, -1.189714789390564, -0.4597387909889221, -179.81533813476562, 0.5597503185272217, -0.05000000074505806
38.89511489868164, 0.7872340679168701, -1.1972967386245728, -1.436226487159729, -187.95225524902344, 0.5579805374145508, -0.05000000074505806
38.905070543289185, 0.7723404169082642, -1.038948893547058, 2.621685266494751, 1372.397216796875, 0.5579805374145508, -0.05000000074505806
38.915071964263916, 0.7680851221084595, -0.5957708358764648, 1.2983192205429077, -192.5821075439453, 0.5579805374145508, -0.05000000074505806
38.92509603500366, 0.7617021203041077, -0.5918983221054077, -0.20117568969726562, -87.4813232421875, 0.5579805374145508, -0.05000000074505806
38.93506073951721, 0.7531914710998535, -0.975839376449585, -1.4103472232818604, -136.82827758789062, 0.5561770796775818, -0.05000000074505806
38.945087909698486, 0.7382978796958923, -1.1859991550445557, 3.1152992248535156, 1596.0452880859375, 0.5561770796775818, -0.05000000074505806
38.95509719848633, 0.7276595830917358, -1.1594194173812866, 1.3106330633163452, -163.56344604492188, 0.5561770796775818, -0.05000000074505806
38.96510362625122, 0.721276581287384, -0.9285247325897217, 0.2969483733177185, -118.6742935180664, 0.5561770796775818, -0.05000000074505806
38.97508406639099, 0.7042553424835205, -1.386152744293213, -1.3357354402542114, -112.5857925415039, 0.5541626214981079, -0.05000000074505806
38.98507046699524, 0.693617045879364, -1.7627174854278564, -2.4063022136688232, -150.36326599121094, 0.5541626214981079, -0.05000000074505806
38.99506592750549, 0.6808510422706604, -0.43071824312210083, 2.3115437030792236, -111.76333618164062, 0.5541626214981079, -0.05000000074505806
39.00506806373596, 0.672340452671051, -1.2477699518203735, 1.3089230060577393, -139.79620361328125, 0.5541626214981079, -0.05000000074505806
39.01507234573364, 0.6617021560668945, -0.5554273128509521, 0.06095307320356369, -60.406951904296875, 0.5523069500923157, -0.05000000074505806
39.02508568763733, 0.651063859462738, -1.298169732093811, -1.2393258810043335, -158.6408233642578, 0.5523069500923157, -0.05000000074505806
39.03508448600769, 0.6382978558540344, -0.9421506524085999, -2.677732229232788, -106.23876953125, 0.5523069500923157, -0.05000000074505806
39.04506325721741, 0.6255319118499756, -0.5549783110618591, 2.4076836109161377, -59.731117248535156, 0.5523069500923157, -0.05000000074505806
39.055060386657715, 0.6212766170501709, -1.1018707752227783, 1.9202607870101929, -126.21307373046875, 0.5504018068313599, -0.05000000074505806
39.06507444381714, 0.6085106134414673, -0.6126631498336792, 0.3527597486972809, -69.63352966308594, 0.5504018068313599, -0.05000000074505806
39.075077295303345, 0.5978723168373108, -0.9072845578193665, -0.981862485408783, -90.07904052734375, 0.5504018068313599, -0.05000000074505806
39.08512306213379, 0.5872340202331543, -0.7893548607826233, -1.8675053119659424, -79.16879272460938, 0.5504018068313599, -0.05000000074505806
39.095067262649536, 0.5744680762290955, -1.0938347578048706, 3.1240642070770264, 1500.14013671875, 0.548313319683075, -0.05000000074505806
39.105074644088745, 0.5659574270248413, -1.1841893196105957, 2.2634174823760986, -122.35452270507812, 0.548313319683075, -0.05000000074505806
39.11510682106018, 0.5574468374252319, -0.4812106192111969, 1.2544372081756592, -46.60955047607422, 0.548313319683075, -0.05000000074505806
39.125067472457886, 0.5489361882209778, -1.1523082256317139, 0.057602304965257645, -110.51822662353516, 0.548313319683075, -0.05000000074505806
39.13507103919983, 0.542553186416626, -1.1823067665100098, -0.7459345459938049, -114.16615295410156, 0.5461952686309814, -0.05000000074505806
39.14507818222046, 0.5276595950126648, -1.6700239181518555, -1.8075488805770874, -94.54820251464844, 0.5461952686309814, -0.05000000074505806
39.15507459640503, 0.5191489458084106, -1.04131281375885, -2.539085626602173, -90.54692840576172, 0.5461952686309814, -0.05000000074505806
39.165082693099976, 0.5106382966041565, 0.0, 2.8557960987091064, -44.39708709716797, 0.5461952686309814, -0.05000000074505806
39.17510485649109, 0.5042552947998047, -0.571871280670166, 2.164705753326416, -88.24046325683594, 0.5439214110374451, -0.05000000074505806
39.1850962638855, 0.4957446753978729, -0.5540480017662048, 1.1533998250961304, -86.83805084228516, 0.5439214110374451, -0.05000000074505806
39.19507646560669, 0.48723405599594116, -0.5078563094139099, 0.15444152057170868, -76.90299224853516, 0.5439214110374451, -0.05000000074505806
39.205122232437134, 0.48085105419158936, -1.0126582384109497, -0.4728827476501465, -72.81932830810547, 0.5439214110374451, -0.05000000074505806
39.21507740020752, 0.4723404347896576, -1.1696003675460815, -1.0954627990722656, -87.41487884521484, 0.5418292880058289, -0.05000000074505806
39.22508931159973, 0.4617021381855011, -1.1999530792236328, -1.9592902660369873, -85.85885620117188, 0.5418292880058289, -0.05000000074505806
39.23509979248047, 0.45319148898124695, -0.5345023274421692, -2.84596848487854, -72.25747680664062, 0.5418292880058289, -0.05000000074505806
39.24508094787598, 0.44680851697921753, -1.1062415838241577, 2.897223949432373, -62.55018997192383, 0.5418292880058289, -0.05000000074505806
39.25507354736328, 0.4382978677749634, -0.5198072791099548, 2.1167142391204834, -62.470218658447266, 0.5398287773132324, -0.05000000074505806
39.265076875686646, 0.4340425431728363, -0.4904941916465759, 1.6549054384231567, -49.39442443847656, 0.5398287773132324, -0.05000000074505806
39.275073289871216, 0.4276595711708069, -0.5250059366226196, 0.9104848504066467, -55.17341232299805, 0.5398287773132324, -0.05000000074505806
39.28507041931152, 0.42127659916877747, -0.6085271835327148, 0.4419012665748596, -64.4803695678711, 0.5398287773132324, -0.05000000074505806
39.2950804233551, 0.41489362716674805, -0.6353446841239929, -0.12084630876779556, -66.15514373779297, 0.538087010383606, -0.05000000074505806
39.30508017539978, 0.40851062536239624, -0.4753662645816803, -0.7629067897796631, -45.426292419433594, 0.538087010383606, -0.05000000074505806
39.315067529678345, 0.40425533056259155, -0.5545644164085388, -1.160990595817566, -53.22677993774414, 0.538087010383606, -0.05000000074505806
39.325077056884766, 0.39787232875823975, -0.59422367811203, -1.6541247367858887, -53.558048248291016, 0.538087010383606, -0.05000000074505806
39.335082054138184, 0.39361703395843506, -0.46128663420677185, -2.03144907951355, -49.157588958740234, 0.5363598465919495, -0.05000000074505806
39.34505748748779, 0.38723403215408325, -0.42904090881347656, -2.655351161956787, -34.74411392211914, 0.5363598465919495, -0.05000000074505806
39.355100870132446, 0.38297873735427856, -0.5235583186149597, -2.9696366786956787, -39.562068939208984, 0.5363598465919495, -0.05000000074505806
39.36509943008423, 0.3787234127521515, -0.49503806233406067, 2.821343421936035, -33.41712951660156, 0.5363598465919495, -0.05000000074505806
39.375099658966064, 0.3744680881500244, -0.5770482420921326, 2.540072441101074, -39.94438934326172, 0.5344326496124268, -0.05000000074505806
39.38507103919983, 0.37021276354789734, -0.5826239585876465, 2.129101514816284, -38.74189376831055, 0.5344326496124268, -0.05000000074505806
39.39511036872864, 0.37021276354789734, 0.0, 1.9433938264846802, -13.00873851776123, 0.5344326496124268, -0.05000000074505806
39.405062675476074, 0.36595743894577026, 0.0, 1.5472354888916016, -22.94593620300293, 0.5344326496124268, -0.05000000074505806
39.41506004333496, 0.3638297915458679, 0.0, 1.3172720670700073, -26.5045223236084, 0.5324773192405701, -0.05000000074505806
39.425090312957764, 0.3617021143436432, 0.0, 1.0768166780471802, -16.231935501098633, 0.5324773192405701, -0.05000000074505806
39.43508744239807, 0.35957446694374084, 0.0, 0.8504119515419006, -18.34808349609375, 0.5324773192405701, -0.05000000074505806
39.445087909698486, 0.3574468195438385, 0.0, 0.6811869740486145, -19.573108673095703, 0.5324773192405701, -0.05000000074505806
39.45509195327759, 0.35531914234161377, -0.550765335559845, 0.4858599901199341, -14.92953109741211, 0.5303097367286682, -0.05000000074505806
39.465062618255615, 0.35531914234161377, 0.0, 0.3165884017944336, -13.501192092895508, 0.5303097367286682, -0.05000000074505806
39.47507429122925, 0.35531914234161377, 0.0, 0.226883202791214, -11.687921524047852, 0.5303097367286682, -0.05000000074505806
39.48512268066406, 0.3531914949417114, 0.0, 0.14238841831684113, -5.703369617462158, 0.5303097367286682, -0.05000000074505806
39.495099782943726, 0.3531914949417114, 0.0, 0.08877827972173691, -7.168782711029053, 0.5280340909957886, -0.05000000074505806
