42.26404428482056, 0.2808510661125183, 1.6433707475662231, -1.401716709136963, -113.9160385131836, 0.5839009881019592, 0.0
42.27408504486084, 0.29361701011657715, 1.5175236463546753, -2.513664722442627, -107.03520965576172, 0.5839009881019592, 0.0
42.28405451774597, 0.30425530672073364, 0.9973793029785156, 2.86129093170166, 1364.5892333984375, 0.5839009881019592, 0.0
42.29405236244202, 0.3191489279270172, 0.9528135061264038, 1.4732720851898193, -107.1261215209961, 0.5839009881019592, 0.0
42.30404782295227, 0.33191490173339844, 0.9295886754989624, 0.5256888270378113, -49.004756927490234, 0.5839009881019592, -0.15399070084095
42.31406378746033, 0.34893617033958435, 0.6030579209327698, -0.9383387565612793, -69.74031829833984, 0.5839009881019592, -0.15399070084095
42.32403898239136, 0.36595743894577026, 1.007229208946228, -2.461871385574341, -134.3017578125, 0.5839009881019592, -0.15399070084095
42.33408308029175, 0.37659573554992676, 0.7899487614631653, 2.8036653995513916, 1070.7691650390625, 0.5839009881019592, -0.15399070084095
42.34404015541077, 0.39361703395843506, 1.6269919872283936, 1.2689605951309204, -132.44776916503906, 0.5837721228599548, -0.17447705566883087
42.354084730148315, 0.4063829779624939, 1.5374808311462402, 0.21013639867305756, -127.75936889648438, 0.5837721228599548, -0.17447705566883087
42.36406898498535, 0.42127659916877747, 1.974675178527832, -0.8469613790512085, -121.92091369628906, 0.5837721228599548, -0.17447705566883087
42.37409949302673, 0.4404255449771881, 1.6191202402114868, -2.474675178527832, -140.08338928222656, 0.5837721228599548, -0.17447705566883087
42.384077072143555, 0.4510638415813446, 1.66773521900177, 2.7449021339416504, 1498.9083251953125, 0.5799694657325745, -0.20000000298023224
42.39408540725708, 0.47446808218955994, 1.67861008644104, 0.8280377984046936, -144.9965057373047, 0.5799694657325745, -0.20000000298023224
42.404037952423096, 0.48723405599594116, 1.0020830631256104, -0.007895141839981079, -63.952884674072266, 0.5799694657325745, -0.20000000298023224
42.41409254074097, 0.5, 0.38185927271842957, -1.1541670560836792, -50.1400032043457, 0.5799694657325745, -0.20000000298023224
42.42404270172119, 0.5255318880081177, 1.4316658973693848, 2.7962021827697754, 1273.4757080078125, 0.5747529864311218, -0.20000000298023224
42.43406796455383, 0.5382978916168213, 1.5443987846374512, 1.6091866493225098, -143.59730529785156, 0.5747529864311218, -0.20000000298023224
42.44405961036682, 0.5574468374252319, 1.1210415363311768, 0.1050821840763092, -78.30332946777344, 0.5747529864311218, -0.20000000298023224
42.454082012176514, 0.5723404288291931, 1.6128774881362915, -1.118897795677185, -114.44046783447266, 0.5747529864311218, -0.20000000298023224
42.46403670310974, 0.5957446694374084, 1.5139195919036865, 3.000491142272949, 1340.6795654296875, 0.5649866461753845, -0.20000000298023224
42.474048376083374, 0.6085106134414673, 1.7088245153427124, 1.7539715766906738, -169.7864532470703, 0.5649866461753845, -0.20000000298023224
42.48403573036194, 0.6319149136543274, 2.7587358951568604, -0.13127633929252625, -203.5831756591797, 0.5649866461753845, -0.20000000298023224
42.494089126586914, 0.6468085050582886, 2.171302080154419, -1.4064316749572754, -165.53421020507812, 0.5649866461753845, -0.20000000298023224
42.50405979156494, 0.6659574508666992, 0.9477035999298096, -3.0240087509155273, -71.29193115234375, 0.5543820261955261, -0.20000000298023224
42.5140860080719, 0.6808510422706604, 1.468013048171997, 1.5997142791748047, -151.8760528564453, 0.5543820261955261, -0.20000000298023224
42.52404546737671, 0.7021276354789734, 1.4947324991226196, -0.4285624623298645, -161.70394897460938, 0.5543820261955261, -0.20000000298023224
42.534050703048706, 0.7170212864875793, 1.7080613374710083, -1.8164433240890503, -187.9371795654297, 0.5543820261955261, -0.20000000298023224
42.54404973983765, 0.7319148778915405, 1.300818920135498, 2.728262424468994, 1138.4088134765625, 0.5440083146095276, 0.0633416697382927
42.55405044555664, 0.742553174495697, 0.9168545603752136, 1.294148564338684, -102.3130874633789, 0.5440083146095276, 0.0633416697382927
42.56408143043518, 0.7617021203041077, 0.856352686882019, -0.4841836094856262, -71.1636734008789, 0.5440083146095276, 0.0633416697382927
42.574047565460205, 0.7765957713127136, 1.1746035814285278, -2.3083810806274414, -195.9189910888672, 0.5440083146095276, 0.0633416697382927
42.58407974243164, 0.7957446575164795, 1.5265226364135742, 1.7732511758804321, -178.8966827392578, 0.5350943803787231, 0.20000000298023224
42.59404134750366, 0.8148936033248901, 1.5897009372711182, -0.46363765001296997, -188.8553466796875, 0.5350943803787231, 0.20000000298023224
42.6040723323822, 0.827659547328949, 1.6678390502929688, -1.9925742149353027, -202.38827514648438, 0.5350943803787231, 0.20000000298023224
42.61408567428589, 0.8382978439331055, 0.5598877668380737, 2.3871986865997314, -100.45325469970703, 0.5350943803787231, 0.20000000298023224
42.62405180931091, 0.8531914949417114, 1.084793210029602, 0.05541480705142021, -189.34799194335938, 0.533997654914856, 0.20000000298023224
42.634100914001465, 0.8638297915458679, 1.0764838457107544, -1.6512664556503296, -205.4767608642578, 0.533997654914856, 0.20000000298023224
42.64405417442322, 0.8723404407501221, 0.5425614714622498, 2.1857259273529053, -211.1893768310547, 0.533997654914856, 0.20000000298023224
42.65404748916626, 0.8808510899543762, 1.0775237083435059, 0.5237467288970947, -206.7431640625, 0.533997654914856, 0.20000000298023224
42.6640522480011, 0.8936170339584351, 1.621179223060608, -2.010535478591919, -324.3891906738281, 0.5412939190864563, 0.20000000298023224
42.674086570739746, 0.8978723287582397, 0.5310354828834534, 2.586542844772339, 1354.6429443359375, 0.5412939190864563, 0.20000000298023224
42.684046030044556, 0.9085106253623962, 1.0871719121932983, 0.0032785602379590273, -214.64515686035156, 0.5412939190864563, 0.20000000298023224
42.69405722618103, 0.914893627166748, 1.1290550231933594, -1.7497562170028687, -234.0718231201172, 0.5412939190864563, 0.20000000298023224
42.704055309295654, 0.9170212745666504, 0.0, 1.9551371335983276, 1273.36181640625, 0.5535165667533875, 0.20000000298023224
42.714054107666016, 0.9170212745666504, 0.0, 0.36939072608947754, -170.73439025878906, 0.5535165667533875, 0.20000000298023224
42.72403955459595, 0.9063829779624939, -1.1657806634902954, -1.509584903717041, -198.15948486328125, 0.5535165667533875, 0.20000000298023224
42.73407578468323, 0.8914893865585327, -1.8762787580490112, -2.910928249359131, -153.71255493164062, 0.5535165667533875, 0.20000000298023224
42.744054079055786, 0.8702127933502197, -1.4702703952789307, 1.297612190246582, -149.7023162841797, 0.5662544965744019, 0.20000000298023224
42.75406050682068, 0.8531914949417114, -1.5069319009780884, -0.3847768306732178, -166.799560546875, 0.5662544965744019, 0.20000000298023224
42.76402759552002, 0.8361701965332031, -1.398242712020874, -2.0762860774993896, -149.41746520996094, 0.5662544965744019, 0.20000000298023224
42.77403926849365, 0.8170212507247925, -1.7153939008712769, 2.5335803031921387, 1507.3818359375, 0.5662544965744019, 0.20000000298023224
42.78404498100281, 0.800000011920929, -1.049086093902588, 0.8630555272102356, -141.23509216308594, 0.5783443450927734, 0.20000000298023224
42.794052839279175, 0.7872340679168701, -1.1019614934921265, -0.47856178879737854, -122.73162841796875, 0.5783443450927734, 0.20000000298023224
42.804052114486694, 0.7723404169082642, -1.3801501989364624, -2.160219430923462, -133.5565185546875, 0.5783443450927734, 0.20000000298023224
42.814040660858154, 0.7531914710998535, -1.5368629693984985, 2.0896947383880615, -175.42771911621094, 0.5783443450927734, 0.20000000298023224
42.82404661178589, 0.742553174495697, -1.4530340433120728, 0.7732772827148438, -138.6177215576172, 0.5881510376930237, 0.20000000298023224
42.83407497406006, 0.7297872304916382, -1.1422054767608643, -1.2575782537460327, -191.51327514648438, 0.5881510376930237, 0.20000000298023224
42.84405064582825, 0.7170212864875793, -0.5654217004776001, -2.8692502975463867, -89.2336654663086, 0.5881510376930237, 0.20000000298023224
42.8540723323822, 0.7063829898834229, -1.049086093902588, 2.0544984340667725, -177.58119201660156, 0.5881510376930237, 0.20000000298023224
42.864070892333984, 0.6978723406791687, -1.1752997636795044, 0.4749375581741333, -250.12745666503906, 0.5883597135543823, 0.20000000298023224
42.874075412750244, 0.6851063966751099, -0.9856473207473755, -1.5039573907852173, -141.33555603027344, 0.5883597135543823, 0.20000000298023224
42.884082555770874, 0.6765957474708557, -1.1223104000091553, -2.8010060787200928, -169.0207977294922, 0.5883597135543823, 0.20000000298023224
42.89409422874451, 0.6638298034667969, -1.0740869045257568, 1.5756785869598389, -151.12477111816406, 0.5883597135543823, 0.20000000298023224
42.90404486656189, 0.6553191542625427, -0.5040982365608215, 0.08437693864107132, -60.00029373168945, 0.5889055728912354, 0.20000000298023224
42.91406536102295, 0.6468085050582886, -0.5640636682510376, -1.1781409978866577, -71.40924835205078, 0.5889055728912354, 0.20000000298023224
42.92409038543701, 0.6297872066497803, -1.1005797386169434, 3.1069788932800293, 1483.6568603515625, 0.5889055728912354, 0.20000000298023224
42.934093713760376, 0.6170212626457214, -1.5059148073196411, 1.9611876010894775, -133.94129943847656, 0.5889055728912354, 0.20000000298023224
42.94404435157776, 0.6042553186416626, -0.9507831931114197, 0.6579636931419373, -118.77494049072266, 0.5950053334236145, 0.20000000298023224
42.95404100418091, 0.5872340202331543, -2.1250269412994385, -0.9018579721450806, -192.1643524169922, 0.5950053334236145, 0.20000000298023224
42.964046239852905, 0.5787234306335449, -1.0017457008361816, -1.6518590450286865, -52.5642204284668, 0.5950053334236145, 0.20000000298023224
42.974069595336914, 0.5617021322250366, -1.6402496099472046, 3.13067889213562, 1483.211669921875, 0.5950053334236145, 0.20000000298023224
42.98410940170288, 0.5468084812164307, -1.8772655725479126, 2.1411795616149902, -107.09095001220703, 0.6023942232131958, 0.20000000298023224
42.99404764175415, 0.5276595950126648, -1.7742828130722046, 0.5226708650588989, -133.168701171875, 0.6023942232131958, 0.20000000298023224
43.004063844680786, 0.521276593208313, -0.9774426221847534, -0.1762574166059494, -105.16205596923828, 0.6023942232131958, 0.20000000298023224
43.014044761657715, 0.5021276473999023, -1.0730537176132202, -1.7591090202331543, -112.64572143554688, 0.6023942232131958, 0.20000000298023224
43.02409482002258, 0.4893617033958435, -1.5815308094024658, -2.659852981567383, -113.52107238769531, 0.6127066016197205, 0.20000000298023224
43.03404235839844, 0.4723404347896576, -1.6882426738739014, 2.3003101348876953, -113.5014877319336, 0.6127066016197205, 0.20000000298023224
43.04405331611633, 0.46382978558540344, -1.3385406732559204, 1.6755249500274658, -86.9674072265625, 0.6127066016197205, 0.20000000298023224
43.05404329299927, 0.44680851697921753, -2.202925443649292, 0.18461528420448303, -172.8931121826172, 0.6127066016197205, 0.20000000298023224
43.06404709815979, 0.4404255449771881, -1.0428948402404785, -0.40797531604766846, -99.36481475830078, 0.6232747435569763, 0.20000000298023224
43.07403755187988, 0.42553192377090454, -1.0139238834381104, -1.6238605976104736, -100.77947998046875, 0.6232747435569763, 0.20000000298023224
43.08406591415405, 0.41489362716674805, -1.1948920488357544, -2.3873178958892822, -119.3626480102539, 0.6232747435569763, 0.20000000298023224
43.09404134750366, 0.39787232875823975, -1.4505149126052856, 2.7826569080352783, 1343.5458984375, 0.6232747435569763, 0.20000000298023224
43.10405874252319, 0.38723403215408325, -1.7283507585525513, 2.0833942890167236, -95.7149887084961, 0.6329184770584106, 0.20000000298023224
43.11404347419739, 0.3723404109477997, -1.6825133562088013, 1.031528115272522, -99.03749084472656, 0.6329184770584106, 0.20000000298023224
43.12407946586609, 0.3638297915458679, -0.8750356435775757, 0.3259880244731903, -69.51638793945312, 0.6329184770584106, 0.20000000298023224
43.13405418395996, 0.3510638177394867, -1.0151349306106567, -0.6793622374534607, -78.0453109741211, 0.6329184770584106, 0.20000000298023224
43.14407777786255, 0.34255319833755493, -0.9387314915657043, -1.2933180332183838, -61.60463333129883, 0.641300618648529, 0.20000000298023224
43.15406036376953, 0.3297872245311737, -1.1418401002883911, -2.2913849353790283, -84.35494995117188, 0.641300618648529, 0.20000000298023224
43.16411876678467, 0.32127660512924194, -0.8175951242446899, -2.9501168727874756, -61.82886505126953, 0.641300618648529, 0.20000000298023224
43.17406344413757, 0.3085106313228607, -1.0304313898086548, 2.66847825050354, -67.794921875, 0.641300618648529, 0.20000000298023224
43.18407964706421, 0.2957446873188019, -1.1264185905456543, 1.8888583183288574, -58.72072982788086, 0.6494067907333374, 0.20000000298023224
43.19407939910889, 0.28723403811454773, -0.5264305472373962, 1.133950114250183, -66.33905029296875, 0.6494067907333374, 0.20000000298023224
43.20411944389343, 0.27872341871261597, -0.9681639075279236, 0.6009211540222168, -61.394264221191406, 0.6494067907333374, 0.20000000298023224
43.21404790878296, 0.2680850923061371, -1.076094388961792, -0.16274139285087585, -66.1482162475586, 0.6494067907333374, 0.20000000298023224
43.224117040634155, 0.26170212030410767, -0.9357293844223022, -0.6179129481315613, -47.95048522949219, 0.6585047841072083, 0.20000000298023224
43.23405194282532, 0.2531915009021759, -1.4631990194320679, -1.2063742876052856, -77.23328399658203, 0.6585047841072083, 0.20000000298023224
43.24407744407654, 0.24468085169792175, -0.5467163324356079, -1.8497211933135986, -49.84568405151367, 0.6585047841072083, 0.20000000298023224
43.25405192375183, 0.2361702173948288, -0.5670024156570435, -2.501710891723633, -77.93011474609375, 0.6585047841072083, 0.20000000298023224
43.26406002044678, 0.22978723049163818, -0.4962216913700104, -2.8438470363616943, -46.624568939208984, 0.6642542481422424, 0.20000000298023224
43.274099349975586, 0.2191489338874817, -1.145283818244934, 2.8543105125427246, -37.32892990112305, 0.6642542481422424, 0.20000000298023224
43.284045457839966, 0.21063829958438873, -1.2228915691375732, 2.3071749210357666, -52.413246154785156, 0.6642542481422424, 0.20000000298023224
43.29410004615784, 0.20638297498226166, -1.1463872194290161, 1.9683641195297241, -69.8935775756836, 0.6642542481422424, 0.20000000298023224
43.30404305458069, 0.20000000298023224, -0.6108598113059998, 1.5582661628723145, -45.90045928955078, 0.6718307137489319, 0.20000000298023224
43.31408953666687, 0.19361701607704163, -0.4595288932323456, 1.2382731437683105, -34.62199020385742, 0.6718307137489319, 0.20000000298023224
43.32405090332031, 0.18936170637607574, -0.3747554421424866, 0.9597406983375549, -23.416810989379883, 0.6718307137489319, 0.20000000298023224
43.334051847457886, 0.1808510571718216, -0.5650637149810791, 0.48694828152656555, -33.70957565307617, 0.6718307137489319, 0.20000000298023224
43.344048500061035, 0.1765957474708557, -0.5419354438781738, 0.18801306188106537, -30.705785751342773, 0.6796205043792725, 0.20000000298023224
43.3540563583374, 0.17234042286872864, -0.5308143496513367, -0.051250260323286057, -29.18263816833496, 0.6796205043792725, 0.20000000298023224
43.364097118377686, 0.16808511316776276, 0.0, -0.3428889811038971, -22.11553382873535, 0.6796205043792725, 0.20000000298023224
43.37407398223877, 0.16382978856563568, -0.4187532663345337, -0.5231762528419495, -20.28257942199707, 0.6796205043792725, 0.20000000298023224
43.38410758972168, 0.15744680166244507, -0.42444950342178345, -0.7681508660316467, -16.918405532836914, 0.6876177787780762, 0.20000000298023224
43.39409828186035, 0.15531915426254272, -0.5605559945106506, -0.9035763740539551, -15.955480575561523, 0.6876177787780762, 0.20000000298023224
43.40407347679138, 0.1531914919614792, 0.0, -0.878638505935669, -8.003448486328125, 0.6876177787780762, 0.20000000298023224
43.414085149765015, 0.14680850505828857, -0.47916939854621887, -1.1951738595962524, -6.1004486083984375, 0.6876177787780762, 0.20000000298023224
43.42404747009277, 0.14468085765838623, -0.3423111140727997, -1.3077977895736694, -10.61490535736084, 0.6954990029335022, 0.20000000298023224
43.434081077575684, 0.1425531953573227, 0.0, -1.3805038928985596, -5.5089111328125, 0.6954990029335022, 0.20000000298023224
43.44404625892639, 0.13829787075519562, 0.0, -1.434494137763977, -2.0809545516967773, 0.6954990029335022, 0.20000000298023224
43.4540913105011, 0.13617020845413208, -0.518659234046936, -1.4515033960342407, -1.0370718240737915, 0.6954990029335022, 0.20000000298023224
43.46404528617859, 0.13404254615306854, -0.5663906335830688, -1.4629634618759155, 1.435761570930481, 0.7035996913909912, 0.20000000298023224
43.474079608917236, 0.13404254615306854, 0.0, -1.4444845914840698, 3.3992316722869873, 0.7035996913909912, 0.20000000298023224
43.484068393707275, 0.1319148987531662, -0.5107922554016113, -1.4163305759429932, 4.284946918487549, 0.7035996913909912, 0.20000000298023224
43.4940664768219, 0.1319148987531662, 0.0, -1.318326473236084, 8.57092571258545, 0.7035996913909912, 0.20000000298023224
43.5040397644043, 0.1319148987531662, 0.0, -1.1991713047027588, 9.730708122253418, 0.711632251739502, 0.20000000298023224
43.51410531997681, 0.1319148987531662, 0.0, -1.1010675430297852, 8.2758150100708, 0.711632251739502, 0.20000000298023224
43.52408528327942, 0.1319148987531662, 0.0, -0.9066720604896545, -36.60548400878906, 0.711632251739502, 0.20000000298023224
43.534096479415894, 0.13404254615306854, 0.5551854372024536, -0.7592684626579285, 16.66741943359375, 0.711632251739502, 0.20000000298023224
43.544042348861694, 0.13404254615306854, 0.0, -0.5976791381835938, -6.089565277099609, 0.7196149826049805, 0.20000000298023224
43.554038524627686, 0.13617020845413208, 0.0, -0.2422334849834442, 27.366487503051758, 0.7196149826049805, 0.20000000298023224
43.56409430503845, 0.13829787075519562, 0.4509601891040802, -0.061616912484169006, 19.378084182739258, 0.7196149826049805, 0.20000000298023224
43.574034214019775, 0.14042553305625916, 0.4824332892894745, 0.2098085731267929, 19.64974021911621, 0.7196149826049805, 0.20000000298023224
43.58403921127319, 0.1425531953573227, 0.4048473834991455, 0.5905484557151794, 50.40956115722656, 0.7274673581123352, 0.20000000298023224
43.59406924247742, 0.1425531953573227, 0.0, 0.8447846174240112, 34.953887939453125, 0.7274673581123352, 0.20000000298023224
43.60407996177673, 0.14468085765838623, 0.5236504673957825, 1.2277297973632812, 31.563337326049805, 0.7274673581123352, 0.20000000298023224
43.614084005355835, 0.14468085765838623, 0.0, 1.499001145362854, 33.78041076660156, 0.7274673581123352, 0.20000000298023224
43.62409710884094, 0.14680850505828857, 0.0, 1.8849378824234009, 36.17644119262695, 0.7352611422538757, 0.20000000298023224
43.634042501449585, 0.1489361673593521, 0.0, 2.367337942123413, 46.85303497314453, 0.7352611422538757, 0.20000000298023224
43.6440634727478, 0.15106382966041565, 0.0, 2.7145283222198486, 13.98897647857666, 0.7352611422538757, 0.20000000298023224
43.65407180786133, 0.15531915426254272, 0.47402799129486084, 3.0680747032165527, 41.14627456665039, 0.7352611422538757, 0.20000000298023224
43.66406846046448, 0.1595744639635086, 0.47786083817481995, -2.6078526973724365, 46.17522048950195, 0.7428994178771973, 0.20000000298023224
43.674067735672, 0.16595745086669922, 0.46973633766174316, -1.9837474822998047, 47.925872802734375, 0.7428994178771973, 0.20000000298023224
43.68407082557678, 0.1702127605676651, 0.48345258831977844, -1.5335630178451538, 53.08527374267578, 0.7428994178771973, 0.20000000298023224
43.694053649902344, 0.1765957474708557, 0.509189248085022, -0.885779619216919, 51.822044372558594, 0.7428994178771973, 0.20000000298023224
43.70406770706177, 0.1808510571718216, 0.3906176686286926, -0.4549994468688965, 36.865562438964844, 0.7528462409973145, 0.20000000298023224
43.71408128738403, 0.18510638177394867, 0.6119069457054138, 0.22965078055858612, 66.02005004882812, 0.7528462409973145, 0.20000000298023224
43.72409987449646, 0.1872340440750122, 0.0, 0.7244843244552612, 77.56568908691406, 0.7528462409973145, 0.20000000298023224
43.734052896499634, 0.19361701607704163, 0.5064440965652466, 1.4785622358322144, 61.701725006103516, 0.7528462409973145, 0.20000000298023224
43.74405264854431, 0.19574467837810516, 0.5054115056991577, 2.0213446617126465, 65.16673278808594, 0.7586642503738403, 0.20000000298023224
43.75404453277588, 0.20425531268119812, 0.5274261832237244, 2.86714768409729, 68.21101379394531, 0.7586642503738403, 0.20000000298023224
43.764052867889404, 0.21063829958438873, 0.34202250838279724, -2.832207679748535, 47.35565948486328, 0.7586642503738403, 0.20000000298023224
43.7740683555603, 0.2148936241865158, 0.5949764251708984, -2.33573317527771, 69.41680145263672, 0.7586642503738403, 0.20000000298023224
43.784045934677124, 0.2255319207906723, 0.7281076312065125, -1.3207474946975708, 53.74409484863281, 0.7665970325469971, 0.20000000298023224
43.79405355453491, 0.22978723049163818, 0.5198375582695007, -0.5528532266616821, 79.32081604003906, 0.7665970325469971, 0.20000000298023224
43.804046630859375, 0.23404255509376526, 0.3416427671909332, -0.11790021508932114, 24.567106246948242, 0.7665970325469971, 0.20000000298023224
43.814067125320435, 0.24255318939685822, 0.592369794845581, 1.0294229984283447, 88.5052719116211, 0.7665970325469971, 0.20000000298023224
43.824044942855835, 0.2531915009021759, 0.56693035364151, 2.044018030166626, 83.19877624511719, 0.7744202613830566, 0.20000000298023224
43.834078311920166, 0.2595744729042053, 0.37492862343788147, 2.562163829803467, 30.906522750854492, 0.7744202613830566, 0.20000000298023224
43.84405303001404, 0.26595744490623474, 0.47929808497428894, -2.8096065521240234, 73.56527709960938, 0.7744202613830566, 0.20000000298023224
43.85407090187073, 0.2744680941104889, 0.5462144017219543, -1.653656244277954, 93.15420532226562, 0.7744202613830566, 0.20000000298023224
43.86406683921814, 0.2808510661125183, 0.0, -0.7412301898002625, 35.5898551940918, 0.7823019027709961, 0.20000000298023224
43.874080419540405, 0.28936171531677246, 0.499219685792923, 0.25338873267173767, 96.59383392333984, 0.7823019027709961, 0.20000000298023224
43.88408350944519, 0.30000001192092896, 0.5616142749786377, 1.5006177425384521, 104.01506042480469, 0.7823019027709961, 0.20000000298023224
43.894113540649414, 0.3085106313228607, 1.0336538553237915, 2.26827335357666, 88.76983642578125, 0.7823019027709961, 0.20000000298023224
43.90403866767883, 0.31489360332489014, 0.9502769708633423, 3.0725905895233154, 94.4892807006836, 0.7902036905288696, 0.20000000298023224
43.91408061981201, 0.3234042525291443, 0.5421659350395203, -1.8770220279693604, 113.5787582397461, 0.7902036905288696, 0.20000000298023224
43.924065351486206, 0.3361702263355255, 0.9718012809753418, -0.6271674633026123, 93.40188598632812, 0.7902036905288696, 0.20000000298023224
43.934099197387695, 0.34255319833755493, 0.9335758090019226, 0.31994396448135376, 89.1856460571289, 0.7902036905288696, 0.20000000298023224
43.94403147697449, 0.3510638177394867, 1.0889629125595093, 1.7302212715148926, 111.76588439941406, 0.7978933453559875, 0.20000000298023224
43.95408391952515, 0.3574468195438385, 1.0139238834381104, 2.60424542427063, 104.36597442626953, 0.7978933453559875, 0.20000000298023224
43.96407866477966, 0.36595743894577026, 0.6706030964851379, -2.693692922592163, -911.2396240234375, 0.7978933453559875, 0.20000000298023224
43.97403907775879, 0.37659573554992676, 1.0859812498092651, -1.4655052423477173, 119.55144500732422, 0.7978933453559875, 0.20000000298023224
43.98406910896301, 0.389361709356308, 1.0919610261917114, -0.07300987094640732, 128.97679138183594, 0.8056030869483948, 0.20000000298023224
43.994051456451416, 0.39361703395843506, 0.4330802261829376, 0.9683579206466675, 106.95685577392578, 0.8056030869483948, 0.20000000298023224
44.0040602684021, 0.4063829779624939, 1.0002859830856323, 2.3906166553497314, 107.37457275390625, 0.8056030869483948, 0.20000000298023224
44.0140438079834, 0.42127659916877747, 1.1709816455841064, -2.215178966522217, 161.5311279296875, 0.8056030869483948, 0.20000000298023224
44.02407765388489, 0.42553192377090454, 0.0, -1.4619762897491455, 48.08220672607422, 0.8133998513221741, 0.20000000298023224
44.034053802490234, 0.43191489577293396, 0.44709673523902893, -0.1571992039680481, 118.98114776611328, 0.8133998513221741, 0.20000000298023224
44.044081926345825, 0.44255319237709045, 1.0798707008361816, 1.5393221378326416, 129.35568237304688, 0.8133998513221741, 0.20000000298023224
44.05408430099487, 0.4510638415813446, 1.117811918258667, 2.583615303039551, 138.87283325195312, 0.8133998513221741, 0.20000000298023224
44.064040660858154, 0.4659574329853058, 1.7043641805648804, -1.6457254886627197, 225.8475799560547, 0.8211103081703186, 0.20000000298023224
44.074054479599, 0.4723404347896576, 1.1268452405929565, -0.5782005786895752, 146.7004852294922, 0.8211103081703186, 0.20000000298023224
44.0840482711792, 0.478723406791687, 0.6017972230911255, 0.3561198115348816, 90.29109954833984, 0.8211103081703186, 0.20000000298023224
44.09405207633972, 0.4936170279979706, 1.581250548362732, 2.6451780796051025, 206.585693359375, 0.8211103081703186, 0.20000000298023224
44.10404825210571, 0.5, 1.082621693611145, -2.38130784034729, 160.7300567626953, 0.8289611339569092, 0.20000000298023224
44.11414408683777, 0.5106382966041565, 1.1048719882965088, -0.9524030089378357, 144.70750427246094, 0.8289611339569092, 0.20000000298023224
44.124106884002686, 0.5191489458084106, 0.988869309425354, 0.6611860990524292, 233.20635986328125, 0.8289611339569092, 0.20000000298023224
44.13404369354248, 0.5297872424125671, 1.1045300960540771, 2.405003070831299, 145.2349853515625, 0.8289611339569092, 0.20000000298023224
44.14405012130737, 0.542553186416626, 1.9341245889663696, -2.221341371536255, 202.99490356445312, 0.8385961651802063, 0.20000000298023224
44.15404438972473, 0.5510638356208801, 0.939621090888977, -1.0783940553665161, 126.3208236694336, 0.8385961651802063, 0.20000000298023224
44.16404366493225, 0.563829779624939, 1.1180219650268555, 0.8755567073822021, 177.85398864746094, 0.8385961651802063, 0.20000000298023224
44.17405819892883, 0.5680851340293884, 0.9435452818870544, 1.7694886922836304, 131.9279022216797, 0.8385961651802063, 0.20000000298023224
44.18405508995056, 0.5787234306335449, 1.0637800693511963, 3.0331270694732666, 112.98056030273438, 0.8442961573600769, 0.20000000298023224
44.194053173065186, 0.5914893746376038, 0.5238963961601257, -0.9611240029335022, 156.00511169433594, 0.8442961573600769, 0.20000000298023224
44.204038858413696, 0.5957446694374084, 0.44835466146469116, 0.45044147968292236, 155.83816528320312, 0.8442961573600769, 0.20000000298023224
44.21404457092285, 0.6063829660415649, 0.9053516387939453, 2.414872169494629, 139.99420166015625, 0.8442961573600769, 0.20000000298023224
44.22404766082764, 0.6127659678459167, 0.5210820436477661, -2.052062749862671, 173.9567413330078, 0.8518819212913513, 0.20000000298023224
44.23404622077942, 0.6191489100456238, 0.5712855458259583, -0.3833279311656952, 189.34738159179688, 0.8518819212913513, 0.20000000298023224
44.24406147003174, 0.6234042644500732, 0.4544508457183838, 1.1098628044128418, 157.3711395263672, 0.8518819212913513, 0.20000000298023224
44.2540488243103, 0.6319149136543274, 1.0516204833984375, -2.7536871433258057, -1282.0753173828125, 0.8518819212913513, 0.20000000298023224
44.264050245285034, 0.6340425610542297, 0.5428584814071655, -1.7671414613723755, 79.58265686035156, 0.8548065423965454, 0.20000000298023224
44.27405667304993, 0.6276595592498779, -0.4249345660209656, 0.0601278617978096, 126.143798828125, 0.8548065423965454, 0.20000000298023224
44.28406620025635, 0.6170212626457214, -1.7064282894134521, 1.2021639347076416, 155.6278076171875, 0.8548065423965454, 0.20000000298023224
44.294079303741455, 0.5978723168373108, -1.7027382850646973, 2.815591812133789, 142.14468383789062, 0.8548065423965454, 0.20000000298023224
44.304054260253906, 0.5893617272377014, -0.7829831838607788, -2.393970012664795, 97.40850067138672, 0.8527989387512207, 0.20000000298023224
44.31404709815979, 0.5723404288291931, -0.5072501301765442, -0.7850202918052673, 62.794124603271484, 0.8527989387512207, 0.20000000298023224
44.32404708862305, 0.5595744848251343, -0.548902153968811, 0.2908187210559845, 72.23021697998047, 0.8527989387512207, 0.20000000298023224
44.3340847492218, 0.542553186416626, -1.6154078245162964, 1.8819538354873657, 132.03077697753906, 0.8527989387512207, 0.20000000298023224
44.344093561172485, 0.5361701846122742, -0.5661750435829163, 2.906810760498047, 144.94869995117188, 0.8510218262672424, 0.20000000298023224
44.354060649871826, 0.5255318880081177, -0.550663411617279, -1.7372210025787354, 124.47454833984375, 0.8510218262672424, 0.20000000298023224
44.36404991149902, 0.5127659440040588, -1.138344407081604, -0.4260886013507843, 69.80622100830078, 0.8510218262672424, 0.20000000298023224
44.374074935913086, 0.5042552947998047, -0.943994402885437, 0.648647665977478, 117.18135833740234, 0.8510218262672424, 0.20000000298023224
44.38404417037964, 0.4957446753978729, -1.0840026140213013, 2.176058530807495, 121.81196594238281, 0.8489879369735718, 0.20000000298023224
44.39405846595764, 0.49148935079574585, -0.5810685753822327, -3.019610643386841, -1574.7652587890625, 0.8489879369735718, 0.20000000298023224
44.40405058860779, 0.48723405599594116, -0.40091878175735474, -1.920899748802185, 101.43054962158203, 0.8489879369735718, 0.20000000298023224
44.41408371925354, 0.478723406791687, -0.5278005003929138, -0.13218441605567932, 129.7353515625, 0.8489879369735718, 0.20000000298023224
44.42402720451355, 0.4723404347896576, -0.4892840087413788, 1.165407419204712, 116.02040100097656, 0.8455889225006104, 0.20000000298023224
44.434075117111206, 0.4680851101875305, -0.46708106994628906, 2.3828773498535156, 152.58932495117188, 0.8455889225006104, 0.20000000298023224
44.44406795501709, 0.4617021381855011, -0.5567788481712341, -2.371145248413086, 132.9357452392578, 0.8455889225006104, 0.20000000298023224
44.45408654212952, 0.457446813583374, -0.532524824142456, -1.6814483404159546, 114.94136810302734, 0.8455889225006104, 0.20000000298023224
44.46404552459717, 0.4489361643791199, -0.47410354018211365, -0.3262038826942444, 98.93196868896484, 0.8421915173530579, 0.20000000298023224
44.47407054901123, 0.4382978677749634, -1.0015770196914673, 0.7419562935829163, 97.18407440185547, 0.8421915173530579, 0.20000000298023224
44.48404049873352, 0.4276595711708069, -1.1164134740829468, 1.7735720872879028, 97.61880493164062, 0.8421915173530579, 0.20000000298023224
44.49404573440552, 0.42127659916877747, -1.015539288520813, 2.5666663646698, 95.16670989990234, 0.8421915173530579, 0.20000000298023224
44.50404214859009, 0.41063830256462097, -0.9783534407615662, -2.508732795715332, 94.6559066772461, 0.8397405743598938, 0.20000000298023224
44.51404047012329, 0.40425533056259155, -0.5484635829925537, -1.7184518575668335, 49.59287643432617, 0.8397405743598938, 0.20000000298023224
44.52405142784119, 0.3957446813583374, -0.9602981805801392, -0.5955213904380798, 98.09932708740234, 0.8397405743598938, 0.20000000298023224
44.53405427932739, 0.389361709356308, -0.5337989926338196, 0.1642812043428421, 56.39594268798828, 0.8397405743598938, 0.20000000298023224
44.54404091835022, 0.3787234127521515, -0.5637429356575012, 1.2752554416656494, 96.5683822631836, 0.8367199897766113, 0.20000000298023224
44.554065465927124, 0.3723404109477997, -1.0202996730804443, 1.9705829620361328, 74.94114685058594, 0.8367199897766113, 0.20000000298023224
44.56405448913574, 0.36595743894577026, -0.5987688302993774, 2.9985592365264893, 101.17778778076172, 0.8367199897766113, 0.20000000298023224
44.574044942855835, 0.35957446694374084, -0.5541167855262756, -2.3548831939697266, 40.66956329345703, 0.8367199897766113, 0.20000000298023224
44.58405661582947, 0.35531914234161377, -0.3690369427204132, -1.7000666856765747, 53.25070571899414, 0.8343851566314697, 0.20000000298023224
44.594064474105835, 0.346808522939682, -0.9191997647285461, -0.8931306004524231, 67.66616821289062, 0.8343851566314697, 0.20000000298023224
44.604058265686035, 0.33829787373542786, -0.5972061157226562, 0.00119342643301934, 78.67485046386719, 0.8343851566314697, 0.20000000298023224
44.614102840423584, 0.33191490173339844, -0.526523768901825, 0.6416403651237488, 75.054931640625, 0.8343851566314697, 0.20000000298023224
44.624088525772095, 0.3234042525291443, -0.552367627620697, 1.4926584959030151, 74.48319244384766, 0.8323229551315308, 0.20000000298023224
44.634047985076904, 0.31702128052711487, -0.5704091191291809, 2.169401168823242, 80.20155334472656, 0.8323229551315308, 0.20000000298023224
44.64406871795654, 0.3127659559249878, -0.6008248329162598, 2.6192164421081543, 73.93772888183594, 0.8323229551315308, 0.20000000298023224
44.65405774116516, 0.30425530672073364, -1.0503208637237549, -2.8836801052093506, -1477.6016845703125, 0.8323229551315308, 0.20000000298023224
44.664071559906006, 0.30000001192092896, -0.42236030101776123, -2.3119454383850098, 53.342926025390625, 0.8318920731544495, 0.20000000298023224
44.67406105995178, 0.29361701011657715, -0.5847235918045044, -1.5927804708480835, 70.2813491821289, 0.8318920731544495, 0.20000000298023224
44.68410539627075, 0.28936171531677246, -0.5342463254928589, -1.1858444213867188, 53.829078674316406, 0.8318920731544495, 0.20000000298023224
44.69410443305969, 0.2808510661125183, -0.5857982635498047, -0.5905165076255798, 36.23278045654297, 0.8318920731544495, 0.20000000298023224
44.70409345626831, 0.27659574151039124, -0.5144434571266174, -0.16895440220832825, 37.842735290527344, 0.8325015306472778, 0.20000000298023224
44.714083433151245, 0.2702127695083618, -0.524882435798645, 0.5016842484474182, 49.62049865722656, 0.8325015306472778, 0.20000000298023224
44.72407650947571, 0.2638297975063324, -0.6037514805793762, 1.0783579349517822, 59.04940414428711, 0.8325015306472778, 0.20000000298023224
44.73405313491821, 0.26170212030410767, -0.5503238439559937, 1.377177119255066, 52.119590759277344, 0.8325015306472778, 0.20000000298023224
44.74405527114868, 0.2574467957019806, -0.4965254068374634, 1.886473536491394, 38.58308792114258, 0.8325456380844116, 0.20000000298023224
44.75405430793762, 0.25531914830207825, -0.5315098762512207, 2.2176268100738525, 50.488861083984375, 0.8325456380844116, 0.20000000298023224
44.76407551765442, 0.25106382369995117, 0.0, 2.539193868637085, 20.462430953979492, 0.8325456380844116, 0.20000000298023224
44.77403903007507, 0.24893617630004883, 0.0, 2.7940752506256104, 27.47769546508789, 0.8325456380844116, 0.20000000298023224
44.7840735912323, 0.24468085169792175, 0.0, -2.9921138286590576, 33.31522750854492, 0.8317518830299377, 0.20000000298023224
44.79404830932617, 0.24042552709579468, -0.5681937336921692, -2.6940884590148926, 34.17496109008789, 0.8317518830299377, 0.20000000298023224
44.80409598350525, 0.23829787969589233, -0.5357537865638733, -2.3914384841918945, 43.76375961303711, 0.8317518830299377, 0.20000000298023224
44.81406235694885, 0.2361702173948288, 0.0, -2.069274425506592, 29.72432518005371, 0.8317518830299377, 0.20000000298023224
44.82404589653015, 0.23404255509376526, -0.500929057598114, -1.8737461566925049, 22.366701126098633, 0.8301942348480225, 0.20000000298023224
44.83405947685242, 0.23191489279270172, -0.4852137267589569, -1.6426477432250977, 17.288837432861328, 0.8301942348480225, 0.20000000298023224
44.8440465927124, 0.23191489279270172, 0.0, -1.496936559677124, 15.879777908325195, 0.8301942348480225, 0.20000000298023224
44.854076623916626, 0.22978723049163818, 0.0, -1.345352292060852, 8.422375679016113, 0.8301942348480225, 0.20000000298023224
44.8640513420105, 0.22978723049163818, 0.0, -1.247930645942688, 13.520779609680176, 0.8293156027793884, 0.20000000298023224
44.874086141586304, 0.22765956819057465, 0.0, -1.179233431816101, 5.5208258628845215, 0.8293156027793884, 0.20000000298023224
44.884031534194946, 0.22765956819057465, 0.0, -1.1313616037368774, 2.491245985031128, 0.8293156027793884, 0.20000000298023224
44.894105195999146, 0.22765956819057465, 0.0, -1.1199716329574585, 0.43312376737594604, 0.8293156027793884, 0.20000000298023224
44.9040412902832, 0.22765956819057465, 0.0, -1.117548942565918, 0.699850857257843, 0.8293658494949341, 0.20000000298023224
44.91407895088196, 0.22765956819057465, 0.0, -1.1290870904922485, 0.10187777131795883, 0.8293658494949341, 0.20000000298023224
44.92409133911133, 0.22765956819057465, 0.0, -1.1706509590148926, -5.378285884857178, 0.8293658494949341, 0.20000000298023224
44.934086561203, 0.20891891419887543, 0.0, -1.2801120281219482, -2.5415568351745605, 0.8293658494949341, 0.20000000298023224
44.944055795669556, 0.20891891419887543, 0.0, -1.3608485460281372, -6.413971900939941, 0.8295973539352417, 0.20000000298023224
44.95408082008362, 0.20891891419887543, -0.5230209827423096, -1.4489694833755493, -4.367156982421875, 0.8295973539352417, 0.20000000298023224
44.96403622627258, 0.20891891419887543, -0.5485848188400269, -1.5902169942855835, -12.469797134399414, 0.8295973539352417, 0.20000000298023224
44.97405505180359, 0.20891891419887543, -0.5394991636276245, -1.7326215505599976, -16.13679313659668, 0.8295973539352417, 0.20000000298023224
44.98409080505371, 0.20891891419887543, 0.0, -1.8065472841262817, -14.212812423706055, 0.8291632533073425, 0.20000000298023224
44.99406433105469, 0.21162162721157074, 0.0, -2.043470621109009, -67.1175308227539, 0.8291632533073425, 0.20000000298023224
45.00409460067749, 0.21162162721157074, 0.5136597156524658, -2.314720392227173, -27.091693878173828, 0.8291632533073425, 0.20000000298023224
45.014078855514526, 0.21162162721157074, 0.0, -2.550088405609131, -25.230012893676758, 0.8291632533073425, 0.20000000298023224
45.024030447006226, 0.21432432532310486, 0.4749835133552551, -2.8193507194519043, -26.56884002685547, 0.8281342387199402, 0.20000000298023224
45.0340518951416, 0.21432432532310486, 0.0, -2.9885268211364746, -32.79151153564453, 0.8281342387199402, 0.20000000298023224
45.0440468788147, 0.2224324345588684, 0.5429704785346985, 2.8385732173919678, 390.21966552734375, 0.8281342387199402, 0.20000000298023224
45.054070234298706, 0.2224324345588684, 0.0, 2.727200508117676, -17.19606590270996, 0.8281342387199402, 0.20000000298023224
45.0640869140625, 0.23054054379463196, 0.4903731644153595, 2.3168087005615234, -32.78120803833008, 0.8272792100906372, 0.20000000298023224
45.07404828071594, 0.2386486530303955, 0.5464692115783691, 2.0546493530273438, -28.8125057220459, 0.8272792100906372, 0.20000000298023224
45.0840847492218, 0.24405404925346375, 0.44627994298934937, 1.700858235359192, -22.781431198120117, 0.8272792100906372, 0.20000000298023224
45.09406042098999, 0.2521621584892273, 0.845084011554718, 1.1979504823684692, -38.46297073364258, 0.8272792100906372, 0.20000000298023224
45.104042530059814, 0.2548648715019226, 0.4727254807949066, 0.9467921257019043, -43.92971420288086, 0.8270558714866638, 0.20000000298023224
45.11404728889465, 0.25756755471229553, 0.0, 0.49009236693382263, -29.89461898803711, 0.8270558714866638, 0.20000000298023224
45.12405347824097, 0.26027026772499084, 0.0, -0.07540003210306168, -46.96658706665039, 0.8270558714866638, 0.20000000298023224
45.13405084609985, 0.26297298073768616, 0.0, -0.7056092619895935, -53.70448303222656, 0.8270558714866638, 0.20000000298023224
45.1440532207489, 0.2656756639480591, 0.5689598917961121, -1.005692481994629, -63.172080993652344, 0.827064037322998, 0.20000000298023224
45.1540789604187, 0.2710810899734497, 0.4171004891395569, -1.651526927947998, -67.80873107910156, 0.827064037322998, 0.20000000298023224
45.164071559906006, 0.27648648619651794, 0.5462848544120789, -2.206800699234009, -43.725704193115234, 0.827064037322998, 0.20000000298023224
45.17408013343811, 0.2845945954322815, 0.452172189950943, -2.7345309257507324, -33.636505126953125, 0.827064037322998, 0.20000000298023224
45.18406105041504, 0.29540541768074036, 1.010334849357605, 2.8742380142211914, 1112.6593017578125, 0.8266867995262146, 0.20000000298023224
45.19405555725098, 0.3035135269165039, 0.5297176241874695, 2.2976627349853516, -22.94024658203125, 0.8266867995262146, 0.20000000298023224
45.204065799713135, 0.30621621012687683, 0.5461269617080688, 1.9359683990478516, -73.08648681640625, 0.8266867995262146, 0.20000000298023224
45.2140576839447, 0.31162163615226746, 0.476200670003891, 1.2981247901916504, -68.05235290527344, 0.8266867995262146, 0.20000000298023224
45.224077224731445, 0.3170270323753357, 0.5594135522842407, 0.4752691686153412, -88.15445709228516, 0.8256872892379761, 0.20000000298023224
45.23407602310181, 0.32513514161109924, 1.089367389678955, -0.2409842163324356, -87.48281860351562, 0.8256872892379761, 0.20000000298023224
45.24407601356506, 0.3332432508468628, 0.8238340616226196, -0.9478095769882202, -65.41283416748047, 0.8256872892379761, 0.20000000298023224
45.25409460067749, 0.34405404329299927, 1.0185046195983887, -1.6460152864456177, -52.91025924682617, 0.8256872892379761, 0.20000000298023224
45.264063596725464, 0.35486486554145813, 1.0395668745040894, -2.2692112922668457, -33.271095275878906, 0.824791431427002, 0.20000000298023224
45.274052143096924, 0.36027026176452637, 0.45109260082244873, 2.9691381454467773, 980.9649047851562, 0.824791431427002, 0.20000000298023224
45.28405261039734, 0.365675687789917, 0.5269841551780701, 2.188192129135132, -62.06621170043945, 0.824791431427002, 0.20000000298023224
45.29405975341797, 0.37108108401298523, 0.5217451453208923, 1.3348349332809448, -68.78842163085938, 0.824791431427002, 0.20000000298023224
45.30404877662659, 0.37378379702568054, 0.5301387310028076, 0.8128359317779541, -102.39079284667969, 0.8243168592453003, 0.20000000298023224
45.31405282020569, 0.384594589471817, 1.0786902904510498, -0.06216174364089966, -109.1707763671875, 0.8243168592453003, 0.20000000298023224
45.3240749835968, 0.3954054117202759, 0.43840959668159485, -0.9092540144920349, -55.30260467529297, 0.8243168592453003, 0.20000000298023224
45.3340699672699, 0.4008108079433441, 0.854222297668457, -1.347267508506775, -69.21977233886719, 0.8243168592453003, 0.20000000298023224
45.34410333633423, 0.40891891717910767, 0.3692854940891266, -2.6788153648376465, -94.67084503173828, 0.8243352174758911, 0.20000000298023224
45.35408282279968, 0.4170270264148712, 0.49308207631111145, 2.4845471382141113, -66.62522888183594, 0.8243352174758911, 0.20000000298023224
45.36404848098755, 0.4278378486633301, 0.7663572430610657, 1.5131903886795044, -59.00789260864258, 0.8243352174758911, 0.20000000298023224
45.374054193496704, 0.43864864110946655, 1.4769495725631714, 0.7639142870903015, -102.36447143554688, 0.8243352174758911, 0.20000000298023224
45.38409471511841, 0.4494594633579254, 0.5033504962921143, -0.43726369738578796, -73.23322296142578, 0.8240705728530884, 0.20000000298023224
45.394094467163086, 0.45486485958099365, 0.5057985186576843, -1.4072359800338745, -70.630615234375, 0.8240705728530884, 0.20000000298023224
45.40404677391052, 0.4629729688167572, 0.9199396967887878, -2.6974923610687256, -106.98983764648438, 0.8240705728530884, 0.20000000298023224
45.41404938697815, 0.47108107805252075, 0.5621042847633362, 2.513282537460327, -85.98997497558594, 0.8240705728530884, 0.20000000298023224
45.42404866218567, 0.4791891872882843, 1.476420521736145, 1.8696842193603516, -117.19401550292969, 0.8233243823051453, 0.20000000298023224
45.434056758880615, 0.49000000953674316, 1.0391380786895752, 0.5763728618621826, -154.0806121826172, 0.8233243823051453, 0.20000000298023224
45.444051027297974, 0.4981081187725067, 1.0616676807403564, -0.5171876549720764, -129.90548706054688, 0.8233243823051453, 0.20000000298023224
45.45406246185303, 0.5062162280082703, 0.5131714344024658, -1.5658963918685913, -74.02262115478516, 0.8233243823051453, 0.20000000298023224
45.464054584503174, 0.519729733467102, 1.4527069330215454, -3.0303292274475098, -152.3520050048828, 0.8224185705184937, 0.20000000298023224
45.47405695915222, 0.5251351594924927, 0.9458059072494507, 2.4497318267822266, 958.8687133789062, 0.8224185705184937, 0.20000000298023224
45.48408555984497, 0.5332432389259338, 0.5210017561912537, 1.227488398551941, -123.81205749511719, 0.8224185705184937, 0.20000000298023224
45.49406409263611, 0.5440540313720703, 0.929672122001648, 0.058002036064863205, -117.65009307861328, 0.8224185705184937, 0.20000000298023224
45.504066467285156, 0.5602702498435974, 1.3694628477096558, -1.3656898736953735, -119.19937896728516, 0.8217988610267639, 0.20000000298023224
45.51406407356262, 0.565675675868988, 0.895521342754364, -2.096104860305786, -121.0089111328125, 0.8217988610267639, 0.20000000298023224
45.52408289909363, 0.5764864683151245, 0.3525739312171936, 2.8443450927734375, 733.2438354492188, 0.8217988610267639, 0.20000000298023224
45.53406119346619, 0.5845946073532104, 1.0047825574874878, 1.2178999185562134, -124.62220764160156, 0.8217988610267639, 0.20000000298023224
45.5440399646759, 0.5872973203659058, 0.46445515751838684, 0.7084481120109558, -87.54846954345703, 0.8216345906257629, 0.20000000298023224
45.554054498672485, 0.6008108258247375, 0.875566303730011, -0.8553112745285034, -115.85189819335938, 0.8216345906257629, 0.20000000298023224
45.56404733657837, 0.6089189052581787, 0.5536216497421265, -2.431105613708496, -162.94467163085938, 0.8216345906257629, 0.20000000298023224
45.57405209541321, 0.6143243312835693, 0.402055561542511, 2.5202748775482178, 813.863525390625, 0.8216345906257629, 0.20000000298023224
45.584068059921265, 0.61972975730896, 1.0977540016174316, 1.7277929782867432, -160.94078063964844, 0.8213610649108887, 0.20000000298023224
45.59406352043152, 0.6332432627677917, 1.3691320419311523, -0.19552727043628693, -186.5994873046875, 0.8213610649108887, 0.20000000298023224
45.60406136512756, 0.6386486291885376, 0.45816653966903687, -1.565335988998413, -143.09292602539062, 0.8213610649108887, 0.20000000298023224
45.61406493186951, 0.6440540552139282, 1.0448849201202393, -2.419161558151245, -165.04763793945312, 0.8213610649108887, 0.20000000298023224
45.624094009399414, 0.6521621346473694, 0.7822756767272949, 2.2129597663879395, -120.59854125976562, 0.820782482624054, 0.20000000298023224
45.634076833724976, 0.6602702736854553, 0.4978024363517761, 0.55280601978302, -100.94876098632812, 0.820782482624054, 0.20000000298023224
45.64404916763306, 0.65756756067276, 0.0, -0.8507840037345886, -103.96251678466797, 0.820782482624054, 0.20000000298023224
45.65411925315857, 0.6521621346473694, -0.8954859375953674, -1.3586070537567139, -84.12844848632812, 0.820782482624054, 0.20000000298023224
45.664050579071045, 0.6386486291885376, -1.53548264503479, -2.6269891262054443, -117.63339233398438, 0.8197935223579407, 0.20000000298023224
45.67405033111572, 0.6224324107170105, -1.516042709350586, 2.2895965576171875, -128.35577392578125, 0.8197935223579407, 0.20000000298023224
45.68405032157898, 0.6062161922454834, -1.6815184354782104, 1.2348527908325195, -125.7624740600586, 0.8197935223579407, 0.20000000298023224
45.69404911994934, 0.5981081128120422, -1.5372873544692993, 0.6407496929168701, -112.64122009277344, 0.8197935223579407, 0.20000000298023224
45.70405101776123, 0.5872973203659058, -0.9979713559150696, -0.49685290455818176, -136.15066528320312, 0.819338321685791, 0.20000000298023224
45.71405482292175, 0.5818918943405151, 0.0, -1.3593283891677856, -66.50458526611328, 0.819338321685791, 0.20000000298023224
45.724053382873535, 0.5710811018943787, -0.8170353174209595, -2.4232091903686523, -69.4242935180664, 0.819338321685791, 0.20000000298023224
45.734050035476685, 0.5575675964355469, -1.5224905014038086, 2.3425846099853516, -130.77908325195312, 0.819338321685791, 0.20000000298023224
45.74406576156616, 0.5521621704101562, -0.8900719881057739, 1.8595861196517944, -79.53213500976562, 0.8191388845443726, 0.20000000298023224
45.75405764579773, 0.5440540313720703, -0.3958223760128021, 0.8804430365562439, -75.60257720947266, 0.8191388845443726, 0.20000000298023224
45.76404428482056, 0.5440540313720703, 0.0, -0.43932485580444336, -104.11065673828125, 0.8191388845443726, 0.20000000298023224
45.774049282073975, 0.5413513779640198, -0.42625993490219116, -0.9604442715644836, -82.18895721435547, 0.8191388845443726, 0.20000000298023224
45.784053802490234, 0.5359459519386292, -0.4688541889190674, -2.0442702770233154, -73.8742446899414, 0.8191981911659241, 0.20000000298023224
45.79404807090759, 0.5305405259132385, -0.40138646960258484, 3.0164682865142822, 855.3014526367188, 0.8191981911659241, 0.20000000298023224
45.80406165122986, 0.5278378129005432, -0.48696064949035645, 2.356788396835327, -118.85809326171875, 0.8191981911659241, 0.20000000298023224
45.8141028881073, 0.5251351594924927, -0.5165621638298035, 1.4797641038894653, -80.78843688964844, 0.8191981911659241, 0.20000000298023224
45.824090003967285, 0.5251351594924927, 0.0, 0.3370131850242615, -99.74919128417969, 0.8186773657798767, 0.20000000298023224
45.83406472206116, 0.5224324464797974, -0.4909891188144684, -0.7107832431793213, -66.58403778076172, 0.8186773657798767, 0.20000000298023224
45.844064712524414, 0.5170270204544067, -0.838334321975708, -1.142500400543213, -66.955810546875, 0.8186773657798767, 0.20000000298023224
45.85406565666199, 0.5062162280082703, -1.3679203987121582, -1.9563318490982056, -81.01244354248047, 0.8186773657798767, 0.20000000298023224
45.86407136917114, 0.5008108019828796, -0.9048135876655579, -2.400286912918091, -74.31385040283203, 0.8175975680351257, 0.20000000298023224
45.874072551727295, 0.4927026927471161, -0.7842510342597961, 2.84917950630188, 834.3571166992188, 0.8175975680351257, 0.20000000298023224
45.88408327102661, 0.48459458351135254, -0.9338075518608093, 2.1325976848602295, -57.12816619873047, 0.8175975680351257, 0.20000000298023224
45.89412713050842, 0.48459458351135254, -0.9338075518608093, 2.1325976848602295, -57.12816619873047, 0.8175975680351257, 0.20000000298023224
45.90406632423401, 0.4818919003009796, -0.19958022236824036, 1.856454610824585, -20.39168930053711, 0.816818118095398, 0.20000000298023224
45.91408085823059, 0.46837836503982544, -0.9519214630126953, 0.5321849584579468, -109.59127044677734, 0.816818118095398, 0.20000000298023224
45.92406463623047, 0.4629729688167572, -0.4140988886356354, -0.18174777925014496, -56.11582565307617, 0.816818118095398, 0.20000000298023224
45.93407940864563, 0.4602702558040619, -0.3746432960033417, -0.5295820832252502, -48.216102600097656, 0.816818118095398, 0.20000000298023224
45.94412612915039, 0.45486485958099365, -0.4790785610675812, -1.3720768690109253, -66.78494262695312, 0.8166486024856567, 0.20000000298023224
45.954073905944824, 0.4521621763706207, -0.46120497584342957, -1.5669862031936646, -33.26047134399414, 0.8166486024856567, 0.20000000298023224
45.964067697525024, 0.4494594633579254, -0.35331016778945923, -2.3160336017608643, -54.10791015625, 0.8166486024856567, 0.20000000298023224
45.97404932975769, 0.4467567503452301, -0.4495897889137268, -2.9058144092559814, -30.661880493164062, 0.8166486024856567, 0.20000000298023224
45.98407292366028, 0.4440540671348572, -0.37629732489585876, 2.9684667587280273, 817.876220703125, 0.8168571591377258, 0.20000000298023224
45.99406719207764, 0.43864864110946655, -0.40782690048217773, 2.4748849868774414, -5.490216255187988, 0.8168571591377258, 0.20000000298023224
46.004051208496094, 0.4332432448863983, -0.5215291380882263, 1.9941679239273071, -45.639766693115234, 0.8168571591377258, 0.20000000298023224
46.014047145843506, 0.430540531873703, -0.5111812949180603, 1.6556921005249023, -64.01832580566406, 0.8168571591377258, 0.20000000298023224
46.0240581035614, 0.42513513565063477, -0.4101286828517914, 1.3424373865127563, -39.93461227416992, 0.8164860606193542, 0.20000000298023224
46.034050941467285, 0.41972973942756653, -0.4591872990131378, 0.9044176340103149, -33.036277770996094, 0.8164860606193542, 0.20000000298023224
46.04407525062561, 0.4170270264148712, -0.48493996262550354, 0.7868561148643494, -21.09379768371582, 0.8164860606193542, 0.20000000298023224
46.054072856903076, 0.4143243134021759, -0.5451027750968933, 0.4355234205722809, -33.22772216796875, 0.8164860606193542, 0.20000000298023224
46.064049243927, 0.411621630191803, 0.0, 0.11506982147693634, -25.998292922973633, 0.815618097782135, 0.20000000298023224
46.07406044006348, 0.40891891717910767, -0.4833478331565857, -0.18767163157463074, -2.1000282764434814, 0.815618097782135, 0.20000000298023224
46.084070920944214, 0.40891891717910767, 0.0, -0.49161291122436523, -46.8632926940918, 0.815618097782135, 0.20000000298023224
46.094048500061035, 0.40891891717910767, 0.0, -0.5385755300521851, 27.39805793762207, 0.815618097782135, 0.20000000298023224
46.1040461063385, 0.43191489577293396, 5.012842655181885, 1.847305178642273, 543.667724609375, 0.8147806525230408, 0.20000000298023224
46.114065647125244, 0.40891891717910767, -3.8130898475646973, -1.18795907497406, -503.2939758300781, 0.8147806525230408, 0.20000000298023224
46.1240758895874, 0.4297872483730316, -0.30220288038253784, 2.220562219619751, 62.60139083862305, 0.8147806525230408, 0.20000000298023224
46.13408899307251, 0.4297872483730316, 0.0, 2.424063205718994, 12.723441123962402, 0.8147806525230408, 0.20000000298023224
46.1440589427948, 0.4276595711708069, 0.0, 2.587311029434204, 9.487399101257324, 0.8144751787185669, 0.20000000298023224
46.15407729148865, 0.42553192377090454, -0.4913313388824463, 2.6631288528442383, 9.28080940246582, 0.8144751787185669, 0.20000000298023224
46.16409778594971, 0.42553192377090454, 0.0, 2.732945442199707, 40.33025360107422, 0.8144751787185669, 0.20000000298023224
46.17405438423157, 0.4234042465686798, 0.0, 2.7447545528411865, 32.95579528808594, 0.8144751787185669, 0.20000000298023224
46.184083700180054, 0.4234042465686798, 0.0, 2.6617562770843506, -16.295856475830078, 0.8144274353981018, 0.20000000298023224
46.19410538673401, 0.4234042465686798, 0.0, 2.7153356075286865, 13.245283126831055, 0.8144274353981018, 0.20000000298023224
46.20408868789673, 0.4234042465686798, 0.0, 2.6452691555023193, 1.7133314609527588, 0.8144274353981018, 0.20000000298023224
46.214051246643066, 0.4234042465686798, 0.0, 2.5767900943756104, -7.718479633331299, 0.8144274353981018, 0.20000000298023224
46.224066734313965, 0.4234042465686798, 0.0, 2.528575897216797, -5.727485656738281, 0.8142037391662598, 0.20000000298023224
46.23407030105591, 0.4234042465686798, 0.0, 2.4325778484344482, -2.318558692932129, 0.8142037391662598, 0.20000000298023224
46.244049310684204, 0.4234042465686798, 0.0, 2.2331035137176514, -18.606767654418945, 0.8142037391662598, 0.20000000298023224
46.25404620170593, 0.4234042465686798, 0.0, 1.9763909578323364, -14.573016166687012, 0.8142037391662598, 0.20000000298023224
46.26406526565552, 0.42553192377090454, 0.43730342388153076, 1.8113826513290405, -15.952593803405762, 0.8136438727378845, 0.20000000298023224
46.274072885513306, 0.42553192377090454, 0.0, 1.5459483861923218, -14.042054176330566, 0.8136438727378845, 0.20000000298023224
46.284175634384155, 0.4276595711708069, 0.512434720993042, 1.3954412937164307, -18.943603515625, 0.8136438727378845, 0.20000000298023224
46.29408502578735, 0.4276595711708069, 0.0, 1.1988279819488525, -23.48261260986328, 0.8136438727378845, 0.20000000298023224
46.30404758453369, 0.4297872483730316, 0.0, 1.0540332794189453, -19.933761596679688, 0.8129644989967346, 0.20000000298023224
46.31409049034119, 0.4340425431728363, 0.0, 0.8418610095977783, -8.167276382446289, 0.8129644989967346, 0.20000000298023224
46.324074029922485, 0.4382978677749634, 0.0, 0.5874422192573547, -25.189353942871094, 0.8129644989967346, 0.20000000298023224
46.334067583084106, 0.44255319237709045, 0.6272175312042236, 0.4395003616809845, -14.386001586914062, 0.8129644989967346, 0.20000000298023224
46.34403967857361, 0.4489361643791199, 0.5080297589302063, -0.03602425754070282, -40.40388107299805, 0.8126418590545654, 0.20000000298023224
46.354045152664185, 0.4510638415813446, 0.5218743085861206, -0.3511740565299988, -40.55593490600586, 0.8126418590545654, 0.20000000298023224
46.36407017707825, 0.4553191363811493, 0.0, -0.8433169722557068, -39.48798370361328, 0.8126418590545654, 0.20000000298023224
46.37406301498413, 0.457446813583374, 0.0, -1.008331060409546, -35.1944465637207, 0.8126418590545654, 0.20000000298023224
46.38403558731079, 0.4617021381855011, 0.545680046081543, -1.503493309020996, -48.266300201416016, 0.812531054019928, 0.20000000298023224
46.394089221954346, 0.46382978558540344, 0.5281753540039062, -1.7249177694320679, -24.0345458984375, 0.812531054019928, 0.20000000298023224
46.40406346321106, 0.4659574329853058, 0.4841870367527008, -2.0742499828338623, -21.95499610900879, 0.812531054019928, 0.20000000298023224
46.41405272483826, 0.4659574329853058, 0.0, -2.37284517288208, -26.508926391601562, 0.812531054019928, 0.20000000298023224
46.42406678199768, 0.4680851101875305, 0.0, -2.9657461643218994, -63.85301208496094, 0.8122855424880981, 0.20000000298023224
46.43406939506531, 0.4723404347896576, 0.413054883480072, 2.5547900199890137, -92.74604797363281, 0.8122855424880981, 0.20000000298023224
46.444047689437866, 0.47659575939178467, 0.3810765743255615, 2.163501024246216, -1.1853877305984497, 0.8122855424880981, 0.20000000298023224
46.45411968231201, 0.48085105419158936, 0.789494514465332, 1.7784298658370972, -71.44270324707031, 0.8122855424880981, 0.20000000298023224
46.46403765678406, 0.4893617033958435, 0.6037106513977051, 1.3454941511154175, -30.375350952148438, 0.8116775155067444, 0.20000000298023224
46.47410035133362, 0.4957446753978729, 0.486775279045105, 1.1311826705932617, -25.497079849243164, 0.8116775155067444, 0.20000000298023224
46.484039068222046, 0.5021276473999023, 0.5806904435157776, 0.4294390082359314, -77.78939819335938, 0.8116775155067444, 0.20000000298023224
46.494059801101685, 0.49000000953674316, -1.8460873365402222, 0.08091721683740616, -53.05242156982422, 0.8116775155067444, 0.20000000298023224
46.50408983230591, 0.5063830018043518, 3.7994461059570312, -1.1481587886810303, -166.67941284179688, 0.8109768033027649, 0.20000000298023224
46.514058351516724, 0.5106382966041565, 0.3656199276447296, -1.3568456172943115, -32.63152313232422, 0.8109768033027649, 0.20000000298023224
46.52410268783569, 0.5008108019828796, -2.1121954917907715, -1.597322940826416, 12.481233596801758, 0.8109768033027649, 0.20000000298023224
46.53410840034485, 0.521276593208313, 0.550731360912323, -2.280057668685913, -47.82746505737305, 0.8109768033027649, 0.20000000298023224
46.54403614997864, 0.5255318880081177, 0.31469252705574036, 3.10921311378479, 836.8980712890625, 0.8105361461639404, 0.20000000298023224
46.55408978462219, 0.5319148898124695, 0.49287810921669006, 2.060824155807495, -68.5057144165039, 0.8105361461639404, 0.20000000298023224
46.564053535461426, 0.5361701846122742, 0.4930414855480194, 1.7047587633132935, -64.57331085205078, 0.8105361461639404, 0.20000000298023224
46.5741012096405, 0.5305405259132385, 0.42585960030555725, 1.5274877548217773, -19.87478256225586, 0.8105361461639404, 0.20000000298023224
46.5840539932251, 0.5489361882209778, 0.4809253513813019, 0.9589499831199646, -48.47221374511719, 0.8103659152984619, 0.20000000298023224
46.594093799591064, 0.5413513779640198, 0.47788697481155396, -0.18484897911548615, -84.67487335205078, 0.8103659152984619, 0.20000000298023224
46.60408926010132, 0.5595744848251343, 0.5565010905265808, -1.2315778732299805, -73.57347869873047, 0.8103659152984619, 0.20000000298023224
46.61405110359192, 0.5680851340293884, 0.5586260557174683, -1.721758484840393, -28.73676300048828, 0.8103659152984619, 0.20000000298023224
46.62411451339722, 0.5723404288291931, 0.44369566440582275, -2.032189130783081, -35.852394104003906, 0.810092568397522, 0.20000000298023224
46.63407802581787, 0.5602702498435974, -1.8961011171340942, -2.6852779388427734, -102.59373474121094, 0.810092568397522, 0.20000000298023224
46.64405679702759, 0.565675675868988, 0.4231729507446289, 2.373166084289551, -95.33130645751953, 0.810092568397522, 0.20000000298023224
46.654072284698486, 0.5737837553024292, 0.9873237013816833, 1.6875569820404053, -60.75437545776367, 0.810092568397522, 0.20000000298023224
46.66404175758362, 0.5936170220375061, 0.47157320380210876, 1.0670162439346313, -40.96357727050781, 0.8096902966499329, 0.20000000298023224
46.67412257194519, 0.5899999737739563, 0.8489763736724854, -0.09350474178791046, -100.5575942993164, 0.8096902966499329, 0.20000000298023224
46.68404793739319, 0.6085106134414673, 0.5689182281494141, -1.187738299369812, -87.04167175292969, 0.8096902966499329, 0.20000000298023224
46.69405651092529, 0.6008108258247375, 0.4582406282424927, -1.7222023010253906, -88.65200805664062, 0.8096902966499329, 0.20000000298023224
46.70407271385193, 0.6035135388374329, -2.0787220001220703, -2.5974154472351074, -94.01580047607422, 0.8091842532157898, 0.20000000298023224
46.71409487724304, 0.6234042644500732, 4.1549787521362305, 2.089949369430542, 1055.5477294921875, 0.8091842532157898, 0.20000000298023224
46.72410273551941, 0.6143243312835693, -1.5849838256835938, 1.853739857673645, 22.96780776977539, 0.8091842532157898, 0.20000000298023224
46.73406767845154, 0.6361702084541321, 0.5698263645172119, 1.223109483718872, -40.10069274902344, 0.8091842532157898, 0.20000000298023224
46.74405026435852, 0.6305405497550964, 0.41227656602859497, 0.19412332773208618, -57.719970703125, 0.8087705969810486, 0.20000000298023224
46.75405144691467, 0.6359459161758423, 0.0, -1.1612849235534668, -91.59416961669922, 0.8087705969810486, 0.20000000298023224
46.76407599449158, 0.6553191542625427, 4.647158622741699, -2.0542666912078857, -86.59656524658203, 0.8087705969810486, 0.20000000298023224
46.774043798446655, 0.6467567682266235, 0.535118818283081, -3.109975576400757, -119.37415313720703, 0.8087705969810486, 0.20000000298023224
46.78403377532959, 0.6521621346473694, -1.943740963935852, 2.1269400119781494, 26.13560676574707, 0.8084523677825928, 0.20000000298023224
46.79407596588135, 0.65756756067276, 0.8297435641288757, 1.5192409753799438, -93.28337860107422, 0.8084523677825928, 0.20000000298023224
46.80404853820801, 0.6629729866981506, 0.4495362937450409, 0.2867123484611511, -102.94532012939453, 0.8084523677825928, 0.20000000298023224
46.81408643722534, 0.6683783531188965, 0.4333316683769226, -0.7621907591819763, -66.2664794921875, 0.8084523677825928, 0.20000000298023224
46.82403826713562, 0.6683783531188965, 0.0, -1.9424620866775513, -104.3429946899414, 0.8080816864967346, 0.20000000298023224
46.834070682525635, 0.665675699710846, -3.6491472721099854, -2.6629867553710938, -149.05577087402344, 0.8080816864967346, 0.20000000298023224
46.84407830238342, 0.6602702736854553, -0.5296186208724976, 2.778280258178711, -51.77616882324219, 0.8080816864967346, 0.20000000298023224
46.85409140586853, 0.6494594812393188, -0.5259084701538086, 2.0137529373168945, -14.06157112121582, 0.8080816864967346, 0.20000000298023224
46.8640832901001, 0.6359459161758423, -1.0580508708953857, 1.1230783462524414, -86.46241760253906, 0.807397186756134, 0.20000000298023224
46.87404823303223, 0.6278378367424011, -0.8756677508354187, 0.3780938386917114, -73.38268280029297, 0.807397186756134, 0.20000000298023224
46.88405442237854, 0.6251351237297058, -0.4984152615070343, -0.19757720828056335, -106.1615982055664, 0.807397186756134, 0.20000000298023224
46.89406204223633, 0.6170270442962646, -1.0197415351867676, -0.8264980912208557, -83.66260528564453, 0.807397186756134, 0.20000000298023224
46.90409588813782, 0.611621618270874, -0.5362833142280579, -1.5370144844055176, -57.69829177856445, 0.8070393204689026, 0.20000000298023224
46.91409707069397, 0.6035135388374329, -0.48668885231018066, -2.2208592891693115, -68.99156188964844, 0.8070393204689026, 0.20000000298023224
46.92405605316162, 0.5954053997993469, -0.45206400752067566, 2.833589553833008, 950.2871704101562, 0.8070393204689026, 0.20000000298023224
46.93407702445984, 0.5927026867866516, -0.514125645160675, 2.3312604427337646, -95.55628204345703, 0.8070393204689026, 0.20000000298023224
46.94405722618103, 0.5899999737739563, 0.0, 1.8465627431869507, -40.1905403137207, 0.8069243431091309, 0.20000000298023224
46.954079151153564, 0.5872973203659058, 0.0, 1.2405576705932617, -31.649402618408203, 0.8069243431091309, 0.20000000298023224
46.96403694152832, 0.5872973203659058, 0.0, 0.2724950611591339, -43.843536376953125, 0.8069243431091309, 0.20000000298023224
46.97408080101013, 0.5872973203659058, 0.0, -0.5115662217140198, -132.3270263671875, 0.8069243431091309, 0.20000000298023224
