34.95415377616882, 0.27234041690826416, 1.5820915699005127, -3.1382088661193848, -129.55718994140625, 0.5833615064620972, 0.0
34.96416234970093, 0.2808510661125183, 0.6915456652641296, 2.3528506755828857, -69.04520416259766, 0.5833615064620972, 0.0
34.97415018081665, 0.29361701011657715, 1.192736029624939, 1.1850054264068604, -130.39566040039062, 0.5833615064620972, 0.0
34.98414397239685, 0.30425530672073364, 1.4391309022903442, 0.2517314553260803, -119.18889617919922, 0.5833615064620972, 0.0
34.99416446685791, 0.325531929731369, 1.411958932876587, -1.3810163736343384, -104.04244232177734, 0.5833896994590759, 0.0
35.00415849685669, 0.34255319833755493, 1.4487879276275635, -2.8358025550842285, -164.18154907226562, 0.5833896994590759, 0.0
35.01415657997131, 0.34893617033958435, 1.4168158769607544, 2.942380666732788, 1282.5706787109375, 0.5833896994590759, 0.0
35.024147748947144, 0.37021276354789734, 1.6591567993164062, 0.9387378096580505, -130.25936889648438, 0.5833896994590759, 0.0
35.03414869308472, 0.37659573554992676, 0.9150682687759399, 0.41136595606803894, -75.6043930053711, 0.5833615064620972, 0.0
35.044147968292236, 0.4021276533603668, 2.091043472290039, -1.6957341432571411, -196.51417541503906, 0.5833615064620972, 0.0
35.05413842201233, 0.4170212745666504, 2.4466211795806885, -3.0921175479888916, -243.48281860351562, 0.5833615064620972, 0.0
35.06414079666138, 0.42553192377090454, 1.2126168012619019, 2.1150615215301514, -156.02955627441406, 0.5833615064620972, 0.0
35.07415413856506, 0.4382978677749634, 1.509225606918335, 0.9973201155662537, -134.25601196289062, 0.5833615064620972, 0.0
35.084141969680786, 0.46382978558540344, 1.5483287572860718, -0.9877644777297974, -138.0041961669922, 0.5833615064620972, 0.0
35.09414339065552, 0.47659575939178467, 1.634142279624939, -2.124755620956421, -145.19155883789062, 0.5833615064620972, 0.0
35.10413455963135, 0.4893617033958435, 2.1543970108032227, 2.696061849594116, 1370.6746826171875, 0.5833615064620972, 0.0
35.114171504974365, 0.5063830018043518, 2.1362693309783936, 1.2087531089782715, -179.28173828125, 0.583422839641571, 0.0
35.12414240837097, 0.5234042406082153, 2.3266375064849854, -0.3165714740753174, -200.8720703125, 0.583422839641571, 0.0
35.134138107299805, 0.5297872424125671, 1.6354399919509888, -0.9366731643676758, -158.8817901611328, 0.583422839641571, 0.0
35.14415144920349, 0.5553191304206848, 2.163668632507324, 2.5198850631713867, 1354.86474609375, 0.583422839641571, 0.0
35.15415644645691, 0.5617021322250366, 0.9033964276313782, 1.8789328336715698, -90.71533966064453, 0.5833615064620972, 0.0
35.16414523124695, 0.5787234306335449, 1.585934042930603, 0.2617263197898865, -160.5465087890625, 0.5833615064620972, 0.0
35.17414212226868, 0.6021276712417603, 1.6293684244155884, -2.0495758056640625, -171.0539093017578, 0.5833615064620972, 0.0
35.18414258956909, 0.6148936152458191, 1.2235342264175415, 2.551522970199585, 1009.6881103515625, 0.5833615064620972, 0.0
35.194151878356934, 0.6276595592498779, 1.541286826133728, 1.1869431734085083, -164.27764892578125, 0.5833615064620972, 0.0
35.20414066314697, 0.651063859462738, 2.8469505310058594, -1.2459219694137573, -280.2670593261719, 0.5833615064620972, 0.0
35.21415615081787, 0.6574468016624451, 1.050918698310852, -1.956843376159668, -117.04888153076172, 0.5833615064620972, 0.0
35.22414779663086, 0.6765957474708557, 1.761441707611084, 1.4637978076934814, -298.9315490722656, 0.5833615064620972, 0.0
35.23413610458374, 0.6893616914749146, 0.8948211073875427, 0.01408007089048624, -151.96142578125, 0.5833615064620972, 0.0
35.24413251876831, 0.7021276354789734, 1.0792829990386963, -1.4485605955123901, -187.4725799560547, 0.5833615064620972, 0.0
35.254169940948486, 0.714893639087677, 1.1970558166503906, 2.977414846420288, 969.4349975585938, 0.5833615064620972, 0.0
35.26415681838989, 0.7297872304916382, 0.8364076018333435, 0.7193076014518738, -147.78907775878906, 0.5833615064620972, 0.0
35.274136543273926, 0.7468085289001465, 2.330495834350586, -1.1730382442474365, -313.22601318359375, 0.5833615064620972, 0.0
35.284175395965576, 0.757446825504303, 1.5336055755615234, -2.7008473873138428, -183.0172882080078, 0.5833615064620972, 0.0
35.29414224624634, 0.7765957713127136, 2.149855613708496, 0.917529284954071, -287.1159362792969, 0.5833615064620972, 0.0
35.30417442321777, 0.7893617153167725, 1.6780840158462524, -0.606021523475647, -200.49649047851562, 0.5833615064620972, 0.0
35.314152002334595, 0.8085106611251831, 1.8187603950500488, -2.917708396911621, -217.2447052001953, 0.5834510326385498, 0.0
35.324161767959595, 0.8191489577293396, 1.644077181816101, 1.7967358827590942, -201.54534912109375, 0.5834510326385498, 0.0
35.334189653396606, 0.8382978439331055, 2.6629419326782227, -0.5773852467536926, -297.50537109375, 0.5834510326385498, 0.0
35.34417247772217, 0.848936140537262, 1.178637146949768, -2.1923835277557373, -220.6102752685547, 0.5834510326385498, 0.0
35.35415768623352, 0.8617021441459656, 1.7360841035842896, 1.5122877359390259, -367.13751220703125, 0.5832756161689758, 0.0
35.36415123939514, 0.8659574389457703, 0.7085673213005066, 0.7764520049095154, -122.52644348144531, 0.5832756161689758, 0.0
35.37413716316223, 0.8808510899543762, 1.1491180658340454, -2.186976194381714, -227.9012908935547, 0.5832756161689758, 0.0
35.38413190841675, 0.8893616795539856, 1.2053827047348022, 1.5151392221450806, -251.10125732421875, 0.5832756161689758, 0.0
35.394139528274536, 0.8936170339584351, 0.978407084941864, 0.2733054459095001, -188.91615295410156, 0.5831930041313171, 0.0
35.40413284301758, 0.8957446813583374, 0.0, -1.7398681640625, -164.55715942382812, 0.5831930041313171, 0.0
35.414180517196655, 0.8829787373542786, -1.6899478435516357, 2.3831212520599365, -197.91079711914062, 0.5831930041313171, 0.0
35.42413926124573, 0.8744680881500244, -0.8355852961540222, 0.8475612998008728, -153.45314025878906, 0.5831930041313171, 0.0
35.43414092063904, 0.8574467897415161, -1.667112112045288, -1.1283228397369385, -182.25221252441406, 0.5825430154800415, 0.0
35.44415831565857, 0.8446808457374573, -1.5483287572860718, -2.475938558578491, -169.16976928710938, 0.5825430154800415, 0.0
35.45414113998413, 0.8319149017333984, -1.1003084182739258, 2.512686252593994, -87.3319320678711, 0.5825430154800415, 0.0
35.46416187286377, 0.8127659559249878, -0.9052138924598694, 0.21358279883861542, -128.3951873779297, 0.5825430154800415, 0.0
35.47413229942322, 0.8042553067207336, -0.9826626777648926, -1.144008994102478, -153.8876953125, 0.5831125378608704, 0.0
35.48415684700012, 0.7872340679168701, -1.5237423181533813, -3.1340489387512207, -160.33663940429688, 0.5831125378608704, 0.0
35.49415397644043, 0.7765957713127136, -1.6895211935043335, 1.7855736017227173, -188.6990966796875, 0.5831125378608704, 0.0
35.50413680076599, 0.7659574747085571, -0.5342143774032593, -0.14917851984500885, -170.86309814453125, 0.5831125378608704, 0.0
35.51416206359863, 0.757446825504303, -1.1052825450897217, -1.4560145139694214, -170.8097381591797, 0.5834132432937622, 0.0
35.52414131164551, 0.7468085289001465, -1.4752936363220215, -3.033831834793091, -212.1737060546875, 0.5834132432937622, 0.0
35.53414034843445, 0.7340425252914429, -1.0731827020645142, 1.262535810470581, -152.117919921875, 0.5834132432937622, 0.0
35.5441312789917, 0.7297872304916382, -0.36157575249671936, 0.002787388162687421, -105.73716735839844, 0.5834132432937622, 0.0
35.55415964126587, 0.721276581287384, -0.38397878408432007, -1.2612639665603638, -56.9017219543457, 0.5833104848861694, 0.0
35.56415009498596, 0.7042553424835205, -1.785048246383667, 2.5859124660491943, 1505.00048828125, 0.5833104848861694, 0.0
35.57416558265686, 0.6978723406791687, -0.9644494652748108, 1.646852970123291, -142.9927978515625, 0.5833104848861694, 0.0
35.5841326713562, 0.6893616914749146, -0.632283627986908, 0.5583047866821289, -82.51275634765625, 0.5833104848861694, 0.0
35.594138622283936, 0.672340452671051, -1.234479308128357, -1.4203484058380127, -158.16973876953125, 0.5831177234649658, 0.0
35.60413861274719, 0.6617021560668945, -1.6036990880966187, -2.508277416229248, -134.0918731689453, 0.5831177234649658, 0.0
35.61414885520935, 0.651063859462738, -1.236474871635437, 2.6999831199645996, 1111.1336669921875, 0.5831177234649658, 0.0
35.624146938323975, 0.6319149136543274, -1.7498139142990112, 0.6033951044082642, -209.62754821777344, 0.5831177234649658, 0.0
35.63416123390198, 0.6255319118499756, -0.5067604184150696, -0.16658325493335724, -61.707027435302734, 0.5829940438270569, 0.0
35.64415454864502, 0.6170212626457214, -1.0563507080078125, -1.1953802108764648, -122.1924819946289, 0.5829940438270569, 0.0
35.654146909713745, 0.6000000238418579, -1.7451374530792236, -2.9394917488098145, -135.95216369628906, 0.5829940438270569, 0.0
35.664135456085205, 0.5914893746376038, -1.06938898563385, 2.34137225151062, -119.88636016845703, 0.5829940438270569, 0.0
35.67414450645447, 0.5765957236289978, -1.1534252166748047, 0.8819356560707092, -125.93598175048828, 0.5832446813583374, 0.0
35.684162855148315, 0.5659574270248413, -1.4411451816558838, -0.3049069941043854, -163.05308532714844, 0.5832446813583374, 0.0
35.694140911102295, 0.5553191304206848, -0.575448215007782, -1.430179476737976, -61.45291519165039, 0.5832446813583374, 0.0
35.70415115356445, 0.5468084812164307, -1.0990887880325317, -2.304647445678711, -106.54545593261719, 0.5832446813583374, 0.0
35.714152574539185, 0.5319148898124695, -1.0800666809082031, 2.627732038497925, -117.107177734375, 0.5833439826965332, 0.0
35.72417879104614, 0.5191489458084106, -2.252410650253296, 1.5884989500045776, -160.3687286376953, 0.5833439826965332, 0.0
35.73416543006897, 0.5127659440040588, -0.8230621218681335, 0.7640164494514465, -75.90735626220703, 0.5833439826965332, 0.0
35.74411749839783, 0.5042552947998047, -0.8951801657676697, -0.08308850228786469, -86.88259887695312, 0.5833439826965332, 0.0
35.754146099090576, 0.49148935079574585, -1.0041126012802124, -1.462065577507019, -84.08425903320312, 0.583175539970398, 0.0
35.764145374298096, 0.4829787313938141, -1.081899881362915, -2.2321431636810303, -95.82405853271484, 0.583175539970398, 0.0
35.774131536483765, 0.47021275758743286, -1.0729892253875732, 2.8802387714385986, 1488.590087890625, 0.583175539970398, 0.0
35.784096002578735, 0.45957446098327637, -0.8216601610183716, 2.182384967803955, -67.54829406738281, 0.583175539970398, 0.0
35.79413843154907, 0.4489361643791199, -1.0967923402786255, 1.1675885915756226, -84.3772201538086, 0.5832036137580872, 0.0
35.804189920425415, 0.44255319237709045, -0.4558669328689575, 0.45983681082725525, -74.31277465820312, 0.5832036137580872, 0.0
35.814149618148804, 0.43191489577293396, -0.4609292447566986, -0.5395148396492004, -72.30280303955078, 0.5832036137580872, 0.0
35.82417607307434, 0.4234042465686798, -0.6069544553756714, -1.3577613830566406, -93.58641815185547, 0.5832036137580872, 0.0
35.83414268493652, 0.4170212745666504, -0.4317810535430908, -1.8506698608398438, -37.912723541259766, 0.5832036137580872, 0.0
35.84413170814514, 0.4063829779624939, -0.5726051330566406, -2.9808242321014404, -86.62627410888672, 0.5832036137580872, 0.0
35.8541362285614, 0.4000000059604645, -0.4963321089744568, 2.72198224067688, -65.96900939941406, 0.5832036137580872, 0.0
35.86413025856018, 0.389361709356308, -0.394747257232666, 1.9271851778030396, -47.45720672607422, 0.5832036137580872, 0.0
35.87414193153381, 0.38297873735427856, -0.9039455056190491, 1.5186185836791992, -57.86043930053711, 0.5832166075706482, 0.0
35.88413667678833, 0.3723404109477997, -0.540294885635376, 0.606220006942749, -67.05011749267578, 0.5832166075706482, 0.0
35.89414024353027, 0.36595743894577026, -0.5088118314743042, 0.12163147330284119, -58.08941650390625, 0.5832166075706482, 0.0
35.90428042411804, 0.3617021143436432, -0.38913577795028687, -0.36069926619529724, -43.08955764770508, 0.5832166075706482, 0.0
35.91416788101196, 0.3531914949417114, -0.6151124238967896, -1.1856132745742798, -67.17149353027344, 0.5832036137580872, 0.0
35.924148082733154, 0.3446808457374573, -0.5911142230033875, -1.863662838935852, -58.58405685424805, 0.5832036137580872, 0.0
35.93415284156799, 0.3404255211353302, -1.0492711067199707, -2.301129102706909, -88.17961120605469, 0.5832036137580872, 0.0
35.94414687156677, 0.3340425491333008, -0.6061711311340332, -2.9496238231658936, -60.329322814941406, 0.5832036137580872, 0.0
35.9541597366333, 0.32765957713127136, -1.1659330129623413, 2.9952645301818848, 1640.03515625, 0.5832446813583374, 0.0
35.964130878448486, 0.3234042525291443, -0.4086478054523468, 2.75461745262146, -14.254013061523438, 0.5832446813583374, 0.0
35.97417402267456, 0.31489360332489014, -1.188763976097107, 2.192901134490967, -38.187721252441406, 0.5832446813583374, 0.0
35.98413419723511, 0.31063830852508545, -0.6143501996994019, 1.7546418905258179, -48.486778259277344, 0.5832446813583374, 0.0
35.99413824081421, 0.3063829839229584, -0.5159902572631836, 1.4408211708068848, -43.49516677856445, 0.5832446813583374, 0.0
36.004138469696045, 0.3021276593208313, -0.5984476208686829, 0.9120705723762512, -42.367366790771484, 0.5832446813583374, 0.0
36.0141441822052, 0.30000001192092896, -0.5499507784843445, 0.7132221460342407, -26.896448135375977, 0.5832446813583374, 0.0
36.024133920669556, 0.2957446873188019, -0.5493413805961609, 0.3462628722190857, -32.01615905761719, 0.5832446813583374, 0.0
36.03418850898743, 0.29361701011657715, -0.583538293838501, 0.06356747448444366, -45.430755615234375, 0.5832446813583374, 0.0
36.0441415309906, 0.2914893627166748, 0.0, -0.17937037348747253, -27.314945220947266, 0.5832446813583374, 0.0
36.054165840148926, 0.28936171531677246, 0.0, -0.3590749502182007, -19.6783390045166, 0.5832446813583374, 0.0
36.064138650894165, 0.2851063907146454, -0.6036698222160339, -0.5940658450126648, -21.738033294677734, 0.5832446813583374, 0.0
36.07413578033447, 0.2851063907146454, 0.0, -0.7741988897323608, -19.538005828857422, 0.5832036137580872, 0.0
36.08415722846985, 0.28297871351242065, 0.0, -0.8551836609840393, -14.188629150390625, 0.5832036137580872, 0.0
36.09415149688721, 0.2808510661125183, 0.0, -1.0107288360595703, -14.068621635437012, 0.5832036137580872, 0.0
36.104138135910034, 0.27872341871261597, -0.6046924591064453, -1.1078354120254517, -10.992446899414062, 0.5832036137580872, 0.0
36.11417531967163, 0.27872341871261597, 0.0, -1.2034857273101807, -8.089052200317383, 0.5832446813583374, 0.0
36.12413716316223, 0.27872341871261597, 0.0, -1.2438758611679077, -4.967422008514404, 0.5832446813583374, 0.0
36.1341769695282, 0.27659574151039124, 0.0, -1.2044049501419067, 18.608034133911133, 0.5832446813583374, 0.0
36.14416241645813, 0.27659574151039124, 0.0, -1.1941900253295898, 1.735861897468567, 0.5832446813583374, 0.0
36.154151916503906, 0.27872341871261597, 0.5691359043121338, -1.246916651725769, 5.194749355316162, 0.5832446813583374, 0.0
36.164143323898315, 0.27872341871261597, 0.0, -1.21592116355896, 4.435884475708008, 0.5832446813583374, 0.0
36.17413353919983, 0.27872341871261597, 0.0, -1.1544697284698486, 2.5794591903686523, 0.5832446813583374, 0.0
36.18413853645325, 0.2808510661125183, 0.389220654964447, -1.067730188369751, 6.605177402496338, 0.5832446813583374, 0.0
36.194145917892456, 0.28297871351242065, 0.0, -0.9084627032279968, 22.644304275512695, 0.5832446813583374, 0.0
36.20414471626282, 0.2851063907146454, 0.6242777705192566, -0.751213014125824, -6.771678924560547, 0.5832446813583374, 0.0
36.2141592502594, 0.28723403811454773, 0.0, -0.6227414011955261, 14.651302337646484, 0.5832446813583374, 0.0
36.224140882492065, 0.2914893627166748, 0.6384354829788208, -0.39028501510620117, 30.86556053161621, 0.5832446813583374, 0.0
36.23418426513672, 0.29361701011657715, 0.629030168056488, -0.17640557885169983, 41.52729034423828, 0.5832446813583374, 0.0
36.24415636062622, 0.2978723347187042, 0.6503936052322388, 0.08423058688640594, 14.111242294311523, 0.5832446813583374, 0.0
36.254125356674194, 0.3021276593208313, 0.5812956690788269, 0.4445381462574005, 10.800176620483398, 0.5832446813583374, 0.0
36.264139890670776, 0.3021276593208313, 0.0, 0.5773484706878662, 14.06151294708252, 0.5832446813583374, 0.0
36.2741494178772, 0.3063829839229584, 0.7223320007324219, 0.8610790967941284, 48.1627197265625, 0.5832446813583374, 0.0
36.28414249420166, 0.31063830852508545, 0.0, 1.408164381980896, 32.86795425415039, 0.5832446813583374, 0.0
36.294140338897705, 0.31489360332489014, 0.0, 1.767879605293274, 18.046987533569336, 0.5832446813583374, 0.0
36.304168939590454, 0.31702128052711487, 0.0, 2.043546676635742, 38.04443359375, 0.5832446813583374, 0.0
36.31415319442749, 0.32127660512924194, 0.4769924283027649, 2.358114242553711, 35.444210052490234, 0.5832036137580872, 0.0
36.32414889335632, 0.325531929731369, 0.6601606011390686, 2.8498988151550293, 53.9908447265625, 0.5832036137580872, 0.0
36.3341543674469, 0.33191490173339844, 0.5657802224159241, -2.8801002502441406, 50.91106414794922, 0.5832036137580872, 0.0
36.34426259994507, 0.33829787373542786, 0.49468132853507996, -2.4701297283172607, 46.12065124511719, 0.5832036137580872, 0.0
36.35415768623352, 0.346808522939682, 1.0764838457107544, -1.867080807685852, 48.588417053222656, 0.5832446813583374, 0.0
36.36412835121155, 0.3531914949417114, 1.1555908918380737, -1.376990795135498, 81.45267486572266, 0.5832446813583374, 0.0
36.374157667160034, 0.35957446694374084, 0.9400169849395752, -0.9707970023155212, 66.50840759277344, 0.5832446813583374, 0.0
36.38415050506592, 0.368085116147995, 1.1191436052322388, -0.29967764019966125, 60.21913146972656, 0.5832446813583374, 0.0
36.3941650390625, 0.3723404109477997, 0.5929207801818848, 0.3636576235294342, 110.76410675048828, 0.5832446813583374, 0.0
36.40414214134216, 0.37659573554992676, 0.43930545449256897, 0.7483241558074951, 54.73066711425781, 0.5832446813583374, 0.0
36.41414141654968, 0.3851063847541809, 1.1555161476135254, 1.6443191766738892, 75.06451416015625, 0.5832446813583374, 0.0
36.42413926124573, 0.3914893567562103, 1.160399317741394, 2.0694634914398193, 62.81406784057617, 0.5832446813583374, 0.0
36.43413949012756, 0.39787232875823975, 0.895629346370697, 2.6026368141174316, 54.1426887512207, 0.5832036137580872, 0.0
36.44415640830994, 0.41063830256462097, 1.187577486038208, -2.7436137199401855, 91.91045379638672, 0.5832036137580872, 0.0
36.45413875579834, 0.42127659916877747, 0.5997748970985413, -1.8053053617477417, 86.95789337158203, 0.5832036137580872, 0.0
36.464149475097656, 0.4297872483730316, 0.8543031811714172, -1.2559874057769775, 58.359832763671875, 0.5832036137580872, 0.0
36.4741575717926, 0.43617022037506104, 0.6321940422058105, -0.38068467378616333, 95.67699432373047, 0.5832446813583374, 0.0
36.4841742515564, 0.44255319237709045, 1.2120952606201172, 0.3353518843650818, 93.16340637207031, 0.5832446813583374, 0.0
36.494160413742065, 0.4489361643791199, 0.4791436791419983, 1.2034610509872437, 37.42310333251953, 0.5832446813583374, 0.0
36.50417113304138, 0.45957446098327637, 1.00507390499115, 1.9898488521575928, 74.18693542480469, 0.5832446813583374, 0.0
36.51414132118225, 0.4723404347896576, 1.264029860496521, 3.036320447921753, 109.17033386230469, 0.5832036137580872, 0.0
36.52416658401489, 0.48085105419158936, 1.1679166555404663, -2.418553590774536, 112.60716247558594, 0.5832036137580872, 0.0
36.534114599227905, 0.49148935079574585, 1.1035057306289673, -1.537479043006897, 92.00390625, 0.5832036137580872, 0.0
36.54417395591736, 0.49787235260009766, 0.942698061466217, -0.8970563411712646, 75.58159637451172, 0.5832036137580872, 0.0
36.55414700508118, 0.5106382966041565, 1.264388084411621, 0.3262663781642914, 130.8561553955078, 0.5832446813583374, 0.0
36.56414580345154, 0.5234042406082153, 1.1844251155853271, 1.5318353176116943, 103.58660888671875, 0.5832446813583374, 0.0
36.574143409729004, 0.5319148898124695, 1.149044156074524, 2.2757294178009033, 102.83988952636719, 0.5832446813583374, 0.0
36.5841429233551, 0.5404255390167236, 1.2082387208938599, -2.895888328552246, -1650.430419921875, 0.5832446813583374, 0.0
36.59413695335388, 0.5531914830207825, 1.2053827047348022, -1.6205559968948364, 109.9014892578125, 0.5831177234649658, 0.0
36.60413694381714, 0.5617021322250366, 1.0699659585952759, -0.8364465832710266, 99.4238052368164, 0.5831177234649658, 0.0
36.614131450653076, 0.5723404288291931, 1.0461958646774292, 0.38549453020095825, 121.52963256835938, 0.5831177234649658, 0.0
36.624165058135986, 0.585106372833252, 1.186708927154541, 1.718218207359314, 114.26485443115234, 0.5831177234649658, 0.0
36.634143590927124, 0.5914893746376038, 1.0161174535751343, 2.577338695526123, 156.40716552734375, 0.5832036137580872, 0.0
36.64413547515869, 0.6042553186416626, 0.6161316633224487, -2.4062013626098633, 76.04358673095703, 0.5832036137580872, 0.0
36.654125690460205, 0.6191489100456238, 0.8642311692237854, -1.066349983215332, 87.39297485351562, 0.5832036137580872, 0.0
36.66413068771362, 0.6276595592498779, 0.6317017674446106, -0.058421507477760315, 160.63067626953125, 0.5832036137580872, 0.0
36.674156188964844, 0.6382978558540344, 1.2768709659576416, 1.4424865245819092, 139.35508728027344, 0.5832446813583374, 0.0
36.68416357040405, 0.6446808576583862, 0.7567244172096252, 2.14245343208313, 82.41728973388672, 0.5832446813583374, 0.0
36.69414258003235, 0.6574468016624451, 0.796114981174469, -2.729727268218994, -1063.0675048828125, 0.5832446813583374, 0.0
36.70415735244751, 0.672340452671051, 1.1381266117095947, -1.2150369882583618, 126.05252838134766, 0.5832446813583374, 0.0
36.714141607284546, 0.6829787492752075, 1.2568200826644897, 0.4309225380420685, 167.98800659179688, 0.5832036137580872, 0.0
36.72415852546692, 0.6914893388748169, 1.0484082698822021, 1.4846324920654297, 123.91291809082031, 0.5832036137580872, 0.0
36.734126806259155, 0.7063829898834229, 1.112239122390747, 3.10563063621521, 152.30567932128906, 0.5832036137580872, 0.0
36.74414038658142, 0.7170212864875793, 1.156040072441101, -1.993283987045288, 156.93429565429688, 0.5832036137580872, 0.0
36.75417613983154, 0.7255319356918335, 0.9467986822128296, -0.9825189113616943, 111.69005584716797, 0.5832446813583374, 0.0
36.764153480529785, 0.73617023229599, 1.181915283203125, 0.8802682757377625, 176.33692932128906, 0.5832446813583374, 0.0
36.774152755737305, 0.7468085289001465, 0.6149852275848389, 2.2336461544036865, 78.65484619140625, 0.5832446813583374, 0.0
36.784159660339355, 0.7553191781044006, 1.0139814615249634, -2.8000893592834473, -1343.62060546875, 0.5832446813583374, 0.0
36.79414701461792, 0.7702127695083618, 1.2772364616394043, -1.1002488136291504, 170.09765625, 0.5832036137580872, 0.0
36.804136514663696, 0.7829787135124207, 1.2068498134613037, 0.6797391176223755, 144.42840576171875, 0.5832036137580872, 0.0
36.81414270401001, 0.7893617153167725, 1.0632097721099854, 1.6799649000167847, 145.37118530273438, 0.5832036137580872, 0.0
36.82415819168091, 0.8021276593208313, 0.6255468130111694, -2.737083911895752, 100.73461151123047, 0.5832036137580872, 0.0
36.83414316177368, 0.8170212507247925, 1.1911439895629883, -0.9252625703811646, 173.23974609375, 0.5832446813583374, 0.0
36.844154834747314, 0.8234042525291443, 0.6021627187728882, 0.4141349196434021, 193.2132568359375, 0.5832446813583374, 0.0
36.85414147377014, 0.8340425491333008, 1.2112725973129272, 2.285839319229126, 177.18724060058594, 0.5832446813583374, 0.0
36.86413908004761, 0.8404255509376526, 0.5612610578536987, -2.9421777725219727, -1562.0380859375, 0.5832446813583374, 0.0
36.874157190322876, 0.8531914949417114, 1.0684926509857178, -0.977007269859314, 157.150634765625, 0.5831177234649658, 0.0
36.88417148590088, 0.8574467897415161, 0.44853493571281433, 0.39699044823646545, 149.56478881835938, 0.5831177234649658, 0.0
36.89414143562317, 0.8680850863456726, 1.1486743688583374, 2.3790535926818848, 183.29046630859375, 0.5831177234649658, 0.0
36.90417790412903, 0.8787233829498291, 0.5455465912818909, -1.7984341382980347, 171.60418701171875, 0.5831177234649658, 0.0
36.91414999961853, 0.8851063847541809, 0.605841875076294, -0.4637807011604309, 194.28123474121094, 0.5832036137580872, 0.0
36.924131870269775, 0.8893616795539856, 0.0, 1.589439034461975, 187.7527618408203, 0.5832036137580872, 0.0
36.93421220779419, 0.8893616795539856, -0.5811821222305298, 2.837658166885376, 166.13455200195312, 0.5832036137580872, 0.0
36.94413375854492, 0.8851063847541809, -1.0673425197601318, -2.231520652770996, 144.77999877929688, 0.5832036137580872, 0.0
36.954142332077026, 0.8723404407501221, -1.1798057556152344, -0.6489156484603882, 144.07400512695312, 0.5825795531272888, 0.0
36.96413969993591, 0.8574467897415161, -1.1738311052322388, 1.0348154306411743, 148.11965942382812, 0.5825795531272888, 0.0
36.97415590286255, 0.8468084931373596, -1.0649861097335815, 2.0395054817199707, 140.15443420410156, 0.5825795531272888, 0.0
36.98409938812256, 0.8361701965332031, -1.081178903579712, 3.0852837562561035, 137.13418579101562, 0.5825795531272888, 0.0
36.99414038658142, 0.8255318999290466, -0.5756709575653076, -1.8631205558776855, 94.67694091796875, 0.5827261805534363, 0.0
37.00412940979004, 0.8148936033248901, -0.6214953064918518, -0.6211900115013123, 75.34767150878906, 0.5827261805534363, 0.0
37.01413559913635, 0.800000011920929, -1.2467241287231445, 1.2473164796829224, 145.34962463378906, 0.5827261805534363, 0.0
37.02413725852966, 0.7914893627166748, -1.1743717193603516, 2.483691453933716, 206.61915588378906, 0.5827261805534363, 0.0
37.03414463996887, 0.7872340679168701, -1.080786108970642, 3.0341718196868896, 139.8135986328125, 0.5833751559257507, 0.0
37.04415416717529, 0.778723418712616, -1.1072710752487183, -1.4468270540237427, 118.18286895751953, 0.5833751559257507, 0.0
37.05414414405823, 0.7744680643081665, -0.2877148389816284, -0.4218374490737915, 69.01183319091797, 0.5833751559257507, 0.0
37.064149379730225, 0.7659574747085571, -0.5441826581954956, 0.8215179443359375, 132.0845947265625, 0.5833751559257507, 0.0
37.074137926101685, 0.7595744729042053, -0.48936450481414795, 2.0933268070220947, 158.48704528808594, 0.5832824110984802, 0.0
37.08417868614197, 0.7553191781044006, -0.5866454839706421, -2.598311185836792, -1579.1707763671875, 0.5832824110984802, 0.0
37.09416437149048, 0.7489361763000488, -0.6348023414611816, -1.454223871231079, 123.56548309326172, 0.5832824110984802, 0.0
37.10415577888489, 0.7404255270957947, -1.6586427688598633, -0.3261483311653137, 176.6453857421875, 0.5832824110984802, 0.0
37.114163398742676, 0.7319148778915405, -1.1954522132873535, 0.804253101348877, 103.6686782836914, 0.5832861661911011, 0.0
37.12413191795349, 0.721276581287384, -1.2641193866729736, 2.1054937839508057, 123.39857482910156, 0.5832861661911011, 0.0
37.134138107299805, 0.714893639087677, -1.5717813968658447, 2.9431498050689697, 154.54164123535156, 0.5832861661911011, 0.0
37.144131898880005, 0.7085106372833252, -1.0974668264389038, -2.4708406925201416, 107.45508575439453, 0.5832861661911011, 0.0
37.15412783622742, 0.6978723406791687, -1.1686813831329346, -1.3255581855773926, 109.85986328125, 0.5829362273216248, 0.0
37.164143562316895, 0.693617045879364, -0.3705385625362396, -0.7675672769546509, 66.63677978515625, 0.5829362273216248, 0.0
37.174150228500366, 0.6808510422706604, -1.1914620399475098, 0.6964210271835327, 119.14385986328125, 0.5829362273216248, 0.0
37.18413758277893, 0.6702127456665039, -1.8885548114776611, 1.764154314994812, 150.78607177734375, 0.5829362273216248, 0.0
37.19415211677551, 0.6659574508666992, -0.4637316167354584, 2.298835277557373, 76.77249145507812, 0.5831043124198914, 0.0
37.20413637161255, 0.6574468016624451, -1.0069451332092285, -3.0565052032470703, -1396.2325439453125, 0.5831043124198914, 0.0
37.21417236328125, 0.651063859462738, -0.5693174600601196, -1.9413931369781494, 83.20064544677734, 0.5831043124198914, 0.0
37.224189043045044, 0.6425532102584839, -1.059863567352295, -1.004111409187317, 115.81157684326172, 0.5831043124198914, 0.0
37.23414921760559, 0.6361702084541321, -1.0257530212402344, -0.3403889536857605, 79.5672378540039, 0.5833143591880798, 0.0
37.24416899681091, 0.6297872066497803, -1.1080960035324097, 0.4022475481033325, 94.27029418945312, 0.5833143591880798, 0.0
37.254146337509155, 0.6212766170501709, -0.6234055757522583, 1.1630373001098633, 46.79641342163086, 0.5833143591880798, 0.0
37.26413893699646, 0.6148936152458191, -0.9236235618591309, 1.8993438482284546, 88.46154022216797, 0.5833143591880798, 0.0
37.27413558959961, 0.6063829660415649, -0.6148581504821777, 2.761263132095337, 82.84624481201172, 0.5831868648529053, 0.0
37.28414177894592, 0.6021276712417603, -0.5500863790512085, -2.865206241607666, -1542.373779296875, 0.5831868648529053, 0.0
37.29417419433594, 0.5936170220375061, -1.165247917175293, -1.8586703538894653, 106.8045425415039, 0.5831868648529053, 0.0
37.3041307926178, 0.5893617272377014, -0.6073262095451355, -1.3784281015396118, 79.13327026367188, 0.5831868648529053, 0.0
37.3141405582428, 0.585106372833252, -0.4606437385082245, -0.8964414000511169, 54.359920501708984, 0.5830879807472229, 0.0
37.32415175437927, 0.5765957236289978, -0.5976861119270325, -0.16079078614711761, 77.61319732666016, 0.5830879807472229, 0.0
37.33413219451904, 0.5702127814292908, -0.5270212888717651, 0.37336134910583496, 70.52030944824219, 0.5830879807472229, 0.0
37.344141483306885, 0.563829779624939, -0.5989698171615601, 1.1043071746826172, 63.87771224975586, 0.5830879807472229, 0.0
37.3541784286499, 0.5574468374252319, -0.5616496205329895, 1.705592393875122, 78.81224060058594, 0.5832318067550659, 0.0
37.364142656326294, 0.5531914830207825, -0.607905387878418, 2.0867438316345215, 56.42693328857422, 0.5832318067550659, 0.0
37.374133348464966, 0.5489361882209778, -0.6331359148025513, 2.5736799240112305, 60.56666946411133, 0.5832318067550659, 0.0
37.384143352508545, 0.5446808338165283, -0.5748180747032166, -3.058000087738037, -1604.50244140625, 0.5832318067550659, 0.0
37.3941547870636, 0.542553186416626, -0.5238041281700134, -2.7516703605651855, 53.81452560424805, 0.5831868648529053, 0.0
37.404133796691895, 0.5382978916168213, -0.6567113995552063, -2.1802122592926025, 53.862205505371094, 0.5831868648529053, 0.0
37.41413474082947, 0.5340425372123718, -0.45214828848838806, -1.8518468141555786, 32.39063262939453, 0.5831868648529053, 0.0
37.42414093017578, 0.5276595950126648, -0.6204582452774048, -1.4390121698379517, 46.01974868774414, 0.5831868648529053, 0.0
37.4341459274292, 0.5234042406082153, -0.6224055886268616, -1.0586596727371216, 44.181488037109375, 0.583145797252655, 0.0
37.444138288497925, 0.521276593208313, -0.5693901181221008, -0.8707085251808167, 47.03543472290039, 0.583145797252655, 0.0
37.45416498184204, 0.5170212984085083, -0.6182659864425659, -0.5685201287269592, 33.71173095703125, 0.583145797252655, 0.0
37.464106798172, 0.5148935914039612, -0.6019595861434937, -0.32039088010787964, 54.56894302368164, 0.583145797252655, 0.0
37.47418236732483, 0.5127659440040588, -0.3048352301120758, -0.08468939363956451, 26.555173873901367, 0.583145797252655, 0.0
37.48415422439575, 0.5085106492042542, -0.5138806104660034, 0.3358226418495178, 43.10667419433594, 0.583145797252655, 0.0
37.49418354034424, 0.5085106492042542, 0.0, 0.554839015007019, 24.713775634765625, 0.583145797252655, 0.0
37.50414061546326, 0.5063830018043518, 0.0, 0.7955435514450073, 31.841461181640625, 0.583145797252655, 0.0
37.51415514945984, 0.5042552947998047, 0.0, 0.9033200144767761, 2.2196311950683594, 0.583145797252655, 0.0
37.524150371551514, 0.5021276473999023, 0.0, 1.201290488243103, 13.897576332092285, 0.583145797252655, 0.0
37.5341522693634, 0.5021276473999023, 0.0, 1.3111469745635986, 14.944254875183105, 0.583145797252655, 0.0
37.544135332107544, 0.5, 0.0, 1.4232641458511353, 7.192554473876953, 0.583145797252655, 0.0
37.554163694381714, 0.5, 0.0, 1.4854769706726074, 6.956132411956787, 0.583145797252655, 0.0
37.56415271759033, 0.5, 0.0, 1.527300477027893, 4.48788595199585, 0.583145797252655, 0.0
37.57414388656616, 0.5, 0.0, 1.5416725873947144, 1.6712967157363892, 0.583145797252655, 0.0
37.584153175354004, 0.49787235260009766, 0.0, 1.5298863649368286, -3.6887502670288086, 0.583145797252655, 0.0
37.59414076805115, 0.5, 0.0, 1.5259442329406738, -4.104781627655029, 0.583145797252655, 0.0
37.60414743423462, 0.48729729652404785, -2.3857691287994385, 1.2785824537277222, -46.45845031738281, 0.583145797252655, 0.0
37.61414909362793, 0.48729729652404785, 0.5805867910385132, 1.2042356729507446, -11.123340606689453, 0.583145797252655, 0.0
37.62414336204529, 0.48459458351135254, 0.0, 1.0144163370132446, -30.27652931213379, 0.583145797252655, 0.0
