28.002026319503784, 1.006382942199707, -1.2669010162353516, 81.09308624267578, -7080.5888671875, 1.5856901407241821, 0.25
28.01205062866211, 0.9957447052001953, -1.2552114725112915, 79.12017059326172, -7019.8212890625, 1.5856901407241821, 0.25
28.022028923034668, 0.9808510541915894, -1.5593410730361938, 77.06987762451172, -8082.052734375, 1.5856901407241821, 0.25
28.03203296661377, 0.9638298153877258, -1.566665530204773, 73.78167724609375, -7576.71240234375, 1.5856901407241821, 0.25
28.042035579681396, 0.9510638117790222, -1.5481096506118774, 71.52523803710938, -264.3229675292969, 1.5859729051589966, 0.25
28.052071809768677, 0.9319148659706116, -1.5496731996536255, 68.19834899902344, -265.1622314453125, 1.5859729051589966, 0.25
28.06202721595764, 0.9212765693664551, -1.6432554721832275, 65.95463562011719, -306.5941162109375, 1.5859729051589966, 0.25
28.072037935256958, 0.9063829779624939, -1.3976181745529175, 62.70512008666992, -269.4805603027344, 1.5859729051589966, 0.25
28.082018852233887, 0.8914893865585327, -1.4227700233459473, 58.460296630859375, -308.1626892089844, 1.592298150062561, 0.25
28.092021942138672, 0.8829787373542786, -1.3449523448944092, 56.603431701660156, -318.6725158691406, 1.592298150062561, 0.25
28.102062225341797, 0.8659574389457703, -1.207797884941101, 53.89550018310547, -269.9439392089844, 1.592298150062561, 0.25
28.11203360557556, 0.8531914949417114, -1.3934922218322754, 51.18756866455078, -276.3951721191406, 1.592298150062561, 0.25
28.12202548980713, 0.8425531983375549, -1.4280468225479126, 47.41400146484375, -322.3511047363281, 1.6034783124923706, 0.25
28.13201355934143, 0.8255318999290466, -1.4890998601913452, 44.66738510131836, -322.1269836425781, 1.6034783124923706, 0.25
28.142014265060425, 0.8106383085250854, -1.3295321464538574, 41.99814224243164, -298.0115051269531, 1.6034783124923706, 0.25
28.15200686454773, 0.7957446575164795, -1.5166640281677246, 39.13547134399414, -261.417724609375, 1.6034783124923706, 0.25
28.162033557891846, 0.7872340679168701, -1.3941106796264648, 34.881690979003906, -317.8574523925781, 1.616874098777771, 0.25
28.172005891799927, 0.7723404169082642, -1.3718297481536865, 32.21244812011719, -324.20751953125, 1.616874098777771, 0.25
28.182024478912354, 0.757446825504303, -1.3349366188049316, 29.581884384155273, -327.6223449707031, 1.616874098777771, 0.25
28.192015171051025, 0.7489361763000488, -1.2792670726776123, 27.879756927490234, -307.6163635253906, 1.616874098777771, 0.25
28.202045440673828, 0.7340425252914429, -1.3484867811203003, 22.749425888061523, -309.7992248535156, 1.630410075187683, 0.25
28.212011098861694, 0.721276581287384, -1.2398614883422852, 20.273603439331055, -305.5309753417969, 1.630410075187683, 0.25
28.22201108932495, 0.7106382846832275, -1.2098171710968018, 18.532791137695312, -285.575927734375, 1.630410075187683, 0.25
28.23201823234558, 0.6978723406791687, -1.3544609546661377, 15.979599952697754, -318.59954833984375, 1.630410075187683, 0.25
28.242032051086426, 0.6829787492752075, -1.2724144458770752, 11.313838005065918, -276.219482421875, 1.642454743385315, 0.25
28.252017736434937, 0.672340452671051, -1.3149667978286743, 9.534340858459473, -288.57537841796875, 1.642454743385315, 0.25
28.262022018432617, 0.6574468016624451, -1.1420719623565674, 6.865095138549805, -252.4384765625, 1.642454743385315, 0.25
28.272016525268555, 0.6446808576583862, -1.4169658422470093, 4.969543933868408, -293.2964172363281, 1.642454743385315, 0.25
28.282059907913208, 0.6297872066497803, -1.4387133121490479, 0.15863037109375, -301.72393798828125, 1.6529573202133179, 0.25
28.292009830474854, 0.6148936152458191, -1.4605648517608643, -2.7040388584136963, -324.601806640625, 1.6529573202133179, 0.25
28.302003383636475, 0.6000000238418579, -1.4165160655975342, -5.5280232429504395, -318.0315856933594, 1.6529573202133179, 0.25
28.312013864517212, 0.5914893746376038, -1.3541806936264038, -7.307520389556885, -299.93267822265625, 1.6529573202133179, 0.25
28.322049856185913, 0.5787234306335449, -1.2919142246246338, -11.537857055664062, -310.23187255859375, 1.6621816158294678, 0.25
28.33201265335083, 0.5702127814292908, -1.0705705881118774, -13.781570434570312, -268.77386474609375, 1.6621816158294678, 0.25
28.34201407432556, 0.5595744848251343, -1.122745156288147, -15.212904930114746, -268.9798583984375, 1.6621816158294678, 0.25
28.35201120376587, 0.5510638356208801, -0.968333899974823, -17.379249572753906, -200.9163360595703, 1.6621816158294678, 0.25
28.36202883720398, 0.5404255390167236, -0.9984787702560425, -20.95863914489746, -238.70286560058594, 1.6712299585342407, 0.25
28.37201237678528, 0.5319148898124695, -0.9808446168899536, -22.351287841796875, -219.47854614257812, 1.6712299585342407, 0.25
28.382038831710815, 0.5234042406082153, -0.8893812298774719, -24.24683952331543, -230.19041442871094, 1.6712299585342407, 0.25
28.392014741897583, 0.5191489458084106, -0.6670845150947571, -25.871597290039062, -149.27764892578125, 1.6712299585342407, 0.25
28.402018785476685, 0.521276593208313, -0.5215693116188049, -28.329824447631836, -200.77272033691406, 1.6802821159362793, 0.25
28.4120135307312, 0.5340425372123718, 0.17116650938987732, -28.445877075195312, -144.7603302001953, 1.6802821159362793, 0.25
28.42201519012451, 0.5553191304206848, 0.9787826538085938, -27.0919132232666, -66.22926330566406, 1.6802821159362793, 0.25
28.43200421333313, 0.5744680762290955, 1.45197331905365, -24.34529685974121, 95.44439697265625, 1.6802821159362793, 0.25
28.442030668258667, 0.5872340202331543, 1.7461539506912231, -23.699005126953125, 136.52476501464844, 1.6888551712036133, 0.25
28.452018976211548, 0.6106383204460144, 1.6993287801742554, -19.985273361206055, 198.2144317626953, 1.6888551712036133, 0.25
28.462053060531616, 0.6212766170501709, 1.7030631303787231, -17.54813575744629, 246.4263916015625, 1.6888551712036133, 0.25
28.472012519836426, 0.6404255032539368, 1.814426302909851, -14.027826309204102, 283.82379150390625, 1.6888551712036133, 0.25
28.482009172439575, 0.6574468016624451, 1.6803940534591675, -12.380853652954102, 275.57855224609375, 1.6989457607269287, 0.25
28.492005825042725, 0.6702127456665039, 1.7104074954986572, -10.175825119018555, 281.63330078125, 1.6989457607269287, 0.25
28.50204634666443, 0.6851063966751099, 1.6505643129348755, -6.926308631896973, 271.8420715332031, 1.6989457607269287, 0.25
28.512007474899292, 0.6978723406791687, 1.4001256227493286, -4.024954795837402, 291.6928405761719, 1.6989457607269287, 0.25
28.522026300430298, 0.7085106372833252, 1.4306139945983887, -4.026647567749023, 234.05303955078125, 1.7091678380966187, 0.25
28.532008409500122, 0.721276581287384, 1.2277586460113525, -1.5121407508850098, 208.30039978027344, 1.7091678380966187, 0.25
28.54202437400818, 0.73617023229599, 1.3156143426895142, 0.924996554851532, 192.4017791748047, 1.7091678380966187, 0.25
28.552021980285645, 0.742553174495697, 1.246044397354126, 2.5497548580169678, 183.35325622558594, 1.7091678380966187, 0.25
28.562066316604614, 0.7553191781044006, 1.2433369159698486, 2.8758420944213867, 175.6827850341797, 1.7199275493621826, 0.25
28.572022676467896, 0.7723404169082642, 1.138205885887146, 5.351664066314697, 148.08843994140625, 1.7199275493621826, 0.25
28.582005739212036, 0.7829787135124207, 1.2434550523757935, 7.0924763679504395, 163.83738708496094, 1.7199275493621826, 0.25
28.59201455116272, 0.7978723645210266, 1.4620004892349243, 9.839091300964355, 179.08641052246094, 1.7199275493621826, 0.25
28.602016925811768, 0.8127659559249878, 1.345442533493042, 10.8285493850708, 180.6097412109375, 1.7302302122116089, 0.25
28.61202907562256, 0.8234042525291443, 1.3912129402160645, 12.685416221618652, 199.80503845214844, 1.7302302122116089, 0.25
28.622053146362305, 0.8361701965332031, 1.0048701763153076, 14.58096694946289, 141.46926879882812, 1.7302302122116089, 0.25
28.632030725479126, 0.8574467897415161, 1.4454412460327148, 17.791799545288086, 192.9546661376953, 1.7302302122116089, 0.25
28.64207148551941, 0.8680850863456726, 1.6586391925811768, 18.2158145904541, 224.57748413085938, 1.7402385473251343, 0.25
28.65204644203186, 0.8808510899543762, 1.5972779989242554, 21.504016876220703, 245.19650268554688, 1.7402385473251343, 0.25
28.662024974822998, 0.8978723287582397, 1.5290335416793823, 24.521425247192383, 255.7220458984375, 1.7402385473251343, 0.25
28.672003030776978, 0.9127659797668457, 1.3959952592849731, 27.26803970336914, 290.2345886230469, 1.7402385473251343, 0.25
28.682085514068604, 0.9234042763710022, 1.333592176437378, 27.31269073486328, 217.33255004882812, 1.7499929666519165, 0.25
28.69200611114502, 0.9404255151748657, 1.415976643562317, 30.17535972595215, 203.0296630859375, 1.7499929666519165, 0.25
28.7020263671875, 0.9510638117790222, 1.3017445802688599, 32.8446044921875, 204.5720977783203, 1.7499929666519165, 0.25
28.712013244628906, 0.9617021083831787, 1.286128044128418, 34.66278839111328, 194.34689331054688, 1.7499929666519165, 0.25
28.722047567367554, 0.9765957593917847, 1.2571500539779663, 35.544960021972656, 196.16128540039062, 1.7596091032028198, -0.25
28.732012033462524, 0.9914893507957458, 1.319616675376892, 38.136837005615234, 189.65359497070312, 1.7596091032028198, -0.25
28.742011547088623, 1.0021276473999023, 1.4615615606307983, 39.99370193481445, 204.6232147216797, 1.7596091032028198, -0.25
28.75200843811035, 1.014893651008606, 1.2842881679534912, 42.66294860839844, 243.05947875976562, 1.7596091032028198, -0.25
28.76201629638672, 1.02765953540802, 1.2684398889541626, 43.58234405517578, 194.73841857910156, 1.7685949802398682, -0.25
28.77202033996582, 1.036170244216919, 1.2609680891036987, 45.20710372924805, 199.53468322753906, 1.7685949802398682, -0.25
28.78203010559082, 1.0468084812164307, 1.0423263311386108, 47.37344741821289, 175.580810546875, 1.7685949802398682, -0.25
28.792014837265015, 1.057446837425232, 1.05867600440979, 49.50110626220703, 210.6658477783203, 1.7685949802398682, -0.25
28.802029371261597, 1.0659574270248413, 1.0814118385314941, 51.79428482055664, 231.8794708251953, 1.7636420726776123, -0.25
28.81201457977295, 1.0723403692245483, 0.918998658657074, 53.65114974975586, 208.11001586914062, 1.7636420726776123, -0.25
28.82201337814331, 1.0808510780334473, 0.8066157698631287, 55.391963958740234, 197.23187255859375, 1.7636420726776123, -0.25
28.832012176513672, 1.0829787254333496, 0.7007958292961121, 56.39776611328125, 189.29840087890625, 1.7636420726776123, -0.25
28.84203290939331, 1.0893616676330566, 0.6490219235420227, 59.69643783569336, 201.96987915039062, 1.7523078918457031, -0.25
28.852009773254395, 1.0936169624328613, 0.4462304413318634, 60.77960968017578, 170.65338134765625, 1.7523078918457031, -0.25
28.86200499534607, 1.100000023841858, 0.4571162164211273, 61.70804214477539, 155.0773468017578, 1.7523078918457031, -0.25
28.872004985809326, 1.1042553186416626, 0.5650120377540588, 62.40436935424805, 164.6760711669922, 1.7523078918457031, -0.25
28.88203191757202, 1.1085106134414673, 0.48082172870635986, 66.28063201904297, 175.06431579589844, 1.7360948324203491, -0.25
28.892025470733643, 1.1148936748504639, 0.5343387722969055, 67.28643035888672, 172.9329376220703, 1.7360948324203491, -0.25
28.902015924453735, 1.1170213222503662, 0.46585583686828613, 67.90538787841797, 169.61534118652344, 1.7360948324203491, -0.25
28.912012815475464, 1.121276617050171, 0.49148017168045044, 68.79513549804688, 175.593994140625, 1.7360948324203491, -0.25
28.922062873840332, 1.1255319118499756, 0.4076770842075348, 72.73963165283203, 168.32855224609375, 1.7192937135696411, -0.25
28.932004928588867, 1.1297872066497803, 0.3941221237182617, 73.55200958251953, 157.61328125, 1.7192937135696411, -0.25
28.942005395889282, 1.134042501449585, 0.4195604622364044, 74.09359741210938, 165.60679626464844, 1.7192937135696411, -0.25
28.952008962631226, 1.1382979154586792, 0.3989294171333313, 74.90597534179688, 73.56880187988281, 1.7192937135696411, -0.25
28.962013244628906, 1.1425532102584839, 0.39434605836868286, 78.36937713623047, 141.89170837402344, 1.7047131061553955, -0.25
28.972015380859375, 1.1446808576583862, 0.3968764841556549, 78.87227630615234, 141.77134704589844, 1.7047131061553955, -0.25
28.98201298713684, 1.1468085050582886, 0.36759787797927856, 79.568603515625, 149.8561248779297, 1.7047131061553955, -0.25
28.992018699645996, 1.148936152458191, 0.23125293850898743, 80.14887237548828, 63.06898498535156, 1.7047131061553955, -0.25
29.002026557922363, 1.1531914472579956, 0.32050177454948425, 82.83052825927734, 127.40904235839844, 1.69294273853302, -0.25
29.012001752853394, 1.155319094657898, 0.234843447804451, 83.29474639892578, 109.22432708740234, 1.69294273853302, -0.25
29.022019624710083, 1.1574468612670898, 0.2390744388103485, 83.6042251586914, 106.84532928466797, 1.69294273853302, -0.25
29.03201460838318, 1.1595745086669922, 0.23300394415855408, 84.06843566894531, 43.4234619140625, 1.69294273853302, -0.25
29.042009830474854, 1.1617021560668945, 0.24941450357437134, 86.05916595458984, 90.0843505859375, 1.6843341588974, -0.25
29.052014112472534, 1.1638298034667969, 0.23729445040225983, 86.48469543457031, 84.62818145751953, 1.6843341588974, -0.25
29.062023639678955, 1.1638298034667969, 0.17905399203300476, 86.71680450439453, 82.97288513183594, 1.6843341588974, -0.25
29.07200527191162, 1.1659574508666992, 0.17836211621761322, 87.10365295410156, 36.7534065246582, 1.6843341588974, -0.25
29.08202362060547, 1.1680850982666016, 0.17870739102363586, 88.96247863769531, 76.95307159423828, 1.6762382984161377, -0.25
29.09201216697693, 1.170212745666504, 0.17860008776187897, 89.2719497680664, 74.74201965332031, 1.6762382984161377, -0.25
29.102018356323242, 1.170212745666504, 0.11874984949827194, 89.46537780761719, 72.38401794433594, 1.6762382984161377, -0.25
29.112008571624756, 1.170212745666504, 0.06247585639357567, 89.65879821777344, 27.262191772460938, 1.6762382984161377, -0.25
29.12201189994812, 1.170212745666504, 0.06104837357997894, 91.12146759033203, 58.61738586425781, 1.6688319444656372, -0.25
29.132004499435425, 1.170212745666504, 0.0, 91.16014862060547, 51.51005554199219, 1.6688319444656372, -0.25
29.142006635665894, 1.1680850982666016, -0.05832713097333908, 91.12146759033203, 43.278587341308594, 1.6688319444656372, -0.25
29.152013540267944, 1.1680850982666016, -0.05923304706811905, 91.00540924072266, -1.0769644975662231, 1.6688319444656372, -0.25
29.16204595565796, 1.1659574508666992, -0.11190032958984375, 92.31036376953125, 30.246736526489258, 1.660378098487854, -0.25
29.172014951705933, 1.1638298034667969, -0.16750392317771912, 91.96220397949219, 21.047706604003906, 1.660378098487854, -0.25
29.18201494216919, 1.1617021560668945, -0.1822226643562317, 91.73009490966797, 18.47966957092285, 1.660378098487854, -0.25
29.192014694213867, 1.1574468612670898, -0.24766671657562256, 91.26587677001953, -34.89849090576172, 1.660378098487854, -0.25
29.20208740234375, 1.155319094657898, -0.21996675431728363, 92.51372528076172, 8.255558013916016, 1.6509617567062378, -0.25
29.212013959884644, 1.1510637998580933, -0.30159011483192444, 91.89476776123047, 1.378328561782837, 1.6509617567062378, -0.25
29.222015619277954, 1.1468085050582886, -0.3525899350643158, 91.43054962158203, -3.9994313716888428, 1.6509617567062378, -0.25
29.232013463974, 1.1425532102584839, -0.3936254382133484, 90.69554138183594, -56.23220443725586, 1.6509617567062378, -0.25
29.24201512336731, 1.1361702680587769, -0.4734244644641876, 91.62593078613281, -19.31304168701172, 1.6407382488250732, -0.25
29.252012491226196, 1.1319148540496826, -0.5296871066093445, 90.9682846069336, -25.627775192260742, 1.6407382488250732, -0.25
29.262006282806396, 1.1255319118499756, -0.5802373886108398, 89.88511657714844, -35.815956115722656, 1.6407382488250732, -0.25
29.27201199531555, 1.1191489696502686, -0.5674711465835571, 88.72457122802734, -93.89067840576172, 1.6407382488250732, -0.25
29.281998872756958, 1.112765908241272, -0.5857213735580444, 89.55780029296875, -48.41379928588867, 1.6297725439071655, -0.25
29.292025327682495, 1.1085106134414673, -0.6130419373512268, 88.74541473388672, -54.01588821411133, 1.6297725439071655, -0.25
29.302079439163208, 1.100000023841858, -0.6450555920600891, 87.46881866455078, -55.93451690673828, 1.6297725439071655, -0.25
29.31200671195984, 1.0936169624328613, -0.6579394340515137, 86.19222259521484, -116.36283874511719, 1.6297725439071655, -0.25
29.32201361656189, 1.0893616676330566, -0.6423541307449341, 87.27703094482422, -62.597896575927734, 1.619125247001648, -0.25
29.332014560699463, 1.0829787254333496, -0.5798603892326355, 86.07780456542969, -61.10432052612305, 1.619125247001648, -0.25
29.342021703720093, 1.0744681358337402, -0.5605559945106506, 84.87857818603516, -51.84698486328125, 1.619125247001648, -0.25
29.352018117904663, 1.0723403692245483, -0.6022033095359802, 84.06620025634766, -60.17402267456055, 1.619125247001648, -0.25
29.362015962600708, 1.063829779624939, -0.6781662106513977, 84.6980972290039, -63.51833724975586, 1.6088413000106812, -0.25
29.372008323669434, 1.057446837425232, -0.6148350238800049, 83.42150115966797, -59.6191291809082, 1.6088413000106812, -0.25
29.38201332092285, 1.0510637760162354, -0.6660643219947815, 82.53175354003906, -66.78858184814453, 1.6088413000106812, -0.25
29.392013788223267, 1.0382978916168213, -0.9109272956848145, 80.9456787109375, -78.02555847167969, 1.6088413000106812, -0.25
29.402037382125854, 1.0297871828079224, -0.909874677658081, 81.04882049560547, -91.90724182128906, 1.5989123582839966, 0.25
29.4120135307312, 1.0170212984085083, -1.0247828960418701, 79.11457824707031, -108.87247467041016, 1.5989123582839966, 0.25
29.42201542854309, 1.0127660036087036, -0.9027301073074341, 77.83798217773438, -112.15802764892578, 1.5989123582839966, 0.25
29.4320125579834, 1.0021276473999023, -0.9462214708328247, 76.01980590820312, -172.04026794433594, 1.5989123582839966, 0.25
29.442010164260864, 0.9936169981956482, -0.9286857843399048, 75.87152099609375, -132.64227294921875, 1.5899406671524048, 0.25
29.452009677886963, 0.9872340559959412, -0.665831983089447, 74.7883529663086, -96.70392608642578, 1.5899406671524048, 0.25
29.462027549743652, 0.9808510541915894, -0.8484013676643372, 73.6278076171875, -111.92012786865234, 1.5899406671524048, 0.25
29.47201943397522, 0.9702127575874329, -0.7859368324279785, 71.84831237792969, -102.72723388671875, 1.5899406671524048, 0.25
29.48205828666687, 0.9638298153877258, -0.8341274261474609, 70.45928192138672, -156.6203155517578, 1.5911973714828491, 0.25
29.492012977600098, 0.9553191661834717, -0.8076551556587219, 68.71846771240234, -153.60769653320312, 1.5911973714828491, 0.25
29.50201988220215, 0.9468085169792175, -0.8399671316146851, 67.09371185302734, -167.89144897460938, 1.5911973714828491, 0.25
29.512017965316772, 0.9425531625747681, -0.7557336091995239, 66.1265869140625, -156.33274841308594, 1.5911973714828491, 0.25
29.52202033996582, 0.9319148659706116, -0.7587556838989258, 63.396080017089844, -165.1364288330078, 1.597704529762268, 0.25
29.532020330429077, 0.9212765693664551, -0.8850883841514587, 61.655269622802734, -180.86233520507812, 1.597704529762268, 0.25
29.542019605636597, 0.914893627166748, -0.9220331311225891, 60.494728088378906, -190.64698791503906, 1.597704529762268, 0.25
29.55202341079712, 0.9042553305625916, -1.012675166130066, 58.52180862426758, -165.71047973632812, 1.597704529762268, 0.25
29.562042474746704, 0.8936170339584351, -0.8493534922599792, 55.69089126586914, -177.76499938964844, 1.6030617952346802, 0.25
29.572002410888672, 0.8829787373542786, -1.016611099243164, 53.756656646728516, -205.69155883789062, 1.6030617952346802, 0.25
29.58207654953003, 0.8744680881500244, -0.9938347339630127, 52.441375732421875, -203.2090606689453, 1.6030617952346802, 0.25
29.592021465301514, 0.8680850863456726, -0.920954704284668, 50.584510803222656, -171.63246154785156, 1.6030617952346802, 0.25
29.602036476135254, 0.8617021441459656, -0.7091671824455261, 46.6228141784668, -216.6280517578125, 1.6159149408340454, 0.25
29.612021446228027, 0.8574467897415161, -0.7012088298797607, 45.69438171386719, -221.42239379882812, 1.6159149408340454, 0.25
29.62203598022461, 0.8468084931373596, -0.7217673063278198, 44.340415954589844, -211.51039123535156, 1.6159149408340454, 0.25
29.632012367248535, 0.8340425491333008, -0.8208288550376892, 42.715660095214844, -127.35283660888672, 1.6159149408340454, 0.25
29.642012119293213, 0.8255318999290466, -0.9702032804489136, 38.4700927734375, -219.1202392578125, 1.629265546798706, 0.25
29.65201735496521, 0.8212766051292419, -0.9315293431282043, 37.27086639404297, -232.31533813476562, 1.629265546798706, 0.25
29.66202211380005, 0.8085106611251831, -0.9873785972595215, 35.41400146484375, -244.31768798828125, 1.629265546798706, 0.25
29.672020196914673, 0.7957446575164795, -0.9089806079864502, 33.479766845703125, -156.5196533203125, 1.629265546798706, 0.25
29.682013988494873, 0.7893617153167725, -0.9957917332649231, 29.731639862060547, -240.57586669921875, 1.6426461935043335, 0.25
29.692012310028076, 0.778723418712616, -1.0119246244430542, 27.64266586303711, -238.046630859375, 1.6426461935043335, 0.25
29.7020103931427, 0.7702127695083618, -0.833867609500885, 25.785799026489258, -234.38153076171875, 1.6426461935043335, 0.25
29.712024211883545, 0.7617021203041077, -0.9512012600898743, 24.547887802124023, -249.5703887939453, 1.6426461935043335, 0.25
29.722050428390503, 0.7510638236999512, -0.9720526933670044, 20.563655853271484, -241.90017700195312, 1.6543467044830322, 0.25
29.732009410858154, 0.7404255270957947, -1.0246444940567017, 18.590734481811523, -237.796875, 1.6543467044830322, 0.25
29.74204421043396, 0.7319148778915405, -1.0683932304382324, 17.198083877563477, -239.5708770751953, 1.6543467044830322, 0.25
29.75201940536499, 0.721276581287384, -1.0062271356582642, 15.186479568481445, -184.0265655517578, 1.6543467044830322, 0.25
29.76202130317688, 0.7106382846832275, -0.927882969379425, 11.360742568969727, -219.21388244628906, 1.6645371913909912, 0.25
29.77201557159424, 0.7021276354789734, -1.116747260093689, 10.0067777633667, -250.30398559570312, 1.6645371913909912, 0.25
29.782055616378784, 0.6914893388748169, -1.0349196195602417, 7.956487655639648, -244.50146484375, 1.6645371913909912, 0.25
29.792009115219116, 0.6829787492752075, -0.9358967542648315, 6.022251605987549, -172.1649627685547, 1.6645371913909912, 0.25
29.802016258239746, 0.6744681000709534, -0.9984130859375, 3.0450851917266846, -229.53863525390625, 1.6736775636672974, 0.25
29.812013149261475, 0.6595744490623474, -1.106515884399414, 0.994795024394989, -240.25897216796875, 1.6736775636672974, 0.25
29.8220431804657, 0.6531915068626404, -1.0172245502471924, -0.9394409656524658, -231.6875762939453, 1.6736775636672974, 0.25
29.832011222839355, 0.6425532102584839, -1.0551458597183228, -2.9510464668273926, -194.10169982910156, 1.6736775636672974, 0.25
29.84204077720642, 0.6319149136543274, -1.0065981149673462, -5.959653854370117, -219.3900909423828, 1.6825653314590454, 0.25
29.85201644897461, 0.6191489100456238, -1.0217968225479126, -8.048628807067871, -212.9370880126953, 1.6825653314590454, 0.25
29.862013816833496, 0.6106383204460144, -1.0795948505401611, -10.214973449707031, -241.8428955078125, 1.6825653314590454, 0.25
29.872029066085815, 0.6021276712417603, -1.0668656826019287, -11.684992790222168, -230.49659729003906, 1.6825653314590454, 0.25
29.882001638412476, 0.5914893746376038, -0.8836787939071655, -15.255620956420898, -223.2300567626953, 1.6913527250289917, 0.25
29.892008543014526, 0.585106372833252, -0.8799211978912354, -16.493532180786133, -218.2812042236328, 1.6913527250289917, 0.25
29.902005195617676, 0.5787234306335449, -0.8668054342269897, -18.234344482421875, -217.80535888671875, 1.6913527250289917, 0.25
29.912006378173828, 0.5723404288291931, -0.7657781839370728, -19.356201171875, -197.2135009765625, 1.6913527250289917, 0.25
29.922059297561646, 0.563829779624939, -0.7551924586296082, -22.591875076293945, -200.3025665283203, 1.7006382942199707, 0.25
29.9320125579834, 0.5553191304206848, -0.7674317955970764, -24.139265060424805, -196.03553771972656, 1.7006382942199707, 0.25
29.942020893096924, 0.5531914830207825, -0.7263199687004089, -25.067697525024414, -194.39202880859375, 1.7006382942199707, 0.25
29.9520161151886, 0.5468084812164307, -0.5779451727867126, -26.30560874938965, -174.058349609375, 1.7006382942199707, 0.25
29.962019205093384, 0.5553191304206848, -0.1166161522269249, -28.69611930847168, -152.4434814453125, 1.7101690769195557, 0.25
29.972028732299805, 0.5680851340293884, 0.3511562645435333, -28.386640548706055, -116.83360290527344, 1.7101690769195557, 0.25
29.98202681541443, 0.585106372833252, 0.9317116737365723, -26.839252471923828, -36.83932876586914, 1.7101690769195557, 0.25
29.99201798439026, 0.6021276712417603, 1.552116870880127, -24.170005798339844, 123.04053497314453, 1.7101690769195557, 0.25
30.00200915336609, 0.6170212626457214, 1.7072199583053589, -23.63219451904297, 140.11236572265625, 1.7193387746810913, 0.25
30.01201319694519, 0.6361702084541321, 1.710641622543335, -20.382678985595703, 218.72044372558594, 1.7193387746810913, 0.25
30.02201747894287, 0.6531915068626404, 1.7637666463851929, -17.017108917236328, 258.6515808105469, 1.7193387746810913, 0.25
30.032005310058594, 0.6659574508666992, 1.5360829830169678, -13.806276321411133, 303.9940490722656, 1.7193387746810913, 0.25
30.042057275772095, 0.6765957474708557, 1.544981598854065, -13.719185829162598, 246.60421752929688, 1.7299236059188843, 0.25
30.052014589309692, 0.693617045879364, 1.4123127460479736, -10.856515884399414, 233.5144500732422, 1.7299236059188843, 0.25
30.06200671195984, 0.7042553424835205, 1.2317935228347778, -8.303324699401855, 209.2996368408203, 1.7299236059188843, 0.25
30.072031021118164, 0.714893639087677, 1.457556962966919, -6.52382755279541, 216.90670776367188, 1.7299236059188843, 0.25
30.082033395767212, 0.7255319356918335, 1.1421324014663696, -5.9630446434021, 181.17982482910156, 1.7402435541152954, 0.25
30.092000007629395, 0.7340425252914429, 0.9448733925819397, -3.8353850841522217, 160.169921875, 1.7402435541152954, 0.25
30.10200524330139, 0.7404255270957947, 1.0172927379608154, -2.481419801712036, 163.74195861816406, 1.7402435541152954, 0.25
30.112011909484863, 0.7510638236999512, 0.8952100872993469, -0.7019227743148804, 192.06326293945312, 1.7402435541152954, 0.25
30.122008562088013, 0.76382976770401, 0.9042164087295532, -0.7543556094169617, 117.79947662353516, 1.7507447004318237, -0.25
30.132007360458374, 0.7680851221084595, 0.9340888261795044, 0.4835554361343384, 118.50679779052734, 1.7507447004318237, -0.25
30.142036199569702, 0.7765957713127136, 0.879794716835022, 2.3017373085021973, 114.79413604736328, 1.7507447004318237, -0.25
30.152024269104004, 0.7936170101165771, 1.1059826612472534, 4.313342571258545, 182.09613037109375, 1.7507447004318237, -0.25
30.162013292312622, 0.8042553067207336, 1.075186848640442, 4.111874580383301, 129.42579650878906, 1.7599378824234009, -0.25
30.172005891799927, 0.8170212507247925, 1.105699896812439, 6.549011707305908, 134.782470703125, 1.7599378824234009, -0.25
30.182016372680664, 0.8297872543334961, 1.2983871698379517, 9.140888214111328, 171.46441650390625, 1.7599378824234009, -0.25
30.19201350212097, 0.8361701965332031, 1.1868667602539062, 10.765645980834961, 179.9635772705078, 1.7599378824234009, -0.25
30.202053785324097, 0.848936140537262, 1.0714499950408936, 13.829459190368652, 237.0514678955078, 1.7552145719528198, -0.25
30.21199655532837, 0.8617021441459656, 0.963391900062561, 15.995802879333496, 204.8471221923828, 1.7552145719528198, -0.25
30.22205114364624, 0.8680850863456726, 1.0656996965408325, 17.388452529907227, 229.50172424316406, 1.7552145719528198, -0.25
30.232019901275635, 0.8744680881500244, 0.8024744391441345, 19.28400421142578, 173.1399383544922, 1.7552145719528198, -0.25
30.242013216018677, 0.8808510899543762, 0.8747354745864868, 22.556106567382812, 239.18325805664062, 1.7438137531280518, -0.25
30.252014875411987, 0.8851063847541809, 0.6548669934272766, 23.94875717163086, 222.529052734375, 1.7438137531280518, -0.25
30.262010097503662, 0.8914893865585327, 0.5780574679374695, 25.14798355102539, 192.94911193847656, 1.7438137531280518, -0.25
30.272011518478394, 0.8936170339584351, 0.4603289067745209, 26.153785705566406, 112.98982238769531, 1.7438137531280518, -0.25
30.282036304473877, 0.8978723287582397, 0.45699915289878845, 29.69536781311035, 178.1776123046875, 1.7275265455245972, -0.25
30.292009115219116, 0.8999999761581421, 0.35998591780662537, 30.50774574279785, 172.9567413330078, 1.7275265455245972, -0.25
30.302026987075806, 0.9042553305625916, 0.3386308252811432, 31.165386199951172, 150.38275146484375, 1.7275265455245972, -0.25
30.312013864517212, 0.9042553305625916, 0.3000084459781647, 31.55223274230957, 152.24050903320312, 1.7275265455245972, -0.25
30.322034120559692, 0.9063829779624939, 0.18070977926254272, 35.062660217285156, 143.1927947998047, 1.7107723951339722, -0.25
30.332013607025146, 0.9127659797668457, 0.2963029146194458, 35.604244232177734, 135.48532104492188, 1.7107723951339722, -0.25
30.342013597488403, 0.9191489219665527, 0.4165112376213074, 36.26188659667969, 137.1182098388672, 1.7107723951339722, -0.25
30.352007627487183, 0.9234042763710022, 0.44926315546035767, 36.88084030151367, 135.53912353515625, 1.7107723951339722, -0.25
30.36203360557556, 0.9297872185707092, 0.5951747894287109, 40.708683013916016, 153.60891723632812, 1.6958894729614258, -0.25
30.37201189994812, 0.936170220375061, 0.6135668754577637, 41.90790939331055, 160.1863250732422, 1.6958894729614258, -0.25
30.382012605667114, 0.9382978677749634, 0.5183044672012329, 42.68160629272461, 173.76260375976562, 1.6958894729614258, -0.25
30.39202117919922, 0.9425531625747681, 0.45374608039855957, 43.61003875732422, 97.96790313720703, 1.6958894729614258, -0.25
30.402012825012207, 0.9446808695793152, 0.3560600280761719, 46.53532791137695, 151.7234344482422, 1.6840556859970093, -0.25
30.412020683288574, 0.9468085169792175, 0.2745017111301422, 46.96086120605469, 130.3821258544922, 1.6840556859970093, -0.25
30.422034978866577, 0.9510638117790222, 0.3383098840713501, 47.61850357055664, 122.6309814453125, 1.6840556859970093, -0.25
30.43200182914734, 0.957446813583374, 0.3987511694431305, 48.353511810302734, 62.14303970336914, 1.6840556859970093, -0.25
30.442009687423706, 0.9617021083831787, 0.4401233494281769, 50.56326675415039, 104.15131378173828, 1.6750935316085815, -0.25
30.452019929885864, 0.9659574627876282, 0.46913135051727295, 51.4530143737793, 118.47925567626953, 1.6750935316085815, -0.25
30.462050437927246, 0.9680851101875305, 0.46965599060058594, 52.03328323364258, 121.81395721435547, 1.6750935316085815, -0.25
30.472033262252808, 0.9702127575874329, 0.15531279146671295, 52.57487106323242, 46.844810485839844, 1.6750935316085815, -0.25
30.482028007507324, 0.9723404049873352, 0.3215101957321167, 54.56062698364258, 108.46760559082031, 1.6669378280639648, -0.25
30.492012977600098, 0.9744681119918823, 0.3037044405937195, 55.17958068847656, 115.22193908691406, 1.6669378280639648, -0.25
30.502033710479736, 0.9744681119918823, 0.23738913238048553, 55.48905944824219, 105.02506256103516, 1.6669378280639648, -0.25
30.512023448944092, 0.9765957593917847, 0.1865525245666504, 55.837223052978516, 95.34734344482422, 1.6669378280639648, -0.25
30.522023916244507, 0.9765957593917847, 0.10922282934188843, 57.4040412902832, 68.0182876586914, 1.6595969200134277, 0.0
30.532023668289185, 0.9765957593917847, 0.057772066444158554, 57.48141098022461, 62.50125503540039, 1.6595969200134277, 0.0
30.542048454284668, 0.978723406791687, 0.11142528802156448, 57.674835205078125, 54.19550323486328, 1.6595969200134277, 0.0
30.552016019821167, 0.978723406791687, 0.05809550732374191, 57.82957458496094, 15.844229698181152, 1.6595969200134277, 0.0
30.562011003494263, 0.978723406791687, 0.05989697948098183, 59.39469528198242, 56.04008483886719, 1.6514142751693726, 0.0
30.572012424468994, 0.978723406791687, 0.05874177813529968, 59.51074981689453, 54.959266662597656, 1.6514142751693726, 0.0
30.58201289176941, 0.978723406791687, 0.0, 59.51074981689453, 46.712345123291016, 1.6514142751693726, 0.0
30.592005729675293, 0.9808510541915894, 0.058209192007780075, 59.62680435180664, 7.408442497253418, 1.6514142751693726, 0.0
30.602031707763672, 0.9829787015914917, 0.1209384873509407, 60.0055046081543, 16.260082244873047, 1.6501824855804443, 0.0
30.612010717391968, 1.0062161684036255, 0.537590742111206, 60.58274459838867, 20.96161651611328, 1.6501824855804443, 0.0
30.622018575668335, 1.0089188814163208, 0.6297194361686707, 61.83550262451172, 48.48206329345703, 1.6501824855804443, 0.0
30.632017135620117, 1.0116215944290161, 0.5766546130180359, 62.39496612548828, 53.32658386230469, 1.6501824855804443, 0.0
30.64201068878174, 1.0116215944290161, 0.589340329170227, 63.44771194458008, 72.41680908203125, 1.653410792350769, 0.0
30.652010679244995, 1.0143243074417114, 0.6260617971420288, 64.5875473022461, 89.9713363647461, 1.653410792350769, 0.0
30.66202139854431, 1.0143243074417114, 0.16135062277317047, 64.73497009277344, 82.62894439697266, 1.653410792350769, 0.0
30.67201256752014, 1.0143243074417114, 0.1038852334022522, 65.42407989501953, 68.96808624267578, 1.653410792350769, 0.0
30.682008266448975, 1.0116215944290161, 0.0, 65.45288848876953, 50.3304443359375, 1.6535226106643677, 0.0
30.6920108795166, 1.0116215944290161, 0.0, 65.45288848876953, 41.69932174682617, 1.6535226106643677, 0.0
30.702009677886963, 1.0116215944290161, -0.05606586113572121, 65.3546142578125, 15.912181854248047, 1.6535226106643677, 0.0
30.712016820907593, 1.0116215944290161, -0.05656665191054344, 65.25633239746094, 0.6029719710350037, 1.6535226106643677, 0.0
30.722004175186157, 1.0089188814163208, -0.10512316972017288, 64.8933334350586, -10.32188892364502, 1.6544380187988281, 0.0
30.732001543045044, 1.0062161684036255, -0.11358105391263962, 64.64763641357422, -16.920488357543945, 1.6544380187988281, 0.0
30.74203658103943, 1.0035134553909302, -0.15668942034244537, 64.50021362304688, -18.410541534423828, 1.6544380187988281, 0.0
30.752020597457886, 1.0008108615875244, -0.22710521519184113, 64.15623474121094, -26.206920623779297, 1.6544380187988281, 0.0
30.762019157409668, 0.995405375957489, -0.31897827982902527, 63.60435485839844, -33.461490631103516, 1.6545003652572632, 0.0
30.77201509475708, 0.9927027225494385, -0.31608766317367554, 62.96553421020508, -39.49245071411133, 1.6545003652572632, 0.0
30.782011032104492, 0.957446813583374, -1.3994234800338745, 61.3908576965332, -93.45216369628906, 1.6545003652572632, 0.0
30.79201650619507, 0.9818918704986572, -0.4395911395549774, 60.12147521972656, -86.02726745605469, 1.6545003652572632, 0.0
30.80202078819275, 0.9489361643791199, -1.315510869026184, 58.14186096191406, -154.63931274414062, 1.6541450023651123, 0.0
30.812010049819946, 0.9468085169792175, -1.296955943107605, 56.51166534423828, -182.3843536376953, 1.6541450023651123, 0.0
30.822004795074463, 0.9425531625747681, -0.4216276705265045, 54.680728912353516, -189.95895385742188, 1.6541450023651123, 0.0
30.83201265335083, 0.9382978677749634, -1.19017493724823, 52.902069091796875, -189.47232055664062, 1.6541450023651123, 0.0
30.842018127441406, 0.936170220375061, -0.34024468064308167, 52.449989318847656, -151.70262145996094, 1.6540782451629639, 0.0
30.85201597213745, 0.9297872185707092, -0.494852751493454, 51.59892654418945, -119.99543762207031, 1.6540782451629639, 0.0
30.862020254135132, 0.9255319237709045, -0.4367576539516449, 50.670494079589844, -96.94493865966797, 1.6540782451629639, 0.0
30.872005462646484, 0.9191489219665527, -0.5415809750556946, 49.66469192504883, -85.34003448486328, 1.6540782451629639, 0.0
30.882045030593872, 0.914893627166748, -0.5318970680236816, 48.947818756103516, -89.75752258300781, 1.654191255569458, 0.0
30.892030715942383, 0.9106382727622986, -0.4465653896331787, 47.9807014465332, -86.80738830566406, 1.654191255569458, 0.0
30.90202045440674, 0.9063829779624939, -0.517703115940094, 47.32305908203125, -90.49988555908203, 1.654191255569458, 0.0
30.912025928497314, 0.8999999761581421, -0.5248412489891052, 46.317256927490234, -91.74771118164062, 1.654191255569458, 0.0
30.922019720077515, 0.8914893865585327, -0.553463876247406, 45.26512145996094, -86.74053955078125, 1.6540205478668213, 0.0
30.932011365890503, 0.8851063847541809, -0.688849925994873, 44.37537384033203, -97.27153778076172, 1.6540205478668213, 0.0
30.942046403884888, 0.8765957355499268, -0.7029366493225098, 42.94403839111328, -103.42279815673828, 1.6540205478668213, 0.0
30.95201563835144, 0.8702127933502197, -0.7481309175491333, 41.474021911621094, -122.42142486572266, 1.6540205478668213, 0.0
30.962056159973145, 0.8659574389457703, -0.6721605062484741, 40.46868896484375, -126.27225494384766, 1.6542307138442993, 0.0
30.97201895713806, 0.8595744967460632, -0.618009090423584, 39.15340805053711, -125.63233947753906, 1.6542307138442993, 0.0
30.982019901275635, 0.8531914949417114, -0.5531020760536194, 38.302345275878906, -109.69503021240234, 1.6542307138442993, 0.0
30.992034196853638, 0.8446808457374573, -0.6345992088317871, 36.94837951660156, -112.48538208007812, 1.6542307138442993, 0.0
31.002041339874268, 0.8361701965332031, -0.7196815609931946, 35.91104507446289, -110.11605072021484, 1.6541913747787476, 0.0
31.012027740478516, 0.827659547328949, -0.8491009473800659, 34.13154983520508, -133.60743713378906, 1.6541913747787476, 0.0
31.022021770477295, 0.8170212507247925, -0.8857619166374207, 32.274681091308594, -145.7633056640625, 1.6541913747787476, 0.0
31.032031059265137, 0.8127659559249878, -0.8310719728469849, 31.075456619262695, -152.93246459960938, 1.6541913747787476, 0.0
31.042021989822388, 0.806382954120636, -0.664486289024353, 29.623624801635742, -148.5326385498047, 1.6538785696029663, 0.0
31.052026510238647, 0.800000011920929, -0.6841176152229309, 28.65650749206543, -135.41683959960938, 1.6538785696029663, 0.0
31.062036752700806, 0.7872340679168701, -0.6933609843254089, 27.109119415283203, -120.23943328857422, 1.6538785696029663, 0.0
31.07203507423401, 0.778723418712616, -0.9248919486999512, 25.909893035888672, -140.34164428710938, 1.6538785696029663, 0.0
31.082011699676514, 0.7659574747085571, -0.983566164970398, 23.75895118713379, -142.68942260742188, 1.654219388961792, 0.0
31.092020273208618, 0.7595744729042053, -1.027742624282837, 22.288930892944336, -161.88357543945312, 1.654219388961792, 0.0
31.102009057998657, 0.7510638236999512, -0.9575766324996948, 20.277326583862305, -180.86610412597656, 1.654219388961792, 0.0
31.11200785636902, 0.7446808218955994, -0.9945310354232788, 19.03941535949707, -200.71653747558594, 1.654219388961792, 0.0
31.122053384780884, 0.7319148778915405, -0.9886091351509094, 17.24451446533203, -189.1817626953125, 1.6538785696029663, 0.0
31.13202738761902, 0.7234042286872864, -0.9200052618980408, 15.465018272399902, -165.59901428222656, 1.6538785696029663, 0.0
31.142017126083374, 0.7170212864875793, -0.7074509263038635, 14.188422203063965, -126.53575134277344, 1.6538785696029663, 0.0
31.152010679244995, 0.7063829898834229, -1.0091274976730347, 12.795772552490234, -164.5164794921875, 1.6538785696029663, 0.0
31.162006855010986, 0.6978723406791687, -0.8490504622459412, 10.83054256439209, -159.96998596191406, 1.654049038887024, 0.0
31.17200255393982, 0.6893616914749146, -0.9272945523262024, 8.896306037902832, -178.92697143554688, 1.654049038887024, 0.0
31.182042837142944, 0.6829787492752075, -0.8817143440246582, 7.658395290374756, -169.1300506591797, 1.654049038887024, 0.0
31.192020177841187, 0.672340452671051, -0.8199740648269653, 5.956267356872559, -158.0313720703125, 1.654049038887024, 0.0
31.202028274536133, 0.6617021560668945, -1.0057601928710938, 4.684765338897705, -170.89138793945312, 1.6540210247039795, 0.0
31.21200728416443, 0.6489361524581909, -1.114113688468933, 2.595790386199951, -173.64004516601562, 1.6540210247039795, 0.0
31.222012042999268, 0.6425532102584839, -1.0382485389709473, 0.5841850638389587, -186.4053955078125, 1.6540210247039795, 0.0
31.23202633857727, 0.6382978558540344, -0.9035869836807251, -0.6924107074737549, -176.47499084472656, 1.6540210247039795, 0.0
31.242026805877686, 0.6255319118499756, -0.738664448261261, -2.417660713195801, -149.1634063720703, 1.653935432434082, 0.0
31.25202775001526, 0.6170212626457214, -0.748243510723114, -3.578202486038208, -144.74903869628906, 1.653935432434082, 0.0
31.262075185775757, 0.6127659678459167, -0.6582586169242859, -4.235842704772949, -112.35997009277344, 1.653935432434082, 0.0
31.27202844619751, 0.6000000238418579, -0.7404007911682129, -5.705862045288086, -109.44316864013672, 1.653935432434082, 0.0
