26.51669478416443, 1.0021276473999023, -1.3378551006317139, 80.01165008544922, 4514.552734375, 1.585680603981018, 0.25
26.52676010131836, 0.9914893507957458, -1.0019986629486084, 78.11609649658203, 3377.419677734375, 1.585680603981018, 0.25
26.53673791885376, 0.9808510541915894, -1.452791452407837, 76.1818618774414, 4511.0712890625, 1.585680603981018, 0.25
26.546695232391357, 0.9617021083831787, -1.4488905668258667, 73.2418212890625, 4487.81298828125, 1.585680603981018, 0.25
26.556720972061157, 0.9446808695793152, -1.5761717557907104, 70.07047271728516, -272.75677490234375, 1.586101770401001, 0.25
26.566724061965942, 0.9340425729751587, -1.6237574815750122, 67.98149871826172, -286.45867919921875, 1.586101770401001, 0.25
26.57670307159424, 0.9170212745666504, -1.7141622304916382, 64.77066802978516, -300.5120849609375, 1.586101770401001, 0.25
26.586700439453125, 0.9042553305625916, -1.3614113330841064, 61.83062744140625, -276.3865966796875, 1.586101770401001, 0.25
26.59670877456665, 0.8936170339584351, -1.3452497720718384, 58.76897048950195, -297.7321472167969, 1.5925153493881226, 0.25
26.606762170791626, 0.8808510899543762, -1.1458452939987183, 56.09972381591797, -264.3434753417969, 1.5925153493881226, 0.25
26.61669945716858, 0.8638297915458679, -1.4146610498428345, 53.46916198730469, -296.51275634765625, 1.5925153493881226, 0.25
26.62670087814331, 0.8510638475418091, -1.2622419595718384, 50.87728500366211, -269.28924560546875, 1.5925153493881226, 0.25
26.63673210144043, 0.8425531983375549, -1.1494423151016235, 47.17861557006836, -274.284423828125, 1.603709101676941, 0.25
26.646726846694946, 0.8297872543334961, -1.224949836730957, 44.58673858642578, -291.24176025390625, 1.603709101676941, 0.25
26.656693696975708, 0.8106383085250854, -1.3455694913864136, 41.99486541748047, -291.0372619628906, 1.603709101676941, 0.25
26.666699647903442, 0.800000011920929, -1.4534285068511963, 40.137996673583984, -305.672119140625, 1.603709101676941, 0.25
26.67669677734375, 0.7893617153167725, -1.228285312652588, 35.0743293762207, -294.276611328125, 1.617091178894043, 0.25
26.68671441078186, 0.7723404169082642, -1.3668850660324097, 32.36640167236328, -304.33465576171875, 1.617091178894043, 0.25
26.69669270515442, 0.7595744729042053, -1.2381227016448975, 29.73583984375, -299.7032165527344, 1.617091178894043, 0.25
26.7067232131958, 0.7510638236999512, -1.2577943801879883, 28.072397232055664, -300.3070068359375, 1.617091178894043, 0.25
26.716690063476562, 0.73617023229599, -1.2938299179077148, 23.024526596069336, -296.0849609375, 1.6305991411209106, 0.25
26.726704597473145, 0.7234042286872864, -1.4131027460098267, 21.245031356811523, -321.1456604003906, 1.6305991411209106, 0.25
26.736725568771362, 0.7106382846832275, -1.3578537702560425, 18.653154373168945, -307.5162353515625, 1.6305991411209106, 0.25
26.746703386306763, 0.6957446932792664, -1.3098723888397217, 15.945223808288574, -289.2510070800781, 1.6305991411209106, 0.25
26.756739139556885, 0.6872340440750122, -1.2875802516937256, 11.921756744384766, -292.12969970703125, 1.6427282094955444, 0.25
26.766727209091187, 0.672340452671051, -1.3070952892303467, 9.2911958694458, -297.5906066894531, 1.6427282094955444, 0.25
26.776723861694336, 0.6595744490623474, -1.3122727870941162, 6.660634994506836, -311.2652587890625, 1.6427282094955444, 0.25
26.786698579788208, 0.6446808576583862, -1.217695951461792, 4.107443332672119, -283.8002624511719, 1.6427282094955444, 0.25
26.796700954437256, 0.6340425610542297, -1.2201175689697266, 0.5292434096336365, -273.7666320800781, 1.6530466079711914, 0.25
26.806726455688477, 0.6234042644500732, -1.1604747772216797, -1.9078938961029053, -281.1476745605469, 1.6530466079711914, 0.25
26.816706895828247, 0.6106383204460144, -1.2080518007278442, -4.306346416473389, -273.5075988769531, 1.6530466079711914, 0.25
26.826707124710083, 0.6000000238418579, -1.244141697883606, -5.892419815063477, -278.44696044921875, 1.6530466079711914, 0.25
26.836715936660767, 0.585106372833252, -1.2713185548782349, -9.988131523132324, -275.03863525390625, 1.6623815298080444, 0.25
26.84670853614807, 0.5765957236289978, -1.081178903579712, -12.38658332824707, -246.5816650390625, 1.6623815298080444, 0.25
26.85671854019165, 0.5659574270248413, -1.197553038597107, -14.01134204864502, -260.116943359375, 1.6623815298080444, 0.25
26.86673903465271, 0.5510638356208801, -1.2028566598892212, -16.487163543701172, -263.351806640625, 1.6623815298080444, 0.25
26.876698970794678, 0.5404255390167236, -0.9118735790252686, -20.422128677368164, -206.18194580078125, 1.6714706420898438, 0.25
26.886718273162842, 0.5319148898124695, -1.192068338394165, -22.008201599121094, -256.701171875, 1.6714706420898438, 0.25
26.896725177764893, 0.5255318880081177, -1.1158734560012817, -23.478221893310547, -261.3160095214844, 1.6714706420898438, 0.25
26.90673589706421, 0.5191489458084106, -0.8650130033493042, -25.335086822509766, -239.8118438720703, 1.6714706420898438, 0.25
26.916698217391968, 0.5234042406082153, -0.48257678747177124, -28.233102798461914, -221.45196533203125, 1.6803884506225586, 0.25
26.92670226097107, 0.5297872424125671, -0.05531550943851471, -28.465211868286133, -167.87120056152344, 1.6803884506225586, 0.25
26.936729431152344, 0.5489361882209778, 0.6552567481994629, -27.65283203125, -90.26033020019531, 1.6803884506225586, 0.25
26.946707248687744, 0.5723404288291931, 1.489924430847168, -25.17700958251953, 18.51439666748047, 1.6803884506225586, 0.25
26.956702947616577, 0.5872340202331543, 1.6157002449035645, -24.576555252075195, 92.55685424804688, 1.6890008449554443, 0.25
26.966723203659058, 0.6021276712417603, 1.8603885173797607, -20.9788761138916, 202.44593811035156, 1.6890008449554443, 0.25
26.976701736450195, 0.6276595592498779, 1.832453966140747, -17.149089813232422, 256.9693603515625, 1.6890008449554443, 0.25
26.98669958114624, 0.6361702084541321, 1.7736951112747192, -14.75063705444336, 289.7268981933594, 1.6890008449554443, 0.25
26.996697187423706, 0.6531915068626404, 1.6265965700149536, -13.111272811889648, 262.59930419921875, 1.699133276939392, 0.25
27.006691455841064, 0.6680850982666016, 1.644593358039856, -9.823071479797363, 282.82305908203125, 1.699133276939392, 0.25
27.016700506210327, 0.6872340440750122, 1.5807090997695923, -6.88303279876709, 268.2923889160156, 1.699133276939392, 0.25
27.026695728302002, 0.6978723406791687, 1.325325608253479, -4.097733020782471, 225.64854431152344, 1.699133276939392, 0.25
27.036742687225342, 0.7063829898834229, 1.2758586406707764, -4.227249622344971, 210.51878356933594, 1.709420084953308, 0.25
27.046710729599, 0.7191489338874817, 1.2309036254882812, -1.674057960510254, 196.78684997558594, 1.709420084953308, 0.25
27.05669355392456, 0.7340425252914429, 1.3209633827209473, 0.7243946194648743, 196.31689453125, 1.709420084953308, 0.25
27.066691160202026, 0.7468085289001465, 1.3007917404174805, 3.084162473678589, 183.18301391601562, 1.709420084953308, 0.25
27.07669734954834, 0.7531914710998535, 0.9476029872894287, 2.6831512451171875, 134.07191467285156, 1.720136284828186, 0.25
27.086740732192993, 0.7659574747085571, 1.1353754997253418, 4.965549945831299, 163.66123962402344, 1.720136284828186, 0.25
27.096710205078125, 0.7808510661125183, 1.1756905317306519, 7.286633014678955, 152.31439208984375, 1.720136284828186, 0.25
27.106701612472534, 0.7978723645210266, 1.2762913703918457, 9.801139831542969, 155.00518798828125, 1.720136284828186, 0.25
27.116719484329224, 0.8042553067207336, 1.2936816215515137, 9.666594505310059, 171.6234588623047, 1.7304507493972778, 0.25
27.12674355506897, 0.8191489577293396, 1.2686858177185059, 12.219786643981934, 175.64694213867188, 1.7304507493972778, 0.25
27.136706113815308, 0.8361701965332031, 1.3631442785263062, 14.927717208862305, 182.29164123535156, 1.7304507493972778, 0.25
27.146728515625, 0.8468084931373596, 1.344511866569519, 16.70721435546875, 189.74305725097656, 1.7304507493972778, 0.25
27.15671181678772, 0.8638297915458679, 1.4536106586456299, 17.79355239868164, 191.187255859375, 1.7404333353042603, 0.25
27.166695594787598, 0.8765957355499268, 1.513063907623291, 20.69490623474121, 215.77044677734375, 1.7404333353042603, 0.25
27.17669701576233, 0.8893616795539856, 1.253071904182434, 23.364151000976562, 193.2423553466797, 1.7404333353042603, 0.25
27.186713218688965, 0.9021276831626892, 1.4459540843963623, 25.143648147583008, 221.8446044921875, 1.7404333353042603, 0.25
27.19672393798828, 0.9170212745666504, 1.3831076622009277, 25.97062110900879, 202.6851043701172, 1.7501403093338013, -0.25
27.206714630126953, 0.9319148659706116, 1.5156337022781372, 28.794605255126953, 205.439697265625, 1.7501403093338013, -0.25
27.21670889854431, 0.9404255151748657, 1.387877345085144, 30.6127872467041, 197.0125732421875, 1.7501403093338013, -0.25
27.226717710494995, 0.9553191661834717, 1.4124058485031128, 33.28203201293945, 201.56446838378906, 1.7501403093338013, -0.25
27.23669981956482, 0.9723404049873352, 1.274547815322876, 34.31235122680664, 192.07254028320312, 1.758941650390625, -0.25
27.246701955795288, 0.978723406791687, 1.303905963897705, 36.05316162109375, 202.19561767578125, 1.758941650390625, -0.25
27.256705045700073, 0.9936169981956482, 1.4011411666870117, 38.76109313964844, 207.82711791992188, 1.758941650390625, -0.25
27.266727209091187, 1.0042552947998047, 1.2330092191696167, 41.236915588378906, 194.96885681152344, 1.758941650390625, -0.25
27.27670407295227, 1.0127660036087036, 1.0322126150131226, 44.454227447509766, 249.36534118652344, 1.7533740997314453, -0.25
27.286705255508423, 1.021276593208313, 1.0194118022918701, 45.808189392089844, 248.76644897460938, 1.7533740997314453, -0.25
27.29670548439026, 1.0297871828079224, 0.9282591342926025, 47.626373291015625, 218.52853393554688, 1.7533740997314453, -0.25
27.30670690536499, 1.036170244216919, 0.7127398252487183, 49.21244430541992, 184.58216857910156, 1.7533740997314453, -0.25
27.31670355796814, 1.042553186416626, 0.68805330991745, 52.77928924560547, 205.5849609375, 1.7420543432235718, -0.25
27.3267080783844, 1.048936128616333, 0.6878765225410461, 53.70772171020508, 196.15200805664062, 1.7420543432235718, -0.25
27.336710929870605, 1.0531915426254272, 0.6132218837738037, 55.02300262451172, 179.61102294921875, 1.7420543432235718, -0.25
27.346713304519653, 1.057446837425232, 0.5526108145713806, 56.144859313964844, 185.5464630126953, 1.7420543432235718, -0.25
27.35668921470642, 1.0617021322250366, 0.40584951639175415, 59.99555206298828, 183.9926300048828, 1.7255563735961914, -0.25
27.366694688796997, 1.063829779624939, 0.3774181008338928, 60.45977020263672, 185.89608764648438, 1.7255563735961914, -0.25
27.3767147064209, 1.070212721824646, 0.4356231391429901, 61.233463287353516, 170.33482360839844, 1.7255563735961914, -0.25
27.386707305908203, 1.078723430633545, 0.618608832359314, 62.20058059692383, 168.1946258544922, 1.7255563735961914, -0.25
27.396697282791138, 1.0829787254333496, 0.5707374811172485, 66.38542175292969, 165.17990112304688, 1.708709955215454, -0.25
27.40673542022705, 1.0872340202331543, 0.562534749507904, 67.15911865234375, 170.9882354736328, 1.708709955215454, -0.25
27.41670870780945, 1.091489315032959, 0.5607908368110657, 68.20360565185547, 196.19540405273438, 1.708709955215454, -0.25
27.42670512199402, 1.0957447290420532, 0.40242451429367065, 69.05467224121094, 174.74440002441406, 1.708709955215454, -0.25
27.436732530593872, 1.0978723764419556, 0.4027358591556549, 72.33048248291016, 160.75926208496094, 1.6938844919204712, -0.25
27.446698665618896, 1.1042553186416626, 0.4783090353012085, 73.1815414428711, 159.45050048828125, 1.6938844919204712, -0.25
27.456729412078857, 1.1106382608413696, 0.5441125631332397, 74.1486587524414, 160.13363647460938, 1.6938844919204712, -0.25
27.46671748161316, 1.1148936748504639, 0.474368155002594, 75.07709503173828, 159.21485900878906, 1.6938844919204712, -0.25
27.476701021194458, 1.1191489696502686, 0.4453674852848053, 78.17086029052734, 138.64483642578125, 1.6821879148483276, -0.25
27.486737728118896, 1.1234042644500732, 0.4886878430843353, 78.7898178100586, 152.13064575195312, 1.6821879148483276, -0.25
27.49673891067505, 1.1255319118499756, 0.4400419592857361, 79.6021957397461, 151.98468017578125, 1.6821879148483276, -0.25
27.506739854812622, 1.1297872066497803, 0.3705744743347168, 80.33720397949219, 142.58572387695312, 1.6821879148483276, -0.25
27.516706466674805, 1.1319148540496826, 0.2917119264602661, 82.55189514160156, 111.64585876464844, 1.6734113693237305, -0.25
27.52670645713806, 1.134042501449585, 0.23699511587619781, 83.05480194091797, 103.68511199951172, 1.6734113693237305, -0.25
27.536720037460327, 1.1361702680587769, 0.24232029914855957, 83.40296173095703, 100.5075912475586, 1.6734113693237305, -0.25
27.54671311378479, 1.1404255628585815, 0.28174689412117004, 83.9058609008789, 88.36582946777344, 1.6734113693237305, -0.25
27.556707620620728, 1.1425532102584839, 0.30463749170303345, 85.88446044921875, 90.99999237060547, 1.6655077934265137, -0.25
27.566707611083984, 1.1446808576583862, 0.23729445040225983, 86.38736724853516, 87.52584838867188, 1.6655077934265137, -0.25
27.576756238937378, 1.1468085050582886, 0.2963225841522217, 86.73552703857422, 88.51619720458984, 1.6655077934265137, -0.25
27.58674120903015, 1.148936152458191, 0.25030645728111267, 87.19974517822266, 91.18756103515625, 1.6655077934265137, -0.25
27.596736669540405, 1.1510637998580933, 0.24096262454986572, 88.9588623046875, 82.66456604003906, 1.6581730842590332, -0.25
27.606696128845215, 1.1510637998580933, 0.17266787588596344, 89.30702209472656, 74.79462432861328, 1.6581730842590332, -0.25
27.616689920425415, 1.1510637998580933, 0.11879727244377136, 89.46176147460938, 71.78933715820312, 1.6581730842590332, -0.25
27.626710891723633, 1.1510637998580933, 0.0608610175549984, 89.57781219482422, 63.59769821166992, 1.6581730842590332, -0.25
27.636727333068848, 1.1510637998580933, 0.0, 91.13299560546875, 53.736385345458984, 1.6498323678970337, -0.25
27.64669632911682, 1.148936152458191, -0.0605965293943882, 91.09430694580078, 48.69908142089844, 1.6498323678970337, -0.25
27.65670394897461, 1.148936152458191, -0.05655650421977043, 90.97825622558594, 38.25416946411133, 1.6498323678970337, -0.25
27.666704654693604, 1.1468085050582886, -0.12360181659460068, 90.82351684570312, 35.059505462646484, 1.6498323678970337, -0.25
27.676710844039917, 1.1446808576583862, -0.1779116988182068, 92.15387725830078, 28.455026626586914, 1.6408132314682007, -0.25
27.686760425567627, 1.1425532102584839, -0.1873357594013214, 91.80571746826172, 22.01472282409668, 1.6408132314682007, -0.25
27.696703672409058, 1.1382979154586792, -0.2215091735124588, 91.34149932861328, 11.468074798583984, 1.6408132314682007, -0.25
27.70671772956848, 1.1361702680587769, -0.263091117143631, 90.8386001586914, -44.24714279174805, 1.6408132314682007, -0.25
27.716697454452515, 1.134042501449585, -0.3143821358680725, 92.34746551513672, 9.150337219238281, 1.6303868293762207, -0.25
27.72669005393982, 1.1297872066497803, -0.28369948267936707, 91.72850799560547, 2.067488193511963, 1.6303868293762207, -0.25
27.736729621887207, 1.1234042644500732, -0.4035423696041107, 90.99349975585938, -5.236523151397705, 1.6303868293762207, -0.25
27.74670910835266, 1.1191489696502686, -0.4299563467502594, 90.21980285644531, -12.279899597167969, 1.6303868293762207, -0.25
27.756698846817017, 1.1170213222503662, -0.3563714921474457, 91.59625244140625, -13.346539497375488, 1.6196248531341553, -0.25
27.766706943511963, 1.1106382608413696, -0.46555206179618835, 90.70650482177734, -21.60448455810547, 1.6196248531341553, -0.25
27.77672243118286, 1.1042553186416626, -0.5344454050064087, 89.73938751220703, -28.523958206176758, 1.6196248531341553, -0.25
27.786704778671265, 1.100000023841858, -0.4341283440589905, 88.81095886230469, -28.039474487304688, 1.6196248531341553, -0.25
27.796701669692993, 1.0936169624328613, -0.4590797424316406, 89.96095275878906, -29.441688537597656, 1.6090445518493652, -0.25
27.80673623085022, 1.0872340202331543, -0.5999765396118164, 88.80040740966797, -45.02287673950195, 1.6090445518493652, -0.25
27.8166925907135, 1.0808510780334473, -0.6134135127067566, 87.60118103027344, -47.92998504638672, 1.6090445518493652, -0.25
27.826700925827026, 1.0765957832336426, -0.6117696762084961, 86.7501220703125, -53.86867904663086, 1.6090445518493652, -0.25
27.836727142333984, 1.0680850744247437, -0.6755062341690063, 87.33169555664062, -64.72167205810547, 1.5988246202468872, 0.25
27.84671425819397, 1.0617021322250366, -0.5794838070869446, 86.05509948730469, -58.39503860473633, 1.5988246202468872, 0.25
27.856702089309692, 1.057446837425232, -0.6307560205459595, 85.20403289794922, -64.6043472290039, 1.5988246202468872, 0.25
27.866751432418823, 1.0510637760162354, -0.583156943321228, 83.96612548828125, -64.6417007446289, 1.5988246202468872, 0.25
27.876699447631836, 1.042553186416626, -0.643955409526825, 84.36749267578125, -69.85013580322266, 1.5898085832595825, 0.25
27.88671875, 1.0382978916168213, -0.5413586497306824, 83.51642608642578, -58.72142028808594, 1.5898085832595825, 0.25
27.896711111068726, 1.0297871828079224, -0.6968285441398621, 82.123779296875, -72.45394134521484, 1.5898085832595825, 0.25
27.906702995300293, 1.0255318880081177, -0.6154518127441406, 81.19534301757812, -66.7901611328125, 1.5898085832595825, 0.25
27.91672921180725, 1.0170212984085083, -0.687038004398346, 79.4992904663086, -130.99832153320312, 1.5916900634765625, 0.25
27.926703691482544, 1.014893651008606, -0.6302700638771057, 78.64823150634766, -131.09925842285156, 1.5916900634765625, 0.25
27.93674349784851, 1.0085105895996094, -0.6049383878707886, 77.48768615722656, -131.81382751464844, 1.5916900634765625, 0.25
27.946690559387207, 1.0042552947998047, -0.45926612615585327, 76.44319915771484, -102.84123992919922, 1.5916900634765625, 0.25
27.956783056259155, 0.9978723526000977, -0.5053892731666565, 74.58586120605469, -129.6779327392578, 1.5980756282806396, 0.25
27.966729879379272, 0.9893617033958435, -0.6535155177116394, 73.38663482666016, -136.1171875, 1.5980756282806396, 0.25
27.976707935333252, 0.9808510541915894, -0.7986003160476685, 72.03266906738281, -147.44747924804688, 1.5980756282806396, 0.25
27.98676872253418, 0.9744681119918823, -0.8207641243934631, 70.94950103759766, -151.37464904785156, 1.5980756282806396, 0.25
27.996710062026978, 0.9638298153877258, -0.860232412815094, 68.177978515625, -162.2906494140625, 1.6037445068359375, 0.25
28.006696462631226, 0.9553191661834717, -0.9022091031074524, 66.43717193603516, -184.4265594482422, 1.6037445068359375, 0.25
28.01671290397644, 0.9489361643791199, -0.8897358775138855, 65.23794555664062, -189.4261016845703, 1.6037445068359375, 0.25
28.0267333984375, 0.9425531625747681, -0.7693147659301758, 63.65187072753906, -186.8345184326172, 1.6037445068359375, 0.25
28.03670907020569, 0.936170220375061, -0.7047157883644104, 59.93648147583008, -211.46043395996094, 1.616519570350647, 0.25
28.04671549797058, 0.9340425729751587, -0.5601689219474792, 59.162784576416016, -191.51951599121094, 1.616519570350647, 0.25
28.056726694107056, 0.9276595711708069, -0.4917735755443573, 58.1182975769043, -168.9344482421875, 1.616519570350647, 0.25
28.066696643829346, 0.9170212745666504, -0.6832166314125061, 56.919071197509766, -182.99227905273438, 1.616519570350647, 0.25
28.076714754104614, 0.9085106253623962, -0.7576090097427368, 53.16048049926758, -175.0019073486328, 1.6297450065612793, 0.25
28.08671522140503, 0.8999999761581421, -0.9259235262870789, 52.03862380981445, -196.58709716796875, 1.6297450065612793, 0.25
28.096698760986328, 0.8914893865585327, -0.8510443568229675, 50.297813415527344, -198.22581481933594, 1.6297450065612793, 0.25
28.106698513031006, 0.8829787373542786, -0.927720308303833, 48.55699920654297, -230.703857421875, 1.6297450065612793, 0.25
28.11670207977295, 0.8765957355499268, -0.8428457975387573, 44.898681640625, -218.18727111816406, 1.6432700157165527, 0.25
28.12676191329956, 0.8638297915458679, -0.9417902231216431, 43.196556091308594, -228.56344604492188, 1.6432700157165527, 0.25
28.136712551116943, 0.8531914949417114, -0.9601219296455383, 41.2236328125, -225.4669647216797, 1.6432700157165527, 0.25
28.146737337112427, 0.8468084931373596, -0.9911725521087646, 39.90835189819336, -236.99893188476562, 1.6432700157165527, 0.25
28.15673828125, 0.8404255509376526, -0.9436575174331665, 35.94083023071289, -233.29832458496094, 1.6548786163330078, 0.25
28.166712999343872, 0.8297872543334961, -0.849736213684082, 34.238704681396484, -236.77891540527344, 1.6548786163330078, 0.25
28.176706075668335, 0.8234042525291443, -0.8160464763641357, 33.15553283691406, -221.032470703125, 1.6548786163330078, 0.25
28.186737537384033, 0.8085106611251831, -0.9840362668037415, 31.29866600036621, -217.39352416992188, 1.6548786163330078, 0.25
28.196690559387207, 0.7978723645210266, -1.013329029083252, 27.38840675354004, -209.91282653808594, 1.6651084423065186, 0.25
28.206724882125854, 0.7893617153167725, -0.9153977632522583, 25.376802444458008, -210.57102966308594, 1.6651084423065186, 0.25
28.216703176498413, 0.7808510661125183, -0.9820615649223328, 24.022836685180664, -232.20785522460938, 1.6651084423065186, 0.25
28.226719856262207, 0.7702127695083618, -1.0248521566390991, 22.088600158691406, -242.32566833496094, 1.6651084423065186, 0.25
28.236712217330933, 0.757446825504303, -1.0691754817962646, 18.414979934692383, -231.07485961914062, 1.674249529838562, 0.25
28.246707916259766, 0.7531914710998535, -0.9660524129867554, 17.06101417541504, -222.10227966308594, 1.674249529838562, 0.25
28.256728172302246, 0.7446808218955994, -0.9259235262870789, 15.204147338867188, -236.7705535888672, 1.674249529838562, 0.25
28.26673722267151, 0.7340425252914429, -0.9037318825721741, 13.424650192260742, -226.71414184570312, 1.674249529838562, 0.25
28.276702165603638, 0.721276581287384, -0.9153459668159485, 10.061837196350098, -205.8787078857422, 1.6829577684402466, 0.25
28.286757707595825, 0.7170212864875793, -0.832001805305481, 8.862610816955566, -196.5830841064453, 1.6829577684402466, 0.25
28.296714067459106, 0.7085106372833252, -0.9074690937995911, 7.083113670349121, -213.3143310546875, 1.6829577684402466, 0.25
28.306729555130005, 0.699999988079071, -0.7997997403144836, 5.419670581817627, -199.35653686523438, 1.6829577684402466, 0.25
28.316696166992188, 0.6851063966751099, -0.9977974891662598, 2.118643045425415, -214.67562866210938, 1.6917517185211182, 0.25
28.326708793640137, 0.6787233948707581, -1.0936336517333984, 0.8420473337173462, -224.96287536621094, 1.6917517185211182, 0.25
28.336729764938354, 0.6702127456665039, -1.0001903772354126, -1.0148192644119263, -207.88079833984375, 1.6917517185211182, 0.25
28.34674620628357, 0.6553191542625427, -1.164859652519226, -3.1424787044525146, -231.11212158203125, 1.6917517185211182, 0.25
28.356696367263794, 0.6425532102584839, -1.0689507722854614, -6.997784614562988, -224.69412231445312, 1.7012537717819214, 0.25
28.36672830581665, 0.6361702084541321, -1.1650958061218262, -8.506488800048828, -240.07290649414062, 1.7012537717819214, 0.25
28.37669610977173, 0.6255319118499756, -1.1098839044570923, -10.711517333984375, -247.10546875, 1.7012537717819214, 0.25
28.38669490814209, 0.6127659678459167, -1.055837631225586, -12.877861976623535, -236.0829315185547, 1.7012537717819214, 0.25
28.396711349487305, 0.6063829660415649, -0.8697406649589539, -15.957895278930664, -215.45277404785156, 1.7109599113464355, 0.25
28.40670418739319, 0.6000000238418579, -0.8778114914894104, -17.814762115478516, -221.0677032470703, 1.7109599113464355, 0.25
28.416703701019287, 0.5957446694374084, -0.7828115224838257, -18.93661880493164, -216.15647888183594, 1.7109599113464355, 0.25
28.426712036132812, 0.5872340202331543, -0.7129734754562378, -20.40663719177246, -210.23951721191406, 1.7109599113464355, 0.25
28.43675422668457, 0.5808510780334473, -0.6662904024124146, -23.541399002075195, -198.27212524414062, 1.7209670543670654, 0.25
28.446693897247314, 0.5744680762290955, -0.6172319054603577, -24.817995071411133, -169.39044189453125, 1.7209670543670654, 0.25
28.456708192825317, 0.5702127814292908, -0.6572346091270447, -25.669057846069336, -174.93692016601562, 1.7209670543670654, 0.25
28.466734409332275, 0.5659574270248413, -0.4345141351222992, -26.442752838134766, -123.2705307006836, 1.7209670543670654, 0.25
28.476707220077515, 0.5744680762290955, -0.1278761625289917, -28.935609817504883, -108.06724548339844, 1.7310607433319092, 0.25
28.486719369888306, 0.5872340202331543, 0.30440887808799744, -28.703500747680664, -123.35792541503906, 1.7310607433319092, 0.25
28.496739625930786, 0.6063829660415649, 0.9537239670753479, -27.19479751586914, -40.23015594482422, 1.7310607433319092, 0.25
28.506714582443237, 0.6234042644500732, 1.5219765901565552, -24.409496307373047, 64.45481872558594, 1.7310607433319092, 0.25
28.516724586486816, 0.6382978558540344, 1.6273876428604126, -23.89358139038086, 128.55023193359375, 1.7405636310577393, 0.25
28.526727437973022, 0.6595744490623474, 1.8496060371398926, -20.373271942138672, 223.83642578125, 1.7405636310577393, 0.25
28.536734580993652, 0.6744681000709534, 1.6567280292510986, -16.93033218383789, 253.79248046875, 1.7405636310577393, 0.25
28.54669737815857, 0.6872340440750122, 1.4844096899032593, -13.680814743041992, 249.2373046875, 1.7405636310577393, 0.25
28.556699991226196, 0.6978723406791687, 1.4839781522750854, -13.529044151306152, 256.78033447265625, 1.7505799531936646, -0.25
28.566694021224976, 0.714893639087677, 1.3273825645446777, -10.782428741455078, 227.62071228027344, 1.7505799531936646, -0.25
28.576746940612793, 0.7276595830917358, 1.3439836502075195, -8.11318302154541, 212.40602111816406, 1.7505799531936646, -0.25
28.58669900894165, 0.7404255270957947, 1.2972718477249146, -5.521306991577148, 198.26097106933594, 1.7505799531936646, -0.25
28.59673309326172, 0.7468085289001465, 1.0672787427902222, -5.576181888580322, 175.2097930908203, 1.7596051692962646, -0.25
28.606711864471436, 0.7553191781044006, 0.9462878704071045, -3.4872066974639893, 166.5684051513672, 1.7596051692962646, -0.25
28.616715908050537, 0.76382976770401, 1.0486546754837036, -2.133241653442383, 173.3717498779297, 1.7596051692962646, -0.25
28.626715183258057, 0.7744680643081665, 0.9221442341804504, -0.27637508511543274, 142.07464599609375, 1.7596051692962646, -0.25
28.636696338653564, 0.7808510661125183, 0.923241376876831, 2.4232876300811768, 210.14794921875, 1.7545442581176758, -0.25
28.646707773208618, 0.7829787135124207, 0.7346293330192566, 3.4677751064300537, 184.72206115722656, 1.7545442581176758, -0.25
28.65674614906311, 0.7893617153167725, 0.6416403651237488, 4.783055782318115, 172.64505004882812, 1.7545442581176758, -0.25
28.666717529296875, 0.7978723645210266, 0.5819400548934937, 5.943597316741943, 153.19444274902344, 1.7545442581176758, -0.25
28.676743268966675, 0.8021276593208313, 0.520656406879425, 8.740142822265625, 154.57882690429688, 1.743418574333191, -0.25
28.686700105667114, 0.806382954120636, 0.565959632396698, 9.900684356689453, 158.76783752441406, 1.743418574333191, -0.25
28.69674587249756, 0.8106383085250854, 0.4265543818473816, 10.906487464904785, 142.78977966308594, 1.743418574333191, -0.25
28.706698656082153, 0.8148936033248901, 0.4530550241470337, 11.564127922058105, 149.6015625, 1.743418574333191, -0.25
28.71675181388855, 0.8212766051292419, 0.44246920943260193, 15.481874465942383, 165.19564819335938, 1.7269773483276367, -0.25
28.726701021194458, 0.8297872543334961, 0.6623342633247375, 16.681100845336914, 182.03109741210938, 1.7269773483276367, -0.25
28.73671293258667, 0.8319149017333984, 0.5824718475341797, 17.454795837402344, 179.26763916015625, 1.7269773483276367, -0.25
28.74671745300293, 0.8382978439331055, 0.5623220801353455, 18.615337371826172, 178.1781463623047, 1.7269773483276367, -0.25
28.756714344024658, 0.8446808457374573, 0.5277727842330933, 22.807266235351562, 191.23646545410156, 1.7100919485092163, -0.25
28.76670742034912, 0.848936140537262, 0.5371260643005371, 23.503591537475586, 191.3702850341797, 1.7100919485092163, -0.25
28.776752948760986, 0.8574467897415161, 0.6073787808418274, 24.702817916870117, 178.05874633789062, 1.7100919485092163, -0.25
28.786709785461426, 0.8638297915458679, 0.6725903749465942, 25.979413986206055, 200.5112762451172, 1.7100919485092163, -0.25
28.796698808670044, 0.8702127933502197, 0.6247744560241699, 29.9521541595459, 181.43797302246094, 1.695263147354126, -0.25
28.80670714378357, 0.8723404407501221, 0.5612257719039917, 30.76453399658203, 181.3222198486328, 1.695263147354126, -0.25
28.816752672195435, 0.8765957355499268, 0.461310476064682, 31.80902099609375, 181.0594940185547, 1.695263147354126, -0.25
28.826703548431396, 0.8808510899543762, 0.42362916469573975, 32.698768615722656, 179.0194854736328, 1.695263147354126, -0.25
28.836694717407227, 0.8851063847541809, 0.39791297912597656, 35.39229965209961, 145.34445190429688, 1.6834274530410767, -0.25
28.84672999382019, 0.8936170339584351, 0.509751558303833, 36.32073211669922, 137.6100311279297, 1.6834274530410767, -0.25
28.85669231414795, 0.8999999761581421, 0.59107506275177, 37.403907775878906, 146.83139038085938, 1.6834274530410767, -0.25
28.86670207977295, 0.9063829779624939, 0.5922447443008423, 38.641815185546875, 143.53639221191406, 1.6834274530410767, -0.25
28.876710414886475, 0.9106382727622986, 0.6703855991363525, 41.089202880859375, 155.424072265625, 1.6746476888656616, -0.25
28.886693239212036, 0.9170212745666504, 0.5986081957817078, 42.288429260253906, 158.1031951904297, 1.6746476888656616, -0.25
28.896708726882935, 0.9212765693664551, 0.49000340700149536, 43.37160110473633, 142.8086700439453, 1.6746476888656616, -0.25
28.906697034835815, 0.9234042763710022, 0.38489437103271484, 44.261348724365234, 134.22805786132812, 1.6746476888656616, -0.25
28.916703939437866, 0.9276595711708069, 0.41703957319259644, 46.26747512817383, 133.0825958251953, 1.6665927171707153, -0.25
28.92674946784973, 0.9297872185707092, 0.3458264172077179, 46.96379852294922, 116.17501068115234, 1.6665927171707153, -0.25
28.936701774597168, 0.936170220375061, 0.3706880807876587, 47.69881057739258, 99.99755859375, 1.6665927171707153, -0.25
28.946701765060425, 0.9404255151748657, 0.49253126978874207, 48.27907943725586, 116.25794219970703, 1.6665927171707153, -0.25
28.95677399635315, 0.9446808695793152, 0.467503160238266, 50.54603958129883, 111.1391830444336, 1.6592308282852173, -0.25
28.966708421707153, 0.9489361643791199, 0.44082993268966675, 51.51315689086914, 111.8113784790039, 1.6592308282852173, -0.25
28.97675132751465, 0.9531915187835693, 0.38723257184028625, 52.40290451049805, 115.26543426513672, 1.6592308282852173, -0.25
28.98675513267517, 0.9553191661834717, 0.33220192790031433, 52.867122650146484, 111.33885955810547, 1.6592308282852173, -0.25
28.996748208999634, 0.9553191661834717, 0.23899440467357635, 54.9144287109375, 113.98175811767578, 1.6509493589401245, -0.25
29.006696462631226, 0.957446813583374, 0.18012617528438568, 55.339962005615234, 99.2581558227539, 1.6509493589401245, -0.25
29.01669692993164, 0.957446813583374, 0.11305569112300873, 55.49470138549805, 82.1430892944336, 1.6509493589401245, -0.25
29.02670454978943, 0.9595744609832764, 0.11462399363517761, 55.68812561035156, 70.77813720703125, 1.6509493589401245, -0.25
29.03671145439148, 0.9595744609832764, 0.058418769389390945, 57.54737854003906, 68.04376220703125, 1.6417872905731201, -0.25
29.04671049118042, 0.9595744609832764, 0.058277614414691925, 57.66343307495117, 61.521793365478516, 1.6417872905731201, -0.25
29.05672335624695, 0.9595744609832764, 0.05764146149158478, 57.74080276489258, 58.754173278808594, 1.6417872905731201, -0.25
29.066747903823853, 0.9595744609832764, 0.0, 57.77948760986328, 55.559715270996094, 1.6417872905731201, -0.25
29.076724529266357, 0.9595744609832764, 0.0, 59.66819381713867, 56.997100830078125, 1.631399393081665, -0.25
29.08673071861267, 0.9595744609832764, 0.0, 59.66819381713867, 56.03108215332031, 1.631399393081665, -0.25
29.096707105636597, 0.957446813583374, -0.056689437478780746, 59.590824127197266, 48.26138687133789, 1.631399393081665, -0.25
29.10670280456543, 0.957446813583374, -0.06177951768040657, 59.47477340698242, 49.22492599487305, 1.631399393081665, -0.25
29.116702556610107, 0.9553191661834717, -0.11146704107522964, 61.22246551513672, 40.71372604370117, 1.6207232475280762, 0.0
29.126704692840576, 0.9531915187835693, -0.19053557515144348, 61.0290412902832, 40.62205123901367, 1.6207232475280762, 0.0
29.136712789535522, 0.9510638117790222, -0.16897344589233398, 60.75824737548828, 31.928693771362305, 1.6207232475280762, 0.0
29.146705627441406, 0.9489361643791199, -0.2241942286491394, 60.33271789550781, 23.619762420654297, 1.6207232475280762, 0.0
29.156712770462036, 0.9468085169792175, -0.22736436128616333, 61.928611755371094, 18.864906311035156, 1.6104564666748047, 0.0
29.166730880737305, 0.9446808695793152, -0.2260397970676422, 61.464393615722656, 13.61773681640625, 1.6104564666748047, 0.0
29.176690340042114, 0.9425531625747681, -0.248927503824234, 61.000179290771484, 10.470648765563965, 1.6104564666748047, 0.0
29.186697959899902, 0.9425531625747681, -0.17568182945251465, 60.652015686035156, 11.982426643371582, 1.6104564666748047, 0.0
29.196699142456055, 0.9425531625747681, -0.10843977332115173, 60.95491027832031, -20.869895935058594, 1.6079394817352295, 0.0
29.20669722557068, 0.9629729986190796, 0.382028192281723, 61.248809814453125, -4.502460956573486, 1.6079394817352295, 0.0
29.2167329788208, 0.9629729986190796, 0.4171379804611206, 61.95266342163086, 16.296449661254883, 1.6079394817352295, 0.0
29.22672462463379, 0.9656756520271301, 0.46615105867385864, 62.793479919433594, 38.492767333984375, 1.6079394817352295, 0.0
29.23672842979431, 0.9656756520271301, 0.44713106751441956, 62.87224578857422, 42.93372344970703, 1.6121307611465454, 0.0
29.246703624725342, 0.9468085169792175, 0.10519303381443024, 63.370025634765625, 59.7025146484375, 1.6121307611465454, 0.0
29.25673508644104, 0.9446808695793152, -0.5018821358680725, 63.125267028808594, 42.359317779541016, 1.6121307611465454, 0.0
29.266736030578613, 0.9404255151748657, -0.6600198149681091, 61.87449645996094, -24.02158546447754, 1.6121307611465454, 0.0
29.276704788208008, 0.936170220375061, -0.8225101828575134, 60.145042419433594, -87.74454498291016, 1.6132166385650635, 0.0
29.28669834136963, 0.9297872185707092, -1.0131725072860718, 59.22173309326172, -128.97975158691406, 1.6132166385650635, 0.0
29.29671859741211, 0.9234042763710022, -0.49879804253578186, 58.2159309387207, -118.20911407470703, 1.6132166385650635, 0.0
29.306697607040405, 0.914893627166748, -0.6319742798805237, 56.97801971435547, -118.77598571777344, 1.6132166385650635, 0.0
29.316705465316772, 0.9085106253623962, -0.7310647368431091, 55.772769927978516, -115.5627212524414, 1.6143136024475098, 0.0
29.326737880706787, 0.9042553305625916, -0.6465851664543152, 54.41880416870117, -124.1397933959961, 1.6143136024475098, 0.0
29.33669900894165, 0.8978723287582397, -0.6228320598602295, 53.142208099365234, -124.72673034667969, 1.6143136024475098, 0.0
29.346705436706543, 0.8978723287582397, -0.5490597486495972, 52.794044494628906, -132.16891479492188, 1.6143136024475098, 0.0
29.356748342514038, 0.911621630191803, 0.0180892925709486, 52.68103790283203, -69.79617309570312, 1.61470627784729, 0.0
29.36671280860901, 0.8893616795539856, -0.4222261309623718, 51.82997512817383, -85.45555114746094, 1.61470627784729, 0.0
29.376699924468994, 0.8829787373542786, -0.4653093218803406, 50.90153884887695, -72.88568115234375, 1.61470627784729, 0.0
29.38670516014099, 0.8765957355499268, -0.6128314137458801, 50.16653060913086, -75.68050384521484, 1.61470627784729, 0.0
29.396724224090576, 0.8680850863456726, -0.6089990735054016, 48.41535186767578, -102.94401550292969, 1.6141411066055298, 0.0
29.406707048416138, 0.8574467897415161, -0.8648533225059509, 46.82927703857422, -136.20655822753906, 1.6141411066055298, 0.0
29.416700839996338, 0.8510638475418091, -0.8429519534111023, 45.66873550415039, -138.21144104003906, 1.6141411066055298, 0.0
29.42673945426941, 0.8468084931373596, -0.6883186101913452, 44.12134552001953, -143.71868896484375, 1.6141411066055298, 0.0
29.436717987060547, 0.8602702617645264, -0.14052647352218628, 43.789127349853516, -83.18880462646484, 1.6139798164367676, 0.0
29.44670796394348, 0.8340425491333008, -0.6612634658813477, 42.55121612548828, -120.87227630615234, 1.6139798164367676, 0.0
29.456710815429688, 0.827659547328949, -0.618009090423584, 41.39067459106445, -108.53125, 1.6139798164367676, 0.0
29.46671462059021, 0.8191489577293396, -0.7582031488418579, 40.462242126464844, -100.30326080322266, 1.6139798164367676, 0.0
29.476733207702637, 0.8085106611251831, -0.8890268206596375, 38.119319915771484, -146.08543395996094, 1.6141735315322876, 0.0
29.48669147491455, 0.7978723645210266, -0.871383011341095, 36.262451171875, -151.0706024169922, 1.6141735315322876, 0.0
29.4967303276062, 0.8143243193626404, -0.31043529510498047, 35.98130798339844, -116.365478515625, 1.6141735315322876, 0.0
29.506699800491333, 0.8089188933372498, -0.19983142614364624, 34.923439025878906, -108.19401550292969, 1.6141735315322876, 0.0
29.516724824905396, 0.7829787135124207, -0.7285397052764893, 33.9517936706543, -125.05461120605469, 1.6139856576919556, 0.0
29.526710271835327, 0.7744680643081665, -0.6980549693107605, 32.52046203613281, -119.23043823242188, 1.6139856576919556, 0.0
29.53672456741333, 0.7617021203041077, -1.3141124248504639, 30.230533599853516, -143.7108154296875, 1.6139856576919556, 0.0
29.546698570251465, 0.7531914710998535, -1.6263413429260254, 28.598352432250977, -184.5904083251953, 1.6139856576919556, 0.0
29.556711435317993, 0.7656756639480591, -0.3172990679740906, 27.050973892211914, -133.77279663085938, 1.6141701936721802, 0.0
29.56670570373535, 0.7602702975273132, -0.28270959854125977, 26.506460189819336, -119.7519302368164, 1.6141701936721802, 0.0
29.5767023563385, 0.7340425252914429, -0.7721548676490784, 25.345918655395508, -140.1385955810547, 1.6141701936721802, 0.0
29.586694955825806, 0.7191489338874817, -0.8990920782089233, 23.566421508789062, -132.89749145507812, 1.6141701936721802, 0.0
29.596704721450806, 0.7042553424835205, -1.5569663047790527, 21.017269134521484, -152.95050048828125, 1.6141761541366577, 0.0
29.606735229492188, 0.7170270085334778, -0.889705240726471, 19.1247501373291, -151.87449645996094, 1.6141761541366577, 0.0
29.61669397354126, 0.693617045879364, -1.081289291381836, 17.953857421875, -197.72048950195312, 1.6141761541366577, 0.0
29.626744270324707, 0.6829787492752075, -0.9590294361114502, 15.864882469177246, -204.20123291015625, 1.6141761541366577, 0.0
29.63668966293335, 0.6702127456665039, -0.904846727848053, 14.040531158447266, -185.4407958984375, 1.6137845516204834, 0.0
29.64669966697693, 0.6617021560668945, -1.5177541971206665, 12.376984596252441, -185.11465454101562, 1.6137845516204834, 0.0
29.656716108322144, 0.6764864921569824, -0.35397905111312866, 11.377558708190918, -135.89019775390625, 1.6137845516204834, 0.0
29.66669511795044, 0.665675699710846, -0.34726178646087646, 9.74767780303955, -122.76863098144531, 1.6137845516204834, 0.0
29.67672109603882, 0.6382978558540344, -0.877944827079773, 8.353507041931152, -153.0625, 1.6140056848526, 0.0
29.686716556549072, 0.6276595592498779, -0.9616434574127197, 6.4192705154418945, -168.29513549804688, 1.6140056848526, 0.0
29.69670557975769, 0.6386486291885376, -0.7516144514083862, 5.092489242553711, -124.84723663330078, 1.6140056848526, 0.0
29.706702947616577, 0.6106383204460144, -1.461404800415039, 3.110158920288086, -176.24571228027344, 1.6140056848526, 0.0
29.716699361801147, 0.6000000238418579, -0.9574591517448425, 1.7908726930618286, -164.06796264648438, 1.6138149499893188, 0.0
29.726709842681885, 0.5872340202331543, -1.032813310623169, -0.3754715919494629, -173.5957489013672, 1.6138149499893188, 0.0
29.73669934272766, 0.5954053997993469, -0.8247706294059753, -1.8988131284713745, -133.34385681152344, 1.6138149499893188, 0.0
29.746712923049927, 0.5927026867866516, -0.47091177105903625, -2.3409690856933594, -131.2088623046875, 1.6138149499893188, 0.0
29.756709814071655, 0.5574468374252319, -1.296757698059082, -4.904703617095947, -203.8205108642578, 1.6139591932296753, 0.0
29.766706705093384, 0.5468084812164307, -1.0737168788909912, -6.606831073760986, -175.7706756591797, 1.6139591932296753, 0.0
29.776713609695435, 0.5521621704101562, -0.9622599482536316, -8.910036087036133, -154.232177734375, 1.6139591932296753, 0.0
29.786702632904053, 0.5319148898124695, -1.5502070188522339, -10.8506498336792, -217.0133514404297, 1.6139591932296753, 0.0
29.79669737815857, 0.5234042406082153, -1.0191558599472046, -12.654267311096191, -216.8278350830078, 1.613872766494751, 0.0
