23.96932029724121, 1.042553186416626, -1.2365630865097046, 86.78784942626953, -7848.12255859375, 1.5856455564498901, 0.25
23.979352951049805, 1.0255318880081177, -1.2759740352630615, 84.15728759765625, -7747.16357421875, 1.5856455564498901, 0.25
23.989359378814697, 1.014893651008606, -1.2375831604003906, 82.33910369873047, -7515.04931640625, 1.5856455564498901, 0.25
23.999329805374146, 0.9978723526000977, -1.3592133522033691, 79.43775177001953, -7598.283203125, 1.5856455564498901, 0.25
24.009326219558716, 0.9872340559959412, -1.3733372688293457, 77.37310791015625, -233.72760009765625, 1.585937261581421, 0.25
24.019339561462402, 0.9702127575874329, -1.4696309566497803, 74.35569763183594, -260.3929138183594, 1.585937261581421, 0.25
24.029362678527832, 0.9617021083831787, -1.0440906286239624, 72.38278198242188, -195.43174743652344, 1.585937261581421, 0.25
24.03931474685669, 0.9404255151748657, -1.541286826133728, 69.24932098388672, -273.3537292480469, 1.585937261581421, 0.25
24.049298763275146, 0.9255319237709045, -1.550142526626587, 64.9382095336914, -320.2638854980469, 1.5928398370742798, 0.25
24.059345960617065, 0.9170212745666504, -1.3477182388305664, 62.96529006958008, -288.6000061035156, 1.5928398370742798, 0.25
24.069369792938232, 0.9021276831626892, -1.4494256973266602, 60.17999267578125, -330.494384765625, 1.5928398370742798, 0.25
24.079309701919556, 0.8893616795539856, -1.2792154550552368, 57.70417022705078, -300.63458251953125, 1.5928398370742798, 0.25
24.089381217956543, 0.8787233829498291, -1.2536981105804443, 53.90060043334961, -295.6263732910156, 1.6041849851608276, 0.25
24.099339485168457, 0.8638297915458679, -1.457556962966919, 51.23135757446289, -321.84033203125, 1.6041849851608276, 0.25
24.10931420326233, 0.8510638475418091, -1.306097149848938, 48.63948059082031, -286.3318176269531, 1.6041849851608276, 0.25
24.119362831115723, 0.8382978439331055, -1.317434549331665, 46.08628845214844, -316.3236999511719, 1.6041849851608276, 0.25
24.129346132278442, 0.8255318999290466, -1.130732774734497, 41.937835693359375, -267.486083984375, 1.6176397800445557, 0.25
24.139310121536255, 0.8106383085250854, -1.3736354112625122, 39.307273864746094, -297.8681945800781, 1.6176397800445557, 0.25
24.149353504180908, 0.8021276593208313, -1.129315972328186, 37.52777862548828, -256.42840576171875, 1.6176397800445557, 0.25
24.159311532974243, 0.785106360912323, -1.4805314540863037, 34.78116226196289, -314.66680908203125, 1.6176397800445557, 0.25
24.169320821762085, 0.7723404169082642, -1.2796173095703125, 30.41494369506836, -277.2039489746094, 1.6312284469604492, 0.25
24.179333925247192, 0.757446825504303, -1.4963197708129883, 27.474905014038086, -332.8541259765625, 1.6312284469604492, 0.25
24.189316034317017, 0.7446808218955994, -1.4982290267944336, 24.650920867919922, -337.6373291015625, 1.6312284469604492, 0.25
24.199307918548584, 0.7340425252914429, -1.2052063941955566, 22.755369186401367, -283.8322448730469, 1.6312284469604492, 0.25
24.20931839942932, 0.7170212864875793, -1.244562029838562, 17.813352584838867, -294.908203125, 1.6433031558990479, 0.25
24.21931290626526, 0.7106382846832275, -1.105456829071045, 16.033855438232422, -270.19842529296875, 1.6433031558990479, 0.25
24.229333639144897, 0.6957446932792664, -1.3550747632980347, 13.287240982055664, -314.66778564453125, 1.6433031558990479, 0.25
24.239317417144775, 0.6787233948707581, -1.2744686603546143, 10.579310417175293, -291.9199523925781, 1.6433031558990479, 0.25
24.249351024627686, 0.672340452671051, -0.9570272564888, 7.007655620574951, -231.4491729736328, 1.6535855531692505, 0.25
24.25934672355652, 0.6574468016624451, -1.3038194179534912, 4.338409900665283, -299.9078369140625, 1.6535855531692505, 0.25
24.269303798675537, 0.6404255032539368, -1.3419625759124756, 1.6304796934127808, -295.26068115234375, 1.6535855531692505, 0.25
24.27933144569397, 0.6297872066497803, -1.2567546367645264, -0.14901740849018097, -275.5196228027344, 1.6535855531692505, 0.25
24.28934407234192, 0.6191489100456238, -1.2353663444519043, -4.48143196105957, -293.05767822265625, 1.6629457473754883, 0.25
24.299311637878418, 0.6021276712417603, -1.357494592666626, -7.073307991027832, -291.88055419921875, 1.6629457473754883, 0.25
24.30932307243347, 0.5936170220375061, -1.2029234170913696, -8.775435447692871, -267.4197082519531, 1.6629457473754883, 0.25
24.31934952735901, 0.585106372833252, -1.1214827299118042, -11.096518516540527, -279.0215759277344, 1.6629457473754883, 0.25
24.329308032989502, 0.5702127814292908, -1.1465590000152588, -15.09437370300293, -251.49305725097656, 1.6719552278518677, 0.25
24.33935546875, 0.5617021322250366, -0.9259336590766907, -16.64176368713379, -219.16233825683594, 1.6719552278518677, 0.25
24.349315643310547, 0.5531914830207825, -0.9672842621803284, -18.730737686157227, -244.50521850585938, 1.6719552278518677, 0.25
24.359299659729004, 0.5404255390167236, -1.0670000314712524, -20.89708137512207, -239.2781219482422, 1.6719552278518677, 0.25
24.369325160980225, 0.5319148898124695, -1.0155071020126343, -23.947608947753906, -234.75253295898438, 1.681073546409607, 0.25
24.37934184074402, 0.5276595950126648, -0.8062514066696167, -25.68842124938965, -224.97146606445312, 1.681073546409607, 0.25
24.38931632041931, 0.5234042406082153, -0.7218645811080933, -27.274494171142578, -221.8706512451172, 1.681073546409607, 0.25
24.399346351623535, 0.5255318880081177, -0.4070660471916199, -27.9321346282959, -192.27908325195312, 1.681073546409607, 0.25
24.40934181213379, 0.542553186416626, 0.31760072708129883, -29.379810333251953, -119.74744415283203, 1.6900995969772339, 0.25
24.419315338134766, 0.563829779624939, 1.0586062669754028, -27.716367721557617, -37.909690856933594, 1.6900995969772339, 0.25
24.42931580543518, 0.5787234306335449, 1.462221622467041, -25.89818572998047, 36.37921905517578, 1.6900995969772339, 0.25
24.439313888549805, 0.5957446694374084, 1.7829697132110596, -22.49393081665039, 150.14337158203125, 1.6900995969772339, 0.25
24.44931197166443, 0.6191489100456238, 1.8493046760559082, -20.44293212890625, 232.23304748535156, 1.6994574069976807, 0.25
24.459307432174683, 0.6340425610542297, 1.8103892803192139, -16.922622680664062, 273.9668884277344, 1.6994574069976807, 0.25
24.469311475753784, 0.6468085050582886, 1.775417685508728, -14.601540565490723, 275.9637451171875, 1.6994574069976807, 0.25
24.47932004928589, 0.6617021560668945, 1.5497130155563354, -11.390707969665527, 266.1314392089844, 1.6994574069976807, 0.25
24.4893057346344, 0.6808510422706604, 1.614065170288086, -10.137826919555664, 247.75584411621094, 1.7098006010055542, 0.25
24.499335765838623, 0.6893616914749146, 1.509598731994629, -8.087536811828613, 241.09979248046875, 1.7098006010055542, 0.25
24.50933599472046, 0.7021276354789734, 1.4855592250823975, -5.263552188873291, 230.5447235107422, 1.7098006010055542, 0.25
24.51930809020996, 0.7170212864875793, 1.3877792358398438, -2.555621862411499, 230.97576904296875, 1.7098006010055542, 0.25
24.529317140579224, 0.7255319356918335, 1.0562793016433716, -2.7525198459625244, 174.59262084960938, 1.7202452421188354, 0.25
24.5393123626709, 0.7382978796958923, 1.2410931587219238, -0.2766977846622467, 190.0970001220703, 1.7202452421188354, 0.25
24.549313068389893, 0.7510638236999512, 1.3026906251907349, 2.199124336242676, 190.50885009765625, 1.7202452421188354, 0.25
24.55931305885315, 0.7595744729042053, 1.180898666381836, 3.7851977348327637, 175.96482849121094, 1.7202452421188354, 0.25
24.56931185722351, 0.7765957713127136, 1.2308228015899658, 4.267632007598877, 169.9397735595703, 1.7307833433151245, 0.25
24.579313278198242, 0.7936170101165771, 1.3848261833190918, 6.975562572479248, 173.5973358154297, 1.7307833433151245, 0.25
24.589324712753296, 0.8021276593208313, 1.33919358253479, 8.793744087219238, 172.94967651367188, 1.7307833433151245, 0.25
24.59933853149414, 0.8212766051292419, 1.601058006286621, 11.733782768249512, 207.65713500976562, 1.7307833433151245, 0.25
24.609312295913696, 0.8382978439331055, 1.5083229541778564, 12.953250885009766, 212.56094360351562, 1.740884780883789, 0.25
24.61931347846985, 0.8553191423416138, 1.6860555410385132, 16.125396728515625, 233.77406311035156, 1.740884780883789, 0.25
24.629350423812866, 0.8659574389457703, 1.361219048500061, 18.2530574798584, 202.14170837402344, 1.740884780883789, 0.25
24.639307975769043, 0.8787233829498291, 1.3436462879180908, 21.193096160888672, 221.41993713378906, 1.740884780883789, 0.25
24.649322032928467, 0.8914893865585327, 1.4401063919067383, 23.12733268737793, 275.45306396484375, 1.7507070302963257, -0.25
24.659331560134888, 0.9085106253623962, 1.465072751045227, 24.204137802124023, 222.5157012939453, 1.7507070302963257, -0.25
24.66931462287903, 0.9212765693664551, 1.4013324975967407, 27.028121948242188, 221.3722381591797, 1.7507070302963257, -0.25
24.679329872131348, 0.936170220375061, 1.406931757926941, 29.890790939331055, 212.99607849121094, 1.7507070302963257, -0.25
24.689322233200073, 0.9446808695793152, 1.1860636472702026, 30.0115966796875, 195.1837615966797, 1.7594043016433716, -0.25
24.69934892654419, 0.9595744609832764, 1.1954903602600098, 32.52610397338867, 196.7878875732422, 1.7594043016433716, -0.25
24.709317207336426, 0.9744681119918823, 1.3328521251678467, 35.11798095703125, 202.8169403076172, 1.7594043016433716, -0.25
24.719332456588745, 0.9829787015914917, 1.1843465566635132, 36.820106506347656, 175.3251953125, 1.7594043016433716, -0.25
24.72934865951538, 0.9957447052001953, 1.315085530281067, 40.470802307128906, 269.9407958984375, 1.7535808086395264, -0.25
24.73935055732727, 1.0042552947998047, 1.0984950065612793, 42.67583084106445, 266.71282958984375, 1.7535808086395264, -0.25
24.749343633651733, 1.0127660036087036, 0.9432211518287659, 44.61006546020508, 239.4178466796875, 1.7535808086395264, -0.25
24.759323835372925, 1.021276593208313, 0.9178171753883362, 45.84797668457031, 219.410888671875, 1.7535808086395264, -0.25
24.769320011138916, 1.02765953540802, 0.738571286201477, 49.567176818847656, 206.36000061035156, 1.7420613765716553, -0.25
24.779335498809814, 1.036170244216919, 0.8289325833320618, 51.230621337890625, 219.76544189453125, 1.7420613765716553, -0.25
24.789313793182373, 1.0404255390167236, 0.7988752722740173, 52.23642349243164, 220.26759338378906, 1.7420613765716553, -0.25
24.799318313598633, 1.0446808338165283, 0.6774641871452332, 53.55170440673828, 207.3167266845703, 1.7420613765716553, -0.25
24.809327840805054, 1.0510637760162354, 0.5281198024749756, 57.68886184692383, 207.9890899658203, 1.7254772186279297, -0.25
24.81931495666504, 1.0553191900253296, 0.512320339679718, 58.38518524169922, 191.41690063476562, 1.7254772186279297, -0.25
24.829357385635376, 1.063829779624939, 0.616685152053833, 59.507041931152344, 197.2781982421875, 1.7254772186279297, -0.25
24.839313983917236, 1.070212721824646, 0.6570586562156677, 60.78363800048828, 192.17123413085938, 1.7254772186279297, -0.25
24.849312782287598, 1.0765957832336426, 0.5772037506103516, 64.74554443359375, 159.53138732910156, 1.7085803747177124, -0.25
24.859342336654663, 1.0808510780334473, 0.6589552164077759, 66.02214050292969, 205.21844482421875, 1.7085803747177124, -0.25
24.869318962097168, 1.085106372833252, 0.5353003144264221, 67.14399719238281, 202.6735382080078, 1.7085803747177124, -0.25
24.879314661026, 1.0893616676330566, 0.46291908621788025, 67.8016357421875, 169.65765380859375, 1.7085803747177124, -0.25
24.889342784881592, 1.0957447290420532, 0.5064728260040283, 71.49547576904297, 167.27499389648438, 1.693796157836914, -0.25
24.89931869506836, 1.1021276712417603, 0.556709349155426, 72.57865142822266, 179.36817932128906, 1.693796157836914, -0.25
24.909318923950195, 1.1106382608413696, 0.6359043717384338, 73.77787780761719, 171.83694458007812, 1.693796157836914, -0.25
24.91934871673584, 1.112765908241272, 0.5620387196540833, 74.55156707763672, 169.1080780029297, 1.693796157836914, -0.25
24.92931818962097, 1.1191489696502686, 0.5024489164352417, 77.80335235595703, 155.36178588867188, 1.6820815801620483, -0.25
24.939319849014282, 1.1234042644500732, 0.5189407467842102, 78.92520904541016, 162.5579376220703, 1.6820815801620483, -0.25
24.94932198524475, 1.127659559249878, 0.4296864867210388, 79.54415893554688, 145.56460571289062, 1.6820815801620483, -0.25
24.95934796333313, 1.1319148540496826, 0.48815321922302246, 80.47259521484375, 158.7147216796875, 1.6820815801620483, -0.25
24.969314336776733, 1.134042501449585, 0.3199731409549713, 82.82271575927734, 116.11199951171875, 1.673411250114441, -0.25
24.979304790496826, 1.1382979154586792, 0.38577383756637573, 83.32561492919922, 113.97918701171875, 1.673411250114441, -0.25
24.9893159866333, 1.1404255628585815, 0.36301225423812866, 84.02194213867188, 118.52960205078125, 1.673411250114441, -0.25
24.999314546585083, 1.1446808576583862, 0.37180963158607483, 84.67958068847656, 114.64192962646484, 1.673411250114441, -0.25
25.009333610534668, 1.1468085050582886, 0.35450413823127747, 85.10511016845703, 63.381046295166016, 1.6656599044799805, -0.25
25.019346952438354, 1.148936152458191, 0.29131197929382324, 87.09471893310547, 96.85469055175781, 1.6656599044799805, -0.25
25.029340505599976, 1.1531914472579956, 0.3028181493282318, 87.71367645263672, 98.47792053222656, 1.6656599044799805, -0.25
25.03931450843811, 1.1574468612670898, 0.3617858588695526, 88.40999603271484, 100.2380599975586, 1.6656599044799805, -0.25
25.04931902885437, 1.1595745086669922, 0.3149850368499756, 90.15287780761719, 85.00155639648438, 1.6584144830703735, -0.25
25.05934977531433, 1.1595745086669922, 0.24346067011356354, 90.69446563720703, 97.44345092773438, 1.6584144830703735, -0.25
25.069312810897827, 1.1617021560668945, 0.18111319839954376, 91.1199951171875, 90.06647491455078, 1.6584144830703735, -0.25
25.0793035030365, 1.1617021560668945, 0.1184660941362381, 91.35210418701172, 76.52207946777344, 1.6584144830703735, -0.25
25.089314699172974, 1.1617021560668945, 0.05619679391384125, 92.93344116210938, 68.33277130126953, 1.6501426696777344, -0.25
25.099323987960815, 1.1617021560668945, 0.0, 93.01081085205078, 62.342254638671875, 1.6501426696777344, -0.25
25.10931968688965, 1.1617021560668945, 0.0, 93.01081085205078, 53.5605583190918, 1.6501426696777344, -0.25
25.119319438934326, 1.1617021560668945, 0.0, 93.01081085205078, 39.392520904541016, 1.6501426696777344, -0.25
25.129335165023804, 1.1595745086669922, -0.05548402667045593, 94.58938598632812, 42.17414855957031, 1.6410349607467651, -0.25
25.139315605163574, 1.1574468612670898, -0.12308187037706375, 94.43464660644531, 41.18345260620117, 1.6410349607467651, -0.25
25.149300575256348, 1.155319094657898, -0.17459340393543243, 94.16385650634766, 31.539222717285156, 1.6410349607467651, -0.25
25.159313678741455, 1.1531914472579956, -0.24210664629936218, 93.89306640625, 25.097909927368164, 1.6410349607467651, -0.25
25.1693274974823, 1.1510637998580933, -0.25051724910736084, 95.40678405761719, 25.199295043945312, 1.6305818557739258, -0.25
25.179323434829712, 1.148936152458191, -0.23138785362243652, 94.94256591796875, 15.91274642944336, 1.6305818557739258, -0.25
25.189314365386963, 1.1446808576583862, -0.3057647943496704, 94.36228942871094, 9.039067268371582, 1.6305818557739258, -0.25
25.199323415756226, 1.1425532102584839, -0.30136603116989136, 94.01412963867188, 6.717277526855469, 1.6305818557739258, -0.25
25.209314584732056, 1.1382979154586792, -0.35113322734832764, 95.28740692138672, 0.9726356863975525, 1.6197490692138672, -0.25
25.219316244125366, 1.134042501449585, -0.35196414589881897, 94.5523910522461, -5.424410820007324, 1.6197490692138672, -0.25
25.22931694984436, 1.1297872066497803, -0.3763834238052368, 94.04949188232422, -7.904934883117676, 1.6197490692138672, -0.25
25.239362478256226, 1.1234042644500732, -0.4800780713558197, 93.12105560302734, -18.64219856262207, 1.6197490692138672, -0.25
25.249311208724976, 1.1191489696502686, -0.41963446140289307, 94.17015075683594, -21.8218936920166, 1.6090854406356812, -0.25
25.259320974349976, 1.112765908241272, -0.498996376991272, 93.43514251708984, -26.20270347595215, 1.6090854406356812, -0.25
25.269347429275513, 1.106382966041565, -0.5756709575653076, 92.27459716796875, -39.649017333984375, 1.6090854406356812, -0.25
25.279325008392334, 1.100000023841858, -0.6946260929107666, 91.07537078857422, -52.6778564453125, 1.6090854406356812, -0.25
25.28932785987854, 1.0936169624328613, -0.7245998382568359, 90.18562316894531, -113.08148956298828, 1.5988576412200928, 0.25
25.299333572387695, 1.0872340202331543, -0.6564434766769409, 90.76863098144531, -63.94013977050781, 1.5988576412200928, 0.25
25.309316396713257, 1.0808510780334473, -0.6648463606834412, 89.49203491210938, -68.05536651611328, 1.5988576412200928, 0.25
25.319316148757935, 1.0723403692245483, -0.7124043107032776, 88.13806915283203, -70.08476257324219, 1.5988576412200928, 0.25
25.32934546470642, 1.0680850744247437, -0.637225329875946, 88.90447998046875, -73.92684936523438, 1.5899615287780762, 0.25
25.33939242362976, 1.0595744848251343, -0.6927266716957092, 87.5505142211914, -75.76778411865234, 1.5899615287780762, 0.25
25.349342823028564, 1.0553191900253296, -0.6320895552635193, 86.62208557128906, -71.05095672607422, 1.5899615287780762, 0.25
25.359333753585815, 1.0510637760162354, -0.5329117178916931, 85.73233032226562, -59.90272903442383, 1.5899615287780762, 0.25
25.36934518814087, 1.0468084812164307, -0.5324295163154602, 84.11088562011719, -119.95571899414062, 1.5922837257385254, 0.0
25.379318952560425, 1.042553186416626, -0.4919882118701935, 83.06639862060547, -129.6101837158203, 1.5922837257385254, 0.0
25.389314651489258, 1.0382978916168213, -0.40612325072288513, 82.44744873046875, -99.60572052001953, 1.5922837257385254, 0.0
25.39934778213501, 1.0319149494171143, -0.46839264035224915, 81.51901245117188, -104.23261260986328, 1.5922837257385254, 0.0
25.409353256225586, 1.0297871828079224, -0.4406122863292694, 80.90005493164062, -83.1155014038086, 1.5985134840011597, 0.0
25.419360637664795, 1.0234042406082153, -0.5513967871665955, 78.80025482177734, -122.84437561035156, 1.5985134840011597, 0.0
25.429349184036255, 1.0127660036087036, -0.6600185632705688, 77.60102844238281, -127.94526672363281, 1.5985134840011597, 0.0
25.43930983543396, 1.0042552947998047, -0.7394522428512573, 76.24706268310547, -132.66690063476562, 1.5985134840011597, 0.0
25.449352741241455, 0.9957447052001953, -0.8315882682800293, 75.22222137451172, -110.3665542602539, 1.5979799032211304, 0.0
25.459377765655518, 0.9829787015914917, -0.9737411141395569, 73.2879867553711, -137.98190307617188, 1.5979799032211304, 0.0
25.46930956840515, 0.9723404049873352, -1.0789421796798706, 71.27638244628906, -166.19216918945312, 1.5979799032211304, 0.0
25.479329586029053, 0.9638298153877258, -0.9983923435211182, 69.80635833740234, -159.06651306152344, 1.5979799032211304, 0.0
25.489338874816895, 0.9510638117790222, -1.0775099992752075, 68.14202117919922, -172.21925354003906, 1.5950061082839966, 0.25
25.499321460723877, 0.9404255151748657, -1.0533452033996582, 66.01436614990234, -172.388916015625, 1.5950061082839966, 0.25
25.509329080581665, 0.9297872185707092, -1.1357367038726807, 64.46697235107422, -181.74179077148438, 1.5950061082839966, 0.25
25.51931595802307, 0.9212765693664551, -0.9998376369476318, 62.919586181640625, -161.81297302246094, 1.5950061082839966, 0.25
25.529333114624023, 0.9085106253623962, -1.1827768087387085, 60.428314208984375, -214.40447998046875, 1.5959421396255493, 0.25
25.539345502853394, 0.9021276831626892, -1.0477654933929443, 58.26197052001953, -212.09243774414062, 1.5959421396255493, 0.25
25.549315214157104, 0.8957446813583374, -0.900793731212616, 57.0240592956543, -196.9456024169922, 1.5959421396255493, 0.25
25.559326648712158, 0.8851063847541809, -0.8905646204948425, 55.28324890136719, -191.49766540527344, 1.5959421396255493, 0.25
25.569311380386353, 0.8723404407501221, -0.9596360921859741, 53.5213508605957, -163.7488555908203, 1.595845341682434, 0.25
25.579347610473633, 0.8617021441459656, -1.0781952142715454, 52.09001541137695, -164.6131134033203, 1.595845341682434, 0.25
25.589311838150024, 0.848936140537262, -1.2913800477981567, 49.730247497558594, -194.03689575195312, 1.595845341682434, 0.25
25.59931778907776, 0.8382978439331055, -1.2464587688446045, 47.370479583740234, -205.6333770751953, 1.595845341682434, 0.25
25.609344482421875, 0.8297872543334961, -0.9994457364082336, 44.87056350708008, -203.18077087402344, 1.6010842323303223, 0.25
25.619335174560547, 0.8170212507247925, -1.1681499481201172, 42.62685012817383, -251.0938720703125, 1.6010842323303223, 0.25
25.629316091537476, 0.8042553067207336, -1.2337965965270996, 40.38313674926758, -248.57949829101562, 1.6010842323303223, 0.25
25.639317989349365, 0.7978723645210266, -1.1195573806762695, 38.913116455078125, -234.2208251953125, 1.6010842323303223, 0.25
25.649356365203857, 0.7914893627166748, -0.9384477138519287, 34.94248580932617, -253.4244842529297, 1.6122844219207764, 0.25
25.659313201904297, 0.7829787135124207, -0.816526472568512, 33.2403564453125, -237.15415954589844, 1.6122844219207764, 0.25
25.669318199157715, 0.7765957713127136, -0.6690850853919983, 32.234554290771484, -197.11424255371094, 1.6122844219207764, 0.25
25.679356813430786, 0.7659574747085571, -0.9083928465843201, 30.648479461669922, -216.51779174804688, 1.6122844219207764, 0.25
25.689311742782593, 0.7531914710998535, -0.876518189907074, 26.36188507080078, -205.99021911621094, 1.6258606910705566, 0.25
25.699305772781372, 0.7446808218955994, -0.9663600921630859, 24.46633529663086, -220.97964477539062, 1.6258606910705566, 0.25
25.70932102203369, 0.7382978796958923, -0.9682720899581909, 23.15105438232422, -229.7015380859375, 1.6258606910705566, 0.25
25.719321489334106, 0.7255319356918335, -0.9880738854408264, 21.178133010864258, -242.85321044921875, 1.6258606910705566, 0.25
25.729317903518677, 0.7191489338874817, -0.935373842716217, 19.940221786499023, -176.44552612304688, 1.6395819187164307, 0.25
25.73934245109558, 0.7063829898834229, -1.0646402835845947, 15.395163536071777, -252.16893005371094, 1.6395819187164307, 0.25
25.74931240081787, 0.6978723406791687, -0.9491889476776123, 13.422243118286133, -238.04823303222656, 1.6395819187164307, 0.25
25.759325981140137, 0.6893616914749146, -0.9097983241081238, 12.106962203979492, -228.16940307617188, 1.6395819187164307, 0.25
25.7693190574646, 0.6787233948707581, -0.9729917049407959, 7.870456695556641, -239.88011169433594, 1.651818871498108, 0.25
25.779325008392334, 0.6680850982666016, -1.0528026819229126, 5.897535800933838, -257.30462646484375, 1.651818871498108, 0.25
25.78930902481079, 0.6638298034667969, -0.9232771992683411, 4.620940208435059, -238.70248413085938, 1.651818871498108, 0.25
25.79931926727295, 0.651063859462738, -0.9225613474845886, 2.764073610305786, -234.32394409179688, 1.651818871498108, 0.25
25.809321641921997, 0.6382978558540344, -0.8987492322921753, -1.1424866914749146, -207.6106719970703, 1.6624538898468018, 0.25
25.81931757926941, 0.6319149136543274, -0.9889756441116333, -2.4577672481536865, -228.45294189453125, 1.6624538898468018, 0.25
25.829359769821167, 0.6212766170501709, -1.0932615995407104, -4.546741962432861, -244.03428649902344, 1.6624538898468018, 0.25
25.839319944381714, 0.6085106134414673, -0.9848738312721252, -6.635716915130615, -224.814453125, 1.6624538898468018, 0.25
25.849312782287598, 0.6021276712417603, -0.917224109172821, -9.67222785949707, -216.30184936523438, 1.671920657157898, 0.25
25.859330892562866, 0.5893617272377014, -0.9946310520172119, -11.722517967224121, -222.52992248535156, 1.671920657157898, 0.25
25.869311809539795, 0.5808510780334473, -0.9739912152290344, -13.772808074951172, -229.6887969970703, 1.671920657157898, 0.25
25.879388093948364, 0.5744680762290955, -0.877164363861084, -15.04940414428711, -216.79296875, 1.671920657157898, 0.25
25.889323234558105, 0.563829779624939, -0.8657823204994202, -18.615442276000977, -210.72164916992188, 1.6808955669403076, 0.25
25.899327754974365, 0.5574468374252319, -0.8386139869689941, -20.278884887695312, -221.28744506835938, 1.6808955669403076, 0.25
25.909343242645264, 0.5510638356208801, -0.7676603198051453, -21.32337188720703, -194.58900451660156, 1.6808955669403076, 0.25
25.919316291809082, 0.542553186416626, -0.7753302454948425, -22.948129653930664, -202.9761199951172, 1.6808955669403076, 0.25
25.92931342124939, 0.5382978916168213, -0.6571062803268433, -23.91524887084961, -136.3993377685547, 1.689744234085083, 0.25
25.93931770324707, 0.5340425372123718, -0.6013879776000977, -26.878061294555664, -169.57028198242188, 1.689744234085083, 0.25
25.949304819107056, 0.5340425372123718, -0.3483916223049164, -27.883865356445312, -164.26002502441406, 1.689744234085083, 0.25
25.95931839942932, 0.542553186416626, 0.0, -27.961233139038086, -133.75624084472656, 1.689744234085083, 0.25
25.969336986541748, 0.5595744848251343, 0.6393419504165649, -28.656600952148438, -72.8905029296875, 1.6984623670578003, 0.25
25.97931933403015, 0.5787234306335449, 1.2373424768447876, -26.528940200805664, 20.477275848388672, 1.6984623670578003, 0.25
25.989367961883545, 0.5914893746376038, 1.5830062627792358, -24.517335891723633, 92.7681884765625, 1.6984623670578003, 0.25
25.999321460723877, 0.6063829660415649, 1.6087960004806519, -21.267818450927734, 182.03204345703125, 1.6984623670578003, 0.25
26.009337425231934, 0.6191489100456238, 1.3631938695907593, -20.823463439941406, 179.2392578125, 1.7079333066940308, 0.25
26.019338846206665, 0.6382978558540344, 1.6177226305007935, -17.57394790649414, 243.16952514648438, 1.7079333066940308, 0.25
26.02931547164917, 0.6553191542625427, 1.6351070404052734, -14.440485000610352, 255.98684692382812, 1.7079333066940308, 0.25
26.03931999206543, 0.6617021560668945, 1.4045116901397705, -12.467564582824707, 223.43185424804688, 1.7079333066940308, 0.25
26.0493586063385, 0.672340452671051, 1.2133312225341797, -11.575217247009277, 211.64825439453125, 1.7181317806243896, 0.25
26.059313774108887, 0.6851063966751099, 1.1241482496261597, -9.138079643249512, 195.2616729736328, 1.7181317806243896, 0.25
26.069366216659546, 0.6957446932792664, 0.9280622601509094, -7.62937593460083, 156.3648681640625, 1.7181317806243896, 0.25
26.079368352890015, 0.7063829898834229, 1.1165348291397095, -5.346977710723877, 169.9560089111328, 1.7181317806243896, 0.25
26.0893132686615, 0.714893639087677, 0.925900936126709, -5.199094295501709, 141.43289184570312, 1.7285950183868408, 0.25
26.09933352470398, 0.7234042286872864, 1.0461958646774292, -3.8451290130615234, 144.58932495117188, 1.7285950183868408, 0.25
26.10931396484375, 0.7340425252914429, 0.9460960626602173, -1.9882625341415405, 135.27322387695312, 1.7285950183868408, 0.25
26.119322538375854, 0.7468085289001465, 1.0735341310501099, -0.015341834165155888, 129.9331817626953, 1.7285950183868408, 0.25
26.129364490509033, 0.7531914710998535, 0.9627385139465332, -0.4507596492767334, 119.36444854736328, 1.738862156867981, 0.25
26.13931441307068, 0.7659574747085571, 1.0869733095169067, 1.6768999099731445, 131.8352508544922, 1.738862156867981, 0.25
26.14930772781372, 0.7829787135124207, 1.2321984767913818, 4.075352668762207, 150.15159606933594, 1.738862156867981, 0.25
26.159335136413574, 0.7957446575164795, 1.1692006587982178, 5.816164970397949, 139.32846069335938, 1.738862156867981, 0.25
26.169316291809082, 0.8085106611251831, 1.3149387836456299, 6.753894329071045, 167.59521484375, 1.7490237951278687, 0.25
26.17931890487671, 0.8191489577293396, 1.3161541223526, 8.649445533752441, 172.52655029296875, 1.7490237951278687, 0.25
26.18934941291809, 0.8319149017333984, 1.302615761756897, 11.357376098632812, 193.83778381347656, 1.7490237951278687, 0.25
26.199310302734375, 0.8468084931373596, 1.294278621673584, 13.910567283630371, 199.21226501464844, 1.7490237951278687, 0.25
26.20934247970581, 0.8531914949417114, 1.178425908088684, 13.740185737609863, 184.2584991455078, 1.758897066116333, -0.25
26.21932291984558, 0.8659574389457703, 1.1941725015640259, 16.099952697753906, 183.02932739257812, 1.758897066116333, -0.25
26.22936749458313, 0.8744680881500244, 0.9025589227676392, 17.647342681884766, 133.41102600097656, 1.758897066116333, -0.25
26.239311695098877, 0.8872340321540833, 1.0286778211593628, 19.891056060791016, 152.1809539794922, 1.758897066116333, -0.25
26.249303579330444, 0.8957446813583374, 1.1206896305084229, 21.39975929260254, 201.72412109375, 1.7677215337753296, -0.25
26.259316205978394, 0.9063829779624939, 1.0413768291473389, 22.039024353027344, 152.99270629882812, 1.7677215337753296, -0.25
26.26931095123291, 0.9170212745666504, 1.031814694404602, 24.166685104370117, 154.7982635498047, 1.7677215337753296, -0.25
26.279343128204346, 0.9212765693664551, 0.830337405204773, 25.443279266357422, 135.42520141601562, 1.7677215337753296, -0.25
26.289320468902588, 0.9319148659706116, 0.7350140810012817, 28.389402389526367, 180.10719299316406, 1.7613050937652588, -0.25
26.29932689666748, 0.9382978677749634, 0.8259441256523132, 29.5886287689209, 195.38059997558594, 1.7613050937652588, -0.25
26.309337377548218, 0.9468085169792175, 0.8318023681640625, 31.290756225585938, 198.93824768066406, 1.7613050937652588, -0.25
26.319334268569946, 0.9489361643791199, 0.6989556550979614, 32.335243225097656, 174.15948486328125, 1.7613050937652588, -0.25
26.32932162284851, 0.9531915187835693, 0.5823957920074463, 35.72260284423828, 200.72877502441406, 1.749695897102356, 0.0
26.33935284614563, 0.9553191661834717, 0.35765349864959717, 36.573665618896484, 179.4371795654297, 1.749695897102356, 0.0
26.349302768707275, 0.9617021083831787, 0.34703677892684937, 37.26999282836914, 147.82003784179688, 1.749695897102356, 0.0
26.359347105026245, 0.9638298153877258, 0.3313795328140259, 37.73420715332031, 128.09649658203125, 1.749695897102356, 0.0
26.36932611465454, 0.9680851101875305, 0.4078900218009949, 41.43780517578125, 148.0460968017578, 1.7335814237594604, 0.0
26.379318952560425, 0.9723404049873352, 0.4279533922672272, 42.250186920166016, 156.43978881835938, 1.7335814237594604, 0.0
26.389345169067383, 0.9744681119918823, 0.3187350928783417, 42.71440124511719, 135.93377685546875, 1.7335814237594604, 0.0
26.39935874938965, 0.9765957593917847, 0.29510751366615295, 43.37204360961914, 148.88229370117188, 1.7335814237594604, 0.0
26.409319400787354, 0.9829787015914917, 0.3420924246311188, 45.453643798828125, 100.35686492919922, 1.7259624004364014, 0.0
26.41932702064514, 0.9872340559959412, 0.3876410722732544, 45.99523162841797, 97.4735107421875, 1.7259624004364014, 0.0
26.429380416870117, 0.9957447052001953, 0.6265130043029785, 47.07840347290039, 121.66815185546875, 1.7259624004364014, 0.0
26.43931555747986, 1.0042552947998047, 0.7037432789802551, 48.432369232177734, 133.08148193359375, 1.7259624004364014, 0.0
26.449321746826172, 1.0085105895996094, 0.6603071689605713, 48.9310188293457, 89.93196868896484, 1.7283262014389038, 0.0
26.459349155426025, 1.014893651008606, 0.6423121094703674, 50.28498458862305, 108.17399597167969, 1.7283262014389038, 0.0
26.46934485435486, 1.0191489458084106, 0.5122550129890442, 51.48421096801758, 106.47673797607422, 1.7283262014389038, 0.0
26.47931432723999, 1.0255318880081177, 0.5370901226997375, 52.5286979675293, 101.87366485595703, 1.7283262014389038, 0.0
26.48931312561035, 1.0255318880081177, 0.3873766362667084, 53.136085510253906, 97.29785919189453, 1.7281770706176758, 0.0
26.499348640441895, 1.0297871828079224, 0.32559627294540405, 53.9097785949707, 81.59729766845703, 1.7281770706176758, 0.0
26.509313344955444, 1.0340425968170166, 0.36404886841773987, 54.606101989746094, 79.0988998413086, 1.7281770706176758, 0.0
26.519315719604492, 1.036170244216919, 0.2703111171722412, 54.992950439453125, 62.614784240722656, 1.7281770706176758, 0.0
26.52936291694641, 1.0382978916168213, 0.29600805044174194, 55.285682678222656, 52.27735900878906, 1.7299712896347046, 0.0
26.539308071136475, 1.042553186416626, 0.2852227985858917, 55.904640197753906, 47.261077880859375, 1.7299712896347046, 0.0
26.549311876296997, 1.0468084812164307, 0.34102481603622437, 56.368858337402344, 47.08950424194336, 1.7299712896347046, 0.0
26.55934977531433, 1.048936128616333, 0.3425958454608917, 57.065181732177734, 50.42094421386719, 1.7299712896347046, 0.0
26.569318771362305, 1.0510637760162354, 0.25775665044784546, 57.472721099853516, 48.30349349975586, 1.731346845626831, 0.0
26.57930850982666, 1.0531915426254272, 0.2570883631706238, 57.820884704589844, 46.30851745605469, 1.731346845626831, 0.0
26.58932852745056, 1.0531915426254272, 0.16776634752750397, 58.20772933959961, 42.23125076293945, 1.731346845626831, 0.0
26.59933304786682, 1.0531915426254272, 0.05814850330352783, 58.401153564453125, 30.16838264465332, 1.731346845626831, 0.0
26.609315156936646, 1.0531915426254272, 0.05200799182057381, 58.16779708862305, 16.990324020385742, 1.733055830001831, 0.0
26.619337558746338, 1.0553191900253296, 0.05956117808818817, 58.32253646850586, 9.711475372314453, 1.733055830001831, 0.0
26.629345417022705, 1.0531915426254272, 0.0, 58.36122131347656, 2.2187769412994385, 1.733055830001831, 0.0
26.639310836791992, 1.0531915426254272, 6.152216458716123e-14, 58.43859100341797, -0.034541789442300797, 1.733055830001831, 0.0
26.649307012557983, 1.0764864683151245, 0.4186064898967743, 59.289005279541016, 20.643016815185547, 1.7330950498580933, 0.0
26.659326553344727, 1.0764864683151245, 0.4095500111579895, 59.673866271972656, 26.8942928314209, 1.7330950498580933, 0.0
26.669328212738037, 1.0764864683151245, 0.40718331933021545, 60.44358825683594, 40.05723190307617, 1.7330950498580933, 0.0
26.67931842803955, 1.0737837553024292, 0.40277159214019775, 61.241539001464844, 56.33709716796875, 1.7330950498580933, 0.0
26.689379930496216, 1.0737837553024292, 0.36817824840545654, 61.91298294067383, 69.27808380126953, 1.7330960035324097, 0.0
26.699313163757324, 1.0737837553024292, -0.10972758382558823, 62.188934326171875, 66.53511047363281, 1.7330960035324097, 0.0
26.70931124687195, 1.0737837553024292, -0.056392185389995575, 62.09065246582031, 50.426483154296875, 1.7330960035324097, 0.0
26.719371557235718, 1.0737837553024292, -0.04793216288089752, 61.992374420166016, 27.467525482177734, 1.7330960035324097, 0.0
26.72937273979187, 1.0737837553024292, 0.0, 61.943233489990234, 14.25167465209961, 1.7323880195617676, 0.0
26.739325046539307, 1.0737837553024292, 0.0, 62.071956634521484, 2.8934414386749268, 1.7323880195617676, 0.0
26.74934196472168, 1.0710810422897339, -0.052294861525297165, 61.97367858886719, -4.165009021759033, 1.7323880195617676, 0.0
26.759332418441772, 1.0683783292770386, -0.09533224254846573, 61.826255798339844, -4.663011074066162, 1.7323880195617676, 0.0
26.769324779510498, 1.0656756162643433, -0.132223442196846, 61.65873718261719, -5.440797805786133, 1.731958031654358, 0.0
26.77930760383606, 1.0575675964355469, -0.3232533633708954, 61.167335510253906, -15.466697692871094, 1.731958031654358, 0.0
26.789316415786743, 1.0575675964355469, -0.30840545892715454, 60.872493743896484, -22.811765670776367, 1.731958031654358, 0.0
26.799348831176758, 1.049459457397461, -0.41244158148765564, 60.08625411987305, -36.94074630737305, 1.731958031654358, 0.0
26.809316158294678, 1.041351318359375, -0.5474624633789062, 59.10345458984375, -51.949249267578125, 1.7323464155197144, 0.0
26.81931710243225, 1.0359458923339844, -0.6388553977012634, 57.902618408203125, -75.35208892822266, 1.7323464155197144, 0.0
26.8293194770813, 1.0305405855178833, -0.6301546096801758, 56.7232551574707, -92.07611083984375, 1.7323464155197144, 0.0
26.839338302612305, 1.0251351594924927, -0.5853585600852966, 55.59303665161133, -95.28663635253906, 1.7323464155197144, 0.0
26.849312782287598, 1.0224324464797974, -0.4508593678474426, 54.62226104736328, -91.14926147460938, 1.732010006904602, 0.0
26.85932469367981, 1.019729733467102, -0.4404451251029968, 53.73773956298828, -109.30277252197266, 1.732010006904602, 0.0
26.869321584701538, 1.0143243074417114, -0.4019308388233185, 52.95149612426758, -92.03785705566406, 1.732010006904602, 0.0
26.879311084747314, 1.0089188814163208, -0.434161514043808, 52.21439743041992, -90.53775787353516, 1.732010006904602, 0.0
26.889312028884888, 1.0089188814163208, -0.34059447050094604, 51.87041473388672, -77.63367462158203, 1.7323343753814697, 0.0
26.899317502975464, 0.9981080889701843, -0.45007768273353577, 50.97605895996094, -75.42706298828125, 1.7323343753814697, 0.0
26.909323692321777, 0.9900000095367432, -0.5477750897407532, 49.94411849975586, -77.14137268066406, 1.7323343753814697, 0.0
26.919324159622192, 0.9818918704986572, -0.7009152770042419, 48.66647720336914, -93.32482147216797, 1.7323343753814697, 0.0
26.9293155670166, 0.9737837910652161, -0.6757783889770508, 47.30698013305664, -88.35569763183594, 1.7319737672805786, 0.0
26.939332485198975, 0.9683783650398254, -0.821128785610199, 45.83277893066406, -122.28938293457031, 1.7319737672805786, 0.0
26.949323654174805, 0.9629729986190796, -0.6842841506004333, 44.50599670410156, -126.00949096679688, 1.7319737672805786, 0.0
26.959354639053345, 0.9602702856063843, -0.6482248306274414, 43.8671760559082, -122.08907318115234, 1.7319737672805786, 0.0
26.969316720962524, 0.9548648595809937, -0.568736732006073, 42.73695755004883, -125.65391540527344, 1.731870174407959, 0.0
26.97931957244873, 0.9440540671348572, -0.652397871017456, 41.57643127441406, -128.7818145751953, 1.731870174407959, 0.0
26.989346742630005, 0.9359459280967712, -0.6316762566566467, 40.39706802368164, -120.22589111328125, 1.731870174407959, 0.0
26.99932312965393, 0.9278378486633301, -0.7072028517723083, 39.021148681640625, -114.45362854003906, 1.731870174407959, 0.0
27.009349822998047, 0.9197297096252441, -0.819861888885498, 37.54694747924805, -127.815673828125, 1.7319223880767822, 0.0
27.019368171691895, 0.911621630191803, -0.7979205250740051, 36.01411056518555, -124.0493392944336, 1.7319223880767822, 0.0
27.029314756393433, 0.9062162041664124, -0.7625204920768738, 34.58905029296875, -140.81198120117188, 1.7319223880767822, 0.0
27.039316654205322, 0.8954054117202759, -0.7929460406303406, 33.11484909057617, -142.43539428710938, 1.7319223880767822, 0.0
27.049334287643433, 0.8845946192741394, -0.8031497597694397, 31.572107315063477, -138.3498077392578, 1.7320290803909302, 0.0
27.059350967407227, 0.8764864802360535, -0.7347592115402222, 29.99962615966797, -128.2388153076172, 1.7320290803909302, 0.0
27.06935429573059, 0.8710810542106628, -0.5979436635971069, 29.16424560546875, -99.3768081665039, 1.7320290803909302, 0.0
27.079328060150146, 0.8602702617645264, -0.7092114090919495, 27.493484497070312, -113.47007751464844, 1.7320290803909302, 0.0
27.0893497467041, 0.8548648357391357, -0.8486334681510925, 26.559823989868164, -132.691162109375, 1.732002854347229, 0.0
27.099324703216553, 0.841351330280304, -0.8704231977462769, 24.648130416870117, -136.338134765625, 1.732002854347229, 0.0
27.10935926437378, 0.8359459638595581, -0.6135669946670532, 23.665328979492188, -98.89456939697266, 1.732002854347229, 0.0
27.119338512420654, 0.8278378248214722, -1.025701642036438, 22.63338851928711, -161.53953552246094, 1.732002854347229, 0.0
27.129344701766968, 0.8224324584007263, -0.881147027015686, 20.66778564453125, -152.12039184570312, 1.731989860534668, 0.0
27.139344215393066, 0.8116216063499451, -1.081576943397522, 18.655406951904297, -185.27731323242188, 1.731989860534668, 0.0
27.1493399143219, 0.7981081008911133, -1.040359616279602, 16.64066505432129, -181.8196258544922, 1.731989860534668, 0.0
27.15935707092285, 0.7900000214576721, -0.7275118231773376, 15.559582710266113, -123.22722625732422, 1.731989860534668, 0.0
27.16934585571289, 0.7791891694068909, -0.9867159724235535, 13.517505645751953, -176.41986083984375, 1.7318699359893799, 0.0
27.179353952407837, 0.7764865159988403, -0.5947347283363342, 12.583844184875488, -116.39055633544922, 1.7318699359893799, 0.0
27.189322233200073, 0.7602702975273132, -0.951454222202301, 10.421682357788086, -156.82688903808594, 1.7318699359893799, 0.0
27.199355125427246, 0.7521621584892273, -0.8496391773223877, 9.242321014404297, -136.8152618408203, 1.7318699359893799, 0.0
27.20932388305664, 0.7467567324638367, -1.0438265800476074, 8.062959671020508, -170.4571075439453, 1.731948733329773, 0.0
27.219349145889282, 0.7359459400177002, -1.139590859413147, 5.73905086517334, -199.8543701171875, 1.731948733329773, 0.0
27.229357719421387, 0.727837860584259, -1.0408145189285278, 3.675168991088867, -199.01438903808594, 1.731948733329773, 0.0
27.239333868026733, 0.7170270085334778, -1.0803632736206055, 1.562146782875061, -200.26144409179688, 1.731948733329773, 0.0
