57.53678345680237, 1.0170212984085083, -6.455097675323486, 78.70387268066406, -66876.265625, 1.584149956703186, 0.0
57.54677200317383, 1.0021276473999023, -8.476788520812988, 75.9959487915039, -61937.37890625, 1.584149956703186, 0.0
57.556782484054565, 0.9893617033958435, -8.034646034240723, 73.67486572265625, -42764.87109375, 1.584149956703186, 0.0
57.566760778427124, 0.9702127575874329, -8.398015975952148, 70.1932373046875, -22450.771484375, 1.584149956703186, 0.0
57.5767707824707, 0.9595744609832764, -8.954669952392578, 68.25900268554688, -9448.888671875, 1.584149956703186, 0.25
57.58673977851868, 0.9425531625747681, -8.725530624389648, 65.16422271728516, -1586.4600830078125, 1.584149956703186, 0.25
57.59680986404419, 0.9255319237709045, -8.142072677612305, 62.0694465637207, -1480.3768310546875, 1.584149956703186, 0.25
57.6067955493927, 0.9063829779624939, -9.698877334594727, 58.58782196044922, -1763.4322509765625, 1.584149956703186, 0.25
57.61675953865051, 0.8893616795539856, -9.88358211517334, 55.44200134277344, -1811.128662109375, 1.5844306945800781, 0.25
57.62674021720886, 0.8765957355499268, -9.737448692321777, 53.12091827392578, -1781.6358642578125, 1.5844306945800781, 0.25
57.63678479194641, 0.8574467897415161, -8.56960391998291, 49.6392936706543, -1564.1922607421875, 1.5844306945800781, 0.25
57.64673829078674, 0.8468084931373596, -9.088822364807129, 47.70505905151367, -1656.7333984375, 1.5844306945800781, 0.25
57.65677523612976, 0.827659547328949, -9.818041801452637, 44.22343444824219, -1785.0985107421875, 1.5904419422149658, 0.25
57.66675353050232, 0.8170212507247925, -7.121483325958252, 41.19624328613281, -1508.607421875, 1.5904419422149658, 0.25
57.676788330078125, 0.800000011920929, -8.622271537780762, 38.101463317871094, -1747.246337890625, 1.5904419422149658, 0.25
57.68674373626709, 0.7829787135124207, -8.191803932189941, 35.00668716430664, -1575.2972412109375, 1.5904419422149658, 0.25
57.69677972793579, 0.7723404169082642, -7.015303611755371, 31.064706802368164, -1760.2520751953125, 1.6014845371246338, 0.25
57.70673441886902, 0.7595744729042053, -8.622819900512695, 28.743623733520508, -1996.0399169921875, 1.6014845371246338, 0.25
57.71676850318909, 0.7446808218955994, -8.080923080444336, 26.035694122314453, -1735.8839111328125, 1.6014845371246338, 0.25
57.726738691329956, 0.7319148778915405, -6.3095550537109375, 23.714611053466797, -1265.482177734375, 1.6014845371246338, 0.25
57.73678112030029, 0.714893639087677, -8.291481971740723, 18.20738410949707, -2130.145263671875, 1.614753007888794, 0.25
57.74674201011658, 0.7063829898834229, -7.833632469177246, 16.65999412536621, -1942.9638671875, 1.614753007888794, 0.25
57.75680947303772, 0.6957446932792664, -5.268034934997559, 14.72575855255127, -1223.298583984375, 1.614753007888794, 0.25
57.76677751541138, 0.6744681000709534, -8.560108184814453, 10.85728645324707, -1744.2392578125, 1.614753007888794, 0.25
57.776763677597046, 0.6659574508666992, -7.27490234375, 9.309898376464844, -1380.7987060546875, 1.6282658576965332, 0.25
57.78674077987671, 0.6531915068626404, -4.858898639678955, 4.531932830810547, -1234.1072998046875, 1.6282658576965332, 0.25
57.79678654670715, 0.6404255032539368, -8.442408561706543, 2.2108497619628906, -1955.7923583984375, 1.6282658576965332, 0.25
57.80679392814636, 0.6319149136543274, -6.368425369262695, 0.6634610891342163, -1362.1689453125, 1.6282658576965332, 0.25
57.81678223609924, 0.6234042644500732, -4.277840614318848, -0.8839277029037476, -823.52783203125, 1.6403383016586304, 0.25
57.82679224014282, 0.6021276712417603, -8.127863883972168, -6.947389602661133, -1950.19189453125, 1.6403383016586304, 0.25
57.83677816390991, 0.5936170220375061, -8.129871368408203, -8.494778633117676, -1853.7022705078125, 1.6403383016586304, 0.25
57.84673500061035, 0.5808510780334473, -5.531256675720215, -10.815861701965332, -1140.4774169921875, 1.6403383016586304, 0.25
57.85680937767029, 0.5659574270248413, -7.984391212463379, -15.433394432067871, -1995.2315673828125, 1.6508411169052124, 0.25
57.866737365722656, 0.5510638356208801, -7.820218563079834, -18.141324996948242, -1775.3201904296875, 1.6508411169052124, 0.25
57.87679839134216, 0.5468084812164307, -4.950125694274902, -18.915019989013672, -1100.149169921875, 1.6508411169052124, 0.25
57.88676476478577, 0.5361701846122742, -5.118022441864014, -20.849254608154297, -1050.3797607421875, 1.6508411169052124, 0.25
57.896767377853394, 0.521276593208313, -6.342412948608398, -25.247312545776367, -1591.266845703125, 1.6601368188858032, 0.0
57.906758069992065, 0.5170212984085083, -5.437262058258057, -26.021007537841797, -1356.1798095703125, 1.6601368188858032, 0.0
57.91677379608154, 0.5127659440040588, -3.608722448348999, -26.794702529907227, -873.8497314453125, 1.6601368188858032, 0.0
57.926753520965576, 0.5063830018043518, -3.4155666828155518, -27.955244064331055, -761.3494873046875, 1.6601368188858032, 0.0
57.93676042556763, 0.5170212984085083, 1.174143671989441, -27.591123580932617, -199.12164306640625, 1.6687724590301514, 0.0
57.94675016403198, 0.5276595950126648, 4.109572410583496, -25.656888961791992, 410.2307434082031, 1.6687724590301514, 0.0
57.956772327423096, 0.5382978916168213, 5.311934947967529, -23.722652435302734, 750.0283813476562, 1.6687724590301514, 0.0
57.96675896644592, 0.5595744848251343, 8.898545265197754, -19.85417938232422, 1492.4385986328125, 1.6687724590301514, 0.0
57.976770877838135, 0.5744680762290955, 8.535067558288574, -17.146249771118164, 1515.63232421875, 1.668157696723938, 0.0
57.98673629760742, 0.5936170220375061, 10.142292022705078, -13.552849769592285, 1868.5504150390625, 1.668157696723938, 0.0
57.9967679977417, 0.6085106134414673, 8.719095230102539, -10.84492015838623, 1600.161865234375, 1.668157696723938, 0.0
58.00674915313721, 0.6212766170501709, 8.354248046875, -8.523836135864258, 1527.394287109375, 1.668157696723938, 0.0
58.01677227020264, 0.6319149136543274, 8.454244613647461, -6.589600563049316, 1540.1162109375, 1.6635512113571167, 0.0
58.02676177024841, 0.6468085050582886, 7.709883213043213, -3.0441274642944336, 1576.4708251953125, 1.6635512113571167, 0.0
58.03676247596741, 0.6531915068626404, 5.6212263107299805, -1.883585810661316, 1133.6092529296875, 1.6635512113571167, 0.0
58.0467414855957, 0.6680850982666016, 6.421396255493164, 0.8243445754051208, 1234.04638671875, 1.6635512113571167, 0.0
58.05679965019226, 0.6765957474708557, 6.338428974151611, 2.3717334270477295, 1174.919921875, 1.6634327173233032, 0.0
58.066741704940796, 0.6851063966751099, 4.4557294845581055, 3.940666437149048, 814.055908203125, 1.6634327173233032, 0.0
58.07677960395813, 0.6914893388748169, 5.196481704711914, 5.101208209991455, 948.4859619140625, 1.6634327173233032, 0.0
58.08677577972412, 0.7042553424835205, 5.867467403411865, 7.422291278839111, 1068.6689453125, 1.6634327173233032, 0.0
58.096773862838745, 0.7106382846832275, 4.778814792633057, 8.582833290100098, 869.3956909179688, 1.6618551015853882, 0.0
58.10676312446594, 0.7170212864875793, 4.647624969482422, 10.030213356018066, 910.9771118164062, 1.6618551015853882, 0.0
58.11681342124939, 0.7297872304916382, 4.861903667449951, 12.351296424865723, 920.8057250976562, 1.6618551015853882, 0.0
58.12677621841431, 0.7382978796958923, 4.943084239959717, 13.898685455322266, 919.3529052734375, 1.6618551015853882, 0.0
58.13676595687866, 0.7489361763000488, 5.284100532531738, 15.832921981811523, 967.0497436523438, 1.6623088121414185, 0.0
58.14680480957031, 0.76382976770401, 6.823594570159912, 18.458358764648438, 1223.5850830078125, 1.6623088121414185, 0.0
58.156784534454346, 0.7744680643081665, 6.05131721496582, 20.392595291137695, 1089.326904296875, 1.6623088121414185, 0.0
58.16674041748047, 0.7914893627166748, 8.070242881774902, 23.48737335205078, 1460.5147705078125, 1.6623088121414185, 0.0
58.1767783164978, 0.8021276593208313, 7.63590669631958, 25.421607971191406, 1386.2012939453125, 1.6626652479171753, 0.0
58.1867835521698, 0.8170212507247925, 6.563979625701904, 28.06473159790039, 1181.4248046875, 1.6626652479171753, 0.0
58.19677257537842, 0.827659547328949, 7.353316307067871, 29.99896812438965, 1326.8624267578125, 1.6626652479171753, 0.0
58.20674252510071, 0.8382978439331055, 6.4829325675964355, 31.933204650878906, 1173.32958984375, 1.6626652479171753, 0.0
58.21677565574646, 0.8510638475418091, 5.00052547454834, 34.15105056762695, 886.2969970703125, 1.6632330417633057, 0.0
58.22673964500427, 0.8595744967460632, 6.508080005645752, 35.69844055175781, 1159.455078125, 1.6632330417633057, 0.0
58.236820459365845, 0.8723404407501221, 6.286198139190674, 38.01952362060547, 1128.6922607421875, 1.6632330417633057, 0.0
58.24673914909363, 0.8787233829498291, 5.336074352264404, 39.1800651550293, 962.4281005859375, 1.6632330417633057, 0.0
58.25679326057434, 0.8914893865585327, 6.043242931365967, 41.50114822387695, 1098.771484375, 1.6630041599273682, 0.0
58.266727924346924, 0.9021276831626892, 5.412197589874268, 43.47700119018555, 992.6773071289062, 1.6630041599273682, 0.0
58.27678871154785, 0.9106382727622986, 5.11165189743042, 45.02438735961914, 935.2152709960938, 1.6630041599273682, 0.0
58.286741495132446, 0.9212765693664551, 4.500968933105469, 46.95862579345703, 821.4199829101562, 1.6630041599273682, 0.0
58.296775579452515, 0.936170220375061, 6.682444095611572, 49.65996551513672, 1214.3699951171875, 1.6630403995513916, 0.0
58.30680799484253, 0.9446808695793152, 7.01990270614624, 51.20735549926758, 1274.8966064453125, 1.6630403995513916, 0.0
58.3167998790741, 0.9510638117790222, 5.552881240844727, 52.367897033691406, 1008.6505126953125, 1.6630403995513916, 0.0
58.326762676239014, 0.9617021083831787, 5.678778648376465, 54.30213165283203, 1031.9498291015625, 1.6630403995513916, 0.0
58.33685350418091, 0.9702127575874329, 4.873270034790039, 55.84952163696289, 885.8950805664062, 1.6626133918762207, 0.0
58.34673047065735, 0.9829787015914917, 5.748180866241455, 58.24824142456055, 1061.2584228515625, 1.6626133918762207, 0.0
58.35679244995117, 0.9914893507957458, 6.305292129516602, 59.795631408691406, 1159.318359375, 1.6626133918762207, 0.0
58.36676025390625, 1.0021276473999023, 5.876828193664551, 61.72986602783203, 1074.8839111328125, 1.6626133918762207, 0.0
58.37679958343506, 1.0085105895996094, 5.3213701248168945, 62.89040756225586, 969.5875244140625, 1.6628190279006958, 0.0
58.38678216934204, 1.0191489458084106, 5.337490081787109, 64.7872543334961, 962.2967529296875, 1.6628190279006958, 0.0
58.39676833152771, 1.0234042406082153, 4.394440174102783, 65.56095123291016, 793.1242065429688, 1.6628190279006958, 0.0
58.40676784515381, 1.0319149494171143, 3.819500684738159, 67.10833740234375, 691.4716186523438, 1.6628190279006958, 0.0
58.41683030128479, 1.0404255390167236, 5.086343288421631, 68.65573120117188, 923.6996459960938, 1.6632362604141235, 0.0
58.42674016952515, 1.048936128616333, 4.2863945960998535, 70.12725830078125, 763.4661865234375, 1.6632362604141235, 0.0
58.43682670593262, 1.0553191900253296, 3.5308260917663574, 71.28779602050781, 632.4071655273438, 1.6632362604141235, 0.0
58.44673252105713, 1.0617021322250366, 3.613419532775879, 72.4483413696289, 651.1292724609375, 1.6632362604141235, 0.0
58.45679759979248, 1.0680850744247437, 4.304107189178467, 73.60887908935547, 780.403564453125, 1.6629109382629395, 0.0
58.46673846244812, 1.0723403692245483, 3.3203394412994385, 74.44172668457031, 616.4789428710938, 1.6629109382629395, 0.0
58.47681522369385, 1.0808510780334473, 3.4341015815734863, 75.9891128540039, 632.9315795898438, 1.6629109382629395, 0.0
58.486740827560425, 1.085106372833252, 3.5323901176452637, 76.76280975341797, 648.4877319335938, 1.6629109382629395, 0.0
58.49677920341492, 1.0936169624328613, 2.9906039237976074, 78.27157592773438, 536.8842163085938, 1.663123369216919, 0.0
58.50673770904541, 1.0978723764419556, 2.719431161880493, 79.0452651977539, 488.1733093261719, 1.663123369216919, 0.0
58.51680135726929, 1.1021276712417603, 2.6229207515716553, 79.81896209716797, 472.1332702636719, 1.663123369216919, 0.0
58.52675414085388, 1.106382966041565, 2.432650089263916, 80.59265899658203, 439.2544860839844, 1.663123369216919, 0.0
58.53677988052368, 1.1106382608413696, 2.079765558242798, 81.3919906616211, 381.2664794921875, 1.6629823446273804, 0.0
58.54677987098694, 1.1148936748504639, 2.9063405990600586, 82.16568756103516, 533.5200805664062, 1.6629823446273804, 0.0
58.556785106658936, 1.1148936748504639, 1.0164324045181274, 82.16568756103516, 186.71133422851562, 1.6629823446273804, 0.0
58.56674385070801, 1.1234042644500732, 2.677741289138794, 83.71307373046875, 489.16705322265625, 1.6629823446273804, 0.0
58.576775789260864, 1.1255319118499756, 2.151918411254883, 84.09190368652344, 390.63568115234375, 1.6630264520645142, 0.0
58.5867714881897, 1.127659559249878, 1.8614394664764404, 84.47875213623047, 337.5953674316406, 1.6630264520645142, 0.0
58.59683537483215, 1.1319148540496826, 1.9038459062576294, 85.25244140625, 345.128662109375, 1.6630264520645142, 0.0
58.60678029060364, 1.134042501449585, 1.839577078819275, 85.63928985595703, 333.6761169433594, 1.6630264520645142, 0.0
58.61683464050293, 1.1361702680587769, 1.530881404876709, 86.02613830566406, 277.9698181152344, 1.6631362438201904, 0.0
58.62678384780884, 1.1382979154586792, 1.1873856782913208, 86.39302062988281, 212.30747985839844, 1.6631362438201904, 0.0
58.636786222457886, 1.1404255628585815, 1.197561502456665, 86.77986907958984, 214.8254852294922, 1.6631362438201904, 0.0
58.64683389663696, 1.1425532102584839, 1.2131519317626953, 87.16671752929688, 218.59359741210938, 1.6631362438201904, 0.0
58.656824350357056, 1.1425532102584839, 0.7307608127593994, 87.18440246582031, 136.00111389160156, 1.663038969039917, 0.0
58.66678476333618, 1.1425532102584839, 0.40058085322380066, 87.18440246582031, 75.79275512695312, 1.663038969039917, 0.0
58.676780462265015, 1.1446808576583862, 0.6777147650718689, 87.57125091552734, 125.63524627685547, 1.663038969039917, 0.0
58.68674159049988, 1.1446808576583862, 0.3360521197319031, 87.57125091552734, 62.341922760009766, 1.663038969039917, 0.0
58.69676375389099, 1.1425532102584839, -0.2936348021030426, 87.18440246582031, -52.9813346862793, 1.663038969039917, 0.0
58.70676803588867, 1.1425532102584839, -0.3199922740459442, 87.18440246582031, -58.18041229248047, 1.663038969039917, 0.0
58.71683692932129, 1.1425532102584839, -0.3180346190929413, 87.18440246582031, -57.8244743347168, 1.663038969039917, 0.0
58.72674560546875, 1.1404255628585815, -0.7302824258804321, 86.79755401611328, -132.77862548828125, 1.663038969039917, 0.0
58.73676323890686, 1.1382979154586792, -0.7702277302742004, 86.41071319580078, -140.04141235351562, 1.663038969039917, 0.0
58.74676561355591, 1.1361702680587769, -0.9111753106117249, 86.02386474609375, -165.66824340820312, 1.663038969039917, 0.0
58.75680327415466, 1.1319148540496826, -1.655854344367981, 85.25016784667969, -301.0644226074219, 1.663038969039917, 0.0
58.76680016517639, 1.1297872066497803, -1.5752537250518799, 84.86331939697266, -286.4097595214844, 1.663038969039917, 0.0
58.77677917480469, 1.127659559249878, -1.4318747520446777, 84.47647094726562, -260.34088134765625, 1.663038969039917, 0.0
58.786728858947754, 1.121276617050171, -2.141110420227051, 83.31593322753906, -389.2928161621094, 1.663038969039917, 0.0
58.79678463935852, 1.1170213222503662, -2.558680534362793, 82.542236328125, -465.2146301269531, 1.663038969039917, 0.0
58.806761026382446, 1.112765908241272, -2.3084969520568848, 81.76854705810547, -419.72674560546875, 1.663038969039917, 0.0
58.816821336746216, 1.1106382608413696, -2.1127865314483643, 81.38169860839844, -384.1430358886719, 1.663038969039917, 0.0
58.826791524887085, 1.106382966041565, -2.81697154045105, 80.60800170898438, -512.1766357421875, 1.663038969039917, 0.0
58.83677935600281, 1.1021276712417603, -2.081665277481079, 79.83430480957031, -378.484619140625, 1.663038969039917, 0.0
58.84820103645325, 1.100000023841858, -1.7555820941925049, 79.44746398925781, -319.1967468261719, 1.663038969039917, 0.0
58.85680055618286, 1.0957447290420532, -2.059396505355835, 78.67376708984375, -374.4356994628906, 1.663038969039917, 0.0
58.866795778274536, 1.0936169624328613, -1.7052327394485474, 78.28691864013672, -310.04229736328125, 1.663038969039917, 0.0
58.87680959701538, 1.0893616676330566, -1.9303898811340332, 77.51322174072266, -350.97998046875, 1.663038969039917, 0.0
58.88677620887756, 1.0829787254333496, -2.6114542484283447, 76.3526840209961, -474.8098449707031, 1.663038969039917, 0.0
58.89678931236267, 1.0744681358337402, -3.4311275482177734, 74.80529022216797, -623.8413696289062, 1.663038969039917, 0.0
58.90674042701721, 1.0659574270248413, -3.72902512550354, 73.25790405273438, -678.0045776367188, 1.663038969039917, 0.0
58.91682147979736, 1.0595744848251343, -4.805086135864258, 72.09736633300781, -873.6520385742188, 1.663038969039917, 0.0
58.92677164077759, 1.0553191900253296, -3.9353525638580322, 71.32366943359375, -715.5186767578125, 1.663038969039917, 0.0
58.93677115440369, 1.048936128616333, -4.248251438140869, 70.16312408447266, -772.4093627929688, 1.663038969039917, 0.0
58.946807622909546, 1.0404255390167236, -4.073652267456055, 68.61573791503906, -740.6640625, 1.663038969039917, 0.0
58.95683741569519, 1.036170244216919, -3.2192506790161133, 67.842041015625, -585.3182983398438, 1.663038969039917, 0.0
58.9667603969574, 1.02765953540802, -3.8453726768493652, 66.2946548461914, -699.15869140625, 1.663038969039917, 0.0
58.97679162025452, 1.0191489458084106, -3.9271810054779053, 64.74726867675781, -714.0328979492188, 1.663038969039917, 0.0
58.986756563186646, 1.0127660036087036, -4.5127272605896, 63.58672332763672, -820.4959106445312, 1.663038969039917, 0.0
58.99678874015808, 1.0042552947998047, -4.679168224334717, 62.039337158203125, -850.7578735351562, 1.663038969039917, 0.0
59.00678753852844, 0.9957447052001953, -4.302396774291992, 60.491947174072266, -782.2539672851562, 1.663038969039917, 0.0
59.016812324523926, 0.9893617033958435, -4.782148361206055, 59.33140563964844, -869.4815063476562, 1.663038969039917, 0.0
59.02673625946045, 0.9808510541915894, -4.788921356201172, 57.78401565551758, -870.7130126953125, 1.663038969039917, 0.0
59.03677177429199, 0.9680851101875305, -4.8302106857299805, 55.46293258666992, -878.2201538085938, 1.663038969039917, 0.0
59.04678773880005, 0.957446813583374, -6.173440456390381, 53.5286979675293, -1122.4437255859375, 1.663038969039917, 0.0
59.05682396888733, 0.9510638117790222, -4.918225288391113, 52.36815643310547, -894.2227783203125, 1.663038969039917, 0.0
59.06675386428833, 0.9404255151748657, -5.233421325683594, 50.433921813964844, -951.5311279296875, 1.663038969039917, 0.0
59.07678699493408, 0.9340425729751587, -5.079141139984131, 49.273380279541016, -923.480224609375, 1.663038969039917, 0.0
59.08676791191101, 0.9255319237709045, -5.001256942749023, 47.725990295410156, -909.3193969726562, 1.663038969039917, 0.0
59.09676718711853, 0.9085106253623962, -6.537766456604004, 44.6312141418457, -1188.684814453125, 1.663038969039917, 0.0
59.10672903060913, 0.8957446813583374, -6.40044641494751, 42.31013107299805, -1163.717529296875, 1.663038969039917, 0.0
59.11678957939148, 0.8893616795539856, -7.173213005065918, 41.14958953857422, -1304.2205810546875, 1.663038969039917, 0.0
59.12675476074219, 0.8829787373542786, -5.088716983795166, 39.98904800415039, -925.2213134765625, 1.663038969039917, 0.0
59.13681626319885, 0.8723404407501221, -5.0468339920043945, 38.0548095703125, -917.6061401367188, 1.663038969039917, 0.0
59.14673328399658, 0.8595744967460632, -5.761913299560547, 35.733726501464844, -1047.62060546875, 1.663038969039917, 0.0
59.156774044036865, 0.8468084931373596, -6.153499603271484, 33.41264343261719, -1118.818115234375, 1.663038969039917, 0.0
59.16677498817444, 0.8382978439331055, -6.8612494468688965, 31.86525535583496, -1247.4998779296875, 1.663038969039917, 0.0
59.176782846450806, 0.827659547328949, -6.5587334632873535, 29.931018829345703, -1192.4969482421875, 1.663038969039917, 0.0
59.18674063682556, 0.8212766051292419, -4.524584770202637, 28.770477294921875, -822.6517944335938, 1.663038969039917, 0.0
59.1967978477478, 0.806382954120636, -6.147059917449951, 26.06254768371582, -1117.647216796875, 1.663038969039917, 0.0
59.20674014091492, 0.7978723645210266, -5.466646194458008, 24.51515769958496, -993.9356079101562, 1.663038969039917, 0.0
59.216779470443726, 0.785106360912323, -4.703721046447754, 22.194074630737305, -855.2220458984375, 1.663038969039917, 0.0
59.226802825927734, 0.7744680643081665, -7.560654163360596, 20.25984001159668, -1374.6644287109375, 1.663038969039917, 0.0
59.23677206039429, 0.7595744729042053, -6.908015727996826, 17.551908493041992, -1256.0028076171875, 1.663038969039917, 0.0
59.246808767318726, 0.7489361763000488, -5.916248321533203, 15.61767292022705, -1075.6815185546875, 1.663038969039917, 0.0
59.25676727294922, 0.7404255270957947, -6.472332000732422, 14.070283889770508, -1176.78759765625, 1.6630666255950928, 0.0
59.26677632331848, 0.7255319356918335, -7.3186354637146, 11.357325553894043, -1331.7679443359375, 1.6630666255950928, 0.0
59.276806354522705, 0.714893639087677, -6.522024631500244, 9.423089027404785, -1186.53955078125, 1.6630666255950928, 0.0
59.28674268722534, 0.7042553424835205, -4.988797187805176, 7.488853454589844, -907.3756103515625, 1.6630666255950928, 0.0
59.29680109024048, 0.693617045879364, -6.164967060089111, 5.554617404937744, -1121.026611328125, 1.6629546880722046, 0.0
59.30674624443054, 0.6829787492752075, -6.268877983093262, 3.6407337188720703, -1135.443603515625, 1.6629546880722046, 0.0
59.316802740097046, 0.6680850982666016, -6.918288230895996, 0.9328033328056335, -1254.7684326171875, 1.6629546880722046, 0.0
59.326799392700195, 0.6617021560668945, -6.5442280769348145, -0.22773826122283936, -1187.682373046875, 1.6629546880722046, 0.0
59.336841106414795, 0.651063859462738, -5.678081035614014, -2.1699938774108887, -1033.944091796875, 1.6629987955093384, 0.0
59.34676790237427, 0.6361702084541321, -7.7144694328308105, -4.877923965454102, -1404.406494140625, 1.6629987955093384, 0.0
59.35677623748779, 0.6255319118499756, -6.721376419067383, -6.812160015106201, -1223.141845703125, 1.6629987955093384, 0.0
59.36673927307129, 0.6191489100456238, -5.838719844818115, -7.972701549530029, -1062.19677734375, 1.6629987955093384, 0.0
59.37676644325256, 0.6106383204460144, -4.90131139755249, -9.520090103149414, -891.3201293945312, 1.663038969039917, 0.0
59.38674521446228, 0.5914893746376038, -7.719053745269775, -13.00901985168457, -1405.0826416015625, 1.663038969039917, 0.0
59.39678239822388, 0.5808510780334473, -7.086393356323242, -14.943255424499512, -1289.4659423828125, 1.663038969039917, 0.0
59.406779289245605, 0.5702127814292908, -6.551397323608398, -16.877490997314453, -1191.702880859375, 1.663038969039917, 0.0
59.41677975654602, 0.5617021322250366, -6.327973365783691, -18.424880981445312, -1150.7247314453125, 1.663038969039917, 0.0
59.426745653152466, 0.5489361882209778, -6.8113322257995605, -20.74596405029297, -1238.424072265625, 1.663038969039917, 0.0
59.43678283691406, 0.5404255390167236, -4.9954705238342285, -22.293352127075195, -908.267333984375, 1.663038969039917, 0.0
59.446746826171875, 0.5319148898124695, -5.4887213706970215, -23.840740203857422, -997.9493408203125, 1.663038969039917, 0.0
59.4567666053772, 0.5255318880081177, -4.55200719833374, -25.00128173828125, -827.6376342773438, 1.662914514541626, 0.0
59.46675753593445, 0.5148935914039612, -4.090797424316406, -26.912891387939453, -739.78076171875, 1.662914514541626, 0.0
59.4767849445343, 0.5085106492042542, -4.916354656219482, -28.07343292236328, -890.1918334960938, 1.662914514541626, 0.0
59.486753940582275, 0.5063830018043518, -2.90846586227417, -28.46027946472168, -527.0610961914062, 1.662914514541626, 0.0
59.49677014350891, 0.5106382966041565, -0.4425215721130371, -27.68658447265625, -80.03062438964844, 1.6627622842788696, 0.0
59.506738901138306, 0.5191489458084106, 2.094970703125, -26.11151695251465, 387.0356750488281, 1.6627622842788696, 0.0
59.51677751541138, 0.5382978916168213, 6.882453918457031, -22.629892349243164, 1255.986328125, 1.6627622842788696, 0.0
59.5267436504364, 0.5510638356208801, 7.006506443023682, -20.308809280395508, 1276.442138671875, 1.6627622842788696, 0.0
59.536773681640625, 0.5659574270248413, 7.105293273925781, -17.51803970336914, 1311.724609375, 1.6623066663742065, 0.0
