30.823989391326904, 1.014893651008606, -1.297459602355957, 81.77114868164062, -8620.7666015625, 1.5855778455734253, 0.25
30.833961486816406, 1.0021276473999023, -1.2423774003982544, 79.95296478271484, -7536.97412109375, 1.5855778455734253, 0.25
30.843963384628296, 0.9808510541915894, -1.557929515838623, 77.0516128540039, -8058.4462890625, 1.5855778455734253, 0.25
30.853970289230347, 0.9723404049873352, -1.4961153268814087, 75.0013198852539, -7749.79296875, 1.5855778455734253, 0.25
30.863940477371216, 0.957446813583374, -1.6332229375839233, 71.82716369628906, -282.7090759277344, 1.5862271785736084, 0.25
30.873929023742676, 0.9468085169792175, -1.490973711013794, 69.81555938720703, -273.2254943847656, 1.5862271785736084, 0.25
30.883967876434326, 0.9297872185707092, -1.537524938583374, 66.9142074584961, -305.2358093261719, 1.5862271785736084, 0.25
30.89397382736206, 0.9127659797668457, -1.5913945436477661, 63.97416687011719, -288.2893371582031, 1.5862271785736084, 0.25
30.9039306640625, 0.8978723287582397, -1.3772534132003784, 59.59018325805664, -290.8017883300781, 1.5939561128616333, 0.25
30.91393208503723, 0.8914893865585327, -1.3577638864517212, 57.772003173828125, -306.249267578125, 1.5939561128616333, 0.25
30.923975229263306, 0.8765957355499268, -1.3247268199920654, 55.10275650024414, -293.5615539550781, 1.5939561128616333, 0.25
30.933921098709106, 0.8574467897415161, -1.4487096071243286, 52.433509826660156, -311.87451171875, 1.5939561128616333, 0.25
30.943917512893677, 0.848936140537262, -1.2680124044418335, 48.57443618774414, -285.4352111816406, 1.6056065559387207, 0.25
30.953947067260742, 0.8361701965332031, -1.422253966331482, 45.78913497924805, -308.97076416015625, 1.6056065559387207, 0.25
30.963927030563354, 0.8234042525291443, -1.1986637115478516, 43.11989212036133, -284.07049560546875, 1.6056065559387207, 0.25
30.97394585609436, 0.8106383085250854, -1.28791081905365, 41.417762756347656, -303.09234619140625, 1.6056065559387207, 0.25
30.983930826187134, 0.7957446575164795, -1.2186260223388672, 36.253684997558594, -283.6955871582031, 1.6193281412124634, 0.25
30.99391746520996, 0.7808510661125183, -1.4172658920288086, 33.545753479003906, -315.11773681640625, 1.6193281412124634, 0.25
31.003931760787964, 0.7723404169082642, -1.4280385971069336, 31.727571487426758, -318.5948181152344, 1.6193281412124634, 0.25
31.0139217376709, 0.7553191781044006, -1.3433092832565308, 29.019641876220703, -302.7447204589844, 1.6193281412124634, 0.25
31.02393126487732, 0.742553174495697, -1.3488413095474243, 23.965057373046875, -314.1904602050781, 1.6326602697372437, 0.25
31.033958911895752, 0.7340425252914429, -1.2747817039489746, 22.224245071411133, -308.32965087890625, 1.6326602697372437, 0.25
31.04393458366394, 0.721276581287384, -1.2812707424163818, 19.632368087768555, -306.72247314453125, 1.6326602697372437, 0.25
31.05393075942993, 0.7042553424835205, -1.3128869533538818, 17.079177856445312, -309.950927734375, 1.6326602697372437, 0.25
31.063971996307373, 0.693617045879364, -1.2218905687332153, 13.117178916931152, -270.8614196777344, 1.6444512605667114, 0.25
31.073933601379395, 0.6787233948707581, -1.410731315612793, 10.409248352050781, -302.8985900878906, 1.6444512605667114, 0.25
31.083930492401123, 0.6638298034667969, -1.4525413513183594, 7.623948574066162, -317.3777160644531, 1.6444512605667114, 0.25
31.09392499923706, 0.651063859462738, -1.3654828071594238, 4.993387699127197, -325.47882080078125, 1.6444512605667114, 0.25
31.103999376296997, 0.6446808576583862, -1.253629446029663, 1.524006724357605, -300.31048583984375, 1.6545966863632202, 0.25
31.113959550857544, 0.6276595592498779, -1.2216758728027344, -0.9131305813789368, -284.1940612792969, 1.6545966863632202, 0.25
31.12394905090332, 0.6148936152458191, -1.2126638889312744, -3.466322183609009, -276.8480224609375, 1.6545966863632202, 0.25
31.133946657180786, 0.6085106134414673, -1.2411754131317139, -5.013710975646973, -291.8832702636719, 1.6545966863632202, 0.25
31.143945455551147, 0.5914893746376038, -1.2802717685699463, -9.285441398620605, -261.5440673828125, 1.663835883140564, 0.25
31.153941869735718, 0.5808510780334473, -1.0542620420455933, -11.645209312438965, -256.67926025390625, 1.663835883140564, 0.25
31.163935899734497, 0.5744680762290955, -1.1278233528137207, -13.115228652954102, -269.19281005859375, 1.663835883140564, 0.25
31.17396879196167, 0.5617021322250366, -1.0768256187438965, -15.397626876831055, -253.9291229248047, 1.663835883140564, 0.25
31.183933973312378, 0.5489361882209778, -1.0835273265838623, -19.239009857177734, -257.5289611816406, 1.6728358268737793, 0.25
31.193927526474, 0.5446808338165283, -1.0029011964797974, -20.592973709106445, -248.0970916748047, 1.6728358268737793, 0.25
31.20393681526184, 0.5340425372123718, -1.0361919403076172, -22.527210235595703, -247.46673583984375, 1.6728358268737793, 0.25
31.213920831680298, 0.5234042406082153, -0.8869650363922119, -24.384077072143555, -228.24539184570312, 1.6728358268737793, 0.25
31.2239191532135, 0.521276593208313, -0.6979044675827026, -27.0666561126709, -197.5066375732422, 1.6820580959320068, 0.25
31.233973503112793, 0.5234042406082153, -0.5042470097541809, -28.26588249206543, -185.75100708007812, 1.6820580959320068, 0.25
31.24392557144165, 0.5340425372123718, 0.12493421882390976, -28.497989654541016, -155.99134826660156, 1.6820580959320068, 0.25
31.253944873809814, 0.5489361882209778, 0.7102308869361877, -27.801666259765625, -95.06834411621094, 1.6820580959320068, 0.25
31.263965368270874, 0.5702127814292908, 1.3158941268920898, -27.140790939331055, 10.489294052124023, 1.6907637119293213, 0.25
31.273925304412842, 0.5872340202331543, 1.7769670486450195, -24.04601287841797, 128.21302795410156, 1.6907637119293213, 0.25
31.28393864631653, 0.6000000238418579, 1.7071619033813477, -21.68624496459961, 176.30686950683594, 1.6907637119293213, 0.25
31.293956995010376, 0.6234042644500732, 1.8651272058486938, -18.011198043823242, 252.30467224121094, 1.6907637119293213, 0.25
31.303918600082397, 0.6382978558540344, 1.7247875928878784, -16.36409568786621, 266.11651611328125, 1.7008535861968994, 0.25
31.313923597335815, 0.6489361524581909, 1.6952540874481201, -14.081696510314941, 273.7676696777344, 1.7008535861968994, 0.25
31.323928594589233, 0.6659574508666992, 1.59200119972229, -10.83218002319336, 266.48876953125, 1.7008535861968994, 0.25
31.333942890167236, 0.6808510422706604, 1.4318573474884033, -7.930826187133789, 249.03208923339844, 1.7008535861968994, 0.25
31.343912601470947, 0.6957446932792664, 1.3922076225280762, -6.8519697189331055, 227.69813537597656, 1.711090087890625, 0.25
31.35395121574402, 0.7021276354789734, 1.2593272924423218, -5.07247257232666, 212.20022583007812, 1.711090087890625, 0.25
31.363929986953735, 0.7170212864875793, 1.2974432706832886, -2.5579657554626465, 201.46661376953125, 1.711090087890625, 0.25
31.373936653137207, 0.7297872304916382, 1.270760178565979, -0.8171533346176147, 184.72576904296875, 1.711090087890625, 0.25
31.383963346481323, 0.742553174495697, 1.2167149782180786, -0.2384103387594223, 171.9092559814453, 1.7217367887496948, 0.25
31.393922090530396, 0.7531914710998535, 1.3039926290512085, 2.3534657955169678, 183.1630096435547, 1.7217367887496948, 0.25
31.403953552246094, 0.76382976770401, 1.2803516387939453, 4.055593490600586, 180.9004669189453, 1.7217367887496948, 0.25
31.413974285125732, 0.7829787135124207, 1.4458521604537964, 6.647469520568848, 195.40206909179688, 1.7217367887496948, 0.25
31.423935890197754, 0.7914893627166748, 1.1929162740707397, 6.591074466705322, 166.4822540283203, 1.7320469617843628, 0.25
31.43397831916809, 0.806382954120636, 1.5280909538269043, 9.376374244689941, 201.7548828125, 1.7320469617843628, 0.25
31.443970680236816, 0.8234042525291443, 1.4271174669265747, 12.355097770690918, 199.84024047851562, 1.7320469617843628, 0.25
31.453930616378784, 0.8404255509376526, 1.4046250581741333, 15.217766761779785, 210.2065887451172, 1.7320469617843628, 0.25
31.463950872421265, 0.8531914949417114, 1.499094009399414, 15.491097450256348, 209.0308380126953, 1.7420330047607422, 0.25
31.47396945953369, 0.8702127933502197, 1.6016310453414917, 18.663244247436523, 230.87818908691406, 1.7420330047607422, 0.25
31.4839289188385, 0.8829787373542786, 1.438493013381958, 21.6419677734375, 233.28172302246094, 1.7420330047607422, 0.25
31.493927478790283, 0.8936170339584351, 1.5174893140792847, 23.61488914489746, 239.55979919433594, 1.7420330047607422, 0.25
31.503947019577026, 0.9085106253623962, 1.3164005279541016, 24.54961395263672, 215.5802459716797, 1.7517856359481812, -0.25
31.51392936706543, 0.9255319237709045, 1.3132001161575317, 27.21885871887207, 201.56077575683594, 1.7517856359481812, -0.25
31.523929357528687, 0.936170220375061, 1.527567744255066, 29.153095245361328, 215.70660400390625, 1.7517856359481812, -0.25
31.53394913673401, 0.9489361643791199, 1.390039086341858, 31.861024856567383, 207.86044311523438, 1.7517856359481812, -0.25
31.54396414756775, 0.9617021083831787, 1.3494337797164917, 33.07164764404297, 220.0297393798828, 1.75980806350708, -0.25
31.55392026901245, 0.9765957593917847, 1.1277233362197876, 35.54747009277344, 185.80056762695312, 1.75980806350708, -0.25
31.563931226730347, 0.9872340559959412, 1.3055987358093262, 37.24959945678711, 192.27349853515625, 1.75980806350708, -0.25
31.573936939239502, 1.0021276473999023, 1.3780004978179932, 39.84147262573242, 198.5786895751953, 1.75980806350708, -0.25
31.583938360214233, 1.0085105895996094, 1.2642741203308105, 42.8835334777832, 265.01397705078125, 1.7526512145996094, -0.25
31.59395122528076, 1.0170212984085083, 1.1015915870666504, 45.2432975769043, 264.2103576660156, 1.7526512145996094, -0.25
31.603928565979004, 1.0255318880081177, 0.983840823173523, 47.17753601074219, 262.3245849609375, 1.7526512145996094, -0.25
31.613935470581055, 1.0340425968170166, 0.7607387900352478, 48.80229187011719, 221.98377990722656, 1.7526512145996094, -0.25
31.62395405769348, 1.0404255390167236, 0.7943585515022278, 52.06666946411133, 223.22935485839844, 1.7406545877456665, -0.25
31.633929014205933, 1.048936128616333, 0.8352501392364502, 53.691429138183594, 217.3647918701172, 1.7406545877456665, -0.25
31.643937587738037, 1.0553191900253296, 0.7205047011375427, 55.20013427734375, 208.92906188964844, 1.7406545877456665, -0.25
31.653934478759766, 1.057446837425232, 0.6347120404243469, 56.089881896972656, 197.63583374023438, 1.7406545877456665, -0.25
31.663963079452515, 1.0617021322250366, 0.491412490606308, 60.13909912109375, 217.4190216064453, 1.7239158153533936, -0.25
31.67392659187317, 1.0680850744247437, 0.4693472385406494, 61.06753158569336, 188.45596313476562, 1.7239158153533936, -0.25
31.68392825126648, 1.0744681358337402, 0.5311934947967529, 61.76385498046875, 182.07835388183594, 1.7239158153533936, -0.25
31.69394874572754, 1.0808510780334473, 0.6513906121253967, 62.96308135986328, 181.6057891845703, 1.7239158153533936, -0.25
31.703959465026855, 1.0872340202331543, 0.6734209060668945, 67.278564453125, 196.5221710205078, 1.7072019577026367, -0.25
31.713924646377563, 1.091489315032959, 0.565409779548645, 68.47779083251953, 208.5221405029297, 1.7072019577026367, -0.25
31.723920583724976, 1.0957447290420532, 0.5368388295173645, 69.17411041259766, 196.90069580078125, 1.7072019577026367, -0.25
31.73396110534668, 1.100000023841858, 0.4131026864051819, 70.10254669189453, 162.94566345214844, 1.7072019577026367, -0.25
31.743934392929077, 1.1042553186416626, 0.4273386001586914, 73.58499145507812, 168.73907470703125, 1.6927293539047241, -0.25
31.753931760787964, 1.1085106134414673, 0.5116268396377563, 74.1652603149414, 170.95457458496094, 1.6927293539047241, -0.25
31.76395344734192, 1.112765908241272, 0.4868549406528473, 75.01632690429688, 158.25135803222656, 1.6927293539047241, -0.25
31.773954153060913, 1.1191489696502686, 0.4703367054462433, 75.94476318359375, 152.8821258544922, 1.6927293539047241, -0.25
31.78392481803894, 1.1234042644500732, 0.4832954704761505, 78.90144348144531, 143.264404296875, 1.6815739870071411, -0.25
31.79394292831421, 1.127659559249878, 0.5145522356033325, 79.55908203125, 137.66114807128906, 1.6815739870071411, -0.25
31.803951501846313, 1.1319148540496826, 0.42709025740623474, 80.56488800048828, 131.4566650390625, 1.6815739870071411, -0.25
31.813937664031982, 1.1361702680587769, 0.4826420247554779, 81.49331665039062, 148.55526733398438, 1.6815739870071411, -0.25
31.823944568634033, 1.1382979154586792, 0.402113676071167, 83.66650390625, 128.6522674560547, 1.6728129386901855, -0.25
31.83396315574646, 1.1425532102584839, 0.3664657175540924, 84.40151977539062, 129.0147247314453, 1.6728129386901855, -0.25
31.843948125839233, 1.1446808576583862, 0.3134985864162445, 85.02046966552734, 122.18115234375, 1.6728129386901855, -0.25
31.85394024848938, 1.1468085050582886, 0.2465207427740097, 85.52337646484375, 107.77094268798828, 1.6728129386901855, -0.25
31.86396813392639, 1.148936152458191, 0.1986764818429947, 87.25273895263672, 77.39720153808594, 1.665216326713562, -0.25
31.87393069267273, 1.1531914472579956, 0.26034340262413025, 87.79432678222656, 78.29621887207031, 1.665216326713562, -0.25
31.883920192718506, 1.155319094657898, 0.29695364832878113, 88.29722595214844, 87.14679718017578, 1.665216326713562, -0.25
31.893929719924927, 1.155319094657898, 0.2355096936225891, 88.60670471191406, 85.32310485839844, 1.665216326713562, -0.25
31.90395426750183, 1.1574468612670898, 0.18198731541633606, 90.37750244140625, 83.57643127441406, 1.6578173637390137, -0.25
31.913931369781494, 1.1595745086669922, 0.17989620566368103, 90.68698120117188, 77.16470336914062, 1.6578173637390137, -0.25
31.9239239692688, 1.1595745086669922, 0.11647916585206985, 90.95777130126953, 68.5904769897461, 1.6578173637390137, -0.25
31.933943510055542, 1.1595745086669922, 0.05603095889091492, 91.07382202148438, 60.89559555053711, 1.6578173637390137, -0.25
31.94395899772644, 1.1595745086669922, 0.052964869886636734, 92.73368072509766, 55.764617919921875, 1.6493264436721802, -0.25
31.953919649124146, 1.1595745086669922, 0.0, 92.77236938476562, 57.24973678588867, 1.6493264436721802, -0.25
31.963930130004883, 1.1595745086669922, 0.0, 92.77236938476562, 51.00776290893555, 1.6493264436721802, -0.25
31.97393798828125, 1.1595745086669922, 0.0, 92.77236938476562, 47.39888381958008, 1.6493264436721802, -0.25
31.983964920043945, 1.1574468612670898, -0.053252480924129486, 94.34552764892578, 39.37407302856445, 1.6402485370635986, -0.25
31.993927240371704, 1.155319094657898, -0.11625155806541443, 94.19078826904297, 38.74998474121094, 1.6402485370635986, -0.25
32.00393581390381, 1.1531914472579956, -0.17591269314289093, 93.99736785888672, 33.76048278808594, 1.6402485370635986, -0.25
32.01397085189819, 1.1510637998580933, -0.24548658728599548, 93.61051940917969, 24.176145553588867, 1.6402485370635986, -0.25
32.0239372253418, 1.148936152458191, -0.23803816735744476, 95.09317779541016, 21.99344253540039, 1.6297534704208374, -0.25
32.03395342826843, 1.1446808576583862, -0.2982039451599121, 94.55158996582031, 12.282546997070312, 1.6297534704208374, -0.25
32.0439178943634, 1.1425532102584839, -0.294659286737442, 94.20343017578125, 8.922082901000977, 1.6297534704208374, -0.25
32.053937673568726, 1.1382979154586792, -0.3550683557987213, 93.5071029663086, 0.3516394793987274, 1.6297534704208374, -0.25
32.06392979621887, 1.134042501449585, -0.3496428430080414, 94.75943756103516, -3.8430380821228027, 1.6190358400344849, -0.25
32.07393527030945, 1.127659559249878, -0.48231595754623413, 93.90837860107422, -13.841522216796875, 1.6190358400344849, -0.25
32.083927154541016, 1.1234042644500732, -0.46765628457069397, 93.28942108154297, -18.73509407043457, 1.6190358400344849, -0.25
32.09397077560425, 1.1170213222503662, -0.5195449590682983, 92.28362274169922, -26.89788055419922, 1.6190358400344849, -0.25
32.103967905044556, 1.1106382608413696, -0.5815987586975098, 93.04460144042969, -39.47322463989258, 1.60846745967865, -0.25
32.11392259597778, 1.1021276712417603, -0.6630052924156189, 91.80668640136719, -50.77043914794922, 1.60846745967865, -0.25
32.12392807006836, 1.0978723764419556, -0.6491077542304993, 90.99430847167969, -55.070743560791016, 1.60846745967865, -0.25
32.133928298950195, 1.091489315032959, -0.6725442409515381, 89.71771240234375, -62.617332458496094, 1.60846745967865, -0.25
32.14393448829651, 1.085106372833252, -0.6711189150810242, 90.2598648071289, -68.75959014892578, 1.5982515811920166, 0.25
32.1539409160614, 1.0765957832336426, -0.708351731300354, 88.94458770751953, -68.6729507446289, 1.5982515811920166, 0.25
32.163923025131226, 1.0744681358337402, -0.6117391586303711, 88.13220977783203, -70.05567169189453, 1.5982515811920166, 0.25
32.17392420768738, 1.0659574270248413, -0.6427579522132874, 86.89429473876953, -71.27059936523438, 1.5982515811920166, 0.25
32.183923959732056, 1.0595744848251343, -0.5850685834884644, 87.23677062988281, -71.42839050292969, 1.5897722244262695, 0.25
32.193934202194214, 1.0531915426254272, -0.5242041349411011, 86.07623291015625, -60.18532943725586, 1.5897722244262695, 0.25
32.2039475440979, 1.0510637760162354, -0.5087828636169434, 85.30253601074219, -63.8774528503418, 1.5897722244262695, 0.25
32.21393585205078, 1.0446808338165283, -0.5521169900894165, 84.25804901123047, -63.74109649658203, 1.5897722244262695, 0.25
32.223952531814575, 1.0404255390167236, -0.504120409488678, 82.90616607666016, -114.00884246826172, 1.5931650400161743, 0.25
32.23393487930298, 1.0319149494171143, -0.5714684128761292, 81.82299041748047, -114.23782348632812, 1.5931650400161743, 0.25
32.24392580986023, 1.02765953540802, -0.6434910893440247, 81.0492935180664, -116.9411849975586, 1.5931650400161743, 0.25
32.25398135185242, 1.021276593208313, -0.6492794752120972, 79.77269744873047, -124.43224334716797, 1.5931650400161743, 0.25
32.26392602920532, 1.014893651008606, -0.6066656112670898, 77.47953033447266, -131.6398468017578, 1.598756194114685, 0.25
32.27391958236694, 1.0106383562088013, -0.6073262095451355, 76.66715240478516, -147.16995239257812, 1.598756194114685, 0.25
32.283987045288086, 1.0021276473999023, -0.603718101978302, 75.42924499511719, -133.99391174316406, 1.598756194114685, 0.25
32.29394245147705, 0.9936169981956482, -0.7082111835479736, 74.11396026611328, -145.16014099121094, 1.598756194114685, 0.25
32.30395531654358, 0.9829787015914917, -0.8127022385597229, 71.4265365600586, -153.53729248046875, 1.6052391529083252, 0.25
32.313982248306274, 0.978723406791687, -0.7521777153015137, 70.34336853027344, -148.94085693359375, 1.6052391529083252, 0.25
32.32392740249634, 0.9723404049873352, -0.7364948391914368, 68.79597473144531, -165.2940673828125, 1.6052391529083252, 0.25
32.33392524719238, 0.9638298153877258, -0.8222600221633911, 67.28726959228516, -189.1427001953125, 1.6052391529083252, 0.25
32.343932151794434, 0.9595744609832764, -0.591530978679657, 64.02592468261719, -187.04676818847656, 1.6184957027435303, 0.25
32.35394310951233, 0.9510638117790222, -0.5968931913375854, 62.67196273803711, -166.68313598632812, 1.6184957027435303, 0.25
32.36392688751221, 0.9425531625747681, -0.7719767093658447, 61.201942443847656, -197.9130096435547, 1.6184957027435303, 0.25
32.373934745788574, 0.9404255151748657, -0.6431537866592407, 60.35087966918945, -190.61354064941406, 1.6184957027435303, 0.25
32.38393020629883, 0.9319148659706116, -0.6807056665420532, 56.529632568359375, -188.51341247558594, 1.6318529844284058, 0.25
32.393930435180664, 0.9191489219665527, -0.8250460028648376, 55.02092742919922, -199.06027221679688, 1.6318529844284058, 0.25
32.40393900871277, 0.9127659797668457, -0.7748974561691284, 53.9764404296875, -187.96719360351562, 1.6318529844284058, 0.25
32.41392707824707, 0.9021276831626892, -0.9740537405014038, 52.08088684082031, -210.207275390625, 1.6318529844284058, 0.25
32.42392945289612, 0.8957446813583374, -0.8965891599655151, 47.80415725708008, -232.0845947265625, 1.6453750133514404, 0.25
32.433921575546265, 0.8914893865585327, -0.7754338979721069, 46.75967025756836, -231.60369873046875, 1.6453750133514404, 0.25
32.44393181800842, 0.8808510899543762, -0.7225502133369446, 45.2122802734375, -212.7769317626953, 1.6453750133514404, 0.25
32.45393657684326, 0.8680850863456726, -0.8927621841430664, 43.51015090942383, -222.4368896484375, 1.6453750133514404, 0.25
32.463932514190674, 0.8595744967460632, -0.888329267501831, 40.140438079833984, -188.2185821533203, 1.656887173652649, 0.25
32.473963260650635, 0.8510638475418091, -0.9928590655326843, 38.16751480102539, -220.985107421875, 1.656887173652649, 0.25
32.48393654823303, 0.8425531983375549, -0.8134959936141968, 36.31064987182617, -212.10765075683594, 1.656887173652649, 0.25
32.493924140930176, 0.8340425491333008, -0.98343425989151, 35.07273864746094, -243.74322509765625, 1.656887173652649, 0.25
32.50397038459778, 0.8191489577293396, -1.0265395641326904, 31.253114700317383, -220.58914184570312, 1.6670440435409546, 0.25
32.513927936553955, 0.8106383085250854, -1.0764838457107544, 29.12545394897461, -235.6708984375, 1.6670440435409546, 0.25
32.52392029762268, 0.8042553067207336, -1.0188565254211426, 27.694120407104492, -229.22962951660156, 1.6670440435409546, 0.25
32.53393483161926, 0.7936170101165771, -1.0096423625946045, 25.643829345703125, -245.9178924560547, 1.6670440435409546, 0.25
32.54396200180054, 0.7829787135124207, -0.826352059841156, 22.176225662231445, -215.99098205566406, 1.676115870475769, 0.25
32.553930044174194, 0.7723404169082642, -0.9564258456230164, 20.28067398071289, -227.84410095214844, 1.676115870475769, 0.25
32.56396174430847, 0.76382976770401, -1.030700922012329, 18.96539306640625, -228.89010620117188, 1.676115870475769, 0.25
32.57396864891052, 0.7510638236999512, -0.9666200280189514, 16.915102005004883, -204.686767578125, 1.676115870475769, 0.25
32.58391618728638, 0.7404255270957947, -1.0169215202331543, 13.28073787689209, -219.76632690429688, 1.684828281402588, 0.25
32.59392976760864, 0.7340425252914429, -1.0914045572280884, 11.926773071289062, -238.06765747070312, 1.684828281402588, 0.25
32.6039674282074, 0.7170212864875793, -1.0232830047607422, 9.683058738708496, -207.39930725097656, 1.684828281402588, 0.25
32.613932847976685, 0.7106382846832275, -0.97059166431427, 7.516714572906494, -221.5187530517578, 1.684828281402588, 0.25
32.62393665313721, 0.7042553424835205, -0.9606691002845764, 4.60936164855957, -230.30894470214844, 1.693584680557251, 0.25
32.63399410247803, 0.6914893388748169, -1.0078984498977661, 2.5590715408325195, -240.5536346435547, 1.693584680557251, 0.25
32.64392590522766, 0.6808510422706604, -0.8745854496955872, 0.5861509442329407, -214.82508850097656, 1.693584680557251, 0.25
32.65394186973572, 0.6744681000709534, -0.9749927520751953, -0.690444827079773, -221.22958374023438, 1.693584680557251, 0.25
32.66394758224487, 0.6638298034667969, -0.8831579089164734, -4.387955665588379, -202.68299865722656, 1.7030699253082275, 0.25
32.673954248428345, 0.651063859462738, -0.9718542098999023, -6.360876083374023, -234.76976013183594, 1.7030699253082275, 0.25
32.68395471572876, 0.6446808576583862, -0.9599396586418152, -7.637471675872803, -218.25091552734375, 1.7030699253082275, 0.25
32.69394540786743, 0.6361702084541321, -0.987302303314209, -9.571707725524902, -224.4720458984375, 1.7030699253082275, 0.25
32.703967571258545, 0.6297872066497803, -0.8162397146224976, -12.608244895935059, -197.0982208251953, 1.7127496004104614, 0.25
32.7139630317688, 0.6170212626457214, -0.9369082450866699, -14.503795623779297, -224.10682678222656, 1.7127496004104614, 0.25
32.72392821311951, 0.6063829660415649, -0.9336504936218262, -16.36066246032715, -209.19210815429688, 1.7127496004104614, 0.25
32.73391509056091, 0.6000000238418579, -0.88002610206604, -18.178844451904297, -219.20059204101562, 1.7127496004104614, 0.25
32.743934631347656, 0.5957446694374084, -0.7366350889205933, -21.13132667541504, -209.4739532470703, 1.7230308055877686, 0.25
32.753968477249146, 0.5829787254333496, -0.8173704743385315, -22.756084442138672, -196.48760986328125, 1.7230308055877686, 0.25
32.76392960548401, 0.5787234306335449, -0.7078366875648499, -24.264789581298828, -201.97119140625, 1.7230308055877686, 0.25
32.77397108078003, 0.5765957236289978, -0.6477798819541931, -25.11585235595703, -192.0015869140625, 1.7230308055877686, 0.25
32.783931732177734, 0.5702127814292908, -0.5687731504440308, -28.220273971557617, -176.06040954589844, 1.7330838441848755, 0.25
32.7939248085022, 0.5765957236289978, -0.1220216155052185, -28.761859893798828, -156.68605041503906, 1.7330838441848755, 0.25
32.80392932891846, 0.5893617272377014, 0.30075663328170776, -28.491065979003906, -119.48162841796875, 1.7330838441848755, 0.25
32.81396508216858, 0.6106383204460144, 0.9952691197395325, -26.982362747192383, -39.65032958984375, 1.7330838441848755, 0.25
32.82392621040344, 0.6255319118499756, 1.5633022785186768, -25.918289184570312, 73.79912567138672, 1.7423378229141235, 0.25
32.83392643928528, 0.6404255032539368, 1.5834951400756836, -23.674575805664062, 126.205810546875, 1.7423378229141235, 0.25
32.84396529197693, 0.6638298034667969, 1.6218888759613037, -20.038211822509766, 199.29380798339844, 1.7423378229141235, 0.25
32.85393238067627, 0.6765957474708557, 1.7413330078125, -17.639759063720703, 246.65272521972656, 1.7423378229141235, 0.25
32.863951444625854, 0.693617045879364, 1.7166794538497925, -15.792167663574219, 255.31729125976562, 1.752388834953308, -0.25
32.873932123184204, 0.7063829898834229, 1.617544174194336, -12.503966331481934, 280.7667236328125, 1.752388834953308, -0.25
32.88393974304199, 0.7170212864875793, 1.4995380640029907, -10.531044960021973, 268.01953125, 1.752388834953308, -0.25
32.893970251083374, 0.7340425252914429, 1.4793288707733154, -7.707060813903809, 253.0103302001953, 1.752388834953308, -0.25
32.90393900871277, 0.7468085289001465, 1.4598679542541504, -6.524810314178467, 232.8723602294922, 1.760567307472229, -0.25
32.913936376571655, 0.7531914710998535, 1.30668306350708, -4.783998012542725, 215.50677490234375, 1.760567307472229, -0.25
32.923951387405396, 0.7617021203041077, 1.0939316749572754, -2.5402841567993164, 200.62173461914062, 1.760567307472229, -0.25
32.933932065963745, 0.7723404169082642, 0.9280532598495483, -0.6060481667518616, 159.36827087402344, 1.760567307472229, -0.25
32.94391989707947, 0.7808510661125183, 0.8636875152587891, 1.9138787984848022, 214.09646606445312, 1.753728985786438, -0.25
32.95395755767822, 0.7893617153167725, 0.9285569190979004, 3.732060670852661, 224.1368865966797, 1.753728985786438, -0.25
32.963963747024536, 0.7914893627166748, 0.7655580043792725, 5.356818675994873, 200.37289428710938, 1.753728985786438, -0.25
32.97393727302551, 0.7978723645210266, 0.5716514587402344, 6.6334147453308105, 176.83790588378906, 1.753728985786438, -0.25
32.983941078186035, 0.8042553067207336, 0.49352625012397766, 9.472771644592285, 178.86326599121094, 1.7421550750732422, -0.25
32.99393582344055, 0.8106383085250854, 0.6151548027992249, 10.555943489074707, 180.5170440673828, 1.7421550750732422, -0.25
33.00393867492676, 0.8127659559249878, 0.5156754851341248, 11.600431442260742, 155.63751220703125, 1.7421550750732422, -0.25
33.01392960548401, 0.8148936033248901, 0.4856296181678772, 12.21938705444336, 159.37191772460938, 1.7421550750732422, -0.25
33.023972034454346, 0.8212766051292419, 0.42177000641822815, 16.002660751342773, 175.05934143066406, 1.725602388381958, -0.25
33.03394865989685, 0.827659547328949, 0.4822182357311249, 16.853723526000977, 168.55459594726562, 1.725602388381958, -0.25
33.04392218589783, 0.8297872543334961, 0.4658254384994507, 17.511363983154297, 161.76596069335938, 1.725602388381958, -0.25
33.053924798965454, 0.8361701965332031, 0.6191238164901733, 18.59453582763672, 178.75526428222656, 1.725602388381958, -0.25
33.06394958496094, 0.8425531983375549, 0.5153777003288269, 22.65473747253418, 171.7469482421875, 1.709015965461731, -0.25
33.07391953468323, 0.848936140537262, 0.5424588918685913, 23.7379093170166, 185.15512084960938, 1.709015965461731, -0.25
33.083932399749756, 0.8553191423416138, 0.6340151429176331, 24.588973999023438, 182.29893493652344, 1.709015965461731, -0.25
33.09395432472229, 0.8638297915458679, 0.672371506690979, 25.94293785095215, 184.34815979003906, 1.709015965461731, -0.25
33.10392427444458, 0.8702127933502197, 0.6358219981193542, 29.93552589416504, 187.28729248046875, 1.6945035457611084, -0.25
33.113924980163574, 0.8765957355499268, 0.8301442861557007, 30.90264320373535, 215.0345001220703, 1.6945035457611084, -0.25
33.12394070625305, 0.8808510899543762, 0.6370599269866943, 32.179237365722656, 195.02285766601562, 1.6945035457611084, -0.25
33.13394093513489, 0.8872340321540833, 0.6209763288497925, 33.33978271484375, 202.3348388671875, 1.6945035457611084, -0.25
33.143929958343506, 0.8893616795539856, 0.4841257333755493, 36.13004684448242, 156.61061096191406, 1.6831996440887451, -0.25
33.15396690368652, 0.8957446813583374, 0.5072725415229797, 37.13584899902344, 153.8504638671875, 1.6831996440887451, -0.25
33.16392755508423, 0.9063829779624939, 0.6467981934547424, 38.33507537841797, 159.43130493164062, 1.6831996440887451, -0.25
33.17394042015076, 0.9127659797668457, 0.6414307355880737, 39.611671447753906, 161.28890991210938, 1.6831996440887451, -0.25
33.18394112586975, 0.9191489219665527, 0.7526935935020447, 42.249080657958984, 157.04139709472656, 1.6742258071899414, -0.25
33.193952798843384, 0.9234042763710022, 0.6105141043663025, 43.64173126220703, 159.6186981201172, 1.6742258071899414, -0.25
33.20395469665527, 0.9276595711708069, 0.5466679930686951, 44.80227279663086, 172.478759765625, 1.6742258071899414, -0.25
33.21391844749451, 0.9319148659706116, 0.4065362215042114, 45.73070526123047, 153.29798889160156, 1.6742258071899414, -0.25
33.22395038604736, 0.9340425729751587, 0.3547860085964203, 47.63212966918945, 135.62701416015625, 1.6663211584091187, -0.25
33.23396968841553, 0.9404255151748657, 0.4138895869255066, 48.44450759887695, 121.64253234863281, 1.6663211584091187, -0.25
33.243921995162964, 0.9468085169792175, 0.48712068796157837, 49.334259033203125, 119.73410034179688, 1.6663211584091187, -0.25
33.2539336681366, 0.9510638117790222, 0.5433763861656189, 50.030582427978516, 122.01472473144531, 1.6663211584091187, -0.25
33.26396656036377, 0.957446813583374, 0.5781698226928711, 52.57529067993164, 126.96685791015625, 1.6589210033416748, -0.25
33.27394437789917, 0.9617021083831787, 0.5445183515548706, 53.697147369384766, 141.66357421875, 1.6589210033416748, -0.25
33.28393530845642, 0.9659574627876282, 0.5120916962623596, 54.39347457885742, 135.29641723632812, 1.6589210033416748, -0.25
33.29395604133606, 0.9680851101875305, 0.41361555457115173, 55.244537353515625, 134.05519104003906, 1.6589210033416748, -0.25
33.30392837524414, 0.9680851101875305, 0.23913849890232086, 57.2986946105957, 121.85189056396484, 1.650601863861084, -0.25
33.3139283657074, 0.9702127575874329, 0.17785261571407318, 57.64685821533203, 100.35193634033203, 1.650601863861084, -0.25
33.32398080825806, 0.9702127575874329, 0.11460191756486893, 57.80159378051758, 83.45098114013672, 1.650601863861084, -0.25
33.3339638710022, 0.9702127575874329, 0.056016892194747925, 57.95633316040039, 66.3035888671875, 1.650601863861084, -0.25
33.343916177749634, 0.9723404049873352, 0.11833257228136063, 59.826812744140625, 67.07503509521484, 1.6415908336639404, 0.0
33.353920459747314, 0.9744681119918823, 0.11909055709838867, 60.02023696899414, 66.42205047607422, 1.6415908336639404, 0.0
33.36396241188049, 0.9744681119918823, 0.12410891056060791, 60.252342224121094, 69.22100067138672, 1.6415908336639404, 0.0
33.373929023742676, 0.9765957593917847, 0.10858491063117981, 60.56182098388672, 64.5111312866211, 1.6415908336639404, 0.0
33.38394117355347, 0.9765957593917847, 0.10846613347530365, 62.47099685668945, 67.39904022216797, 1.6319414377212524, 0.0
33.39396643638611, 0.9765957593917847, 0.06007843837141991, 62.58705139160156, 70.29412841796875, 1.6319414377212524, 0.0
33.40395379066467, 0.9765957593917847, 0.0, 62.66442108154297, 59.11007308959961, 1.6319414377212524, 0.0
33.41392493247986, 0.9765957593917847, 0.0, 62.66442108154297, 55.51185989379883, 1.6319414377212524, 0.0
33.42394399642944, 0.978723406791687, 0.05871472507715225, 63.018856048583984, 14.051194190979004, 1.6302047967910767, 0.0
33.433958530426025, 0.978723406791687, 0.0573967769742012, 63.134910583496094, 13.73579216003418, 1.6302047967910767, 0.0
33.4439480304718, 0.9808510541915894, 0.11947320401668549, 63.36701965332031, 19.726343154907227, 1.6302047967910767, 0.0
33.45398712158203, 0.9829787015914917, 0.1870608776807785, 63.56044387817383, 26.25905418395996, 1.6302047967910767, 0.0
33.46392345428467, 1.0035134553909302, 0.47114619612693787, 63.90280532836914, 16.79981231689453, 1.6334925889968872, 0.0
33.473952770233154, 1.0035134553909302, 0.48843130469322205, 64.80426788330078, 33.65290451049805, 1.6334925889968872, 0.0
33.483925342559814, 1.0035134553909302, 0.45714038610458374, 65.66703796386719, 49.51666259765625, 1.6334925889968872, 0.0
33.49396204948425, 1.0035134553909302, 0.4345289170742035, 66.49112701416016, 59.90152359008789, 1.6334925889968872, 0.0
33.503976821899414, 1.0008108615875244, 0.32449647784233093, 67.11077880859375, 64.60665893554688, 1.6338636875152588, 0.0
33.5139594078064, 1.0008108615875244, -0.05318300053477287, 67.01249694824219, 61.1916389465332, 1.6338636875152588, 0.0
33.52394223213196, 0.9981080889701843, -0.1140725240111351, 66.86508178710938, 43.49022674560547, 1.6338636875152588, 0.0
33.533944845199585, 1.0008108615875244, -0.05313314497470856, 66.76679992675781, 21.6204833984375, 1.6338636875152588, 0.0
33.5439248085022, 1.0008108615875244, -0.051973577588796616, 66.45381164550781, -0.7175835967063904, 1.6350445747375488, 0.0
33.553940773010254, 0.9981080889701843, -0.0520714595913887, 66.35552978515625, -14.55092716217041, 1.6350445747375488, 0.0
33.56392550468445, 0.9981080889701843, -0.05551670864224434, 66.25725555419922, -15.513672828674316, 1.6350445747375488, 0.0
33.57394242286682, 0.9981080889701843, 0.0, 66.20811462402344, -13.041413307189941, 1.6350445747375488, 0.0
33.58392786979675, 0.9927027225494385, -0.14089518785476685, 65.86400604248047, -15.687833786010742, 1.6355857849121094, 0.0
33.59394383430481, 0.9900000095367432, -0.2046848088502884, 65.52002716064453, -17.679630279541016, 1.6355857849121094, 0.0
33.603924036026, 0.9845945835113525, -0.2464659959077835, 65.07776641845703, -23.304460525512695, 1.6355857849121094, 0.0
33.61392664909363, 0.9764865040779114, -0.41516047716140747, 64.38980865478516, -35.85710525512695, 1.6355857849121094, 0.0
33.62392568588257, 0.9737837910652161, -0.46609535813331604, 64.02752685546875, -41.78371810913086, 1.635145902633667, 0.0
33.63397216796875, 0.9683783650398254, -0.52801513671875, 63.04472351074219, -59.88163375854492, 1.635145902633667, 0.0
33.643924951553345, 0.9629729986190796, -0.594495952129364, 62.01278305053711, -74.06381225585938, 1.635145902633667, 0.0
33.65392518043518, 0.957567572593689, -0.5942126512527466, 60.93170166015625, -87.77889251708984, 1.635145902633667, 0.0
33.66394281387329, 0.9521621465682983, -0.553292453289032, 59.90121078491211, -90.85242462158203, 1.6348676681518555, 0.0
33.6739387512207, 0.949459433555603, -0.48589614033699036, 58.96754837036133, -101.07673645019531, 1.6348676681518555, 0.0
33.68394207954407, 0.9440540671348572, -0.4453818202018738, 58.08302688598633, -90.84937286376953, 1.6348676681518555, 0.0
33.69396209716797, 0.9413513541221619, -0.4373651146888733, 57.24764633178711, -96.38983154296875, 1.6348676681518555, 0.0
33.7039361000061, 0.9332432150840759, -0.48504140973091125, 56.32770919799805, -91.80633544921875, 1.6350624561309814, 0.0
33.71396493911743, 0.9251351356506348, -0.5375293493270874, 55.39405059814453, -89.64105224609375, 1.6350624561309814, 0.0
33.72394824028015, 0.9170270562171936, -0.6459848284721375, 54.31296920776367, -92.70930480957031, 1.6350624561309814, 0.0
33.73393392562866, 0.9089189171791077, -0.6609887480735779, 53.084468841552734, -94.03670501708984, 1.6350624561309814, 0.0
33.74393558502197, 0.903513491153717, -0.7498388886451721, 51.81603240966797, -107.63921356201172, 1.6347415447235107, 0.0
33.7539324760437, 0.8954054117202759, -0.7486715316772461, 50.44011306762695, -116.49390411376953, 1.6347415447235107, 0.0
33.76394724845886, 0.8927026987075806, -0.6725242733955383, 49.211612701416016, -128.2000732421875, 1.6347415447235107, 0.0
33.773937463760376, 0.8872972726821899, -0.5870234370231628, 48.081390380859375, -123.04460906982422, 1.6347415447235107, 0.0
33.78393816947937, 0.8791891932487488, -0.5841907858848572, 46.95429229736328, -120.45823669433594, 1.634994626045227, 0.0
33.79393935203552, 0.8710810542106628, -0.6811109781265259, 45.824073791503906, -125.8366928100586, 1.634994626045227, 0.0
33.80394506454468, 0.8602702617645264, -0.7065949440002441, 44.59557342529297, -117.53826141357422, 1.634994626045227, 0.0
33.81393241882324, 0.8494594693183899, -0.9367591738700867, 43.07223129272461, -132.9946746826172, 1.634994626045227, 0.0
33.823920488357544, 0.8440540432929993, -0.8537719249725342, 41.511085510253906, -129.72067260742188, 1.634932279586792, 0.0
33.83395504951477, 0.8386486768722534, -0.8124192357063293, 39.98774337768555, -139.607421875, 1.634932279586792, 0.0
33.84393835067749, 0.8305405378341675, -0.7747726440429688, 38.51354217529297, -139.7119903564453, 1.634932279586792, 0.0
33.853962659835815, 0.8224324584007263, -0.7245737910270691, 37.13761901855469, -142.815673828125, 1.634932279586792, 0.0
33.863964319229126, 0.8116216063499451, -0.6988568305969238, 35.778297424316406, -134.71739196777344, 1.6345707178115845, 0.0
33.873929500579834, 0.8008108139038086, -0.8020487427711487, 34.205814361572266, -135.4935760498047, 1.6345707178115845, 0.0
33.883923053741455, 0.7927026748657227, -0.918766438961029, 32.53505325317383, -149.029052734375, 1.6345707178115845, 0.0
33.893938064575195, 0.7872973084449768, -0.894708514213562, 30.913433074951172, -157.24728393554688, 1.6345707178115845, 0.0
33.903932332992554, 0.7791891694068909, -0.8138531446456909, 29.25444793701172, -148.3640899658203, 1.6350464820861816, 0.0
33.91393852233887, 0.773783802986145, -0.6808655261993408, 28.51734733581543, -132.39537048339844, 1.6350464820861816, 0.0
33.9239559173584, 0.7602702975273132, -0.8382258415222168, 26.944866180419922, -155.9865264892578, 1.6350464820861816, 0.0
33.93397617340088, 0.749459445476532, -0.8054807186126709, 25.27410316467285, -141.9371795654297, 1.6350464820861816, 0.0
33.94393515586853, 0.7413513660430908, -0.8610314130783081, 23.568634033203125, -143.91110229492188, 1.6346968412399292, 0.0
33.95394325256348, 0.7305405139923096, -1.0622148513793945, 21.652172088623047, -164.84254455566406, 1.6346968412399292, 0.0
33.96400189399719, 0.7251351475715637, -1.0040260553359985, 20.669370651245117, -159.46337890625, 1.6346968412399292, 0.0
33.97393321990967, 0.7143242955207825, -0.9576714038848877, 18.703767776489258, -159.9366455078125, 1.6346968412399292, 0.0
33.98394298553467, 0.703513503074646, -0.9745845198631287, 16.80196189880371, -176.6451416015625, 1.6348865032196045, 0.0
33.99392914772034, 0.6927027106285095, -1.010571837425232, 14.934640884399414, -186.06907653808594, 1.6348865032196045, 0.0
34.003968954086304, 0.681891918182373, -1.0408077239990234, 13.018178939819336, -185.17080688476562, 1.6348865032196045, 0.0
34.01395916938782, 0.6710810661315918, -1.101754903793335, 11.052577018737793, -196.01397705078125, 1.6348865032196045, 0.0
34.02399396896362, 0.665675699710846, -0.8720712065696716, 9.24490737915039, -169.55868530273438, 1.6348286867141724, 0.0
34.033935546875, 0.6548648476600647, -0.9621691703796387, 7.475865364074707, -184.45082092285156, 1.6348286867141724, 0.0
34.04398059844971, 0.6413513422012329, -1.0291627645492554, 5.608543395996094, -186.90982055664062, 1.6348286867141724, 0.0
34.0539665222168, 0.6278378367424011, -1.1307123899459839, 3.593801498413086, -197.14080810546875, 1.6348286867141724, 0.0
34.06393313407898, 0.6170270442962646, -1.0402345657348633, 1.6437833309173584, -181.06602478027344, 1.6347429752349854, 0.0
34.0739541053772, 0.6089189052581787, -1.2035750150680542, -0.3709586560726166, -203.9125518798828, 1.6347429752349854, 0.0
34.083977937698364, 0.6035135388374329, -0.9187059998512268, -1.4028996229171753, -158.03561401367188, 1.6347429752349854, 0.0
34.09400653839111, 0.5954053997993469, -0.8951259851455688, -2.483980655670166, -149.93942260742188, 1.6347429752349854, 0.0
