22.836776733398438, 1.0106383562088013, -1.1532373428344727, 81.74579620361328, -7005.00146484375, 1.5842279195785522, 0.25
22.846776723861694, 0.9914893507957458, -1.5588406324386597, 78.96049499511719, -8706.6875, 1.5842279195785522, 0.25
22.85673975944519, 0.9765957593917847, -1.4657180309295654, 75.94308471679688, -7588.0478515625, 1.5842279195785522, 0.25
22.86678981781006, 0.9659574627876282, -1.375281810760498, 73.8927993774414, -7126.34130859375, 1.5842279195785522, 0.25
22.876747131347656, 0.9510638117790222, -1.3163063526153564, 70.8147201538086, -238.93099975585938, 1.5845615863800049, 0.25
22.88674569129944, 0.9382978677749634, -1.455419659614563, 68.88048553466797, -275.80810546875, 1.5845615863800049, 0.25
22.896778345108032, 0.9212765693664551, -1.5530476570129395, 65.86307525634766, -282.98944091796875, 1.5845615863800049, 0.25
22.90674376487732, 0.9063829779624939, -1.4452804327011108, 62.84566879272461, -262.3418884277344, 1.5845615863800049, 0.25
22.91675043106079, 0.8957446813583374, -1.4546130895614624, 59.7584228515625, -290.72454833984375, 1.5906903743743896, 0.25
22.926767349243164, 0.8851063847541809, -1.2241497039794922, 57.01180648803711, -285.1007080078125, 1.5906903743743896, 0.25
22.9367413520813, 0.8659574389457703, -1.2675458192825317, 54.34256362915039, -261.0043029785156, 1.5906903743743896, 0.25
22.94674515724182, 0.8553191423416138, -1.4024176597595215, 52.52437973022461, -283.4639892578125, 1.5906903743743896, 0.25
22.956764221191406, 0.8446808457374573, -1.3180874586105347, 47.91401290893555, -306.2951965332031, 1.6015793085098267, 0.25
22.966760873794556, 0.8297872543334961, -1.3987541198730469, 45.20608139038086, -313.1196594238281, 1.6015793085098267, 0.25
22.976741790771484, 0.8148936033248901, -1.1664040088653564, 42.69157791137695, -268.1553039550781, 1.6015793085098267, 0.25
22.986756324768066, 0.8021276593208313, -1.34636390209198, 40.95076370239258, -292.8772277832031, 1.6015793085098267, 0.25
22.996781587600708, 0.7893617153167725, -1.2802717685699463, 35.783836364746094, -294.0729675292969, 1.6146782636642456, 0.25
23.006736040115356, 0.7765957713127136, -1.224295735359192, 33.11458969116211, -281.2154846191406, 1.6146782636642456, 0.25
23.016765832901, 0.7659574747085571, -1.4395649433135986, 31.29640769958496, -335.2138977050781, 1.6146782636642456, 0.25
23.026738166809082, 0.7510638236999512, -1.3439836502075195, 28.74321746826172, -323.85015869140625, 1.6146782636642456, 0.25
23.03677749633789, 0.7404255270957947, -1.256487250328064, 23.722957611083984, -314.1476135253906, 1.6282471418380737, 0.25
23.046743869781494, 0.7234042286872864, -1.226214051246643, 21.208450317382812, -287.5762939453125, 1.6282471418380737, 0.25
23.0567409992218, 0.7127659320831299, -1.3856287002563477, 19.46763801574707, -310.8340148925781, 1.6282471418380737, 0.25
23.066753387451172, 0.699999988079071, -1.2154953479766846, 16.914445877075195, -298.6369323730469, 1.6282471418380737, 0.25
23.076749086380005, 0.6872340440750122, -1.2084379196166992, 12.05608081817627, -268.0427551269531, 1.6405000686645508, 0.25
23.086747884750366, 0.6702127456665039, -1.356507658958435, 9.464203834533691, -301.9583435058594, 1.6405000686645508, 0.25
23.09674096107483, 0.6595744490623474, -1.279684066772461, 7.723391532897949, -296.7478942871094, 1.6405000686645508, 0.25
23.10676598548889, 0.6468085050582886, -1.3652598857879639, 5.0541462898254395, -308.2236328125, 1.6405000686645508, 0.25
23.116743087768555, 0.6319149136543274, -1.3432250022888184, 0.4911417067050934, -281.8265686035156, 1.6509157419204712, 0.25
23.12674617767334, 0.6212766170501709, -1.3718297481536865, -1.3270400762557983, -302.51141357421875, 1.6509157419204712, 0.25
23.13676643371582, 0.6085106134414673, -1.3033602237701416, -3.9189162254333496, -287.4127502441406, 1.6509157419204712, 0.25
23.14673948287964, 0.5978723168373108, -1.239041805267334, -6.317368984222412, -291.741943359375, 1.6509157419204712, 0.25
23.15674328804016, 0.585106372833252, -1.2775189876556396, -9.733011245727539, -279.0422058105469, 1.6603400707244873, 0.25
23.166744232177734, 0.5744680762290955, -1.2526742219924927, -12.054094314575195, -290.72784423828125, 1.6603400707244873, 0.25
23.1767635345459, 0.5659574270248413, -1.0993773937225342, -14.259122848510742, -260.1625061035156, 1.6603400707244873, 0.25
23.186739921569824, 0.5510638356208801, -1.0597310066223145, -16.502836227416992, -244.69580078125, 1.6603400707244873, 0.25
23.196733951568604, 0.5446808338165283, -1.0239875316619873, -19.54421615600586, -241.6400146484375, 1.6694080829620361, 0.25
23.2067711353302, 0.5361701846122742, -1.0002562999725342, -21.51713752746582, -241.3662872314453, 1.6694080829620361, 0.25
23.216755867004395, 0.5234042406082153, -1.0324115753173828, -23.567426681518555, -231.1138458251953, 1.6694080829620361, 0.25
23.22674059867859, 0.5191489458084106, -0.876683235168457, -24.766653060913086, -227.0021514892578, 1.6694080829620361, 0.25
23.236762523651123, 0.5170212984085083, -0.7054585814476013, -27.87625503540039, -212.04718017578125, 1.6784257888793945, 0.25
23.246745109558105, 0.5255318880081177, -0.15727971494197845, -28.572580337524414, -157.64500427246094, 1.6784257888793945, 0.25
23.256750106811523, 0.5382978916168213, 0.4195604622364044, -28.22441864013672, -131.18971252441406, 1.6784257888793945, 0.25
23.266785144805908, 0.5574468374252319, 1.0461277961730957, -26.444921493530273, -32.10578536987305, 1.6784257888793945, 0.25
23.276737451553345, 0.5808510780334473, 1.5053366422653198, -24.96115493774414, 79.61328887939453, 1.6870735883712769, 0.25
23.286747455596924, 0.5936170220375061, 1.9002504348754883, -22.562702178955078, 167.73526000976562, 1.6870735883712769, 0.25
23.29676580429077, 0.6148936152458191, 1.8765254020690918, -18.810285568237305, 246.67282104492188, 1.6870735883712769, 0.25
23.306742429733276, 0.6340425610542297, 1.8301053047180176, -15.135236740112305, 280.0844421386719, 1.6870735883712769, 0.25
23.31676936149597, 0.6468085050582886, 1.7047423124313354, -14.559558868408203, 268.84063720703125, 1.6970988512039185, 0.25
23.326744079589844, 0.6617021560668945, 1.564298152923584, -11.155303955078125, 257.82110595703125, 1.6970988512039185, 0.25
23.336740493774414, 0.6702127456665039, 1.4497958421707153, -9.066329002380371, 255.3681182861328, 1.6970988512039185, 0.25
23.346761226654053, 0.6893616914749146, 1.4968410730361938, -5.971551418304443, 247.9535675048828, 1.6970988512039185, 0.25
23.356749773025513, 0.7021276354789734, 1.2793574333190918, -5.004327297210693, 210.32125854492188, 1.7073110342025757, 0.25
23.3667414188385, 0.7106382846832275, 1.304602861404419, -3.186145544052124, 212.45199584960938, 1.7073110342025757, 0.25
23.376747131347656, 0.7234042286872864, 1.3135896921157837, -0.5942692756652832, 208.4403533935547, 1.7073110342025757, 0.25
23.38674783706665, 0.7382978796958923, 1.2036292552947998, 1.8428680896759033, 184.4551239013672, 1.7073110342025757, 0.25
23.396735429763794, 0.742553174495697, 1.0591353178024292, 1.3869162797927856, 167.44842529296875, 1.7181166410446167, 0.25
23.406749725341797, 0.7553191781044006, 1.134463906288147, 3.6306300163269043, 167.4160919189453, 1.7181166410446167, 0.25
23.41676640510559, 0.7723404169082642, 1.2710598707199097, 5.990397930145264, 164.2073516845703, 1.7181166410446167, 0.25
23.426738500595093, 0.7808510661125183, 1.167229175567627, 7.4991021156311035, 155.1498565673828, 1.7181166410446167, 0.25
23.436774730682373, 0.800000011920929, 1.4079492092132568, 8.374200820922852, 171.3231964111328, 1.7281972169876099, 0.25
23.446744441986084, 0.8170212507247925, 1.5273867845535278, 11.352923393249512, 191.85397338867188, 1.7281972169876099, 0.25
23.456737995147705, 0.8319149017333984, 1.5395143032073975, 14.331646919250488, 203.83924865722656, 1.7281972169876099, 0.25
23.466753244400024, 0.8446808457374573, 1.5523087978363037, 16.420621871948242, 218.0772247314453, 1.7281972169876099, 0.25
23.476754665374756, 0.8638297915458679, 1.517327070236206, 17.753738403320312, 214.2594451904297, 1.7383118867874146, 0.25
23.486772537231445, 0.8702127933502197, 1.5162516832351685, 19.765342712402344, 239.80050659179688, 1.7383118867874146, 0.25
23.496766328811646, 0.8851063847541809, 1.4802366495132446, 22.782751083374023, 235.18113708496094, 1.7383118867874146, 0.25
23.506778240203857, 0.8978723287582397, 1.2289003133773804, 25.413312911987305, 208.67037963867188, 1.7383118867874146, 0.25
23.51673984527588, 0.914893627166748, 1.2243022918701172, 26.135393142700195, 191.9076385498047, 1.747957468032837, 0.25
23.526750564575195, 0.9234042763710022, 1.2159613370895386, 27.91489028930664, 184.57064819335938, 1.747957468032837, 0.25
23.536768198013306, 0.9382978677749634, 1.344071626663208, 30.54545021057129, 187.70864868164062, 1.747957468032837, 0.25
23.54676604270935, 0.9510638117790222, 1.41974937915802, 33.33074951171875, 206.13389587402344, 1.747957468032837, 0.25
23.556756734848022, 0.9595744609832764, 1.2920032739639282, 34.99419403076172, 256.1634216308594, 1.75786554813385, -0.25
23.5667724609375, 0.9765957593917847, 1.4063252210617065, 35.745914459228516, 200.58981323242188, 1.75786554813385, -0.25
23.57674741744995, 0.9936169981956482, 1.3286714553833008, 38.337791442871094, 185.31240844726562, 1.75786554813385, -0.25
23.586734294891357, 1.006382942199707, 1.4432427883148193, 41.04572296142578, 193.9980926513672, 1.75786554813385, -0.25
23.596752643585205, 1.0127660036087036, 1.3403135538101196, 41.21966552734375, 206.58155822753906, 1.7666960954666138, -0.25
23.60677933692932, 1.02765953540802, 1.3885345458984375, 43.85022735595703, 206.90419006347656, 1.7666960954666138, -0.25
23.616748094558716, 1.0382978916168213, 1.2574399709701538, 46.20999526977539, 207.47349548339844, 1.7666960954666138, -0.25
23.62675142288208, 1.048936128616333, 1.0247060060501099, 48.29896926879883, 169.22805786132812, 1.7666960954666138, -0.25
23.63674259185791, 1.0553191900253296, 0.9479434490203857, 50.51878356933594, 220.39149475097656, 1.7619339227676392, -0.25
23.646785259246826, 1.0659574270248413, 0.9887460470199585, 52.37565231323242, 224.0208740234375, 1.7619339227676392, -0.25
23.656750202178955, 1.0723403692245483, 0.8569831252098083, 54.155147552490234, 194.64654541015625, 1.7619339227676392, -0.25
23.66674494743347, 1.0808510780334473, 0.837658166885376, 55.8185920715332, 191.88052368164062, 1.7619339227676392, -0.25
23.676747798919678, 1.0829787254333496, 0.6976911425590515, 58.85264587402344, 210.81935119628906, 1.750565767288208, -0.25
23.68676781654358, 1.0872340202331543, 0.5420195460319519, 60.013187408447266, 199.75921630859375, 1.750565767288208, -0.25
23.69674277305603, 1.0936169624328613, 0.45340028405189514, 60.98030471801758, 166.3467254638672, 1.750565767288208, -0.25
23.706749439239502, 1.0957447290420532, 0.42279767990112305, 61.52189254760742, 161.9044189453125, 1.750565767288208, -0.25
23.716753721237183, 1.100000023841858, 0.39783695340156555, 65.32579040527344, 161.54330444335938, 1.7343251705169678, -0.25
23.72677707672119, 1.106382966041565, 0.44614678621292114, 66.21553802490234, 154.4588623046875, 1.7343251705169678, -0.25
23.73675298690796, 1.1085106134414673, 0.4287758767604828, 67.02791595458984, 166.3102569580078, 1.7343251705169678, -0.25
23.746742486953735, 1.112765908241272, 0.4234568774700165, 67.56950378417969, 164.24716186523438, 1.7343251705169678, -0.25
23.75677728652954, 1.1148936748504639, 0.3742001950740814, 71.3404312133789, 168.36557006835938, 1.7176276445388794, -0.25
23.766772508621216, 1.1191489696502686, 0.3534277677536011, 72.03675079345703, 153.66436767578125, 1.7176276445388794, -0.25
23.77676010131836, 1.121276617050171, 0.3832806348800659, 72.50096893310547, 164.3209686279297, 1.7176276445388794, -0.25
23.786749124526978, 1.127659559249878, 0.42596903443336487, 73.23597717285156, 155.42710876464844, 1.7176276445388794, -0.25
23.796743869781494, 1.1319148540496826, 0.37942394614219666, 76.73588562011719, 131.53936767578125, 1.7026335000991821, -0.25
23.806753873825073, 1.1361702680587769, 0.4090920686721802, 77.50957489013672, 143.9499053955078, 1.7026335000991821, -0.25
23.816746473312378, 1.1382979154586792, 0.4225403070449829, 78.08984375, 151.97454833984375, 1.7026335000991821, -0.25
23.82677912712097, 1.1425532102584839, 0.41765299439430237, 78.82485961914062, 150.21673583984375, 1.7026335000991821, -0.25
23.836737155914307, 1.1446808576583862, 0.31459638476371765, 81.67041778564453, 115.88370513916016, 1.6908127069473267, -0.25
23.84673833847046, 1.1468085050582886, 0.2878354787826538, 82.05726623535156, 123.04467010498047, 1.6908127069473267, -0.25
23.8567373752594, 1.148936152458191, 0.3098198473453522, 82.59884643554688, 124.55628967285156, 1.6908127069473267, -0.25
23.86677837371826, 1.1510637998580933, 0.22440563142299652, 83.06306457519531, 105.63153076171875, 1.6908127069473267, -0.25
23.876736402511597, 1.155319094657898, 0.2728566825389862, 85.1275863647461, 83.7103271484375, 1.6822237968444824, -0.25
23.886733531951904, 1.155319094657898, 0.25564852356910706, 85.43706512451172, 96.876708984375, 1.6822237968444824, -0.25
23.896735668182373, 1.1574468612670898, 0.24778705835342407, 85.90128326416016, 91.64503479003906, 1.6822237968444824, -0.25
23.906775951385498, 1.1595745086669922, 0.19724565744400024, 86.28813171386719, 94.87860107421875, 1.6822237968444824, -0.25
23.9167423248291, 1.1595745086669922, 0.10152503848075867, 88.00540924072266, 64.96832275390625, 1.674268126487732, -0.25
23.926735639572144, 1.1617021560668945, 0.13064047694206238, 88.1988296508789, 80.03707122802734, 1.674268126487732, -0.25
23.936737298965454, 1.1617021560668945, 0.12085659801959991, 88.43093872070312, 68.54947662353516, 1.674268126487732, -0.25
23.946781396865845, 1.1617021560668945, 0.057334091514348984, 88.5469970703125, 57.74236297607422, 1.674268126487732, -0.25
23.95673942565918, 1.1617021560668945, 0.0, 90.00772857666016, 47.78099060058594, 1.6668723821640015, -0.25
23.966742277145386, 1.1617021560668945, 0.0, 90.00772857666016, 49.516292572021484, 1.6668723821640015, -0.25
23.976770162582397, 1.1617021560668945, -5.908282489554967e-14, 90.00772857666016, 40.92671203613281, 1.6668723821640015, -0.25
23.986756086349487, 1.1595745086669922, -0.05967668071389198, 89.96904754638672, 38.80069351196289, 1.6668723821640015, -0.25
23.996757745742798, 1.1595745086669922, -0.06379334628582001, 89.85298919677734, -4.6395158767700195, 1.6584526300430298, -0.25
24.00673508644104, 1.1574468612670898, -0.1271141767501831, 91.15174865722656, 34.17387771606445, 1.6584526300430298, -0.25
24.016768217086792, 1.155319094657898, -0.18745380640029907, 90.80358123779297, 23.37246322631836, 1.6584526300430298, -0.25
24.026764392852783, 1.1510637998580933, -0.24851158261299133, 90.3780517578125, 14.202250480651855, 1.6584526300430298, -0.25
24.036734342575073, 1.148936152458191, -0.23011992871761322, 91.62858581542969, 10.801287651062012, 1.6490215063095093, -0.25
24.04674196243286, 1.1446808576583862, -0.2961062788963318, 91.24173736572266, 5.735074043273926, 1.6490215063095093, -0.25
24.05677843093872, 1.1404255628585815, -0.33218130469322205, 90.58409881591797, -1.684781789779663, 1.6490215063095093, -0.25
24.066759824752808, 1.1361702680587769, -0.41380736231803894, 89.84909057617188, -10.397547721862793, 1.6490215063095093, -0.25
24.07678461074829, 1.1319148540496826, -0.4302821159362793, 91.11096954345703, -13.084851264953613, 1.6388896703720093, -0.25
24.086735248565674, 1.1234042644500732, -0.5513097643852234, 90.10516357421875, -24.438430786132812, 1.6388896703720093, -0.25
24.096758127212524, 1.121276617050171, -0.5506029725074768, 89.40884399414062, -33.79297637939453, 1.6388896703720093, -0.25
24.106772899627686, 1.112765908241272, -0.6843597292900085, 88.2096176147461, -47.939537048339844, 1.6388896703720093, -0.25
24.11674666404724, 1.1085106134414673, -0.48397696018218994, 89.00382232666016, -40.891387939453125, 1.628138542175293, -0.25
24.126744031906128, 1.1021276712417603, -0.6194246411323547, 88.19144439697266, -55.71409225463867, 1.628138542175293, -0.25
24.136764764785767, 1.0936169624328613, -0.7262214422225952, 86.87616729736328, -61.0352783203125, 1.628138542175293, -0.25
24.14677906036377, 1.0893616676330566, -0.6303510069847107, 85.63825225830078, -58.83591842651367, 1.628138542175293, -0.25
24.156736612319946, 1.0829787254333496, -0.5256553888320923, 86.2552490234375, -57.3926887512207, 1.6175110340118408, -0.25
24.1667377948761, 1.0765957832336426, -0.7029327750205994, 85.44287109375, -69.7712631225586, 1.6175110340118408, -0.25
24.176770210266113, 1.070212721824646, -0.635574996471405, 84.2049560546875, -60.984432220458984, 1.6175110340118408, -0.25
24.18675661087036, 1.063829779624939, -0.529334545135498, 82.96704864501953, -54.90711212158203, 1.6175110340118408, -0.25
24.196775674819946, 1.057446837425232, -0.6208755373954773, 83.99970245361328, -54.84941101074219, 1.6071505546569824, -0.25
24.206777811050415, 1.048936128616333, -0.6874349117279053, 82.64574432373047, -63.85410690307617, 1.6071505546569824, -0.25
24.216734409332275, 1.0404255390167236, -0.7929236888885498, 81.17572021484375, -74.64100646972656, 1.6071505546569824, -0.25
24.226747751235962, 1.0319149494171143, -0.8809527158737183, 80.05386352539062, -80.41309356689453, 1.6071505546569824, -0.25
24.236762523651123, 1.0234042406082153, -0.8388842940330505, 80.01641082763672, -92.49916076660156, 1.5973565578460693, 0.25
24.246750354766846, 1.0106383562088013, -0.9869810938835144, 78.12085723876953, -110.80390167236328, 1.5973565578460693, 0.25
24.25674080848694, 1.0042552947998047, -1.0224347114562988, 76.80558013916016, -123.5322265625, 1.5973565578460693, 0.25
24.266762495040894, 0.9957447052001953, -0.9339340329170227, 74.9487075805664, -131.2808074951172, 1.5973565578460693, 0.25
24.276739835739136, 0.9851064085960388, -0.8248689770698547, 74.79371643066406, -111.55099487304688, 1.5882090330123901, 0.25
24.28675389289856, 0.978723406791687, -0.901115894317627, 73.63317108154297, -126.70960235595703, 1.5882090330123901, 0.25
24.2967848777771, 0.9680851101875305, -0.8228976726531982, 71.93104553222656, -108.7288589477539, 1.5882090330123901, 0.25
24.306766271591187, 0.9617021083831787, -0.7001658082008362, 70.73181915283203, -86.73036193847656, 1.5882090330123901, 0.25
24.31673765182495, 0.9510638117790222, -0.8075607419013977, 68.6349105834961, -146.09970092773438, 1.589316487312317, 0.25
24.326759338378906, 0.9446808695793152, -0.8710108995437622, 67.35831451416016, -160.54812622070312, 1.589316487312317, 0.25
24.33677363395691, 0.9382978677749634, -0.8174346685409546, 65.61750793457031, -173.259033203125, 1.589316487312317, 0.25
24.346742630004883, 0.9319148659706116, -0.6974185109138489, 64.10880279541016, -164.00433349609375, 1.589316487312317, 0.25
24.356736660003662, 0.9234042763710022, -0.6820772886276245, 61.60445785522461, -185.72486877441406, 1.596069097518921, 0.25
24.366738319396973, 0.9170212745666504, -0.7240609526634216, 60.7147102355957, -170.8534393310547, 1.596069097518921, 0.25
24.37676239013672, 0.9063829779624939, -0.8085471987724304, 59.12863540649414, -161.43356323242188, 1.596069097518921, 0.25
24.38675308227539, 0.8936170339584351, -1.0356260538101196, 57.27177047729492, -183.57415771484375, 1.596069097518921, 0.25
24.396741151809692, 0.8851063847541809, -0.8940353989601135, 54.32093811035156, -169.511962890625, 1.6016603708267212, 0.25
24.406743049621582, 0.8765957355499268, -1.033509612083435, 53.00565719604492, -205.90493774414062, 1.6016603708267212, 0.25
24.416775941848755, 0.8659574389457703, -1.0166791677474976, 51.032737731933594, -211.25070190429688, 1.6016603708267212, 0.25
24.42673683166504, 0.8574467897415161, -0.8280260562896729, 49.21455383300781, -179.9818115234375, 1.6016603708267212, 0.25
24.436742782592773, 0.8531914949417114, -0.8326745629310608, 45.73279571533203, -224.06866455078125, 1.614214301109314, 0.25
24.446767807006836, 0.8446808457374573, -0.7913011908531189, 44.146724700927734, -234.62741088867188, 1.614214301109314, 0.25
24.456758975982666, 0.8340425491333008, -0.7207610011100769, 42.599334716796875, -189.0860137939453, 1.614214301109314, 0.25
24.46674633026123, 0.8255318999290466, -0.8966492414474487, 41.43879318237305, -218.4601287841797, 1.614214301109314, 0.25
24.476778984069824, 0.8191489577293396, -0.8799682259559631, 37.31336212158203, -217.21072387695312, 1.627329707145691, 0.25
24.486749172210693, 0.8085106611251831, -0.8945856690406799, 35.572547912597656, -212.10057067871094, 1.627329707145691, 0.25
24.496747493743896, 0.7957446575164795, -0.9377697110176086, 33.71568298339844, -228.73312377929688, 1.627329707145691, 0.25
24.506768226623535, 0.7872340679168701, -1.0224347114562988, 32.4390869140625, -237.9948272705078, 1.627329707145691, 0.25
24.51676082611084, 0.778723418712616, -1.0783628225326538, 27.917613983154297, -249.308837890625, 1.6407084465026855, 0.25
24.52674388885498, 0.7723404169082642, -0.8426865935325623, 26.060747146606445, -234.80831909179688, 1.6407084465026855, 0.25
24.536777019500732, 0.7617021203041077, -1.0161174535751343, 24.861520767211914, -264.2829895019531, 1.6407084465026855, 0.25
24.546760082244873, 0.7510638236999512, -0.8625049591064453, 23.120708465576172, -233.01231384277344, 1.6407084465026855, 0.25
24.556753873825073, 0.7404255270957947, -0.8768284916877747, 19.1204833984375, -197.31527709960938, 1.6522841453552246, 0.25
24.566741943359375, 0.7340425252914429, -1.061614751815796, 17.76651954650879, -229.9154815673828, 1.6522841453552246, 0.25
24.576778888702393, 0.7234042286872864, -1.0122697353363037, 15.832283020019531, -236.4551544189453, 1.6522841453552246, 0.25
24.58674383163452, 0.7106382846832275, -0.8739997148513794, 13.859362602233887, -208.83058166503906, 1.6522841453552246, 0.25
24.596771001815796, 0.7042553424835205, -1.0055601596832275, 10.692219734191895, -234.31234741210938, 1.6624693870544434, 0.25
24.606767892837524, 0.693617045879364, -1.024022102355957, 8.71929931640625, -236.42384338378906, 1.6624693870544434, 0.25
24.616747617721558, 0.6829787492752075, -1.033298373222351, 6.630324363708496, -244.09120178222656, 1.6624693870544434, 0.25
24.62673306465149, 0.672340452671051, -0.9155634641647339, 4.6960883140563965, -215.30001831054688, 1.6624693870544434, 0.25
24.63677191734314, 0.6638298034667969, -1.0453108549118042, 1.6689448356628418, -228.3335418701172, 1.6716718673706055, 0.25
24.646769523620605, 0.651063859462738, -1.0877093076705933, -0.4587147533893585, -239.79229736328125, 1.6716718673706055, 0.25
24.65676522254944, 0.6468085050582886, -0.9790827035903931, -1.7353105545043945, -226.4473419189453, 1.6716718673706055, 0.25
24.666772842407227, 0.6361702084541321, -1.0374674797058105, -3.669546604156494, -239.95086669921875, 1.6716718673706055, 0.25
24.676742792129517, 0.6212766170501709, -0.8411447405815125, -7.334277153015137, -192.27874755859375, 1.680551290512085, 0.25
24.686744451522827, 0.6148936152458191, -1.052729606628418, -8.688241958618164, -239.51939392089844, 1.680551290512085, 0.25
24.69676375389099, 0.6042553186416626, -1.1309075355529785, -10.815901756286621, -236.71495056152344, 1.680551290512085, 0.25
24.706740617752075, 0.5914893746376038, -1.065629005432129, -12.943561553955078, -238.67214965820312, 1.680551290512085, 0.25
24.71675944328308, 0.5872340202331543, -0.9267528653144836, -15.829178810119629, -231.25982666015625, 1.6894009113311768, 0.25
24.72676181793213, 0.5787234306335449, -0.9620321989059448, -17.647361755371094, -233.5040283203125, 1.6894009113311768, 0.25
24.736751079559326, 0.5680851340293884, -0.7782037258148193, -19.42685890197754, -180.92636108398438, 1.6894009113311768, 0.25
24.746771335601807, 0.563829779624939, -0.778556227684021, -20.471345901489258, -211.8905792236328, 1.6894009113311768, 0.25
24.756763219833374, 0.5574468374252319, -0.6830703020095825, -23.681577682495117, -179.58970642089844, 1.6987593173980713, 0.25
24.766743183135986, 0.5510638356208801, -0.6226806044578552, -25.074228286743164, -166.9770050048828, 1.6987593173980713, 0.25
24.776805877685547, 0.5468084812164307, -0.6071609258651733, -25.886606216430664, -184.3390350341797, 1.6987593173980713, 0.25
24.786781311035156, 0.5446808338165283, -0.47260960936546326, -26.931095123291016, -165.396728515625, 1.6987593173980713, 0.25
24.796746015548706, 0.5595744848251343, 0.09522034972906113, -28.829580307006836, -104.80802917480469, 1.7081371545791626, 0.25
24.806761503219604, 0.5744680762290955, 0.6574106812477112, -28.133255004882812, -85.92610931396484, 1.7081371545791626, 0.25
24.816768407821655, 0.5914893746376038, 1.266884684562683, -25.966909408569336, 8.296697616577148, 1.7081371545791626, 0.25
24.826741933822632, 0.6106383204460144, 1.5126394033432007, -22.794763565063477, 106.14476776123047, 1.7081371545791626, 0.25
24.836740016937256, 0.6255319118499756, 1.8114562034606934, -22.125104904174805, 184.1317596435547, 1.717645525932312, 0.25
24.846763849258423, 0.6446808576583862, 1.782077670097351, -18.682165145874023, 247.6663055419922, 1.717645525932312, 0.25
24.85674476623535, 0.6595744490623474, 1.5348881483078003, -15.239225387573242, 242.8016357421875, 1.717645525932312, 0.25
24.86674213409424, 0.6702127456665039, 1.7179335355758667, -13.034195899963379, 281.46295166015625, 1.717645525932312, 0.25
24.876784563064575, 0.6851063966751099, 1.4692586660385132, -11.960610389709473, 240.16952514648438, 1.7281237840652466, 0.25
24.886743307113647, 0.7021276354789734, 1.3326938152313232, -9.097941398620605, 219.84620666503906, 1.7281237840652466, 0.25
24.896767377853394, 0.7106382846832275, 1.4488075971603394, -7.241075038909912, 226.92738342285156, 1.7281237840652466, 0.25
24.906757354736328, 0.721276581287384, 1.3882699012756348, -4.687883377075195, 217.70846557617188, 1.7281237840652466, 0.25
24.916797637939453, 0.7319148778915405, 1.0373629331588745, -4.264633655548096, 172.6697998046875, 1.7385618686676025, 0.25
24.92673635482788, 0.742553174495697, 1.007229208946228, -2.253028392791748, 164.75576782226562, 1.7385618686676025, 0.25
24.93673825263977, 0.7489361763000488, 1.001709222793579, -0.9764326214790344, 149.9253387451172, 1.7385618686676025, 0.25
24.946770429611206, 0.7595744729042053, 0.9567312002182007, 0.9578033685684204, 127.8448715209961, 1.7385618686676025, 0.25
24.956741094589233, 0.7680851221084595, 0.7668906450271606, 0.8935621380805969, 107.21537017822266, 1.748915195465088, 0.25
24.966750621795654, 0.7744680643081665, 0.8742784261703491, 2.0927884578704834, 119.04955291748047, 1.748915195465088, 0.25
24.97676968574524, 0.785106360912323, 0.8693951368331909, 3.8336007595062256, 113.11553955078125, 1.748915195465088, 0.25
24.986740827560425, 0.800000011920929, 1.0398972034454346, 5.845206260681152, 115.90060424804688, 1.748915195465088, 0.25
24.996742010116577, 0.8148936033248901, 1.097129464149475, 6.301647663116455, 123.47594451904297, 1.7587451934814453, -0.25
25.006744146347046, 0.8255318999290466, 1.4052661657333374, 8.042460441589355, 154.18936157226562, 1.7587451934814453, -0.25
25.01674175262451, 0.8361701965332031, 1.1961008310317993, 10.556966781616211, 162.37872314453125, 1.7587451934814453, -0.25
25.02675223350525, 0.8510638475418091, 1.1813534498214722, 13.071473121643066, 164.80271911621094, 1.7587451934814453, -0.25
25.036739349365234, 0.8638297915458679, 1.3953309059143066, 13.151982307434082, 195.32553100585938, 1.7678768634796143, -0.25
25.046744346618652, 0.8765957355499268, 1.4189642667770386, 15.666488647460938, 196.3904266357422, 1.7678768634796143, -0.25
25.05675196647644, 0.8872340321540833, 1.3223488330841064, 18.29705047607422, 195.70887756347656, 1.7678768634796143, -0.25
25.066755533218384, 0.8957446813583374, 1.0314834117889404, 20.502079010009766, 177.20797729492188, 1.7678768634796143, -0.25
25.07677435874939, 0.9021276831626892, 0.9318154454231262, 22.70534324645996, 225.1847686767578, 1.7627801895141602, -0.25
25.086772680282593, 0.9106382727622986, 0.7666710615158081, 24.407470703125, 202.07693481445312, 1.7627801895141602, -0.25
25.096770763397217, 0.9170212745666504, 0.8353618383407593, 25.45195770263672, 200.65431213378906, 1.7627801895141602, -0.25
25.106769561767578, 0.9255319237709045, 0.8088089227676392, 27.115400314331055, 179.5706787109375, 1.7627801895141602, -0.25
25.11673903465271, 0.9297872185707092, 0.7519130706787109, 30.717069625854492, 202.02076721191406, 1.7514816522598267, -0.25
25.126754999160767, 0.9319148659706116, 0.5961290001869202, 31.529447555541992, 199.5440216064453, 1.7514816522598267, -0.25
25.136775493621826, 0.936170220375061, 0.4934845268726349, 32.53525161743164, 189.65858459472656, 1.7514816522598267, -0.25
25.146737098693848, 0.9404255151748657, 0.3216453790664673, 33.23157501220703, 140.45486450195312, 1.7514816522598267, -0.25
25.15675187110901, 0.9425531625747681, 0.3461841642856598, 36.606693267822266, 159.71339416503906, 1.735258936882019, -0.25
25.166771173477173, 0.9446808695793152, 0.29864302277565, 37.22564697265625, 149.0465087890625, 1.735258936882019, -0.25
25.17674231529236, 0.9489361643791199, 0.3419395089149475, 37.8832893371582, 137.031494140625, 1.735258936882019, -0.25
25.186736345291138, 0.9531915187835693, 0.36166366934776306, 38.50224304199219, 143.83995056152344, 1.735258936882019, -0.25
25.19675326347351, 0.9553191661834717, 0.3411986529827118, 42.00224304199219, 139.03846740722656, 1.718562126159668, 0.0
25.20678448677063, 0.9595744609832764, 0.34798404574394226, 42.698570251464844, 142.85801696777344, 1.718562126159668, 0.0
25.216776371002197, 0.9638298153877258, 0.36085933446884155, 43.510948181152344, 131.6667938232422, 1.718562126159668, 0.0
25.226742029190063, 0.9659574627876282, 0.36124885082244873, 44.013851165771484, 155.9664764404297, 1.718562126159668, 0.0
25.23674964904785, 0.9702127575874329, 0.30832839012145996, 47.361324310302734, 123.82861328125, 1.703980803489685, 0.0
25.246739387512207, 0.9744681119918823, 0.34753233194351196, 48.09633255004883, 139.57342529296875, 1.703980803489685, 0.0
25.256738424301147, 0.978723406791687, 0.42649251222610474, 48.59923553466797, 145.7078094482422, 1.703980803489685, 0.0
25.266767501831055, 0.9872340559959412, 0.5265962481498718, 49.52766799926758, 145.24717712402344, 1.703980803489685, 0.0
25.276743412017822, 0.9936169981956482, 0.48709410429000854, 50.7404899597168, 71.16126251220703, 1.7036932706832886, 0.0
25.28674054145813, 1.0, 0.7144003510475159, 51.668922424316406, 99.96344757080078, 1.7036932706832886, 0.0
25.296732187271118, 1.0106383562088013, 0.8554379940032959, 53.216312408447266, 124.81773376464844, 1.7036932706832886, 0.0
25.306753158569336, 1.0170212984085083, 0.7525471448898315, 54.725013732910156, 130.88153076171875, 1.7036932706832886, 0.0
25.316746473312378, 1.0191489458084106, 0.6767480373382568, 54.57978439331055, 101.76423645019531, 1.709598422050476, 0.0
25.32673954963684, 1.0234042406082153, 0.5142886638641357, 55.77901077270508, 96.8792953491211, 1.709598422050476, 0.0
25.336744785308838, 1.02765953540802, 0.4339172840118408, 56.70744323730469, 76.17790985107422, 1.709598422050476, 0.0
25.34675097465515, 1.0297871828079224, 0.3603735864162445, 57.36508560180664, 61.42271423339844, 1.709598422050476, 0.0
25.356752634048462, 1.0297871828079224, 0.2306254357099533, 57.74885559082031, 74.3458251953125, 1.7094025611877441, 0.0
25.36674165725708, 1.0319149494171143, 0.19147585332393646, 58.135704040527344, 60.25170135498047, 1.7094025611877441, 0.0
25.376750707626343, 1.0340425968170166, 0.16568976640701294, 58.44518280029297, 39.083251953125, 1.7094025611877441, 0.0
25.386736154556274, 1.036170244216919, 0.1748100072145462, 58.754661560058594, 32.758914947509766, 1.7094025611877441, 0.0
25.396738052368164, 1.0382978916168213, 0.2448803186416626, 58.42866897583008, 16.221261978149414, 1.7126848697662354, 0.0
25.406754970550537, 1.0404255390167236, 0.24109283089637756, 58.85420227050781, 17.066247940063477, 1.7126848697662354, 0.0
25.416752576828003, 1.0446808338165283, 0.2805776000022888, 59.39578628540039, 22.010700225830078, 1.7126848697662354, 0.0
25.42673373222351, 1.0468084812164307, 0.3122699558734894, 59.97605895996094, 32.445587158203125, 1.7126848697662354, 0.0
25.436745405197144, 1.048936128616333, 0.3077259063720703, 60.17256546020508, 47.08731460571289, 1.7135189771652222, 0.0
25.44677448272705, 1.048936128616333, 0.16261026263237, 60.59809875488281, 39.499210357666016, 1.7135189771652222, 0.0
25.456752061843872, 1.0510637760162354, 0.17265672981739044, 60.98494338989258, 37.75395202636719, 1.7135189771652222, 0.0
25.466757774353027, 1.0510637760162354, 0.11295552551746368, 61.13968276977539, 30.887887954711914, 1.7135189771652222, 0.0
25.47674036026001, 1.0737837553024292, 0.5183708071708679, 61.991493225097656, 37.94643783569336, 1.714016318321228, 0.0
25.486740589141846, 1.0737837553024292, 0.5026693940162659, 62.895042419433594, 48.81517028808594, 1.714016318321228, 0.0
25.49678087234497, 1.0737837553024292, 0.46176475286483765, 63.75990676879883, 61.11627960205078, 1.714016318321228, 0.0
25.50678825378418, 1.0737837553024292, 0.47549718618392944, 64.58609008789062, 75.3669204711914, 1.714016318321228, 0.0
25.516799211502075, 1.0737837553024292, 0.43162602186203003, 65.60334777832031, 84.79920196533203, 1.7129653692245483, 0.0
25.526784420013428, 1.0710810422897339, -0.05596345290541649, 65.50506591796875, 72.7537841796875, 1.7129653692245483, 0.0
25.53679323196411, 1.0683783292770386, -0.10688752681016922, 65.35765075683594, 48.6960563659668, 1.7129653692245483, 0.0
25.546773672103882, 1.0683783292770386, -0.10321366786956787, 65.16108703613281, 26.754899978637695, 1.7129653692245483, 0.0
25.55679225921631, 1.0656756162643433, -0.1642257571220398, 64.92182159423828, 6.800133228302002, 1.7126597166061401, 0.0
25.566781520843506, 1.0629730224609375, -0.23546671867370605, 64.52870178222656, -23.406553268432617, 1.7126597166061401, 0.0
25.576745986938477, 1.0602703094482422, -0.2125525176525116, 64.13558197021484, -26.925655364990234, 1.7126597166061401, 0.0
25.586784601211548, 1.0548648834228516, -0.26271048188209534, 63.64418029785156, -33.310813903808594, 1.7126597166061401, 0.0
25.59677219390869, 1.049459457397461, -0.36980006098747253, 63.16004943847656, -39.11345291137695, 1.7118089199066162, 0.0
25.606748819351196, 1.0440540313720703, -0.4292094111442566, 62.42294692993164, -49.604949951171875, 1.7118089199066162, 0.0
25.61677312850952, 1.041351318359375, -0.4594106078147888, 61.6367073059082, -61.44831085205078, 1.7118089199066162, 0.0
25.626761436462402, 1.0359458923339844, -0.49045097827911377, 60.801326751708984, -67.2284927368164, 1.7118089199066162, 0.0
25.63676643371582, 1.0332432985305786, -0.44828301668167114, 60.015106201171875, -75.24186706542969, 1.7118088006973267, 0.0
25.646773099899292, 1.0305405855178833, -0.4079149663448334, 59.27800750732422, -83.7015609741211, 1.7118088006973267, 0.0
25.65675449371338, 1.0251351594924927, -0.38510894775390625, 58.59004592895508, -78.0216293334961, 1.7118088006973267, 0.0
25.666728734970093, 1.0224324464797974, -0.36426594853401184, 57.90208435058594, -71.90663146972656, 1.7118088006973267, 0.0
25.676740169525146, 1.0170270204544067, -0.3524705469608307, 57.18635940551758, -67.34895324707031, 1.7119615077972412, 0.0
25.68674635887146, 1.0089188814163208, -0.4951160252094269, 56.35097885131836, -74.5824966430664, 1.7119615077972412, 0.0
25.696758031845093, 1.0008108615875244, -0.6177939176559448, 55.36817932128906, -81.24757385253906, 1.7119615077972412, 0.0
25.70675039291382, 0.995405375957489, -0.551628053188324, 54.33623504638672, -78.92842102050781, 1.7119615077972412, 0.0
25.716766834259033, 0.9927027225494385, -0.610683798789978, 53.79569625854492, -91.41584777832031, 1.711591124534607, 0.0
25.726759672164917, 0.9845945835113525, -0.7320059537887573, 52.58539581298828, -103.6014633178711, 1.711591124534607, 0.0
25.736765146255493, 0.9791892170906067, -0.7291086316108704, 51.30775451660156, -113.8322982788086, 1.711591124534607, 0.0
25.746737957000732, 0.9710810780525208, -0.6077964901924133, 49.58785629272461, -118.17329406738281, 1.711591124534607, 0.0
25.756745100021362, 0.9656756520271301, -0.5708979368209839, 48.387386322021484, -114.23535919189453, 1.711977481842041, 0.0
25.76673936843872, 0.9602702856063843, -0.5294949412345886, 47.40458679199219, -114.01423645019531, 1.711977481842041, 0.0
25.776752471923828, 0.9548648595809937, -0.5439257621765137, 46.421783447265625, -111.1878433227539, 1.711977481842041, 0.0
25.786736965179443, 0.9440540671348572, -0.6205532550811768, 45.29156494140625, -103.82939147949219, 1.711977481842041, 0.0
25.796764612197876, 0.9413513541221619, -0.6512734293937683, 44.701881408691406, -108.96941375732422, 1.7116339206695557, 0.0
25.806758642196655, 0.9305405616760254, -0.7448765635490417, 43.388427734375, -110.43360137939453, 1.7116339206695557, 0.0
25.81673526763916, 0.9224324226379395, -0.9050212502479553, 41.86508560180664, -126.21839904785156, 1.7116339206695557, 0.0
25.826761484146118, 0.9170270562171936, -0.8645482659339905, 40.34174346923828, -140.13941955566406, 1.7116339206695557, 0.0
25.83673119544983, 0.9062162041664124, -0.7518637180328369, 38.13493347167969, -142.2071533203125, 1.7118794918060303, 0.0
25.846747875213623, 0.903513491153717, -0.7517569065093994, 37.44697189331055, -144.13955688476562, 1.7118794918060303, 0.0
25.8567533493042, 0.8954054117202759, -0.7119543552398682, 36.16933059692383, -146.2828369140625, 1.7118794918060303, 0.0
25.86676335334778, 0.8845946192741394, -0.7313183546066284, 34.84254837036133, -135.72946166992188, 1.7118794918060303, 0.0
25.87674856185913, 0.8737837672233582, -0.8659599423408508, 33.36834716796875, -139.64451599121094, 1.7118366956710815, 0.0
25.88673973083496, 0.865675687789917, -0.9407433271408081, 31.803647994995117, -144.63327026367188, 1.7118366956710815, 0.0
25.8967387676239, 0.857567548751831, -0.8886436820030212, 30.182025909423828, -140.51181030273438, 1.7118366956710815, 0.0
25.90675926208496, 0.8467567563056946, -0.9450568556785583, 28.46212387084961, -149.72149658203125, 1.7118366956710815, 0.0
25.916743516921997, 0.8359459638595581, -0.951047420501709, 26.695337295532227, -159.27236938476562, 1.7118242979049683, 0.0
25.92674684524536, 0.8278378248214722, -0.7978771328926086, 25.024574279785156, -144.89430236816406, 1.7118242979049683, 0.0
25.936774253845215, 0.8170270323753357, -0.9354385733604431, 23.206392288208008, -165.3119659423828, 1.7118242979049683, 0.0
25.946764945983887, 0.8116216063499451, -0.992229163646698, 22.27273178100586, -168.9677276611328, 1.7118242979049683, 0.0
25.956745862960815, 0.8008108139038086, -1.0130435228347778, 20.405410766601562, -176.38990783691406, 1.7117425203323364, 0.0
25.966739892959595, 0.7927026748657227, -0.945582389831543, 18.65123748779297, -173.50152587890625, 1.7117425203323364, 0.0
25.976757049560547, 0.7845945954322815, -0.9432220458984375, 16.93133544921875, -173.1121368408203, 1.7117425203323364, 0.0
25.986745834350586, 0.7764865159988403, -0.8433707356452942, 15.260573387145996, -172.21766662597656, 1.7117425203323364, 0.0
25.996748447418213, 0.7656756639480591, -0.8731819987297058, 13.581944465637207, -165.1645050048828, 1.7117857933044434, 0.0
26.006773710250854, 0.7521621584892273, -0.9404398202896118, 11.812902450561523, -166.10401916503906, 1.7117857933044434, 0.0
26.016746044158936, 0.7440540790557861, -1.010585069656372, 9.994720458984375, -179.822998046875, 1.7117857933044434, 0.0
26.026758432388306, 0.7359459400177002, -0.9657211303710938, 8.176538467407227, -173.7908935546875, 1.7117857933044434, 0.0
26.036741971969604, 0.727837860584259, -0.9517571926116943, 6.415364742279053, -173.0467529296875, 1.7117425203323364, 0.0
26.046754121780396, 0.7170270085334778, -0.9771908521652222, 4.5971832275390625, -180.47421264648438, 1.7117425203323364, 0.0
26.056742668151855, 0.7062162160873413, -0.8890536427497864, 2.877281427383423, -172.90419006347656, 1.7117425203323364, 0.0
26.066755771636963, 0.6981081366539001, -0.9122426509857178, 1.206519603729248, -174.48703002929688, 1.7117425203323364, 0.0
26.076740026474, 0.6954054236412048, -0.832455039024353, 0.4202788472175598, -166.3395538330078, 1.7118242979049683, 0.0
26.086769104003906, 0.681891918182373, -0.6196392774581909, -1.3144915103912354, -109.62136840820312, 1.7118242979049683, 0.0
26.096744298934937, 0.6683783531188965, -0.8871171474456787, -3.1818134784698486, -149.66607666015625, 1.7118242979049683, 0.0
26.10678768157959, 0.6629729866981506, -0.8087868690490723, -4.164614200592041, -131.09889221191406, 1.7118242979049683, 0.0
