25.6442813873291, 1.0021276473999023, -1.414076328277588, 75.73140716552734, -8587.68359375, 1.5856049060821533, 0.25
25.65433144569397, 0.9893617033958435, -1.2065398693084717, 73.41032409667969, -6758.6787109375, 1.5856049060821533, 0.25
25.664259910583496, 0.9680851101875305, -1.5537102222442627, 69.54185485839844, -8079.65185546875, 1.5856049060821533, 0.25
25.674238681793213, 0.9510638117790222, -1.626020908355713, 66.44707489013672, -7892.92236328125, 1.5856049060821533, 0.25
25.68429708480835, 0.9404255151748657, -1.7415711879730225, 64.3907241821289, -320.0960388183594, 1.5862765312194824, 0.25
25.69427800178528, 0.9276595711708069, -1.3811031579971313, 62.069644927978516, -254.15835571289062, 1.5862765312194824, 0.25
25.704315662384033, 0.9127659797668457, -1.5262815952301025, 59.36171340942383, -280.8749084472656, 1.5862765312194824, 0.25
25.714271545410156, 0.8957446813583374, -1.5468355417251587, 56.266937255859375, -284.6573791503906, 1.5862765312194824, 0.25
25.724291563034058, 0.8851063847541809, -1.4413301944732666, 52.941917419433594, -298.2966003417969, 1.5939258337020874, 0.25
25.734254598617554, 0.8702127933502197, -1.5236459970474243, 50.233985900878906, -313.91387939453125, 1.5939258337020874, 0.25
25.744246006011963, 0.8617021441459656, -1.1968551874160767, 48.68659973144531, -250.20774841308594, 1.5939258337020874, 0.25
25.75431180000305, 0.8425531983375549, -1.4760257005691528, 45.20497512817383, -306.9615173339844, 1.5939258337020874, 0.25
25.76425814628601, 0.827659547328949, -1.4631510972976685, 40.376766204833984, -324.3504638671875, 1.605587363243103, 0.25
25.774256467819214, 0.8191489577293396, -1.2107248306274414, 38.829376220703125, -270.4036560058594, 1.605587363243103, 0.25
25.784274578094482, 0.8021276593208313, -1.5073392391204834, 35.73460006713867, -334.14605712890625, 1.605587363243103, 0.25
25.79426622390747, 0.7872340679168701, -1.4464592933654785, 33.026668548583984, -262.9925842285156, 1.605587363243103, 0.25
25.8042573928833, 0.7765957713127136, -1.2216360569000244, 28.617387771606445, -281.327880859375, 1.6192001104354858, 0.25
25.814283847808838, 0.76382976770401, -1.4137110710144043, 26.29630470275879, -325.5604248046875, 1.6192001104354858, 0.25
25.824255228042603, 0.7489361763000488, -1.3883466720581055, 23.588375091552734, -322.64508056640625, 1.6192001104354858, 0.25
25.83424711227417, 0.7382978796958923, -1.1706010103225708, 21.654138565063477, -272.0420227050781, 1.6192001104354858, 0.25
25.84429383277893, 0.7234042286872864, -1.3416993618011475, 16.519929885864258, -310.4674072265625, 1.6325446367263794, 0.25
25.854257822036743, 0.7127659320831299, -1.256908655166626, 14.585694313049316, -293.6795654296875, 1.6325446367263794, 0.25
25.864271640777588, 0.6957446932792664, -1.373849868774414, 11.490917205810547, -317.906982421875, 1.6325446367263794, 0.25
25.874261140823364, 0.6851063966751099, -1.251939296722412, 9.556680679321289, -292.51849365234375, 1.6325446367263794, 0.25
25.88428258895874, 0.6702127456665039, -1.454810619354248, 4.693446636199951, -325.9157409667969, 1.644398808479309, 0.25
25.89425492286682, 0.6574468016624451, -1.359472632408142, 2.372363567352295, -307.05230712890625, 1.644398808479309, 0.25
25.9042489528656, 0.6446808576583862, -1.3600281476974487, 0.051280468702316284, -304.68194580078125, 1.644398808479309, 0.25
25.91428256034851, 0.6319149136543274, -1.2544190883636475, -2.2698028087615967, -285.8360900878906, 1.644398808479309, 0.25
25.924247980117798, 0.6191489100456238, -1.313326120376587, -6.427489280700684, -290.3169250488281, 1.654500126838684, 0.25
25.934257984161377, 0.6085106134414673, -1.2793939113616943, -8.361724853515625, -280.63348388671875, 1.654500126838684, 0.25
25.944283485412598, 0.5957446694374084, -1.1709816455841064, -10.682807922363281, -263.4455261230469, 1.654500126838684, 0.25
25.954249382019043, 0.585106372833252, -1.2408466339111328, -12.617044448852539, -225.60848999023438, 1.654500126838684, 0.25
25.96424674987793, 0.5723404288291931, -1.1321020126342773, -16.63027000427246, -246.76258850097656, 1.6638069152832031, 0.25
25.974275827407837, 0.5617021322250366, -1.0631197690963745, -18.56450653076172, -237.7948760986328, 1.6638069152832031, 0.25
25.98426342010498, 0.5510638356208801, -1.196093201637268, -20.498743057250977, -265.0345764160156, 1.6638069152832031, 0.25
25.994241952896118, 0.542553186416626, -1.0687485933303833, -22.046131134033203, -236.81712341308594, 1.6638069152832031, 0.25
26.004266023635864, 0.5319148898124695, -0.9935092926025391, -25.608722686767578, -225.36508178710938, 1.6727628707885742, 0.25
26.014249324798584, 0.5255318880081177, -0.9183484315872192, -26.769264221191406, -210.89974975585938, 1.6727628707885742, 0.25
26.02426791191101, 0.5170212984085083, -0.9311041235923767, -28.316654205322266, -213.82911682128906, 1.6727628707885742, 0.25
26.034257650375366, 0.5170212984085083, -0.5800111293792725, -28.316654205322266, -149.8463897705078, 1.6727628707885742, 0.25
26.044256448745728, 0.5276595950126648, -0.05834619700908661, -27.972171783447266, -54.20375061035156, 1.6815065145492554, 0.25
26.054279565811157, 0.5382978916168213, 0.3187161087989807, -26.037935256958008, 18.258447647094727, 1.6815065145492554, 0.25
26.064300060272217, 0.5574468374252319, 1.228277564048767, -22.556310653686523, 177.43572998046875, 1.6815065145492554, 0.25
26.074256420135498, 0.5765957236289978, 1.5331394672393799, -19.07468605041504, 278.75262451171875, 1.6815065145492554, 0.25
26.084260940551758, 0.5914893746376038, 1.7451374530792236, -18.010759353637695, 272.3498229980469, 1.6905485391616821, 0.25
26.094279289245605, 0.6063829660415649, 1.6353710889816284, -15.302828788757324, 253.76702880859375, 1.6905485391616821, 0.25
26.10425114631653, 0.6255319118499756, 1.8124808073043823, -11.82120418548584, 282.8595886230469, 1.6905485391616821, 0.25
26.114283323287964, 0.6404255032539368, 1.4358121156692505, -9.113273620605469, 224.0758819580078, 1.6905485391616821, 0.25
26.124300956726074, 0.6574468016624451, 1.7028310298919678, -7.859347820281982, 256.9881591796875, 1.700673222541809, 0.25
26.13425040245056, 0.6680850982666016, 1.5395482778549194, -5.925112247467041, 228.68643188476562, 1.700673222541809, 0.25
26.14425492286682, 0.6808510422706604, 1.491548776626587, -3.6040289402008057, 221.5565185546875, 1.700673222541809, 0.25
26.15425968170166, 0.6978723406791687, 1.2837282419204712, -0.5092512965202332, 187.12672424316406, 1.700673222541809, 0.25
26.164300441741943, 0.7063829898834229, 1.1435353755950928, -0.8630122542381287, 163.48965454101562, 1.7111295461654663, 0.25
26.174251079559326, 0.7127659320831299, 1.2295763492584229, 0.29752930998802185, 175.79080200195312, 1.7111295461654663, 0.25
26.184269189834595, 0.7297872304916382, 1.372839093208313, 3.3923068046569824, 196.27288818359375, 1.7111295461654663, 0.25
26.194258451461792, 0.7468085289001465, 1.3449523448944092, 6.48708438873291, 192.28594970703125, 1.7111295461654663, 0.25
26.20426106452942, 0.7553191781044006, 1.1164164543151855, 6.1036295890808105, 158.93507385253906, 1.721749186515808, 0.25
26.214280605316162, 0.7723404169082642, 1.5985209941864014, 9.198407173156738, 234.8458709716797, 1.721749186515808, 0.25
26.224241018295288, 0.7872340679168701, 1.4651689529418945, 11.90633773803711, 213.20892333984375, 1.721749186515808, 0.25
26.234269380569458, 0.8021276593208313, 1.3889573812484741, 14.61426830291748, 204.0579376220703, 1.721749186515808, 0.25
26.244293689727783, 0.8212766051292419, 1.6459616422653198, 16.2452449798584, 248.1348419189453, 1.731927752494812, 0.25
26.25425100326538, 0.8340425491333008, 1.6857142448425293, 18.566328048706055, 254.12771606445312, 1.731927752494812, 0.25
26.26425051689148, 0.8446808457374573, 1.473426103591919, 20.50056266784668, 220.42926025390625, 1.731927752494812, 0.25
26.274297952651978, 0.8595744967460632, 1.484969973564148, 23.208494186401367, 216.1764678955078, 1.731927752494812, 0.25
26.284247398376465, 0.8765957355499268, 1.5637574195861816, 24.482620239257812, 230.7948760986328, 1.7419413328170776, 0.25
26.29425621032715, 0.8893616795539856, 1.3536672592163086, 26.80370330810547, 197.8571014404297, 1.7419413328170776, 0.25
26.304267644882202, 0.8999999761581421, 1.4124058485031128, 28.737939834594727, 206.44256591796875, 1.7419413328170776, 0.25
26.314282655715942, 0.9127659797668457, 1.2959017753601074, 31.059022903442383, 185.21347045898438, 1.7419413328170776, 0.25
26.32424783706665, 0.9319148659706116, 1.3874082565307617, 32.76048278808594, 201.78594970703125, 1.7517322301864624, -0.25
26.3342707157135, 0.9446808695793152, 1.4428538084030151, 35.081565856933594, 215.9062042236328, 1.7517322301864624, -0.25
26.344287872314453, 0.957446813583374, 1.441315770149231, 37.40264892578125, 213.82081604003906, 1.7517322301864624, -0.25
26.354264736175537, 0.9723404049873352, 1.4481453895568848, 40.11058044433594, 214.833984375, 1.7517322301864624, -0.25
26.3642840385437, 0.9808510541915894, 1.1462815999984741, 40.251407623291016, 175.46751403808594, 1.7594683170318604, -0.25
26.37431526184082, 0.9957447052001953, 1.3256523609161377, 42.9593391418457, 201.19284057617188, 1.7594683170318604, -0.25
26.384248733520508, 1.0085105895996094, 1.2647627592086792, 45.28042221069336, 191.95167541503906, 1.7594683170318604, -0.25
26.39425802230835, 1.0170212984085083, 1.2435638904571533, 46.82781219482422, 186.9549102783203, 1.7594683170318604, -0.25
26.404255390167236, 1.0255318880081177, 1.1431834697723389, 49.7203369140625, 245.8903045654297, 1.7520700693130493, -0.25
26.4142587184906, 1.0340425968170166, 1.0522915124893188, 51.267723083496094, 230.45945739746094, 1.7520700693130493, -0.25
26.424249172210693, 1.042553186416626, 0.8423457145690918, 52.81511306762695, 191.19252014160156, 1.7520700693130493, -0.25
26.434253931045532, 1.0468084812164307, 0.6931301951408386, 53.58880615234375, 162.54087829589844, 1.7520700693130493, -0.25
26.444281101226807, 1.0553191900253296, 0.7174635529518127, 57.34321594238281, 192.46661376953125, 1.7399314641952515, -0.25
26.454254388809204, 1.063829779624939, 0.8133819103240967, 58.89060592651367, 212.7891845703125, 1.7399314641952515, -0.25
26.46428656578064, 1.0680850744247437, 0.6981459856033325, 59.66429901123047, 187.2844696044922, 1.7399314641952515, -0.25
26.474251747131348, 1.0723403692245483, 0.5583464503288269, 60.437992095947266, 159.43475341796875, 1.7399314641952515, -0.25
26.48424220085144, 1.0744681358337402, 0.44836968183517456, 63.88526916503906, 153.18124389648438, 1.7230991125106812, -0.25
26.494264125823975, 1.0808510780334473, 0.4649759531021118, 65.04580688476562, 168.14381408691406, 1.7230991125106812, -0.25
26.504282236099243, 1.0893616676330566, 0.5539066195487976, 66.59320068359375, 189.2369384765625, 1.7230991125106812, -0.25
26.514240026474, 1.0957447290420532, 0.569172203540802, 67.75373840332031, 103.48585510253906, 1.7230991125106812, -0.25
26.524255752563477, 1.1021276712417603, 0.7014844417572021, 71.94733428955078, 210.8751678466797, 1.7064173221588135, -0.25
26.534260511398315, 1.106382966041565, 0.569462776184082, 72.72103118896484, 184.71759033203125, 1.7064173221588135, -0.25
26.544255256652832, 1.1106382608413696, 0.565449595451355, 73.49472045898438, 192.37213134765625, 1.7064173221588135, -0.25
26.554270029067993, 1.112765908241272, 0.4119109511375427, 73.8815689086914, 148.29208374023438, 1.7064173221588135, -0.25
26.564257860183716, 1.1170213222503662, 0.34966567158699036, 77.27001953125, 135.19505310058594, 1.6920361518859863, -0.25
26.574260234832764, 1.1234042644500732, 0.4159288704395294, 78.4305648803711, 148.64488220214844, 1.6920361518859863, -0.25
26.584275245666504, 1.1255319118499756, 0.3779776096343994, 78.81741333007812, 135.0818328857422, 1.6920361518859863, -0.25
26.594255447387695, 1.1319148540496826, 0.4923614263534546, 79.97795104980469, 165.15536499023438, 1.6920361518859863, -0.25
26.6043119430542, 1.1382979154586792, 0.5736889839172363, 83.1323013305664, 164.0402069091797, 1.6810702085494995, -0.25
26.614245176315308, 1.1425532102584839, 0.4850357174873352, 83.90599822998047, 145.00355529785156, 1.6810702085494995, -0.25
26.624278783798218, 1.1446808576583862, 0.4645221531391144, 84.2928466796875, 138.87094116210938, 1.6810702085494995, -0.25
26.634311199188232, 1.1510637998580933, 0.472922682762146, 85.45338439941406, 141.38230895996094, 1.6810702085494995, -0.25
26.644280433654785, 1.1531914472579956, 0.4225403070449829, 87.43267059326172, 122.00395965576172, 1.672311782836914, -0.25
26.654257774353027, 1.1574468612670898, 0.3751703202724457, 88.20636749267578, 115.0119857788086, 1.672311782836914, -0.25
26.664240837097168, 1.1574468612670898, 0.24665702879428864, 88.20636749267578, 81.76868438720703, 1.672311782836914, -0.25
26.674281358718872, 1.1617021560668945, 0.29405730962753296, 88.98006439208984, 97.48224639892578, 1.672311782836914, -0.25
26.684242010116577, 1.1638298034667969, 0.23574300110340118, 90.73419952392578, 80.73594665527344, 1.6647917032241821, -0.25
26.694252490997314, 1.1638298034667969, 0.15396913886070251, 90.73419952392578, 60.975860595703125, 1.6647917032241821, -0.25
26.70428466796875, 1.1659574508666992, 0.1800534874200821, 91.12104797363281, 71.30595397949219, 1.6647917032241821, -0.25
26.714243173599243, 1.1680850982666016, 0.17138566076755524, 91.50788879394531, 67.87326049804688, 1.6647917032241821, -0.25
26.724256992340088, 1.1680850982666016, 0.12469854205846786, 92.85452270507812, 62.134361267089844, 1.657385230064392, -0.25
26.734251260757446, 1.1680850982666016, 0.11317039281129837, 92.85452270507812, 56.39015579223633, 1.657385230064392, -0.25
26.744258642196655, 1.170212745666504, 0.12268423289060593, 93.24137115478516, 61.130680084228516, 1.657385230064392, -0.25
26.754260301589966, 1.170212745666504, 0.05707009881734848, 93.24137115478516, 10.376380920410156, 1.657385230064392, -0.25
26.764244079589844, 1.170212745666504, 0.06047743931412697, 94.7859115600586, 54.89853286743164, 1.6488902568817139, -0.25
26.774300575256348, 1.1680850982666016, -0.055148009210824966, 94.39906311035156, 30.006908416748047, 1.6488902568817139, -0.25
26.784273147583008, 1.1680850982666016, -0.060094621032476425, 94.39906311035156, 32.69843673706055, 1.6488902568817139, -0.25
26.794257164001465, 1.1680850982666016, -0.05803128704428673, 94.39906311035156, -10.551142692565918, 1.6488902568817139, -0.25
26.80425524711609, 1.1659574508666992, -0.10626400262117386, 95.68524169921875, 22.458158493041992, 1.6396886110305786, -0.25
26.814284086227417, 1.1638298034667969, -0.1171596571803093, 95.29839324951172, 24.760879516601562, 1.6396886110305786, -0.25
26.824257850646973, 1.1617021560668945, -0.17979955673217773, 94.91154479980469, 14.435980796813965, 1.6396886110305786, -0.25
26.834267377853394, 1.1574468612670898, -0.23869076371192932, 94.13785552978516, -43.39832305908203, 1.6396886110305786, -0.25
26.844254970550537, 1.155319094657898, -0.29115989804267883, 95.64649963378906, -1.0603652000427246, 1.6292634010314941, -0.25
26.85429310798645, 1.1510637998580933, -0.26672399044036865, 94.872802734375, -0.9713728427886963, 1.6292634010314941, -0.25
26.86426830291748, 1.1468085050582886, -0.3682805299758911, 94.09911346435547, -12.277706146240234, 1.6292634010314941, -0.25
26.874247074127197, 1.1404255628585815, -0.4911758303642273, 92.93856811523438, -89.30469512939453, 1.6292634010314941, -0.25
26.884252071380615, 1.1382979154586792, -0.40650978684425354, 94.5020751953125, -20.677553176879883, 1.6185364723205566, -0.25
26.894278526306152, 1.1319148540496826, -0.4811457693576813, 93.3415298461914, -32.34987258911133, 1.6185364723205566, -0.25
26.904248476028442, 1.1234042644500732, -0.6051024794578552, 91.79414367675781, -54.5510139465332, 1.6185364723205566, -0.25
26.91425347328186, 1.121276617050171, -0.518572211265564, 91.40729522705078, -41.468421936035156, 1.6185364723205566, -0.25
26.92428207397461, 1.112765908241272, -0.6699737906455994, 91.79534149169922, -66.40925598144531, 1.60789155960083, -0.25
26.9342679977417, 1.106382966041565, -0.6437020301818848, 90.63480377197266, -63.80514144897461, 1.60789155960083, -0.25
26.94426655769348, 1.100000023841858, -0.5209603905677795, 89.47425842285156, -51.63872146606445, 1.60789155960083, -0.25
26.95431113243103, 1.0936169624328613, -0.6399254202842712, 88.313720703125, -63.43079376220703, 1.60789155960083, -0.25
26.964248418807983, 1.085106372833252, -0.709854245185852, 88.60939025878906, -77.82244110107422, 1.597754716873169, 0.25
26.97425889968872, 1.0829787254333496, -0.63553386926651, 88.22254943847656, -65.50393676757812, 1.597754716873169, 0.25
26.984257698059082, 1.0765957832336426, -0.5805016160011292, 87.06200408935547, -55.260414123535156, 1.597754716873169, 0.25
26.994287252426147, 1.070212721824646, -0.5945403575897217, 85.9014663696289, -61.27877426147461, 1.597754716873169, 0.25
27.00428795814514, 1.063829779624939, -0.5776832699775696, 86.2768783569336, -63.33036422729492, 1.5893069505691528, 0.25
27.014270544052124, 1.0553191900253296, -0.6138994097709656, 84.7294921875, -74.68690490722656, 1.5893069505691528, 0.25
27.024271488189697, 1.0510637760162354, -0.5735865831375122, 83.95579528808594, -69.78245544433594, 1.5893069505691528, 0.25
27.03425359725952, 1.0404255390167236, -0.8129829168319702, 82.02156066894531, -102.66950988769531, 1.5893069505691528, 0.25
27.044251441955566, 1.036170244216919, -0.735374391078949, 80.58818054199219, -151.2431640625, 1.5929352045059204, 0.25
27.054293155670166, 1.0297871828079224, -0.7422276735305786, 79.42764282226562, -154.1278533935547, 1.5929352045059204, 0.25
27.06425929069519, 1.0255318880081177, -0.5878047347068787, 78.65394592285156, -125.0985107421875, 1.5929352045059204, 0.25
27.07429027557373, 1.0234042406082153, -0.44799453020095825, 78.26709747314453, -98.8161849975586, 1.5929352045059204, 0.25
27.08424687385559, 1.0170212984085083, -0.492327481508255, 76.07260131835938, -119.42048645019531, 1.5986219644546509, 0.25
27.09427523612976, 1.0085105895996094, -0.5617321133613586, 74.52521514892578, -132.46412658691406, 1.5986219644546509, 0.25
27.10425353050232, 1.0, -0.6053966283798218, 72.97782135009766, -134.58863830566406, 1.5986219644546509, 0.25
27.114306211471558, 0.9872340559959412, -0.9232771992683411, 70.65673828125, -195.91078186035156, 1.5986219644546509, 0.25
27.124271154403687, 0.9765957593917847, -1.015892505645752, 67.49553680419922, -217.2543487548828, 1.605370283126831, 0.25
27.13429069519043, 0.9723404049873352, -1.0010483264923096, 66.72184753417969, -215.96636962890625, 1.605370283126831, 0.25
27.144306898117065, 0.9659574627876282, -0.8514735698699951, 65.5613021850586, -189.88645935058594, 1.605370283126831, 0.25
27.154261112213135, 0.9617021083831787, -0.5980866551399231, 64.78760528564453, -108.74302673339844, 1.605370283126831, 0.25
27.164252519607544, 0.957446813583374, -0.4617215394973755, 61.58360290527344, -142.54928588867188, 1.618736982345581, 0.25
27.174250602722168, 0.9489361643791199, -0.6005417704582214, 60.036216735839844, -177.7860107421875, 1.618736982345581, 0.25
27.18425941467285, 0.9404255151748657, -0.6382196545600891, 58.488826751708984, -182.31295776367188, 1.618736982345581, 0.25
27.194271087646484, 0.9319148659706116, -0.7911932468414307, 56.941436767578125, -143.8533172607422, 1.618736982345581, 0.25
27.204326391220093, 0.9234042763710022, -0.8614503145217896, 52.962677001953125, -222.2551727294922, 1.632109522819519, 0.25
27.214293003082275, 0.9127659797668457, -1.0193818807601929, 51.0284423828125, -258.14794921875, 1.632109522819519, 0.25
27.2242534160614, 0.9042553305625916, -0.9888145327568054, 49.48105239868164, -250.4071044921875, 1.632109522819519, 0.25
27.234251260757446, 0.8978723287582397, -0.8399600982666016, 48.32051086425781, -212.71124267578125, 1.632109522819519, 0.25
27.244312524795532, 0.8872340321540833, -0.9398684501647949, 43.937217712402344, -238.50030517578125, 1.6455793380737305, 0.25
27.254263639450073, 0.8765957355499268, -0.9125962853431702, 42.00298309326172, -231.57974243164062, 1.6455793380737305, 0.25
27.264261960983276, 0.8680850863456726, -0.9737411141395569, 40.45559310913086, -242.97511291503906, 1.6455793380737305, 0.25
27.27425479888916, 0.8617021441459656, -0.9815413355827332, 39.29505157470703, -249.07518005371094, 1.6455793380737305, 0.25
27.284254550933838, 0.8531914949417114, -0.7929972410202026, 35.692928314208984, -198.882568359375, 1.6568803787231445, 0.25
27.294260263442993, 0.8425531983375549, -0.8027933239936829, 33.75869369506836, -194.4172821044922, 1.6568803787231445, 0.25
27.304303407669067, 0.827659547328949, -1.078290343284607, 31.050762176513672, -253.9045867919922, 1.6568803787231445, 0.25
27.314267873764038, 0.8191489577293396, -1.111047625541687, 29.503374099731445, -258.4805908203125, 1.6568803787231445, 0.25
27.324297189712524, 0.8127659559249878, -1.0218584537506104, 26.509632110595703, -232.13125610351562, 1.66696298122406, 0.25
27.334264993667603, 0.8042553067207336, -0.9346390962600708, 24.962244033813477, -220.26495361328125, 1.66696298122406, 0.25
27.34425711631775, 0.7872340679168701, -0.896041989326477, 21.86746597290039, -208.33045959472656, 1.66696298122406, 0.25
27.35424256324768, 0.7808510661125183, -0.9205324649810791, 20.706924438476562, -211.43258666992188, 1.66696298122406, 0.25
27.364296913146973, 0.7702127695083618, -1.1509432792663574, 17.12213706970215, -256.2547607421875, 1.6760410070419312, 0.25
27.374255657196045, 0.7595744729042053, -1.0681090354919434, 15.187902450561523, -240.23468017578125, 1.6760410070419312, 0.25
27.38427233695984, 0.7510638236999512, -0.894931972026825, 13.64051342010498, -203.55320739746094, 1.6760410070419312, 0.25
27.394283056259155, 0.7404255270957947, -0.9882670044898987, 11.706276893615723, -224.78236389160156, 1.6760410070419312, 0.25
27.404269695281982, 0.7276595830917358, -1.1787067651748657, 7.823617458343506, -259.84197998046875, 1.6846296787261963, 0.25
27.41425848007202, 0.721276581287384, -1.0090007781982422, 6.663075923919678, -224.59619140625, 1.6846296787261963, 0.25
27.42426037788391, 0.7106382846832275, -0.9666679501533508, 4.728839874267578, -217.49176025390625, 1.6846296787261963, 0.25
27.43425941467285, 0.6978723406791687, -1.0980443954467773, 2.4077565670013428, -199.64443969726562, 1.6846296787261963, 0.25
27.444272756576538, 0.6893616914749146, -0.9177975058555603, -0.7667088508605957, -205.8647003173828, 1.6935786008834839, 0.25
27.45429515838623, 0.6808510422706604, -0.9813627600669861, -2.3140976428985596, -222.57510375976562, 1.6935786008834839, 0.25
27.46426010131836, 0.672340452671051, -0.9062404036521912, -3.8614864349365234, -210.97268676757812, 1.6935786008834839, 0.25
27.474263191223145, 0.6617021560668945, -0.9120956659317017, -5.795722484588623, -206.86517333984375, 1.6935786008834839, 0.25
27.48424768447876, 0.651063859462738, -0.8776496052742004, -9.44947624206543, -203.9034881591797, 1.7030359506607056, 0.25
27.49424648284912, 0.6425532102584839, -0.9958570599555969, -10.996865272521973, -228.4075927734375, 1.7030359506607056, 0.25
27.50424599647522, 0.6319149136543274, -1.0909597873687744, -12.931100845336914, -244.7607879638672, 1.7030359506607056, 0.25
27.514270544052124, 0.6191489100456238, -1.1137275695800781, -15.252184867858887, -252.50064086914062, 1.7030359506607056, 0.25
27.52425241470337, 0.6127659678459167, -0.9933791756629944, -18.19523048400879, -229.56910705566406, 1.7128397226333618, 0.25
27.534260034561157, 0.6042553186416626, -1.097669243812561, -19.742618560791016, -250.66522216796875, 1.7128397226333618, 0.25
27.54428458213806, 0.5936170220375061, -0.9677045941352844, -21.676855087280273, -226.6163330078125, 1.7128397226333618, 0.25
27.554248094558716, 0.5872340202331543, -0.8547356724739075, -22.8373966217041, -155.406494140625, 1.7128397226333618, 0.25
27.56430745124817, 0.5829787254333496, -0.6574232578277588, -25.45770835876465, -160.28750610351562, 1.7229961156845093, 0.25
27.574270963668823, 0.5744680762290955, -0.7695188522338867, -27.005096435546875, -191.28736877441406, 1.7229961156845093, 0.25
27.58424711227417, 0.5680851340293884, -0.6842643618583679, -28.165637969970703, -178.40077209472656, 1.7229961156845093, 0.25
27.594252347946167, 0.5680851340293884, -0.5524588227272034, -28.165637969970703, -153.72311401367188, 1.7229961156845093, 0.25
27.604276418685913, 0.5787234306335449, -0.05999765545129776, -28.05177116394043, -62.24106979370117, 1.7330081462860107, 0.25
27.61424994468689, 0.5893617272377014, 0.46190741658210754, -26.117534637451172, 34.58369445800781, 1.7330081462860107, 0.25
27.62424874305725, 0.6042553186416626, 0.8620801568031311, -23.409605026245117, 113.3552017211914, 1.7330081462860107, 0.25
27.634270191192627, 0.6276595592498779, 1.540991187095642, -19.154285430908203, 231.34942626953125, 1.7330081462860107, 0.25
27.644246578216553, 0.6382978558540344, 1.467254400253296, -18.932003021240234, 224.60997009277344, 1.7424238920211792, 0.25
27.654304027557373, 0.6595744490623474, 1.8839155435562134, -15.063531875610352, 296.59576416015625, 1.7424238920211792, 0.25
27.66427731513977, 0.6680850982666016, 1.2406576871871948, -13.516142845153809, 192.29893493652344, 1.7424238920211792, 0.25
27.674247980117798, 0.6914893388748169, 1.8030813932418823, -9.260823249816895, 279.4732360839844, 1.7424238920211792, 0.25
27.684271812438965, 0.7021276354789734, 1.4789611101150513, -9.145699501037598, 226.75247192382812, 1.7524290084838867, -0.25
27.69428825378418, 0.7170212864875793, 1.64695405960083, -6.437769412994385, 247.293701171875, 1.7524290084838867, -0.25
27.704273223876953, 0.7234042286872864, 1.3308783769607544, -5.277227878570557, 198.21334838867188, 1.7524290084838867, -0.25
27.71429944038391, 0.7382978796958923, 1.2499467134475708, -2.5692975521087646, 178.68653869628906, 1.7524290084838867, -0.25
27.724263668060303, 0.7510638236999512, 1.195692539215088, -1.709026575088501, 176.3516082763672, 1.7604634761810303, -0.25
27.734254598617554, 0.7595744729042053, 1.0065475702285767, -0.16163784265518188, 148.4547882080078, 1.7604634761810303, -0.25
27.74427556991577, 0.7680851221084595, 1.068613886833191, 1.3857508897781372, 155.67813110351562, 1.7604634761810303, -0.25
27.75423765182495, 0.7744680643081665, 0.9015406966209412, 2.546292543411255, 122.65106201171875, 1.7604634761810303, -0.25
27.76427674293518, 0.7808510661125183, 0.7839904427528381, 5.021777629852295, 177.15260314941406, 1.7532312870025635, -0.25
27.774251222610474, 0.7893617153167725, 0.7372905015945435, 6.56916618347168, 169.1038055419922, 1.7532312870025635, -0.25
27.784276485443115, 0.7978723645210266, 0.7071822881698608, 8.116555213928223, 164.99986267089844, 1.7532312870025635, -0.25
27.794263124465942, 0.800000011920929, 0.6769619584083557, 8.503402709960938, 157.9488525390625, 1.7532312870025635, -0.25
27.80426836013794, 0.8042553067207336, 0.5743741393089294, 11.419461250305176, 162.2660369873047, 1.7414482831954956, -0.25
27.814248085021973, 0.8127659559249878, 0.5432661175727844, 12.966850280761719, 159.5557403564453, 1.7414482831954956, -0.25
27.824244737625122, 0.8191489577293396, 0.5830045938491821, 14.127391815185547, 164.7042236328125, 1.7414482831954956, -0.25
27.834267616271973, 0.8255318999290466, 0.7196815609931946, 15.287933349609375, 191.2391357421875, 1.7414482831954956, -0.25
27.844257354736328, 0.827659547328949, 0.6042011380195618, 18.699987411499023, 195.76292419433594, 1.7248096466064453, -0.25
27.854259729385376, 0.8340425491333008, 0.5624992847442627, 19.86052894592285, 182.2513885498047, 1.7248096466064453, -0.25
27.864266633987427, 0.8425531983375549, 0.569462776184082, 21.407917022705078, 184.50758361816406, 1.7248096466064453, -0.25
27.874249935150146, 0.8510638475418091, 0.6858060359954834, 22.955305099487305, 124.69200897216797, 1.7248096466064453, -0.25
27.88427233695984, 0.8553191423416138, 0.7040457725524902, 26.720741271972656, 204.16000366210938, 1.7083550691604614, -0.25
27.894287824630737, 0.8617021441459656, 0.666678786277771, 27.881282806396484, 199.33343505859375, 1.7083550691604614, -0.25
27.904252767562866, 0.8659574389457703, 0.5986483693122864, 28.654977798461914, 193.02220153808594, 1.7083550691604614, -0.25
27.91428017616272, 0.8723404407501221, 0.4732487201690674, 29.815519332885742, 152.589599609375, 1.7083550691604614, -0.25
27.924246072769165, 0.8787233829498291, 0.575040340423584, 33.60087585449219, 175.49339294433594, 1.6939185857772827, -0.25
27.934257984161377, 0.8829787373542786, 0.5104124546051025, 34.374568939208984, 155.76995849609375, 1.6939185857772827, -0.25
27.94429922103882, 0.8914893865585327, 0.7315295338630676, 35.921958923339844, 208.21046447753906, 1.6939185857772827, -0.25
27.954254627227783, 0.8978723287582397, 0.6727747321128845, 37.08250045776367, 197.77516174316406, 1.6939185857772827, -0.25
27.96426248550415, 0.9021276831626892, 0.5703594088554382, 39.90915298461914, 153.73208618164062, 1.6826273202896118, -0.25
27.974273920059204, 0.9085106253623962, 0.6305939555168152, 41.06969451904297, 169.96742248535156, 1.6826273202896118, -0.25
27.98424744606018, 0.914893627166748, 0.6066243648529053, 42.2302360534668, 168.82791137695312, 1.6826273202896118, -0.25
27.994274377822876, 0.9191489219665527, 0.5214778780937195, 43.003929138183594, 145.13104248046875, 1.6826273202896118, -0.25
28.004263162612915, 0.9255319237709045, 0.6180946826934814, 45.75810623168945, 158.67660522460938, 1.673862338066101, -0.25
28.014241218566895, 0.9319148659706116, 0.5932361483573914, 46.91864776611328, 152.29495239257812, 1.673862338066101, -0.25
28.02427387237549, 0.936170220375061, 0.5462478399276733, 47.69234085083008, 140.23216247558594, 1.673862338066101, -0.25
28.034261226654053, 0.9446808695793152, 0.7002251148223877, 49.23973083496094, 174.99310302734375, 1.673862338066101, -0.25
28.04424548149109, 0.9468085169792175, 0.5096836686134338, 51.054443359375, 126.87450408935547, 1.6660090684890747, 0.0
28.054274082183838, 0.9510638117790222, 0.5288152694702148, 51.82814025878906, 135.580078125, 1.6660090684890747, 0.0
28.064283847808838, 0.9553191661834717, 0.4252151548862457, 52.60183334350586, 118.07768249511719, 1.6660090684890747, 0.0
28.074251890182495, 0.9595744609832764, 0.4224545657634735, 53.375526428222656, 76.80992126464844, 1.6660090684890747, 0.0
28.08428144454956, 0.9617021083831787, 0.3367566466331482, 54.959388732910156, 92.8048095703125, 1.6594254970550537, 0.0
28.094284534454346, 0.9659574627876282, 0.348686546087265, 55.73308181762695, 96.0925064086914, 1.6594254970550537, 0.0
28.10425615310669, 0.9702127575874329, 0.36661627888679504, 56.50677490234375, 101.03365325927734, 1.6594254970550537, 0.0
28.114248752593994, 0.9765957593917847, 0.4887213110923767, 57.66731643676758, 88.8584213256836, 1.6594254970550537, 0.0
28.12424349784851, 0.9829787015914917, 0.5732672214508057, 58.419837951660156, 93.23686981201172, 1.6616696119308472, 0.0
28.13424801826477, 0.9872340559959412, 0.5336287021636963, 59.19353103637695, 85.6529769897461, 1.6616696119308472, 0.0
28.14425277709961, 0.9936169981956482, 0.6070783138275146, 60.35407257080078, 98.73594665527344, 1.6616696119308472, 0.0
28.15424919128418, 0.9978723526000977, 0.5424222350120544, 61.127769470214844, 98.62222290039062, 1.6616696119308472, 0.0
28.164257526397705, 1.0021276473999023, 0.49547475576400757, 61.29982376098633, 74.51905059814453, 1.6649786233901978, 0.0
28.174249410629272, 1.0042552947998047, 0.33957576751708984, 61.68667221069336, 45.737403869628906, 1.6649786233901978, 0.0
28.184255361557007, 1.0042552947998047, 0.26704323291778564, 61.68667221069336, 33.450950622558594, 1.6649786233901978, 0.0
28.19424843788147, 1.006382942199707, 0.22779963910579681, 62.07352066040039, 25.31438636779785, 1.6649786233901978, 0.0
28.204251289367676, 1.006382942199707, 0.11895562708377838, 62.02128219604492, 20.168079376220703, 1.6652659177780151, 0.0
28.21425986289978, 1.006382942199707, 0.038665734231472015, 62.02128219604492, 6.080865859985352, 1.6652659177780151, 0.0
28.224316358566284, 1.006382942199707, 0.05311619117856026, 62.02128219604492, 8.35345458984375, 1.6652659177780151, 0.0
28.234256505966187, 1.0085105895996094, 0.060391493141651154, 62.40813064575195, 9.497623443603516, 1.6652659177780151, 0.0
28.244255542755127, 1.027837872505188, 0.41744306683540344, 65.78191375732422, 73.1698226928711, 1.6660373210906982, 0.0
28.25428032875061, 1.027837872505188, 0.4407081604003906, 65.78191375732422, 77.24774932861328, 1.6660373210906982, 0.0
28.264262437820435, 1.027837872505188, 0.42287689447402954, 65.78191375732422, 74.12226867675781, 1.6660373210906982, 0.0
28.274250745773315, 1.027837872505188, 0.41940808296203613, 65.78191375732422, 73.51425170898438, 1.6660373210906982, 0.0
28.28428626060486, 1.0251351594924927, 0.3510456383228302, 65.38221740722656, 62.801273345947266, 1.6655329465866089, 0.0
28.29427146911621, 1.0251351594924927, -0.054900992661714554, 65.38221740722656, -8.119172096252441, 1.6655329465866089, 0.0
28.30428385734558, 1.0224324464797974, -0.10588414967060089, 64.89081573486328, -17.455305099487305, 1.6655329465866089, 0.0
28.31427502632141, 1.0224324464797974, -0.10471531748771667, 64.89081573486328, -17.262619018554688, 1.6655329465866089, 0.0
28.324259281158447, 1.0251351594924927, -0.054823990911245346, 65.45686340332031, -6.593585968017578, 1.665122389793396, 0.0
28.334285259246826, 0.9978723526000977, -0.7251930832862854, 60.49999237060547, -129.86767578125, 1.665122389793396, 0.0
28.344274759292603, 0.9936169981956482, -0.8673176169395447, 59.726295471191406, -155.63998413085938, 1.665122389793396, 0.0
28.354257345199585, 0.9893617033958435, -0.8540650010108948, 58.95260238647461, -153.3567657470703, 1.665122389793396, 0.0
28.3642578125, 1.027837872505188, 0.10494798421859741, 65.9901351928711, 19.89447021484375, 1.6648920774459839, 0.0
28.374248266220093, 1.027837872505188, 0.05344880372285843, 65.9901351928711, 10.546086311340332, 1.6648920774459839, 0.0
28.38426685333252, 1.0251351594924927, 0.017953116446733475, 65.49874114990234, 3.5423638820648193, 1.6648920774459839, 0.0
28.394266366958618, 1.0224324464797974, 0.4935908913612366, 65.00733947753906, 90.51828002929688, 1.6648920774459839, 0.0
28.40425395965576, 1.0143243074417114, 0.3926611542701721, 63.480140686035156, 71.18209838867188, 1.6651835441589355, 0.0
28.414255142211914, 1.0089188814163208, 0.4059430658817291, 62.49734115600586, 73.57703399658203, 1.6651835441589355, 0.0
28.42425513267517, 1.0008108615875244, -0.5314559936523438, 61.02313995361328, -97.6704330444336, 1.6651835441589355, 0.0
28.434250593185425, 0.9927027225494385, -0.6843662858009338, 59.5489387512207, -125.54846954345703, 1.6651835441589355, 0.0
28.444266319274902, 0.9845945835113525, -0.7915776371955872, 58.13275909423828, -143.81800842285156, 1.664864420890808, 0.0
28.454248189926147, 0.9791892170906067, -0.6699128746986389, 57.149959564208984, -120.696044921875, 1.664864420890808, 0.0
28.464245080947876, 0.9710810780525208, -0.7734837532043457, 55.67575454711914, -139.4473114013672, 1.664864420890808, 0.0
28.474276542663574, 0.9710810780525208, -0.6177939176559448, 55.67575454711914, -111.12043762207031, 1.664864420890808, 0.0
28.484250783920288, 0.9425531625747681, -1.2742421627044678, 50.47323989868164, -232.12542724609375, 1.6649503707885742, 0.0
28.49425745010376, 0.9656756520271301, -0.26154670119285583, 54.677330017089844, -47.85639953613281, 1.6649503707885742, 0.0
28.50425958633423, 0.9629729986190796, -0.21172873675823212, 54.18592834472656, -38.80219268798828, 1.6649503707885742, 0.0
28.51427149772644, 0.9548648595809937, -0.3157208263874054, 52.711727142333984, -57.70804214477539, 1.6649503707885742, 0.0
28.524246215820312, 0.949459433555603, -0.3569115400314331, 51.74017333984375, -64.96527862548828, 1.6648885011672974, 0.0
28.534245252609253, 0.9413513541221619, -0.10973720252513885, 50.26597213745117, -19.72601318359375, 1.6648885011672974, 0.0
28.544250011444092, 0.9305405616760254, -0.6299253702163696, 48.30036926269531, -114.34461212158203, 1.6648885011672974, 0.0
28.55426526069641, 0.9197297096252441, -0.8874568939208984, 46.33477020263672, -161.13851928710938, 1.6648885011672974, 0.0
28.56426215171814, 0.8978723287582397, -1.5545939207077026, 42.38514709472656, -281.7640686035156, 1.664754033088684, 0.0
28.574273824691772, 0.911621630191803, -0.6598619222640991, 44.88501739501953, -119.54853057861328, 1.664754033088684, 0.0
28.58425784111023, 0.9089189171791077, -0.5587391257286072, 44.39361572265625, -101.20012664794922, 1.664754033088684, 0.0
28.594277143478394, 0.903513491153717, -0.5681148171424866, 43.41081619262695, -102.82640838623047, 1.664754033088684, 0.0
28.604265928268433, 0.8954054117202759, -0.58394455909729, 41.89764404296875, -106.45697784423828, 1.6649683713912964, 0.0
28.614276885986328, 0.8818919062614441, -0.6104172468185425, 39.44063949584961, -111.71842193603516, 1.6649683713912964, 0.0
28.62425661087036, 0.8737837672233582, -0.7572449445724487, 37.96643829345703, -138.4608154296875, 1.6649683713912964, 0.0
28.634259939193726, 0.865675687789917, -0.8739715218544006, 36.49223709106445, -159.6915283203125, 1.6649683713912964, 0.0
28.644279956817627, 0.8340425491333008, -1.848734974861145, 30.771602630615234, -336.3586730957031, 1.6647987365722656, 0.0
28.65425705909729, 0.8494594693183899, -0.768949031829834, 33.574676513671875, -139.18212890625, 1.6647987365722656, 0.0
28.664292812347412, 0.8386486768722534, -0.762610912322998, 31.60907554626465, -138.0763397216797, 1.6647987365722656, 0.0
28.674268007278442, 0.8332432508468628, -0.732738733291626, 30.62627410888672, -132.6677703857422, 1.6647987365722656, 0.0
28.684261083602905, 0.8042553067207336, -1.54975426197052, 25.355741500854492, -280.9952697753906, 1.6647987365722656, 0.0
28.694264888763428, 0.8170270323753357, -0.39099130034446716, 27.677871704101562, -71.08932495117188, 1.6647987365722656, 0.0
28.704272031784058, 0.8089188933372498, -0.8783558011054993, 26.20366859436035, -159.7010498046875, 1.6647987365722656, 0.0
28.714254140853882, 0.7981081008911133, -0.909358561038971, 24.238067626953125, -165.33792114257812, 1.6647987365722656, 0.0
28.72425937652588, 0.7872973084449768, -0.8468591570854187, 22.264358520507812, -154.12379455566406, 1.6648433208465576, 0.0
28.73425555229187, 0.7595744729042053, -1.1177018880844116, 17.223844528198242, -203.42129516601562, 1.6648433208465576, 0.0
28.744250535964966, 0.7468085289001465, -1.7673460245132446, 14.902761459350586, -321.5478210449219, 1.6648433208465576, 0.0
28.75427222251892, 0.7656756639480591, -0.7854124903678894, 18.333154678344727, -142.9495086669922, 1.6648433208465576, 0.0
28.76426100730896, 0.7521621584892273, -0.7555230259895325, 15.884259223937988, -137.36782836914062, 1.6647987365722656, 0.0
28.77425980567932, 0.7413513660430908, -0.8247154951095581, 13.918657302856445, -149.80276489257812, 1.6647987365722656, 0.0
28.784295797348022, 0.7305405139923096, -0.5360380411148071, 11.953055381774902, -97.31179809570312, 1.6647987365722656, 0.0
28.794252157211304, 0.6978723406791687, -1.2438832521438599, 6.013382434844971, -225.9545440673828, 1.6647987365722656, 0.0
28.804272890090942, 0.7143242955207825, -0.8859066367149353, 8.989241600036621, -161.2147674560547, 1.6648834943771362, 0.0
28.814263343811035, 0.6851063966751099, -1.69839346408844, 3.676888942718506, -309.2233581542969, 1.6648834943771362, 0.0
28.824257373809814, 0.6787233948707581, -1.3553389310836792, 2.5163471698760986, -246.808349609375, 1.6648834943771362, 0.0
28.834262371063232, 0.6617021560668945, -1.0676617622375488, -0.5784302949905396, -194.50697326660156, 1.6648834943771362, 0.0
28.844298124313354, 0.6764864921569824, -0.33353760838508606, 2.1169393062591553, -60.50098419189453, 1.6648433208465576, 0.0
28.854257106781006, 0.665675699710846, -0.768088161945343, 0.15133723616600037, -139.51400756835938, 1.6648433208465576, 0.0
28.864259719848633, 0.6361702084541321, -1.5888622999191284, -5.213292598724365, -288.6881408691406, 1.6648433208465576, 0.0
28.874255895614624, 0.6386486291885376, -0.6046534180641174, -4.762667655944824, -109.80590057373047, 1.6648433208465576, 0.0
28.88425326347351, 0.6332432627677917, -0.5621948838233948, -5.752772808074951, -102.21724700927734, 1.6648834943771362, 0.0
28.894291162490845, 0.6224324107170105, -1.062364101409912, -7.718374729156494, -193.30067443847656, 1.6648834943771362, 0.0
28.90425181388855, 0.5936170220375061, -1.6334460973739624, -12.957540512084961, -297.18499755859375, 1.6648834943771362, 0.0
