26.974698781967163, 1.014893651008606, -1.2271337509155273, 82.30976867675781, -640.231689453125, 1.5853813886642456, 0.25
26.98472833633423, 1.0021276473999023, -1.4842743873596191, 80.49158477783203, -679.3038330078125, 1.5853813886642456, 0.25
26.99472141265869, 0.9872340559959412, -1.4449564218521118, 77.70628356933594, -662.3601684570312, 1.5853813886642456, 0.25
27.004724740982056, 0.9744681119918823, -1.3496296405792236, 75.6173095703125, -581.9244384765625, 1.5853813886642456, 0.25
27.01472544670105, 0.9595744609832764, -1.3725248575210571, 72.47191619873047, -244.08709716796875, 1.5858725309371948, 0.25
27.02470874786377, 0.9425531625747681, -1.624414324760437, 69.45451354980469, -286.934326171875, 1.5858725309371948, 0.25
27.034725666046143, 0.9297872185707092, -1.511886715888977, 67.36553955078125, -272.14813232421875, 1.5858725309371948, 0.25
27.044705629348755, 0.9127659797668457, -1.5964313745498657, 64.23207092285156, -287.36663818359375, 1.5858725309371948, 0.25
27.054699659347534, 0.9042553305625916, -1.3924583196640015, 60.86244201660156, -292.22637939453125, 1.5931289196014404, 0.25
27.064757347106934, 0.8914893865585327, -1.4851759672164917, 57.96108627319336, -334.2827453613281, 1.5931289196014404, 0.25
27.074727058410645, 0.8744680881500244, -1.4035364389419556, 55.21446990966797, -318.5473327636719, 1.5931289196014404, 0.25
27.084707498550415, 0.8595744967460632, -1.301707148551941, 52.58391189575195, -282.0588684082031, 1.5931289196014404, 0.25
27.0946946144104, 0.848936140537262, -1.4430482387542725, 48.618404388427734, -317.5890197753906, 1.6047264337539673, 0.25
27.104711771011353, 0.8361701965332031, -1.459111213684082, 45.871788024902344, -332.77923583984375, 1.6047264337539673, 0.25
27.114694595336914, 0.8212766051292419, -1.3692673444747925, 43.24123001098633, -311.20611572265625, 1.6047264337539673, 0.25
27.12471318244934, 0.8042553067207336, -1.337241291999817, 40.61066818237305, -301.81304931640625, 1.6047264337539673, 0.25
27.13469934463501, 0.7957446575164795, -1.2689532041549683, 36.35799026489258, -293.8471374511719, 1.6183289289474487, 0.25
27.1447594165802, 0.7808510661125183, -1.4031527042388916, 33.65005874633789, -312.4477844238281, 1.6183289289474487, 0.25
27.154695749282837, 0.7659574747085571, -1.4486116170883179, 30.98081398010254, -323.6678161621094, 1.6183289289474487, 0.25
27.16471219062805, 0.7553191781044006, -1.2331221103668213, 29.201316833496094, -287.4994812011719, 1.6183289289474487, 0.25
27.17474389076233, 0.7446808218955994, -1.2713969945907593, 24.18196678161621, -306.5539855957031, 1.6318928003311157, 0.25
27.18471121788025, 0.7297872304916382, -1.3691760301589966, 21.590089797973633, -313.61187744140625, 1.6318928003311157, 0.25
27.194693565368652, 0.7127659320831299, -1.3987541198730469, 18.998214721679688, -317.069580078125, 1.6318928003311157, 0.25
27.204719066619873, 0.7042553424835205, -1.4021941423416138, 17.257402420043945, -317.849365234375, 1.6318928003311157, 0.25
27.214688062667847, 0.693617045879364, -1.1224579811096191, 12.500597953796387, -259.7083740234375, 1.643799901008606, 0.25
27.22474217414856, 0.6808510422706604, -1.2879842519760132, 10.759785652160645, -285.0501403808594, 1.643799901008606, 0.25
27.234723806381226, 0.6638298034667969, -1.3032774925231934, 8.051855087280273, -291.5255432128906, 1.643799901008606, 0.25
27.244709014892578, 0.651063859462738, -1.436944603919983, 5.382609844207764, -322.56097412109375, 1.643799901008606, 0.25
27.254687547683716, 0.6446808576583862, -1.2673078775405884, 1.7611775398254395, -278.1204833984375, 1.6539305448532104, 0.25
27.264731407165527, 0.6276595592498779, -1.2904504537582397, -0.8693833947181702, -295.0055236816406, 1.6539305448532104, 0.25
27.274691343307495, 0.6148936152458191, -1.2282414436340332, -3.383890151977539, -289.9011535644531, 1.6539305448532104, 0.25
27.284714460372925, 0.6085106134414673, -1.1728283166885376, -4.931279182434082, -284.2658996582031, 1.6539305448532104, 0.25
27.29468822479248, 0.5914893746376038, -1.2259076833724976, -9.136324882507324, -262.1015625, 1.6632285118103027, 0.25
27.304739713668823, 0.5829787254333496, -1.1057651042938232, -10.799768447875977, -245.75791931152344, 1.6632285118103027, 0.25
27.314701318740845, 0.5702127814292908, -1.1924476623535156, -13.198220252990723, -261.92596435546875, 1.6632285118103027, 0.25
27.324724674224854, 0.5553191304206848, -1.3783706426620483, -15.86746597290039, -285.1543273925781, 1.6632285118103027, 0.25
27.33469247817993, 0.5489361882209778, -1.1891599893569946, -19.175151824951172, -280.5376281738281, 1.6722718477249146, 0.25
27.344717502593994, 0.5404255390167236, -1.056447982788086, -21.302812576293945, -268.3843994140625, 1.6722718477249146, 0.25
27.354692697525024, 0.5276595950126648, -1.0985435247421265, -23.35310173034668, -281.3959655761719, 1.6722718477249146, 0.25
27.36470627784729, 0.5234042406082153, -0.8982738256454468, -24.55232810974121, -244.44337463378906, 1.6722718477249146, 0.25
27.374698162078857, 0.521276593208313, -0.6060476303100586, -27.666872024536133, -185.03823852539062, 1.6813167333602905, 0.25
27.38471508026123, 0.5255318880081177, -0.29307228326797485, -28.556621551513672, -180.65078735351562, 1.6813167333602905, 0.25
27.39469289779663, 0.5382978916168213, 0.2746537923812866, -28.363197326660156, -129.34791564941406, 1.6813167333602905, 0.25
27.404722452163696, 0.5574468374252319, 1.0676956176757812, -26.893177032470703, -54.25373840332031, 1.6813167333602905, 0.25
27.414692163467407, 0.5787234306335449, 1.4122816324234009, -25.727603912353516, 57.18562316894531, 1.6900124549865723, 0.25
27.424723625183105, 0.5914893746376038, 1.7715520858764648, -23.406518936157227, 138.32664489746094, 1.6900124549865723, 0.25
27.434696197509766, 0.6106383204460144, 1.814902424812317, -19.73147201538086, 227.93270874023438, 1.6900124549865723, 0.25
27.444708108901978, 0.6340425610542297, 1.9221570491790771, -15.94036865234375, 278.66522216796875, 1.6900124549865723, 0.25
27.454697847366333, 0.6446808576583862, 1.7412234544754028, -15.350386619567871, 273.9501647949219, 1.6999590396881104, 0.25
27.464714288711548, 0.6574468016624451, 1.6217902898788452, -12.062185287475586, 285.31610107421875, 1.6999590396881104, 0.25
27.474689960479736, 0.6787233948707581, 1.7214841842651367, -8.7739839553833, 279.74237060546875, 1.6999590396881104, 0.25
27.48471236228943, 0.6872340440750122, 1.47465980052948, -6.72369384765625, 255.5194549560547, 1.6999590396881104, 0.25
27.494691371917725, 0.699999988079071, 1.2870453596115112, -5.759265899658203, 212.4897003173828, 1.7101866006851196, 0.25
27.50471544265747, 0.714893639087677, 1.4027690887451172, -2.935281276702881, 230.57583618164062, 1.7101866006851196, 0.25
27.51469111442566, 0.7297872304916382, 1.2681355476379395, -0.42077457904815674, 206.3387908935547, 1.7101866006851196, 0.25
27.524720907211304, 0.7382978796958923, 1.1683475971221924, 1.2813531160354614, 175.66778564453125, 1.7101866006851196, 0.25
27.534689903259277, 0.7489361763000488, 1.1803556680679321, 1.8462461233139038, 175.3696746826172, 1.7209094762802124, 0.25
27.54470920562744, 0.757446825504303, 1.1552917957305908, 3.393634796142578, 171.8260040283203, 1.7209094762802124, 0.25
27.554717302322388, 0.7765957713127136, 1.2857178449630737, 5.869456768035889, 172.77761840820312, 1.7209094762802124, 0.25
27.564703702926636, 0.7914893627166748, 1.3616371154785156, 8.500018119812012, 177.1769561767578, 1.7209094762802124, 0.25
27.574686765670776, 0.8085106611251831, 1.547248125076294, 9.529937744140625, 193.26905822753906, 1.7312023639678955, 0.25
27.584745407104492, 0.8212766051292419, 1.5031152963638306, 11.580227851867676, 193.9610137939453, 1.7312023639678955, 0.25
27.59468674659729, 0.8382978439331055, 1.6147632598876953, 14.52026653289795, 226.54498291015625, 1.7312023639678955, 0.25
27.604712963104248, 0.8574467897415161, 1.7276735305786133, 17.76978302001953, 241.9005889892578, 1.7312023639678955, 0.25
27.61468768119812, 0.8659574389457703, 1.5090460777282715, 18.070180892944336, 224.34005737304688, 1.7412523031234741, 0.25
27.624752283096313, 0.8808510899543762, 1.5502115488052368, 21.203643798828125, 233.5915985107422, 1.7412523031234741, 0.25
27.63469433784485, 0.8936170339584351, 1.3772608041763306, 24.104997634887695, 239.26806640625, 1.7412523031234741, 0.25
27.64471745491028, 0.9127659797668457, 1.3769028186798096, 26.81292724609375, 214.6354522705078, 1.7412523031234741, 0.25
27.65471911430359, 0.9234042763710022, 1.368719458580017, 26.947669982910156, 208.9196014404297, 1.75093674659729, -0.25
27.664755821228027, 0.936170220375061, 1.4173964262008667, 29.73297119140625, 216.7923126220703, 1.75093674659729, -0.25
27.67470097541809, 0.9468085169792175, 1.461234450340271, 31.628520965576172, 206.68031311035156, 1.75093674659729, -0.25
27.684723138809204, 0.9617021083831787, 1.3027812242507935, 34.37513732910156, 201.32151794433594, 1.75093674659729, -0.25
27.69468903541565, 0.9765957593917847, 1.2227011919021606, 35.43608474731445, 196.46633911132812, 1.7593568563461304, -0.25
27.70471978187561, 0.9893617033958435, 1.4393631219863892, 37.331634521484375, 205.6200714111328, 1.7593568563461304, -0.25
27.714745044708252, 1.0042552947998047, 1.5133718252182007, 40.194305419921875, 217.293212890625, 1.7593568563461304, -0.25
27.724706172943115, 1.014893651008606, 1.3058139085769653, 42.86355209350586, 211.9794464111328, 1.7593568563461304, -0.25
27.73469591140747, 1.021276593208313, 1.19724702835083, 45.68449020385742, 274.6114501953125, 1.7532033920288086, -0.25
27.74471688270569, 1.0319149494171143, 0.9963585138320923, 47.88951873779297, 250.52003479003906, 1.7532033920288086, -0.25
27.754697561264038, 1.042553186416626, 0.9645667672157288, 49.78506851196289, 245.43980407714844, 1.7532033920288086, -0.25
27.764719486236572, 1.0510637760162354, 0.9317886829376221, 51.68062210083008, 231.44647216796875, 1.7532033920288086, -0.25
27.774688005447388, 1.057446837425232, 0.8547396063804626, 54.979881286621094, 228.22674560546875, 1.7416532039642334, -0.25
27.784707069396973, 1.063829779624939, 0.7599912285804749, 56.565956115722656, 220.32931518554688, 1.7416532039642334, -0.25
27.794689178466797, 1.0680850744247437, 0.6035881638526917, 57.8812370300293, 211.0208740234375, 1.7416532039642334, -0.25
27.80470085144043, 1.0744681358337402, 0.520656406879425, 58.96440887451172, 181.21566772460938, 1.7416532039642334, -0.25
27.81469416618347, 1.078723430633545, 0.488097608089447, 62.67254638671875, 182.2776641845703, 1.7250882387161255, -0.25
27.824702978134155, 1.085106372833252, 0.5220439434051514, 63.71703338623047, 181.24452209472656, 1.7250882387161255, -0.25
27.834692001342773, 1.091489315032959, 0.6113201379776001, 64.916259765625, 192.12716674804688, 1.7250882387161255, -0.25
27.84471893310547, 1.0957447290420532, 0.5632092952728271, 65.68994903564453, 178.03079223632812, 1.7250882387161255, -0.25
27.8546884059906, 1.100000023841858, 0.520184338092804, 69.8677749633789, 186.00177001953125, 1.7082804441452026, -0.25
27.864705562591553, 1.106382966041565, 0.5657283663749695, 70.91226196289062, 201.14402770996094, 1.7082804441452026, -0.25
27.874695539474487, 1.1106382608413696, 0.4582899510860443, 71.87937927246094, 177.0630645751953, 1.7082804441452026, -0.25
27.88471508026123, 1.1170213222503662, 0.5324965715408325, 72.57569885253906, 180.7224884033203, 1.7082804441452026, -0.25
27.894697666168213, 1.1234042644500732, 0.5852604508399963, 76.3746337890625, 169.40875244140625, 1.693556547164917, -0.25
27.904730558395386, 1.1297872066497803, 0.6187804341316223, 77.53517150878906, 183.61163330078125, 1.693556547164917, -0.25
27.914684295654297, 1.134042501449585, 0.5954660177230835, 78.69571685791016, 201.1379852294922, 1.693556547164917, -0.25
27.924709796905518, 1.1382979154586792, 0.4724219739437103, 79.7015151977539, 177.37545776367188, 1.693556547164917, -0.25
27.934701204299927, 1.1425532102584839, 0.44570115208625793, 82.41814422607422, 148.1194610595703, 1.6820193529129028, -0.25
27.94472026824951, 1.1468085050582886, 0.4060341715812683, 83.26921081542969, 145.776611328125, 1.6820193529129028, -0.25
27.954694032669067, 1.148936152458191, 0.36032506823539734, 84.00421905517578, 140.00791931152344, 1.6820193529129028, -0.25
27.964717149734497, 1.1531914472579956, 0.4097091853618622, 84.50711822509766, 132.19752502441406, 1.6820193529129028, -0.25
27.974700450897217, 1.1574468612670898, 0.3372657299041748, 86.84172058105469, 108.69102478027344, 1.6732215881347656, -0.25
27.98471236228943, 1.1617021560668945, 0.4182122051715851, 87.61541748046875, 115.5237808227539, 1.6732215881347656, -0.25
27.994694709777832, 1.1638298034667969, 0.4261724352836609, 88.1570053100586, 118.82960510253906, 1.6732215881347656, -0.25
28.00472092628479, 1.1680850982666016, 0.3573431968688965, 88.93069458007812, 116.24427795410156, 1.6732215881347656, -0.25
28.014702796936035, 1.1723403930664062, 0.33207830786705017, 91.08607482910156, 103.36341094970703, 1.6654095649719238, -0.25
28.024704933166504, 1.1744680404663086, 0.30738672614097595, 91.74371337890625, 111.4601058959961, 1.6654095649719238, -0.25
28.034706830978394, 1.176595687866211, 0.2944842576980591, 92.13056182861328, 102.49819946289062, 1.6654095649719238, -0.25
28.04473066329956, 1.1787234544754028, 0.23238202929496765, 92.63346099853516, 93.70964813232422, 1.6654095649719238, -0.25
28.054692268371582, 1.1808511018753052, 0.22921854257583618, 94.41461944580078, 83.3968276977539, 1.6581664085388184, -0.25
28.064724445343018, 1.1808511018753052, 0.18880221247673035, 94.646728515625, 85.86820220947266, 1.6581664085388184, -0.25
28.074721813201904, 1.1829787492752075, 0.16961577534675598, 95.03357696533203, 73.03021240234375, 1.6581664085388184, -0.25
28.08470630645752, 1.1829787492752075, 0.11697537451982498, 95.26567840576172, 68.10395050048828, 1.6581664085388184, -0.25
28.09470295906067, 1.1829787492752075, 0.05743371695280075, 96.85002899169922, 65.74114227294922, 1.6498780250549316, -0.25
28.104731798171997, 1.1829787492752075, 0.0, 96.92739868164062, 60.687503814697266, 1.6498780250549316, -0.25
28.11468744277954, 1.1829787492752075, 0.0, 96.92739868164062, 49.27097702026367, 1.6498780250549316, -0.25
28.124711990356445, 1.1808511018753052, -0.05673989653587341, 96.81134796142578, 40.18773651123047, 1.6498780250549316, -0.25
28.134703636169434, 1.1808511018753052, -0.05674350634217262, 98.371826171875, 39.55372619628906, 1.6408698558807373, -0.25
28.144708156585693, 1.1787234544754028, -0.1279800832271576, 98.17839813232422, 37.62427520751953, 1.6408698558807373, -0.25
28.154691696166992, 1.176595687866211, -0.12219705432653427, 97.90760803222656, 29.25885772705078, 1.6408698558807373, -0.25
28.164717435836792, 1.1744680404663086, -0.16973406076431274, 97.67549896240234, 22.979312896728516, 1.6408698558807373, -0.25
28.17469596862793, 1.1723403930664062, -0.22774150967597961, 99.15638732910156, 22.02971649169922, 1.6303845643997192, -0.25
28.18471622467041, 1.1680850982666016, -0.3081509470939636, 98.65348052978516, 16.002412796020508, 1.6303845643997192, -0.25
28.194687366485596, 1.1659574508666992, -0.2891598343849182, 98.26663970947266, 9.758745193481445, 1.6303845643997192, -0.25
28.204732418060303, 1.1617021560668945, -0.3303980529308319, 97.60899353027344, 1.2824149131774902, 1.6303845643997192, -0.25
28.214696407318115, 1.155319094657898, -0.4002073109149933, 98.79467010498047, -5.56169319152832, 1.6196080446243286, -0.25
28.224719524383545, 1.1531914472579956, -0.4248970150947571, 98.21440124511719, -12.526578903198242, 1.6196080446243286, -0.25
28.234694480895996, 1.1468085050582886, -0.48898908495903015, 97.32464599609375, -21.504804611206055, 1.6196080446243286, -0.25
28.244722843170166, 1.1404255628585815, -0.5614572763442993, 96.31884765625, -31.022335052490234, 1.6196080446243286, -0.25
28.25469470024109, 1.134042501449585, -0.5189072489738464, 97.21647644042969, -34.38032150268555, 1.6089264154434204, -0.25
28.264705419540405, 1.127659559249878, -0.6203523874282837, 96.40409088134766, -40.806209564208984, 1.6089264154434204, -0.25
28.274739265441895, 1.121276617050171, -0.6764838099479675, 95.16618347167969, -53.443721771240234, 1.6089264154434204, -0.25
28.284714698791504, 1.112765908241272, -0.6613674163818359, 93.85090637207031, -54.909873962402344, 1.6089264154434204, -0.25
28.294686794281006, 1.1085106134414673, -0.6913849115371704, 94.78311157226562, -65.89364624023438, 1.5986928939819336, 0.25
28.30471444129944, 1.1021276712417603, -0.7308804988861084, 93.42914581298828, -74.08741760253906, 1.5986928939819336, 0.25
28.314740419387817, 1.0936169624328613, -0.7408925890922546, 92.07518005371094, -77.34744262695312, 1.5986928939819336, 0.25
28.324711322784424, 1.0893616676330566, -0.6129997968673706, 90.8759536743164, -72.33670806884766, 1.5986928939819336, 0.25
28.33470630645752, 1.0829787254333496, -0.639967143535614, 91.67626190185547, -72.26032257080078, 1.5898231267929077, 0.25
28.344739198684692, 1.078723430633545, -0.466568261384964, 90.51571655273438, -54.556331634521484, 1.5898231267929077, 0.25
28.35469150543213, 1.070212721824646, -0.5669336318969727, 89.70333862304688, -57.45436096191406, 1.5898231267929077, 0.25
28.36471700668335, 1.0659574270248413, -0.5363011360168457, 88.81359100341797, -51.44598388671875, 1.5898231267929077, 0.25
28.374725818634033, 1.0595744848251343, -0.6401758193969727, 86.97797393798828, -128.51199340820312, 1.5924721956253052, 0.25
28.38471031188965, 1.0531915426254272, -0.7281472086906433, 85.5853271484375, -140.61033630371094, 1.5924721956253052, 0.25
28.394691705703735, 1.0510637760162354, -0.5004140734672546, 84.81163024902344, -127.83367919921875, 1.5924721956253052, 0.25
28.404733657836914, 1.0446808338165283, -0.5241562128067017, 83.72846221923828, -126.48644256591797, 1.5924721956253052, 0.25
28.414685249328613, 1.0404255390167236, -0.46092328429222107, 81.65878295898438, -131.46900939941406, 1.5985362529754639, 0.25
28.424718618392944, 1.0340425968170166, -0.5478239059448242, 80.96246337890625, -132.2536163330078, 1.5985362529754639, 0.25
28.434720516204834, 1.0234042406082153, -0.731629490852356, 79.64717864990234, -136.9045867919922, 1.5985362529754639, 0.25
28.444711446762085, 1.0106383562088013, -0.9555937647819519, 77.98373413085938, -152.5703887939453, 1.5985362529754639, 0.25
28.454691648483276, 1.0042552947998047, -0.969447672367096, 75.6010513305664, -162.3616485595703, 1.6046197414398193, 0.25
28.464744329452515, 0.9957447052001953, -0.9447188973426819, 73.66681671142578, -191.72683715820312, 1.6046197414398193, 0.25
28.474696159362793, 0.9914893507957458, -0.7769919037818909, 72.00337219238281, -200.596923828125, 1.6046197414398193, 0.25
28.48470711708069, 0.9872340559959412, -0.5362295508384705, 70.80414581298828, -183.71807861328125, 1.6046197414398193, 0.25
28.494689226150513, 0.9808510541915894, -0.49364757537841797, 67.72039031982422, -186.2050018310547, 1.6175378561019897, 0.25
28.50472354888916, 0.9702127575874329, -0.6912024021148682, 66.48247528076172, -195.0391845703125, 1.6175378561019897, 0.25
28.514699935913086, 0.9617021083831787, -0.7624386548995972, 65.0511474609375, -178.84266662597656, 1.6175378561019897, 0.25
28.5247163772583, 0.957446813583374, -0.7814405560493469, 63.96797180175781, -179.3407440185547, 1.6175378561019897, 0.25
28.534693956375122, 0.9531915187835693, -0.5549783110618591, 60.14894104003906, -170.3663787841797, 1.630670189857483, 0.25
28.54471492767334, 0.9404255151748657, -0.7860469222068787, 58.756290435791016, -207.47457885742188, 1.630670189857483, 0.25
28.554731607437134, 0.9319148659706116, -0.7985727787017822, 57.7118034362793, -196.7620849609375, 1.630670189857483, 0.25
28.5647132396698, 0.9191489219665527, -1.010113000869751, 55.77756881713867, -214.68624877929688, 1.630670189857483, 0.25
28.57468891143799, 0.9127659797668457, -1.1042460203170776, 51.90235137939453, -225.26019287109375, 1.6443243026733398, 0.25
28.58474564552307, 0.9042553305625916, -0.9744291305541992, 49.8907470703125, -238.83865356445312, 1.6443243026733398, 0.25
28.594685316085815, 0.8936170339584351, -0.8806049823760986, 48.07256317138672, -248.89027404785156, 1.6443243026733398, 0.25
28.604748487472534, 0.8829787373542786, -0.8494040369987488, 46.293067932128906, -220.2411346435547, 1.6443243026733398, 0.25
28.614721298217773, 0.8744680881500244, -0.8823873996734619, 42.92467498779297, -202.0270538330078, 1.6558291912078857, 0.25
28.624712467193604, 0.8638297915458679, -1.0619655847549438, 40.87438201904297, -232.85256958007812, 1.6558291912078857, 0.25
28.63469958305359, 0.8553191423416138, -1.0444272756576538, 39.48173141479492, -234.28189086914062, 1.6558291912078857, 0.25
28.644707679748535, 0.8446808457374573, -1.085210919380188, 37.392757415771484, -252.19970703125, 1.6558291912078857, 0.25
28.65468668937683, 0.8361701965332031, -0.917640209197998, 33.59963607788086, -232.5927734375, 1.666053056716919, 0.25
28.664706468582153, 0.8255318999290466, -1.0465366840362549, 32.24567413330078, -235.79017639160156, 1.666053056716919, 0.25
28.674729347229004, 0.8127659559249878, -1.1255109310150146, 30.15669822692871, -253.58348083496094, 1.666053056716919, 0.25
28.6847140789032, 0.8021276593208313, -1.1205933094024658, 27.95166778564453, -243.4766845703125, 1.666053056716919, 0.25
28.694687843322754, 0.7957446575164795, -1.0250709056854248, 24.82505226135254, -222.497314453125, 1.6751643419265747, 0.25
28.704713344573975, 0.785106360912323, -0.9268059730529785, 22.813446044921875, -223.843994140625, 1.6751643419265747, 0.25
28.714695692062378, 0.7680851221084595, -1.0619877576828003, 20.685787200927734, -229.49407958984375, 1.6751643419265747, 0.25
28.72471046447754, 0.7617021203041077, -1.0268089771270752, 19.21576690673828, -221.89199829101562, 1.6751643419265747, 0.25
28.73469042778015, 0.7531914710998535, -0.9844227433204651, 15.454598426818848, -211.22813415527344, 1.6839358806610107, 0.25
28.744706630706787, 0.7468085289001465, -1.002264380455017, 14.0619478225708, -229.02879333496094, 1.6839358806610107, 0.25
28.75473928451538, 0.7297872304916382, -1.0726022720336914, 11.93428897857666, -245.10179138183594, 1.6839358806610107, 0.25
28.764771938323975, 0.7191489338874817, -1.106897234916687, 9.806629180908203, -250.70240783691406, 1.6839358806610107, 0.25
28.77469539642334, 0.7106382846832275, -1.0894176959991455, 6.037656784057617, -235.00973510742188, 1.692750334739685, 0.25
28.784764051437378, 0.7021276354789734, -1.0827969312667847, 4.606322288513184, -247.6519775390625, 1.692750334739685, 0.25
28.794703006744385, 0.6914893388748169, -0.9364780783653259, 2.633401393890381, -236.70327758789062, 1.692750334739685, 0.25
28.804707527160645, 0.6787233948707581, -1.0513314008712769, 0.6604807376861572, -230.8977813720703, 1.692750334739685, 0.25
28.814707040786743, 0.672340452671051, -1.0472872257232666, -2.4374256134033203, -231.75819396972656, 1.7021292448043823, 0.25
28.824714183807373, 0.6638298034667969, -0.9170429706573486, -4.37166166305542, -237.96530151367188, 1.7021292448043823, 0.25
28.834686040878296, 0.6489361524581909, -1.0594441890716553, -6.383266925811768, -232.30813598632812, 1.7021292448043823, 0.25
28.844707012176514, 0.6382978558540344, -1.1774789094924927, -7.814601421356201, -246.8546600341797, 1.7021292448043823, 0.25
28.85471534729004, 0.6319149136543274, -0.8921951651573181, -11.629297256469727, -209.5560302734375, 1.7118334770202637, 0.25
28.864710807800293, 0.6255319118499756, -1.0040812492370605, -12.98326301574707, -225.77618408203125, 1.7118334770202637, 0.25
28.874687433242798, 0.6085106134414673, -1.0324360132217407, -15.149606704711914, -223.8853759765625, 1.7118334770202637, 0.25
28.884710788726807, 0.6042553186416626, -0.9334781169891357, -17.083843231201172, -235.07725524902344, 1.7118334770202637, 0.25
28.894689083099365, 0.6000000238418579, -0.8135454058647156, -20.08406639099121, -215.52125549316406, 1.7219517230987549, 0.25
28.904718160629272, 0.5872340202331543, -0.8903868794441223, -21.90224838256836, -228.322998046875, 1.7219517230987549, 0.25
28.91468620300293, 0.5808510780334473, -0.7167912721633911, -23.410951614379883, -212.3828125, 1.7219517230987549, 0.25
28.924704790115356, 0.5765957236289978, -0.6804893612861633, -24.764917373657227, -189.254150390625, 1.7219517230987549, 0.25
28.93470025062561, 0.5702127814292908, -0.709995448589325, -27.574792861938477, -191.09130859375, 1.7320868968963623, 0.25
28.944724082946777, 0.5744680762290955, -0.22997167706489563, -28.38717269897461, -159.5536346435547, 1.7320868968963623, 0.25
28.95469069480896, 0.585106372833252, 0.10902933776378632, -28.38717269897461, -127.50020599365234, 1.7320868968963623, 0.25
28.96470880508423, 0.6063829660415649, 0.8007737398147583, -27.304000854492188, -68.25849151611328, 1.7320868968963623, 0.25
28.974693536758423, 0.6276595592498779, 1.5740095376968384, -26.280324935913086, 46.06711196899414, 1.7413502931594849, 0.25
28.98470950126648, 0.6382978558540344, 1.6360396146774292, -24.036609649658203, 111.5105209350586, 1.7413502931594849, 0.25
28.99468493461609, 0.6595744490623474, 1.9343605041503906, -20.322877883911133, 223.6186981201172, 1.7413502931594849, 0.25
29.004704475402832, 0.6829787492752075, 1.9911675453186035, -16.531774520874023, 284.64593505859375, 1.7413502931594849, 0.25
29.014699459075928, 0.693617045879364, 1.6332836151123047, -15.959500312805176, 255.5713348388672, 1.751394271850586, -0.25
29.024725198745728, 0.7085106372833252, 1.6815950870513916, -12.400506019592285, 283.3865051269531, 1.751394271850586, -0.25
29.034692525863647, 0.7255319356918335, 1.6662013530731201, -9.189674377441406, 285.8834533691406, 1.751394271850586, -0.25
29.04470992088318, 0.7340425252914429, 1.3566683530807495, -7.294122695922852, 245.42674255371094, 1.751394271850586, -0.25
29.054688692092896, 0.7531914710998535, 1.293940782546997, -5.9432268142700195, 213.543212890625, 1.7599217891693115, -0.25
29.064774990081787, 0.7617021203041077, 1.2635630369186401, -3.1579267978668213, 210.6810760498047, 1.7599217891693115, -0.25
29.074692964553833, 0.7702127695083618, 1.1480339765548706, -1.4944839477539062, 197.720947265625, 1.7599217891693115, -0.25
29.084701776504517, 0.7829787135124207, 1.230818748474121, 0.9813381433486938, 211.3882598876953, 1.7599217891693115, -0.25
29.094688892364502, 0.7957446575164795, 1.0604933500289917, 4.152035713195801, 252.7643280029297, 1.7541850805282593, -0.25
29.104763507843018, 0.800000011920929, 0.9795287251472473, 5.506000995635986, 221.5936737060547, 1.7541850805282593, -0.25
29.114689111709595, 0.8042553067207336, 0.8508356809616089, 7.2468132972717285, 225.37481689453125, 1.7541850805282593, -0.25
29.12470769882202, 0.8106383085250854, 0.8008052706718445, 8.252615928649902, 210.51942443847656, 1.7541850805282593, -0.25
29.134685516357422, 0.8191489577293396, 0.6400505900382996, 11.652581214904785, 205.12203979492188, 1.7429320812225342, -0.25
29.144710779190063, 0.8234042525291443, 0.6784005761146545, 12.96786117553711, 198.349853515625, 1.7429320812225342, -0.25
29.15469717979431, 0.8255318999290466, 0.5695717930793762, 13.780241012573242, 174.89903259277344, 1.7429320812225342, -0.25
29.164720058441162, 0.8297872543334961, 0.4631359577178955, 14.747358322143555, 164.0860137939453, 1.7429320812225342, -0.25
29.174689054489136, 0.8340425491333008, 0.33826714754104614, 18.437522888183594, 167.4840087890625, 1.726678729057312, -0.25
29.18471121788025, 0.8361701965332031, 0.3607620596885681, 18.863054275512695, 166.59637451171875, 1.726678729057312, -0.25
29.194684982299805, 0.8425531983375549, 0.3804638385772705, 19.636749267578125, 140.71307373046875, 1.726678729057312, -0.25
29.20471167564392, 0.848936140537262, 0.5041124820709229, 20.565183639526367, 164.28424072265625, 1.726678729057312, -0.25
29.214691638946533, 0.848936140537262, 0.36537614464759827, 24.17486572265625, 140.75074768066406, 1.7100169658660889, -0.25
29.224746704101562, 0.8574467897415161, 0.5467796325683594, 25.141983032226562, 172.6611785888672, 1.7100169658660889, -0.25
29.234728574752808, 0.8638297915458679, 0.5621095299720764, 25.87699317932129, 164.86190795898438, 1.7100169658660889, -0.25
29.244736194610596, 0.8765957355499268, 0.7553399801254272, 27.269641876220703, 183.08836364746094, 1.7100169658660889, -0.25
29.254703760147095, 0.8829787373542786, 0.7778984308242798, 31.60824966430664, 173.6392059326172, 1.6953035593032837, -0.25
29.26471209526062, 0.8872340321540833, 0.8249915242195129, 32.730106353759766, 210.16177368164062, 1.6953035593032837, -0.25
29.274698495864868, 0.8914893865585327, 0.6709812879562378, 34.12275695800781, 224.19981384277344, 1.6953035593032837, -0.25
29.28470540046692, 0.8978723287582397, 0.5488683581352234, 35.24461364746094, 192.75559997558594, 1.6953035593032837, -0.25
29.29470467567444, 0.9042553305625916, 0.5560503005981445, 38.12177276611328, 170.2267303466797, 1.6835217475891113, -0.25
29.304747819900513, 0.9106382727622986, 0.6180868744850159, 39.359683990478516, 161.80035400390625, 1.6835217475891113, -0.25
29.314706087112427, 0.9191489219665527, 0.732129693031311, 40.7523307800293, 179.01072692871094, 1.6835217475891113, -0.25
29.32470417022705, 0.9255319237709045, 0.6944786906242371, 42.144981384277344, 178.22271728515625, 1.6835217475891113, -0.25
29.334721326828003, 0.9276595711708069, 0.5603799819946289, 44.54694366455078, 159.03660583496094, 1.6745662689208984, 0.0
29.344707489013672, 0.9319148659706116, 0.46771755814552307, 45.591434478759766, 158.48263549804688, 1.6745662689208984, 0.0
29.354692697525024, 0.9404255151748657, 0.574674129486084, 46.635921478271484, 162.63946533203125, 1.6745662689208984, 0.0
29.364713430404663, 0.9446808695793152, 0.4758366048336029, 47.29356002807617, 127.93828582763672, 1.6745662689208984, 0.0
29.374691247940063, 0.9510638117790222, 0.5926845073699951, 49.80441665649414, 136.7545928955078, 1.6671395301818848, 0.0
29.38471245765686, 0.9553191661834717, 0.6409282088279724, 50.616798400878906, 137.62017822265625, 1.6671395301818848, 0.0
29.394705533981323, 0.9638298153877258, 0.6631396412849426, 51.81602478027344, 146.77381896972656, 1.6671395301818848, 0.0
29.404717922210693, 0.9702127575874329, 0.6712107062339783, 53.05393600463867, 154.10739135742188, 1.6671395301818848, 0.0
29.4146888256073, 0.978723406791687, 0.6876997947692871, 53.81435012817383, 97.58745574951172, 1.6701912879943848, 0.0
29.424728393554688, 0.9829787015914917, 0.6671356558799744, 54.74278259277344, 97.70175170898438, 1.6701912879943848, 0.0
29.434690713882446, 0.9893617033958435, 0.7074626088142395, 56.09674835205078, 106.82335662841797, 1.6701912879943848, 0.0
29.444717407226562, 0.9936169981956482, 0.651520311832428, 56.98649597167969, 109.47343444824219, 1.6701912879943848, 0.0
29.45474147796631, 1.0, 0.4813404083251953, 57.46391296386719, 82.56407165527344, 1.6745867729187012, 0.0
29.464712142944336, 1.0042552947998047, 0.5164381265640259, 58.58576965332031, 91.12391662597656, 1.6745867729187012, 0.0
29.474684953689575, 1.0085105895996094, 0.49423614144325256, 59.552886962890625, 86.87460327148438, 1.6745867729187012, 0.0
29.48472261428833, 1.0106383562088013, 0.391946017742157, 60.09447479248047, 70.59224700927734, 1.6745867729187012, 0.0
29.49469232559204, 1.0127660036087036, 0.27968066930770874, 60.54010009765625, 70.70267486572266, 1.6755400896072388, 0.0
29.504714727401733, 1.014893651008606, 0.29019415378570557, 60.92694854736328, 63.86320114135742, 1.6755400896072388, 0.0
29.514697074890137, 1.0170212984085083, 0.2295723408460617, 61.46853256225586, 51.674034118652344, 1.6755400896072388, 0.0
29.524781227111816, 1.0191489458084106, 0.2396683543920517, 61.81669616699219, 48.49951934814453, 1.6755400896072388, 0.0
29.534706354141235, 1.021276593208313, 0.20549309253692627, 62.079898834228516, 37.17913818359375, 1.6768584251403809, 0.0
29.544711589813232, 1.0255318880081177, 0.22943954169750214, 62.54411697387695, 38.382965087890625, 1.6768584251403809, 0.0
29.554699659347534, 1.0467567443847656, 0.613506019115448, 63.239501953125, 36.5388069152832, 1.6768584251403809, 0.0
29.56473183631897, 1.0467567443847656, 0.5594260096549988, 64.24342346191406, 49.17350387573242, 1.6768584251403809, 0.0
29.57469344139099, 1.0467567443847656, 0.4936101734638214, 65.31048583984375, 60.93818283081055, 1.6760855913162231, 0.0
29.58472514152527, 1.0467567443847656, 0.4921242594718933, 66.19835662841797, 83.53026580810547, 1.6760855913162231, 0.0
29.59469747543335, 1.0467567443847656, 0.4252983033657074, 67.00885009765625, 89.46328735351562, 1.6760855913162231, 0.0
29.604748249053955, 1.0440540313720703, -0.04889349639415741, 67.29647827148438, 73.39311981201172, 1.6760855913162231, 0.0
29.614694356918335, 1.0440540313720703, -0.05389605090022087, 67.2473373413086, 69.91258239746094, 1.6755274534225464, 0.0
29.624714851379395, 1.0440540313720703, -0.049740925431251526, 67.25053405761719, 46.817195892333984, 1.6755274534225464, 0.0
29.634700298309326, 1.0440540313720703, -0.052698418498039246, 67.15225982666016, 26.87843894958496, 1.6755274534225464, 0.0
29.644717931747437, 1.041351318359375, -0.10785363614559174, 67.00483703613281, 7.6198530197143555, 1.6755274534225464, 0.0
29.65469527244568, 1.0255318880081177, -0.47547268867492676, 66.38567352294922, -23.38070297241211, 1.6751708984375, 0.0
29.664714813232422, 1.0234042406082153, -0.564024031162262, 65.63477325439453, -45.474754333496094, 1.6751708984375, 0.0
29.674718618392944, 1.0191489458084106, -0.6583037376403809, 64.31500244140625, -74.99571990966797, 1.6751708984375, 0.0
29.68471336364746, 1.014893651008606, -0.8106292486190796, 62.812255859375, -115.18329620361328, 1.6751708984375, 0.0
29.694697618484497, 1.0106383562088013, -0.3895993232727051, 62.27350616455078, -107.56946563720703, 1.6751552820205688, 0.0
29.704736948013306, 1.0085105895996094, -0.329219788312912, 61.53849792480469, -94.95832061767578, 1.6751552820205688, 0.0
29.71469521522522, 1.0042552947998047, -0.3565579354763031, 60.8421745300293, -83.26940155029297, 1.6751552820205688, 0.0
29.72470784187317, 1.0021276473999023, -0.36843258142471313, 60.41664123535156, -69.13871765136719, 1.6751552820205688, 0.0
29.734687328338623, 0.9978723526000977, -0.2940540611743927, 59.85157012939453, -50.44108581542969, 1.6748589277267456, 0.0
29.744706869125366, 0.9957447052001953, -0.3080871105194092, 59.23261260986328, -60.05697250366211, 1.6748589277267456, 0.0
29.754697799682617, 0.9914893507957458, -0.3382885158061981, 58.768394470214844, -54.95357131958008, 1.6748589277267456, 0.0
29.764710426330566, 0.9872340559959412, -0.44022801518440247, 58.03338623046875, -64.7273941040039, 1.6748589277267456, 0.0
29.7746901512146, 0.9851064085960388, -0.33216071128845215, 57.51370620727539, -60.829463958740234, 1.675163984298706, 0.0
29.78473138809204, 0.9829787015914917, -0.3497799038887024, 56.817378997802734, -66.17598724365234, 1.675163984298706, 0.0
29.794686794281006, 0.978723406791687, -0.34321072697639465, 56.15974044799805, -63.89311599731445, 1.675163984298706, 0.0
29.804705142974854, 0.9765957593917847, -0.28324925899505615, 55.5794677734375, -59.15662384033203, 1.675163984298706, 0.0
29.814730644226074, 0.9723404049873352, -0.3306428790092468, 55.23211669921875, -53.0822639465332, 1.6747339963912964, 0.0
29.82471251487732, 0.9638298153877258, -0.49392837285995483, 54.41973876953125, -62.84010314941406, 1.6747339963912964, 0.0
29.834692001342773, 0.957446813583374, -0.6150700449943542, 53.33656692504883, -76.02159881591797, 1.6747339963912964, 0.0
29.84471869468689, 0.9510638117790222, -0.6927714347839355, 52.48550033569336, -83.9503173828125, 1.6747339963912964, 0.0
29.8546884059906, 0.9446808695793152, -0.5882050395011902, 51.12592315673828, -89.25130462646484, 1.67476487159729, 0.0
29.864713430404663, 0.9382978677749634, -0.6758317351341248, 49.81064224243164, -123.04060363769531, 1.67476487159729, 0.0
29.874687910079956, 0.936170220375061, -0.6266449689865112, 49.036949157714844, -126.63368225097656, 1.67476487159729, 0.0
29.8847017288208, 0.9297872185707092, -0.5427888035774231, 47.95377731323242, -115.296142578125, 1.67476487159729, 0.0
29.89468789100647, 0.9212765693664551, -0.5826239585876465, 46.83694839477539, -104.73461151123047, 1.6747372150421143, 0.0
29.904709577560425, 0.914893627166748, -0.6744387745857239, 46.06325149536133, -107.98825073242188, 1.6747372150421143, 0.0
29.91469168663025, 0.9063829779624939, -0.7811248302459717, 44.631919860839844, -113.47615051269531, 1.6747372150421143, 0.0
29.92472791671753, 0.8978723287582397, -0.8157800436019897, 43.00716018676758, -124.8779296875, 1.6747372150421143, 0.0
29.93468403816223, 0.8914893865585327, -0.7834005355834961, 41.45671844482422, -132.3426971435547, 1.6745412349700928, 0.0
29.944711446762085, 0.8893616795539856, -0.6489790081977844, 40.56697082519531, -139.53465270996094, 1.6745412349700928, 0.0
29.954728841781616, 0.8808510899543762, -0.6138853430747986, 39.36774444580078, -136.2589874267578, 1.6745412349700928, 0.0
29.96470594406128, 0.8765957355499268, -0.5650279521942139, 38.63273620605469, -116.1686019897461, 1.6745412349700928, 0.0
29.974758863449097, 0.8638297915458679, -0.695061206817627, 37.276466369628906, -105.04610443115234, 1.6747666597366333, 0.0
29.98470973968506, 0.8553191423416138, -0.8122003078460693, 36.11592483520508, -106.1947250366211, 1.6747666597366333, 0.0
29.994689464569092, 0.8446808457374573, -0.963720440864563, 34.10432052612305, -140.2388458251953, 1.6747666597366333, 0.0
30.004711389541626, 0.8382978439331055, -0.9433457851409912, 32.092716217041016, -160.47926330566406, 1.6747666597366333, 0.0
30.01468801498413, 0.8319149017333984, -0.801609456539154, 30.93447494506836, -159.2924346923828, 1.6745412349700928, 0.0
30.024713039398193, 0.8212766051292419, -0.8240121006965637, 29.309717178344727, -170.0894775390625, 1.6745412349700928, 0.0
30.034701585769653, 0.8127659559249878, -0.8178699016571045, 28.1878604888916, -151.61871337890625, 1.6745412349700928, 0.0
30.044718265533447, 0.800000011920929, -1.0300943851470947, 26.21493911743164, -158.093994140625, 1.6745412349700928, 0.0
30.054696321487427, 0.7914893627166748, -0.8258582949638367, 24.719301223754883, -126.9705810546875, 1.6746821403503418, 0.0
30.06474018096924, 0.7872340679168701, -1.0057786703109741, 23.287967681884766, -172.36634826660156, 1.6746821403503418, 0.0
30.074700832366943, 0.7765957713127136, -0.9855064749717712, 21.315046310424805, -187.2591552734375, 1.6746821403503418, 0.0
30.08474564552307, 0.7680851221084595, -0.7850064039230347, 20.038450241088867, -158.48410034179688, 1.6746821403503418, 0.0
30.094695568084717, 0.7553191781044006, -0.9459338188171387, 18.065528869628906, -174.0113525390625, 1.6746821403503418, 0.0
30.10471200942993, 0.7468085289001465, -1.0674701929092407, 16.63419532775879, -175.6984405517578, 1.6746821403503418, 0.0
30.114705085754395, 0.7382978796958923, -0.9619889855384827, 14.467850685119629, -171.99197387695312, 1.6746821403503418, 0.0
30.124711751937866, 0.7297872304916382, -1.04131281375885, 13.075201034545898, -189.32960510253906, 1.6746821403503418, 0.0
30.134699821472168, 0.7191489338874817, -0.9617043733596802, 11.042380332946777, -186.73358154296875, 1.6745860576629639, 0.0
30.144717693328857, 0.7085106372833252, -1.0350725650787354, 9.688414573669434, -187.72286987304688, 1.6745860576629639, 0.0
30.154749155044556, 0.6978723406791687, -1.064588189125061, 7.52207088470459, -182.91400146484375, 1.6745860576629639, 0.0
30.16470742225647, 0.6872340440750122, -1.0773502588272095, 5.394411087036133, -196.47865295410156, 1.6745860576629639, 0.0
30.174696922302246, 0.6787233948707581, -1.0603275299072266, 3.955902338027954, -185.872314453125, 1.6746255159378052, 0.0
30.184744834899902, 0.6680850982666016, -0.9875593781471252, 1.944296956062317, -191.37046813964844, 1.6746255159378052, 0.0
30.19469451904297, 0.6595744490623474, -0.9873665571212769, -0.028623787686228752, -186.05307006835938, 1.6746255159378052, 0.0
30.20471477508545, 0.6531915068626404, -0.9658717513084412, -1.3052195310592651, -190.08514404296875, 1.6746255159378052, 0.0
30.21471095085144, 0.6404255032539368, -0.923308789730072, -3.193596601486206, -164.72869873046875, 1.6745860576629639, 0.0
30.22476577758789, 0.6297872066497803, -0.8584486842155457, -4.586246490478516, -146.3824462890625, 1.6745860576629639, 0.0
30.234699010849, 0.6212766170501709, -0.9292320609092712, -6.056265830993652, -153.669677734375, 1.6745860576629639, 0.0
30.244723796844482, 0.6148936152458191, -0.6200883984565735, -7.564970016479492, -105.51266479492188, 1.6745860576629639, 0.0
