25.50425910949707, 1.021276593208313, -1.3869282007217407, 83.7761459350586, -7728.8583984375, 1.5841248035430908, 0.25
25.51425075531006, 1.0106383562088013, -1.1784348487854004, 81.88059997558594, -6576.42626953125, 1.5841248035430908, 0.25
25.524269342422485, 1.0021276473999023, -1.303098201751709, 80.02372741699219, -7583.03125, 1.5841248035430908, 0.25
25.53425908088684, 0.9872340559959412, -1.2802047729492188, 78.12818145751953, -7155.54052734375, 1.5841248035430908, 0.25
25.54425883293152, 0.9680851101875305, -1.7097053527832031, 74.93599700927734, -281.45513916015625, 1.584660530090332, 0.25
25.554255962371826, 0.9510638117790222, -1.37421452999115, 71.72516632080078, -234.25709533691406, 1.584660530090332, 0.25
25.564270496368408, 0.9425531625747681, -1.357491374015808, 69.55882263183594, -238.45826721191406, 1.584660530090332, 0.25
25.574238777160645, 0.9297872185707092, -1.3758095502853394, 66.58009338378906, -272.6783752441406, 1.584660530090332, 0.25
25.584256172180176, 0.9191489219665527, -1.368810772895813, 63.4638786315918, -320.8906555175781, 1.5917997360229492, 0.25
25.594250917434692, 0.9042553305625916, -1.292574405670166, 60.91068649291992, -298.6319580078125, 1.5917997360229492, 0.25
25.60424017906189, 0.8893616795539856, -1.1773154735565186, 58.28012466430664, -246.21646118164062, 1.5917997360229492, 0.25
25.61424732208252, 0.8808510899543762, -1.3137043714523315, 56.50062942504883, -270.58599853515625, 1.5917997360229492, 0.25
25.624285459518433, 0.8702127933502197, -1.2177715301513672, 51.933353424072266, -277.83709716796875, 1.6033027172088623, 0.25
25.634243965148926, 0.8531914949417114, -1.1726042032241821, 49.380165100097656, -267.5320739746094, 1.6033027172088623, 0.25
25.644258737564087, 0.8425531983375549, -1.328972578048706, 47.678035736083984, -301.0111999511719, 1.6033027172088623, 0.25
25.65427017211914, 0.8319149017333984, -1.1500710248947144, 45.16352844238281, -247.34619140625, 1.6033027172088623, 0.25
25.66422939300537, 0.8191489577293396, -1.1692355871200562, 40.1798095703125, -285.30279541015625, 1.616883397102356, 0.25
25.67424964904785, 0.806382954120636, -1.3280736207962036, 38.51636505126953, -308.2329406738281, 1.616883397102356, 0.25
25.684271812438965, 0.7914893627166748, -1.3516837358474731, 36.04054260253906, -299.00439453125, 1.616883397102356, 0.25
25.694246530532837, 0.778723418712616, -1.354895830154419, 33.37129592895508, -234.56300354003906, 1.616883397102356, 0.25
25.704246282577515, 0.7680851221084595, -1.4056390523910522, 29.084529876708984, -305.42083740234375, 1.6304606199264526, 0.25
25.714240312576294, 0.7531914710998535, -1.3419625759124756, 26.453968048095703, -296.668212890625, 1.6304606199264526, 0.25
25.724244117736816, 0.7382978796958923, -1.3441596031188965, 23.74603843688965, -313.2613830566406, 1.6304606199264526, 0.25
25.734233379364014, 0.7276595830917358, -1.240626335144043, 21.192846298217773, -233.7709197998047, 1.6304606199264526, 0.25
25.744275093078613, 0.7170212864875793, -1.4162228107452393, 17.34848403930664, -315.0135803222656, 1.6422429084777832, 0.25
25.754294633865356, 0.7021276354789734, -1.1805787086486816, 14.911347389221191, -280.453125, 1.6422429084777832, 0.25
25.764233112335205, 0.6914893388748169, -1.1879124641418457, 12.474209785461426, -277.0528259277344, 1.6422429084777832, 0.25
25.7742440700531, 0.6808510422706604, -1.3219035863876343, 10.772082328796387, -294.2893371582031, 1.6422429084777832, 0.25
25.784281015396118, 0.6659574508666992, -1.364443063735962, 6.404911518096924, -282.47894287109375, 1.6524325609207153, 0.25
25.79424262046814, 0.651063859462738, -1.1931275129318237, 3.813035249710083, -262.1837158203125, 1.6524325609207153, 0.25
25.804243803024292, 0.6425532102584839, -1.3966600894927979, 2.072222948074341, -296.8773498535156, 1.6524325609207153, 0.25
25.81427264213562, 0.6297872066497803, -1.4341334104537964, -0.48096853494644165, -305.9764709472656, 1.6524325609207153, 0.25
25.824243307113647, 0.6148936152458191, -1.221039056777954, -4.721968650817871, -279.760498046875, 1.6617155075073242, 0.25
25.83424711227417, 0.6085106134414673, -1.1367493867874146, -6.269357204437256, -269.33709716796875, 1.6617155075073242, 0.25
25.84427237510681, 0.5978723168373108, -1.2187997102737427, -8.513071060180664, -279.9137878417969, 1.6617155075073242, 0.25
25.854234218597412, 0.5808510780334473, -1.0492711067199707, -10.872838973999023, -234.30210876464844, 1.6617155075073242, 0.25
25.864238739013672, 0.5765957236289978, -1.017759084701538, -13.951732635498047, -245.27932739257812, 1.6707770824432373, 0.25
25.874276161193848, 0.5659574270248413, -1.132720708847046, -16.079391479492188, -254.2816162109375, 1.6707770824432373, 0.25
25.884242057800293, 0.5531914830207825, -1.0119246244430542, -18.32310676574707, -238.7624969482422, 1.6707770824432373, 0.25
25.894243240356445, 0.5468084812164307, -0.94490647315979, -19.599700927734375, -242.22828674316406, 1.6707770824432373, 0.25
25.9042706489563, 0.5361701846122742, -1.0603532791137695, -23.24783706665039, -238.10214233398438, 1.6799907684326172, 0.25
25.91424298286438, 0.5255318880081177, -0.8945296406745911, -25.18207359313965, -218.85919189453125, 1.6799907684326172, 0.25
25.92423915863037, 0.5255318880081177, -0.6623342633247375, -26.690778732299805, -218.19187927246094, 1.6799907684326172, 0.25
25.934253454208374, 0.5297872424125671, -0.4094674587249756, -27.348419189453125, -196.0172119140625, 1.6799907684326172, 0.25
25.944267988204956, 0.542553186416626, 0.21649809181690216, -29.07335090637207, -131.4630584716797, 1.6892651319503784, 0.25
25.954249143600464, 0.5531914830207825, 0.7725936770439148, -28.29965591430664, -87.08103942871094, 1.6892651319503784, 0.25
25.964247703552246, 0.5765957236289978, 1.390941858291626, -25.93988800048828, 20.453685760498047, 1.6892651319503784, 0.25
25.974252223968506, 0.5936170220375061, 1.6361396312713623, -22.651687622070312, 125.34861755371094, 1.6892651319503784, 0.25
25.984259843826294, 0.6042553186416626, 1.6985920667648315, -22.03295135498047, 193.81446838378906, 1.6984152793884277, 0.25
25.994252681732178, 0.6276595592498779, 1.864153265953064, -18.3579044342041, 255.255859375, 1.6984152793884277, 0.25
26.004250049591064, 0.6468085050582886, 1.6712749004364014, -14.837594032287598, 263.3466491699219, 1.6984152793884277, 0.25
26.014237642288208, 0.6553191542625427, 1.7583739757537842, -12.63256549835205, 285.5227966308594, 1.6984152793884277, 0.25
26.02427339553833, 0.6702127456665039, 1.5130258798599243, -11.333200454711914, 249.20462036132812, 1.7089283466339111, 0.25
26.034233808517456, 0.6893616914749146, 1.3846471309661865, -8.277107238769531, 222.30712890625, 1.7089283466339111, 0.25
26.04424476623535, 0.6978723406791687, 1.4059158563613892, -6.34287166595459, 233.88111877441406, 1.7089283466339111, 0.25
26.054288625717163, 0.7085106372833252, 1.3329858779907227, -3.5575716495513916, 217.69143676757812, 1.7089283466339111, 0.25
26.064244031906128, 0.7191489338874817, 1.1732105016708374, -3.645650625228882, 184.3036346435547, 1.7192000150680542, 0.25
26.074241638183594, 0.73617023229599, 1.3171147108078003, -1.0924592018127441, 202.1642303466797, 1.7192000150680542, 0.25
26.08424401283264, 0.7468085289001465, 1.1436203718185425, 1.3446781635284424, 172.0115509033203, 1.7192000150680542, 0.25
26.0942440032959, 0.7553191781044006, 1.2972718477249146, 3.0081210136413574, 181.9645233154297, 1.7192000150680542, 0.25
26.10424566268921, 0.7702127695083618, 1.2553013563156128, 3.6223883628845215, 172.0891571044922, 1.7296513319015503, 0.25
26.114240169525146, 0.785106360912323, 1.288756251335144, 6.175580024719238, 178.8056640625, 1.7296513319015503, 0.25
26.1242413520813, 0.7978723645210266, 1.4090607166290283, 7.955077171325684, 182.4080352783203, 1.7296513319015503, 0.25
26.134246349334717, 0.8148936033248901, 1.5638291835784912, 10.856431007385254, 197.8066864013672, 1.7296513319015503, 0.25
26.14424991607666, 0.827659547328949, 1.3407025337219238, 11.934901237487793, 195.9035186767578, 1.7396771907806396, 0.25
26.154247522354126, 0.8404255509376526, 1.5489007234573364, 13.830452919006348, 214.33152770996094, 1.7396771907806396, 0.25
26.164245128631592, 0.8595744967460632, 1.418684482574463, 16.886545181274414, 197.63990783691406, 1.7396771907806396, 0.25
26.174251556396484, 0.8744680881500244, 1.3657712936401367, 19.942638397216797, 193.02760314941406, 1.7396771907806396, 0.25
26.18426775932312, 0.8829787373542786, 1.4090322256088257, 20.126422882080078, 208.64596557617188, 1.7495174407958984, 0.25
26.19424819946289, 0.8978723287582397, 1.4031527042388916, 23.02777671813965, 225.08995056152344, 1.7495174407958984, 0.25
26.204254865646362, 0.9127659797668457, 1.3403135538101196, 25.65833854675293, 221.26341247558594, 1.7495174407958984, 0.25
26.214247226715088, 0.9276595711708069, 1.3186841011047363, 28.404953002929688, 250.18511962890625, 1.7495174407958984, 0.25
26.224263191223145, 0.9404255151748657, 1.45846426486969, 28.50304412841797, 202.1014404296875, 1.7594034671783447, -0.25
26.23424983024597, 0.9531915187835693, 1.4851759672164917, 31.288345336914062, 214.37803649902344, 1.7594034671783447, -0.25
26.24424409866333, 0.9659574627876282, 1.2573111057281494, 33.95759201049805, 197.98562622070312, 1.7594034671783447, -0.25
26.254242181777954, 0.9829787015914917, 1.3246413469314575, 36.58815002441406, 245.032470703125, 1.7594034671783447, -0.25
26.264249801635742, 0.9914893507957458, 1.3709176778793335, 36.77116775512695, 214.96322631835938, 1.7675458192825317, -0.25
26.27426290512085, 1.0085105895996094, 1.3265247344970703, 39.44041061401367, 195.8128204345703, 1.7675458192825317, -0.25
26.28425884246826, 1.0191489458084106, 1.2095935344696045, 42.109657287597656, 188.66754150390625, 1.7675458192825317, -0.25
26.29424738883972, 1.0255318880081177, 1.2259995937347412, 43.69573211669922, 204.77642822265625, 1.7675458192825317, -0.25
26.304283142089844, 1.036170244216919, 1.031152367591858, 47.1561393737793, 255.6544647216797, 1.7608540058135986, -0.25
26.31423592567444, 1.0446808338165283, 0.9451566338539124, 49.013004302978516, 241.07028198242188, 1.7608540058135986, -0.25
26.324244499206543, 1.0531915426254272, 0.9154124855995178, 50.71513366699219, 223.52877807617188, 1.7608540058135986, -0.25
26.334251880645752, 1.0595744848251343, 0.7976041436195374, 51.79830551147461, 195.20742797851562, 1.7608540058135986, -0.25
26.344247579574585, 1.0659574270248413, 0.8113908767700195, 55.48680114746094, 225.08734130859375, 1.7490779161453247, -0.25
26.354249000549316, 1.070212721824646, 0.6013511419296265, 56.879451751708984, 188.2056427001953, 1.7490779161453247, -0.25
26.364253282546997, 1.0744681358337402, 0.6123688220977783, 57.65314483642578, 199.6852569580078, 1.7490779161453247, -0.25
26.37430691719055, 1.078723430633545, 0.4919204115867615, 58.620262145996094, 181.50479125976562, 1.7490779161453247, -0.25
26.384252548217773, 1.085106372833252, 0.4401504695415497, 62.54264831542969, 169.45159912109375, 1.7326111793518066, -0.25
26.39423894882202, 1.0893616676330566, 0.5395798683166504, 63.200286865234375, 178.10894775390625, 1.7326111793518066, -0.25
26.404287338256836, 1.0978723764419556, 0.6388426423072815, 64.3995132446289, 174.64549255371094, 1.7326111793518066, -0.25
26.414236307144165, 1.1021276712417603, 0.6046105027198792, 65.6374282836914, 190.6102294921875, 1.7326111793518066, -0.25
26.424240589141846, 1.106382966041565, 0.57820725440979, 69.42975616455078, 187.162353515625, 1.7160086631774902, -0.25
26.434268951416016, 1.1106382608413696, 0.4705536961555481, 70.43556213378906, 189.32496643066406, 1.7160086631774902, -0.25
26.44425630569458, 1.1148936748504639, 0.40783676505088806, 71.24794006347656, 175.88021850585938, 1.7160086631774902, -0.25
26.45424199104309, 1.121276617050171, 0.4809836745262146, 72.13768768310547, 87.45157623291016, 1.7160086631774902, -0.25
26.464251041412354, 1.1255319118499756, 0.5283629894256592, 75.421142578125, 155.70936584472656, 1.7015666961669922, -0.25
26.474239110946655, 1.1319148540496826, 0.598688542842865, 76.50431823730469, 163.1450653076172, 1.7015666961669922, -0.25
26.484242916107178, 1.1382979154586792, 0.5800865292549133, 77.66485595703125, 167.56826782226562, 1.7015666961669922, -0.25
26.494237184524536, 1.1404255628585815, 0.5444814562797546, 78.3611831665039, 176.9589385986328, 1.7015666961669922, -0.25
26.504284620285034, 1.1446808576583862, 0.4504821300506592, 81.38214874267578, 148.54844665527344, 1.6902705430984497, -0.25
26.514283418655396, 1.1468085050582886, 0.37982767820358276, 82.15583801269531, 156.64083862304688, 1.6902705430984497, -0.25
26.5242440700531, 1.1510637998580933, 0.31112322211265564, 82.8134765625, 116.99356842041016, 1.6902705430984497, -0.25
26.534246683120728, 1.1531914472579956, 0.309970498085022, 83.20032501220703, 130.8548126220703, 1.6902705430984497, -0.25
26.54426622390747, 1.1574468612670898, 0.36215290427207947, 85.34461975097656, 104.72799682617188, 1.6818811893463135, -0.25
26.5542414188385, 1.1595745086669922, 0.2847858965396881, 85.96357727050781, 95.7190933227539, 1.6818811893463135, -0.25
26.564244031906128, 1.1638298034667969, 0.3519410192966461, 86.6212158203125, 99.64192962646484, 1.6818811893463135, -0.25
26.57425546646118, 1.1659574508666992, 0.36394989490509033, 87.04674530029297, 104.14476776123047, 1.6818811893463135, -0.25
26.584256887435913, 1.1680850982666016, 0.30986288189888, 89.06095123291016, 102.61221313476562, 1.673994541168213, -0.25
26.594247579574585, 1.170212745666504, 0.22746577858924866, 89.56385803222656, 90.02190399169922, 1.673994541168213, -0.25
26.60424041748047, 1.1723403930664062, 0.22639819979667664, 90.06675720214844, 86.51215362548828, 1.673994541168213, -0.25
26.614245176315308, 1.1744680404663086, 0.24875403940677643, 90.37623596191406, 91.66275024414062, 1.673994541168213, -0.25
26.624279260635376, 1.1744680404663086, 0.17821963131427765, 92.09435272216797, 80.37520599365234, 1.6664597988128662, -0.25
26.63424515724182, 1.176595687866211, 0.1017855852842331, 92.4038314819336, 63.30442428588867, 1.6664597988128662, -0.25
26.644245862960815, 1.176595687866211, 0.12687021493911743, 92.55856323242188, 74.29207611083984, 1.6664597988128662, -0.25
26.654240608215332, 1.176595687866211, 0.05937492474913597, 92.67462158203125, 60.900630950927734, 1.6664597988128662, -0.25
26.664266109466553, 1.1744680404663086, -0.06090255454182625, 94.25218963623047, 58.444576263427734, 1.6577831506729126, -0.25
26.67423915863037, 1.1744680404663086, -0.05320486053824425, 94.13613891601562, 41.38394546508789, 1.6577831506729126, -0.25
26.68425416946411, 1.1723403930664062, -0.11886847764253616, 94.02008819580078, 39.74556350708008, 1.6577831506729126, -0.25
26.694252490997314, 1.170212745666504, -0.18991383910179138, 93.7492904663086, 30.82387351989746, 1.6577831506729126, -0.25
26.70427179336548, 1.1680850982666016, -0.18478846549987793, 95.22021484375, 29.144248962402344, 1.648203730583191, -0.25
26.714251279830933, 1.1659574508666992, -0.24626563489437103, 94.83336639404297, 21.294448852539062, 1.648203730583191, -0.25
26.7242329120636, 1.1638298034667969, -0.23543202877044678, 94.40782928466797, 15.006945610046387, 1.648203730583191, -0.25
26.734249114990234, 1.1617021560668945, -0.24041086435317993, 94.09835815429688, 12.045976638793945, 1.648203730583191, -0.25
26.744266510009766, 1.1574468612670898, -0.3110943138599396, 95.41307067871094, 9.03360652923584, 1.6379940509796143, -0.25
26.75423526763916, 1.1531914472579956, -0.33983439207077026, 94.75543212890625, 1.0148630142211914, 1.6379940509796143, -0.25
26.764238119125366, 1.148936152458191, -0.42588189244270325, 94.25253295898438, -4.440793037414551, 1.6379940509796143, -0.25
26.77426767349243, 1.1446808576583862, -0.418829083442688, 93.44015502929688, -13.07019329071045, 1.6379940509796143, -0.25
26.784273624420166, 1.1382979154586792, -0.49636659026145935, 94.48482513427734, -20.3004207611084, 1.6271419525146484, -0.25
26.79423761367798, 1.1319148540496826, -0.5366594791412354, 93.4790267944336, -29.26706314086914, 1.6271419525146484, -0.25
26.804248809814453, 1.127659559249878, -0.5830045938491821, 92.7440185546875, -34.975120544433594, 1.6271419525146484, -0.25
26.81429696083069, 1.121276617050171, -0.5628185868263245, 91.62216186523438, -39.90397644042969, 1.6271419525146484, -0.25
26.82423448562622, 1.1148936748504639, -0.5388594269752502, 92.36697387695312, -44.81996154785156, 1.6166625022888184, -0.25
26.834294080734253, 1.1106382608413696, -0.5880370736122131, 91.55459594726562, -53.18697738647461, 1.6166625022888184, -0.25
26.84428119659424, 1.1021276712417603, -0.6747632622718811, 90.27799987792969, -61.059478759765625, 1.6166625022888184, -0.25
26.85426688194275, 1.0936169624328613, -0.722205400466919, 88.96271514892578, -118.17906188964844, 1.6166625022888184, -0.25
26.86424446105957, 1.0872340202331543, -0.6893820762634277, 89.49867248535156, -65.95674896240234, 1.6064807176589966, -0.25
26.87428116798401, 1.0829787254333496, -0.675088107585907, 88.60892486572266, -72.69261169433594, 1.6064807176589966, -0.25
26.884249925613403, 1.0765957832336426, -0.6701110005378723, 87.37100982666016, -71.04905700683594, 1.6064807176589966, -0.25
26.894273281097412, 1.070212721824646, -0.6376806497573853, 86.13310241699219, -115.94194030761719, 1.6064807176589966, -0.25
26.904245138168335, 1.0617021322250366, -0.6154903769493103, 86.67185974121094, -62.131961822509766, 1.5967090129852295, 0.25
26.914324522018433, 1.0553191900253296, -0.6188332438468933, 85.7434310913086, -55.45523452758789, 1.5967090129852295, 0.25
26.924273252487183, 1.048936128616333, -0.780231773853302, 84.77631378173828, -73.19227600097656, 1.5967090129852295, 0.25
26.93429708480835, 1.0382978916168213, -0.8962290287017822, 83.15155029296875, -83.72733306884766, 1.5967090129852295, 0.25
26.944254159927368, 1.02765953540802, -0.9288025498390198, 83.04486846923828, -98.95732879638672, 1.5872957706451416, 0.25
26.95424485206604, 1.0191489458084106, -0.9256114363670349, 81.1493148803711, -112.2911376953125, 1.5872957706451416, 0.25
26.96426224708557, 1.0106383562088013, -1.0662697553634644, 79.87271881103516, -129.7288360595703, 1.5872957706451416, 0.25
26.974245309829712, 1.0021276473999023, -0.9677702188491821, 78.0545425415039, -128.40304565429688, 1.5872957706451416, 0.25
26.984268188476562, 0.9936169981956482, -0.8392900228500366, 77.23171997070312, -145.26242065429688, 1.582459568977356, 0.25
26.994232892990112, 0.9851064085960388, -0.8423457145690918, 75.60696411132812, -139.22755432128906, 1.582459568977356, 0.25
27.00423574447632, 0.9765957593917847, -0.8386139869689941, 74.05957794189453, -129.89788818359375, 1.582459568977356, 0.25
27.01425552368164, 0.9702127575874329, -0.8013386726379395, 73.01509094238281, -119.96128845214844, 1.582459568977356, 0.25
27.02424669265747, 0.9617021083831787, -0.8146629929542542, 70.83187866210938, -160.21978759765625, 1.5859565734863281, 0.25
27.034260988235474, 0.957446813583374, -0.7719253897666931, 69.78739166259766, -162.4130096435547, 1.5859565734863281, 0.25
27.044267892837524, 0.9489361643791199, -0.766620397567749, 68.24000549316406, -161.29684448242188, 1.5859565734863281, 0.25
27.054283380508423, 0.9425531625747681, -0.6734285950660706, 66.76998138427734, -151.4560546875, 1.5859565734863281, 0.25
27.064236402511597, 0.9340425729751587, -0.6932647824287415, 63.04352569580078, -196.77059936523438, 1.59857976436615, 0.25
27.074246406555176, 0.9297872185707092, -0.6933545470237732, 62.115089416503906, -194.69500732421875, 1.59857976436615, 0.25
27.0842387676239, 0.9234042763710022, -0.6529937982559204, 60.838497161865234, -192.4755859375, 1.59857976436615, 0.25
27.09424114227295, 0.914893627166748, -0.6040524244308472, 59.6005859375, -112.8230209350586, 1.59857976436615, 0.25
27.104278802871704, 0.9063829779624939, -0.7870067358016968, 55.56309127807617, -212.8431854248047, 1.615466833114624, 0.25
27.114315509796143, 0.8978723287582397, -0.786953330039978, 53.8996467590332, -205.80284118652344, 1.615466833114624, 0.25
27.124279737472534, 0.8893616795539856, -0.921014130115509, 52.70042037963867, -220.17388916015625, 1.615466833114624, 0.25
27.134238719940186, 0.8829787373542786, -0.8693917989730835, 51.423824310302734, -206.7657470703125, 1.615466833114624, 0.25
27.144240140914917, 0.8765957355499268, -0.808233380317688, 46.62302017211914, -242.57586669921875, 1.6322968006134033, 0.25
27.154240131378174, 0.8638297915458679, -0.8510748147964478, 44.92089080810547, -224.4718017578125, 1.6322968006134033, 0.25
27.164241790771484, 0.8574467897415161, -0.8611732125282288, 43.72166442871094, -242.27761840820312, 1.6322968006134033, 0.25
27.174234867095947, 0.8468084931373596, -0.9025589227676392, 41.86479949951172, -237.025146484375, 1.6322968006134033, 0.25
27.18423843383789, 0.8382978439331055, -0.9985650777816772, 37.412227630615234, -254.29241943359375, 1.6463603973388672, 0.25
27.194242238998413, 0.8340425491333008, -0.8604456782341003, 36.29037094116211, -249.30453491210938, 1.6463603973388672, 0.25
27.204270601272583, 0.8191489577293396, -0.9481063485145569, 34.549560546875, -238.21054077148438, 1.6463603973388672, 0.25
27.214242219924927, 0.8085106611251831, -0.9265795350074768, 32.615325927734375, -155.58609008789062, 1.6463603973388672, 0.25
27.224255800247192, 0.800000011920929, -1.0175657272338867, 29.326614379882812, -214.83294677734375, 1.6570014953613281, 0.25
27.234280824661255, 0.7893617153167725, -1.1182284355163574, 27.121585845947266, -238.64080810546875, 1.6570014953613281, 0.25
27.244245767593384, 0.778723418712616, -0.9500805735588074, 25.032609939575195, -233.72303771972656, 1.6570014953613281, 0.25
27.254233598709106, 0.7659574747085571, -1.0076714754104614, 22.98232078552246, -185.2487030029297, 1.6570014953613281, 0.25
27.26425552368164, 0.757446825504303, -1.0828698873519897, 19.947811126708984, -244.40269470214844, 1.6660317182540894, 0.25
27.274242162704468, 0.7468085289001465, -1.0263428688049316, 17.858837127685547, -228.5344696044922, 1.6660317182540894, 0.25
27.284241914749146, 0.73617023229599, -1.0809024572372437, 15.769861221313477, -242.86683654785156, 1.6660317182540894, 0.25
27.294243097305298, 0.7297872304916382, -1.0039631128311157, 14.454581260681152, -236.70126342773438, 1.6660317182540894, 0.25
27.304246425628662, 0.714893639087677, -1.0197075605392456, 11.035009384155273, -207.25523376464844, 1.67356276512146, 0.25
27.3142728805542, 0.7042553424835205, -1.0458552837371826, 8.86866569519043, -226.49203491210938, 1.67356276512146, 0.25
27.32426619529724, 0.6978723406791687, -1.06105375289917, 7.437330722808838, -230.85519409179688, 1.67356276512146, 0.25
27.334254264831543, 0.6893616914749146, -1.00716233253479, 5.387040615081787, -234.17431640625, 1.67356276512146, 0.25
27.34424138069153, 0.6787233948707581, -1.0522915124893188, 2.598597764968872, -245.4385528564453, 1.6814523935317993, 0.25
27.354249715805054, 0.6680850982666016, -0.9962494373321533, 0.6256769895553589, -227.03965759277344, 1.6814523935317993, 0.25
27.364249229431152, 0.6595744490623474, -0.9251669049263, -1.3085589408874512, -205.89292907714844, 1.6814523935317993, 0.25
27.3742733001709, 0.651063859462738, -1.0785075426101685, -2.6625242233276367, -226.68405151367188, 1.6814523935317993, 0.25
27.38425612449646, 0.6361702084541321, -1.1337727308273315, -6.299941062927246, -243.96409606933594, 1.6899688243865967, 0.25
27.394249439239502, 0.6276595592498779, -0.9512223601341248, -8.311546325683594, -206.60475158691406, 1.6899688243865967, 0.25
27.404232025146484, 0.6170212626457214, -1.0148013830184937, -10.400521278381348, -223.48922729492188, 1.6899688243865967, 0.25
27.414241313934326, 0.6106383204460144, -1.0047485828399658, -11.715802192687988, -246.65118408203125, 1.6899688243865967, 0.25
27.424272775650024, 0.5978723168373108, -0.9598789215087891, -15.29417610168457, -221.23513793945312, 1.6992243528366089, 0.25
27.43424344062805, 0.5914893746376038, -0.8869650363922119, -17.151042938232422, -226.31153869628906, 1.6992243528366089, 0.25
27.444236755371094, 0.5829787254333496, -0.8557895421981812, -18.814485549926758, -221.72837829589844, 1.6992243528366089, 0.25
27.4542396068573, 0.5765957236289978, -0.8510675430297852, -19.936342239379883, -217.18910217285156, 1.6992243528366089, 0.25
27.464280366897583, 0.5680851340293884, -0.7806518077850342, -23.3422908782959, -208.58554077148438, 1.7094464302062988, 0.25
27.474244832992554, 0.5659574270248413, -0.5828557014465332, -24.734941482543945, -174.41717529296875, 1.7094464302062988, 0.25
27.484250783920288, 0.5595744848251343, -0.6651166081428528, -25.62468910217285, -193.53659057617188, 1.7094464302062988, 0.25
27.49426579475403, 0.5574468374252319, -0.4225117266178131, -26.707860946655273, -176.7347412109375, 1.7094464302062988, 0.25
27.50430655479431, 0.5680851340293884, 0.055824164301157, -28.84870147705078, -131.2788543701172, 1.7197316884994507, 0.25
27.51423954963684, 0.5893617272377014, 0.7244000434875488, -27.842899322509766, -69.23918151855469, 1.7197316884994507, 0.25
27.524248600006104, 0.6000000238418579, 1.23252272605896, -26.372879028320312, -8.900535583496094, 1.7197316884994507, 0.25
27.534240245819092, 0.6212766170501709, 1.8408961296081543, -23.27810287475586, 105.6108627319336, 1.7197316884994507, 0.25
27.54425024986267, 0.6404255032539368, 1.6794525384902954, -21.616365432739258, 185.2038116455078, 1.7295283079147339, 0.25
27.554240703582764, 0.6553191542625427, 1.7775851488113403, -19.217912673950195, 232.4475555419922, 1.7295283079147339, 0.25
27.564271926879883, 0.672340452671051, 1.8620555400848389, -15.581549644470215, 278.4410705566406, 1.7295283079147339, 0.25
27.574246168136597, 0.6893616914749146, 1.7008992433547974, -12.099924087524414, 267.9750061035156, 1.7295283079147339, 0.25
27.584242820739746, 0.699999988079071, 1.63273286819458, -11.816787719726562, 268.5729675292969, 1.7400987148284912, 0.25
27.594241857528687, 0.7170212864875793, 1.4964548349380493, -8.76069450378418, 250.44070434570312, 1.7400987148284912, 0.25
27.604225635528564, 0.7319148778915405, 1.3962289094924927, -5.743286609649658, 219.02154541015625, 1.7400987148284912, 0.25
27.614278554916382, 0.7404255270957947, 1.4871352910995483, -3.8864200115203857, 239.2024383544922, 1.7400987148284912, 0.25
27.624239921569824, 0.7510638236999512, 1.2401076555252075, -3.1473772525787354, 211.62814331054688, 1.7500765323638916, -0.25
27.63423490524292, 0.7617021203041077, 1.017823576927185, -0.8649787902832031, 183.1098175048828, 1.7500765323638916, -0.25
27.644251346588135, 0.7723404169082642, 1.1426441669464111, 0.56635582447052, 178.34461975097656, 1.7500765323638916, -0.25
27.654253482818604, 0.7808510661125183, 1.0124987363815308, 2.6940155029296875, 150.4473419189453, 1.7500765323638916, -0.25
27.664250373840332, 0.7872340679168701, 0.8544667959213257, 2.941274642944336, 141.26319885253906, 1.7589293718338013, -0.25
27.67426347732544, 0.7936170101165771, 0.9399014711380005, 4.063131809234619, 145.13406372070312, 1.7589293718338013, -0.25
27.68430733680725, 0.8042553067207336, 0.7518156170845032, 5.610520362854004, 117.12725067138672, 1.7589293718338013, -0.25
27.694254636764526, 0.8127659559249878, 0.7938033938407898, 7.235278606414795, 146.38970947265625, 1.7589293718338013, -0.25
27.704242944717407, 0.8191489577293396, 0.8720570802688599, 9.500373840332031, 179.2238311767578, 1.7526415586471558, -0.25
27.714283227920532, 0.8255318999290466, 0.828437864780426, 11.12513256072998, 181.34475708007812, 1.7526415586471558, -0.25
27.72424626350403, 0.8340425491333008, 0.7602900862693787, 12.63383674621582, 179.2293243408203, 1.7526415586471558, -0.25
27.734249353408813, 0.8425531983375549, 0.8553794026374817, 13.639638900756836, 183.9095916748047, 1.7526415586471558, -0.25
27.744280338287354, 0.8510638475418091, 0.8611178398132324, 17.44759178161621, 199.8164825439453, 1.7408467531204224, -0.25
27.75424551963806, 0.8574467897415161, 0.809909999370575, 19.111034393310547, 203.46157836914062, 1.7408467531204224, -0.25
27.76424741744995, 0.8638297915458679, 0.8403061032295227, 20.1555233001709, 212.1888427734375, 1.7408467531204224, -0.25
27.774268627166748, 0.8680850863456726, 0.6371425986289978, 21.548171997070312, 200.5531005859375, 1.7408467531204224, -0.25
27.78423810005188, 0.8765957355499268, 0.5927453637123108, 25.850387573242188, 199.09605407714844, 1.7242058515548706, -0.25
27.794236183166504, 0.8829787373542786, 0.6340151429176331, 27.08829689025879, 202.47848510742188, 1.7242058515548706, -0.25
27.80423593521118, 0.8872340321540833, 0.5990502238273621, 27.86199188232422, 202.81906127929688, 1.7242058515548706, -0.25
27.814247369766235, 0.8936170339584351, 0.6103166937828064, 29.06121826171875, 203.30453491210938, 1.7242058515548706, -0.25
27.82424259185791, 0.8978723287582397, 0.4962707459926605, 33.14946365356445, 179.13980102539062, 1.707677960395813, -0.25
27.834237098693848, 0.9021276831626892, 0.46536996960639954, 34.15526580810547, 182.63771057128906, 1.707677960395813, -0.25
27.844274282455444, 0.9063829779624939, 0.47872599959373474, 34.77421951293945, 183.52732849121094, 1.707677960395813, -0.25
27.854260444641113, 0.914893627166748, 0.4790436625480652, 35.741336822509766, 157.4370574951172, 1.707677960395813, -0.25
27.864261627197266, 0.9191489219665527, 0.5926058292388916, 39.18393325805664, 168.07496643066406, 1.692999005317688, -0.25
27.874239683151245, 0.9255319237709045, 0.6006888151168823, 40.46052932739258, 161.82962036132812, 1.692999005317688, -0.25
27.88425040245056, 0.9319148659706116, 0.559055507183075, 41.81449508666992, 160.77798461914062, 1.692999005317688, -0.25
27.89424467086792, 0.936170220375061, 0.5862600803375244, 42.62687301635742, 189.7255859375, 1.692999005317688, -0.25
27.904285669326782, 0.9404255151748657, 0.4685463607311249, 45.73912048339844, 168.73165893554688, 1.681626319885254, -0.25
27.914244413375854, 0.9446808695793152, 0.3698759973049164, 46.590187072753906, 140.69854736328125, 1.681626319885254, -0.25
27.924245595932007, 0.9510638117790222, 0.5116350054740906, 47.20914077758789, 144.13803100585938, 1.681626319885254, -0.25
27.934288263320923, 0.957446813583374, 0.5163053274154663, 48.25362777709961, 141.2816162109375, 1.681626319885254, -0.25
27.944244146347046, 0.9638298153877258, 0.6214520335197449, 51.086673736572266, 134.80288696289062, 1.672640323638916, -0.25
27.954270124435425, 0.9680851101875305, 0.6705687642097473, 51.93773651123047, 153.2157440185547, 1.672640323638916, -0.25
27.964275121688843, 0.9723404049873352, 0.5554772615432739, 53.059593200683594, 159.61183166503906, 1.672640323638916, -0.25
27.974244594573975, 0.9765957593917847, 0.4396354854106903, 54.026710510253906, 96.91964721679688, 1.672640323638916, -0.25
27.984239101409912, 0.978723406791687, 0.4089046120643616, 56.0193977355957, 135.42813110351562, 1.6646592617034912, -0.25
27.99426794052124, 0.9808510541915894, 0.30025067925453186, 56.677040100097656, 121.75000762939453, 1.6646592617034912, -0.25
28.00426411628723, 0.9829787015914917, 0.24670816957950592, 57.218624114990234, 110.47029876708984, 1.6646592617034912, -0.25
28.014245748519897, 0.9851064085960388, 0.20843282341957092, 57.721527099609375, 48.31851577758789, 1.6646592617034912, -0.25
28.024245738983154, 0.9872340559959412, 0.2415332794189453, 59.36471939086914, 88.3534164428711, 1.6573238372802734, -0.25
28.03423833847046, 0.9914893507957458, 0.29721078276634216, 59.867618560791016, 83.73400115966797, 1.6573238372802734, -0.25
28.044243335723877, 0.9936169981956482, 0.22090601921081543, 60.370521545410156, 76.79145050048828, 1.6573238372802734, -0.25
28.05427622795105, 0.9936169981956482, 0.2550457715988159, 60.68000030517578, 88.65911865234375, 1.6573238372802734, -0.25
28.064239263534546, 0.9957447052001953, 0.17051240801811218, 62.654449462890625, 83.74696350097656, 1.648804783821106, -0.25
28.074244022369385, 0.9978723526000977, 0.17452511191368103, 63.041297912597656, 82.54461669921875, 1.648804783821106, -0.25
28.084271669387817, 0.9978723526000977, 0.11623641848564148, 63.19603729248047, 77.18051147460938, 1.648804783821106, -0.25
28.09424614906311, 0.9978723526000977, 0.06112363561987877, 63.38945770263672, 73.39231872558594, 1.648804783821106, -0.25
28.10428810119629, 0.9978723526000977, 0.0, 65.10734558105469, 58.643070220947266, 1.6397819519042969, -0.25
28.114238500595093, 0.9978723526000977, 0.0, 65.10734558105469, 55.939762115478516, 1.6397819519042969, -0.25
28.124258756637573, 0.9957447052001953, -0.06156216189265251, 65.06865692138672, 51.94425964355469, 1.6397819519042969, -0.25
28.13424253463745, 0.9936169981956482, -0.11114080995321274, 64.9139175415039, 38.80562973022461, 1.6397819519042969, -0.25
28.14423894882202, 0.9936169981956482, -0.11562646925449371, 66.64691162109375, 41.83355712890625, 1.6293994188308716, -0.25
28.154250383377075, 0.9893617033958435, -0.23280639946460724, 66.26006317138672, 31.532466888427734, 1.6293994188308716, -0.25
28.16425061225891, 0.9893617033958435, -0.1866435706615448, 65.98927307128906, 26.919551849365234, 1.6293994188308716, -0.25
28.174248695373535, 1.0062161684036255, 0.2129596769809723, 66.37005615234375, 28.040008544921875, 1.6293994188308716, -0.25
28.184268951416016, 1.0035134553909302, 0.18728071451187134, 68.68175506591797, 37.043067932128906, 1.6186643838882446, -0.25
28.19424843788147, 0.9981080889701843, 0.132783442735672, 68.93289184570312, 48.18887710571289, 1.6186643838882446, -0.25
28.204272747039795, 0.995405375957489, 0.1329127997159958, 69.16311645507812, 63.84373092651367, 1.6186643838882446, -0.25
28.214271783828735, 0.9927027225494385, 0.06806475669145584, 69.33374786376953, 68.13552856445312, 1.6186643838882446, -0.25
28.22425651550293, 0.9900000095367432, -0.3009679317474365, 70.66645812988281, 79.73987579345703, 1.6080912351608276, -0.25
28.2342631816864, 0.9872972965240479, -0.3147856593132019, 70.07677459716797, 27.07990074157715, 1.6080912351608276, -0.25
28.244246244430542, 0.9845945835113525, -0.28420892357826233, 69.58538055419922, 13.722740173339844, 1.6080912351608276, -0.25
28.254240036010742, 0.9818918704986572, -0.2689942717552185, 69.09397888183594, -1.3762816190719604, 1.6080912351608276, -0.25
28.264243602752686, 0.9468085169792175, -1.151673436164856, 69.20414733886719, 4.406008720397949, 1.5978636741638184, 0.25
28.274245738983154, 0.9425531625747681, -1.2813763618469238, 67.56663513183594, -80.32880401611328, 1.5978636741638184, 0.25
28.284242630004883, 0.9764865040779114, -0.21363404393196106, 66.51786041259766, -65.47299194335938, 1.5978636741638184, 0.25
28.29424738883972, 0.9764865040779114, -0.15693525969982147, 66.37043762207031, -62.22623825073242, 1.5978636741638184, 0.25
28.304248332977295, 0.9656756520271301, -0.3209652304649353, 67.4059066772461, -33.41172790527344, 1.5889253616333008, 0.25
28.31425929069519, 0.9602702856063843, 0.12910062074661255, 67.53461456298828, -14.441317558288574, 1.5889253616333008, 0.25
28.32425570487976, 0.949459433555603, 0.051816970109939575, 67.0914077758789, -41.296775817871094, 1.5889253616333008, 0.25
28.334254503250122, 0.9413513541221619, -0.02363615483045578, 67.1072998046875, -9.033503532409668, 1.5889253616333008, 0.25
28.344266891479492, 0.9305405616760254, -0.9260512590408325, 65.62516021728516, -17.99251937866211, 1.5920345783233643, 0.25
28.354273796081543, 0.9251351356506348, -0.8624598383903503, 63.95439910888672, -74.71856689453125, 1.5920345783233643, 0.25
28.36426305770874, 0.9251351356506348, -0.7331348657608032, 62.5784797668457, -103.4153823852539, 1.5920345783233643, 0.25
28.374248027801514, 0.9085106253623962, -1.1957101821899414, 61.29341506958008, -169.30210876464844, 1.5920345783233643, 0.25
28.38428497314453, 0.8999999761581421, -0.9312428832054138, 58.206459045410156, -213.83660888671875, 1.5976712703704834, 0.25
28.394242763519287, 0.8957446813583374, -0.8942301273345947, 57.02897644042969, -214.87452697753906, 1.5976712703704834, 0.25
28.404247999191284, 0.9251351356506348, -2.251638206939542e-14, 57.07811737060547, -124.50846862792969, 1.5976712703704834, 0.25
28.41424322128296, 0.9197297096252441, -0.10784851014614105, 56.93069839477539, -101.89954376220703, 1.5976712703704834, 0.25
28.42422890663147, 0.911621630191803, 0.09532107412815094, 56.04127883911133, -82.20966339111328, 1.6039385795593262, 0.25
28.434260606765747, 0.8981081247329712, -0.038816072046756744, 55.99339294433594, -45.405582427978516, 1.6039385795593262, 0.25
28.44424057006836, 0.8872972726821899, -0.18326640129089355, 55.745811462402344, -27.83837127685547, 1.6039385795593262, 0.25
28.45427918434143, 0.8845946192741394, -0.8247931003570557, 54.222469329833984, -58.097877502441406, 1.6039385795593262, 0.25
28.464255332946777, 0.8595744967460632, -1.6533344984054565, 48.915863037109375, -235.10194396972656, 1.6175228357315063, 0.25
28.474270343780518, 0.8818919062614441, -0.4373229146003723, 48.03134536743164, -161.7376251220703, 1.6175228357315063, 0.25
28.484233140945435, 0.8791891932487488, -0.24924050271511078, 47.49080276489258, -155.08645629882812, 1.6175228357315063, 0.25
28.494245290756226, 0.8683784008026123, -0.3225941061973572, 46.9994010925293, -158.35401916503906, 1.6175228357315063, 0.25
28.504242420196533, 0.8602702617645264, -0.43922922015190125, 43.855682373046875, -195.6208038330078, 1.6307592391967773, 0.25
28.514285802841187, 0.8425531983375549, -0.47512584924697876, 43.520172119140625, -150.6134490966797, 1.6307592391967773, 0.25
28.524269580841064, 0.8319149017333984, -1.34087336063385, 41.01580810546875, -180.3150177001953, 1.6307592391967773, 0.25
28.53430461883545, 0.8255318999290466, -1.4224224090576172, 39.15245819091797, -227.28201293945312, 1.6307592391967773, 0.25
28.54424285888672, 0.8494594693183899, -0.3292146325111389, 36.07949447631836, -165.84976196289062, 1.6444172859191895, 0.25
28.554238080978394, 0.8386486768722534, -0.4629519283771515, 35.391536712646484, -180.67291259765625, 1.6444172859191895, 0.25
28.56423783302307, 0.8278378248214722, -0.2558099627494812, 34.94425582885742, -157.96144104003906, 1.6444172859191895, 0.25
28.57429075241089, 0.8021276593208313, -0.734741747379303, 33.76604461669922, -181.66758728027344, 1.6444172859191895, 0.25
28.584241151809692, 0.7893617153167725, -1.6196637153625488, 29.038326263427734, -189.76295471191406, 1.6557894945144653, 0.25
28.59425711631775, 0.8089188933372498, -0.6017833352088928, 27.908103942871094, -151.47811889648438, 1.6557894945144653, 0.25
28.6042582988739, 0.7981081008911133, -0.632009744644165, 26.876163482666016, -171.515625, 1.6557894945144653, 0.25
28.614282608032227, 0.7744680643081665, -0.9637854695320129, 25.71666717529297, -241.03004455566406, 1.6557894945144653, 0.25
28.62423872947693, 0.7617021203041077, -0.8431112170219421, 22.166973114013672, -210.38987731933594, 1.6657383441925049, 0.25
28.634268760681152, 0.7791891694068909, -0.6622759699821472, 20.99702262878418, -152.1634521484375, 1.6657383441925049, 0.25
28.644252061843872, 0.7683783769607544, -0.6746048927307129, 19.76852035522461, -146.8473663330078, 1.6657383441925049, 0.25
28.65426778793335, 0.7575675845146179, -0.7125740647315979, 18.49087905883789, -159.098876953125, 1.6657383441925049, 0.25
28.664252996444702, 0.73617023229599, -0.9927331805229187, 15.858428001403809, -217.81007385253906, 1.6748522520065308, 0.25
28.674266815185547, 0.7234042286872864, -0.8484450578689575, 14.001561164855957, -189.0450439453125, 1.6748522520065308, 0.25
28.684253692626953, 0.7386486530303955, -0.755155086517334, 12.723919868469238, -153.34320068359375, 1.6748522520065308, 0.25
28.694263696670532, 0.7251351475715637, -0.751828134059906, 11.397138595581055, -153.64401245117188, 1.6748522520065308, 0.25
28.704256772994995, 0.7170270085334778, -0.7503706812858582, 8.480711936950684, -158.5837860107422, 1.6835952997207642, 0.25
28.714240550994873, 0.693617045879364, -1.093563199043274, 7.088062286376953, -221.55270385742188, 1.6835952997207642, 0.25
28.72425127029419, 0.7116216421127319, -0.236210435628891, 6.216192722320557, -156.07591247558594, 1.6835952997207642, 0.25
28.734246492385864, 0.6981081366539001, -0.8620062470436096, 4.791131019592285, -168.6734619140625, 1.6835952997207642, 0.25
28.744266986846924, 0.6744681000709534, -1.2661404609680176, 0.8927064538002014, -218.46510314941406, 1.6924023628234863, 0.25
28.75423002243042, 0.6574468016624451, -0.9221863150596619, -1.312427043914795, -214.1766815185547, 1.6924023628234863, 0.25
28.76425290107727, 0.6737837791442871, -0.7320604920387268, -2.234482526779175, -163.49786376953125, 1.6924023628234863, 0.25
28.77423071861267, 0.6602702736854553, -0.7482832670211792, -3.708684206008911, -168.09283447265625, 1.6924023628234863, 0.25
28.784253120422363, 0.6404255032539368, -1.2860236167907715, -7.027855396270752, -241.2442626953125, 1.7019165754318237, 0.25
28.794273138046265, 0.6297872066497803, -1.018921136856079, -8.459190368652344, -225.13404846191406, 1.7019165754318237, 0.25
28.804234743118286, 0.6413513422012329, -0.3244544565677643, -9.111393928527832, -157.212646484375, 1.7019165754318237, 0.25
28.81426191329956, 0.6148936152458191, -1.3264955282211304, -11.558045387268066, -223.00631713867188, 1.7019165754318237, 0.25
28.824254751205444, 0.6085106134414673, -1.231587290763855, -14.954124450683594, -247.67674255371094, 1.7114794254302979, 0.25
28.834250926971436, 0.61972975730896, -0.30422303080558777, -15.871997833251953, -172.3618621826172, 1.7114794254302979, 0.25
28.844242572784424, 0.6089189052581787, -0.7186552286148071, -16.791961669921875, -163.08436584472656, 1.7114794254302979, 0.25
28.854241132736206, 0.5914893746376038, -0.9897262454032898, -18.429475784301758, -191.0363311767578, 1.7114794254302979, 0.25
28.864255666732788, 0.585106372833252, -0.8695483803749084, -21.60936164855957, -293.4178466796875, 1.7216594219207764, 0.25
28.874250411987305, 0.5954053997993469, -0.26531195640563965, -22.065004348754883, -143.9578857421875, 1.7216594219207764, 0.25
28.884241104125977, 0.5845946073532104, -0.7137474417686462, -22.9630126953125, -144.0493621826172, 1.7216594219207764, 0.25
28.894252061843872, 0.5723404288291931, -1.069361686706543, -24.314050674438477, -219.9060821533203, 1.7216594219207764, 0.25
28.904270887374878, 0.5845946073532104, -0.13921315968036652, -26.772260665893555, -168.4502716064453, 1.7317241430282593, 0.25
28.914281368255615, 0.5808510780334473, -0.1165476143360138, -26.897619247436523, -144.83847045898438, 1.7317241430282593, 0.25
28.924277544021606, 0.5957446694374084, 0.15603508055210114, -27.111221313476562, -130.02369689941406, 1.7317241430282593, 0.25
28.934235334396362, 0.6085106134414673, 0.9291900992393494, -25.670581817626953, -34.84845733642578, 1.7317241430282593, 0.25
28.944238424301147, 0.6440540552139282, 1.146203875541687, -25.090055465698242, 32.42799377441406, 1.7412632703781128, 0.25
28.954243183135986, 0.6521621346473694, 1.4594535827636719, -22.61412811279297, 87.66598510742188, 1.7412632703781128, 0.25
28.964236974716187, 0.6574468016624451, 1.6987754106521606, -20.136110305786133, 182.33853149414062, 1.7412632703781128, 0.25
28.974242448806763, 0.6702127456665039, 1.8226748704910278, -16.53843116760254, 270.5320739746094, 1.7412632703781128, 0.25
28.984280586242676, 0.6765957474708557, 1.1415212154388428, -16.480175018310547, 272.1400451660156, 1.751390814781189, -0.25
28.994246006011963, 0.6893616914749146, 1.1369709968566895, -14.722738265991211, 261.8008117675781, 1.751390814781189, -0.25
29.00424289703369, 0.7063829898834229, 1.3610050678253174, -11.719966888427734, 234.06845092773438, 1.751390814781189, -0.25
29.014254331588745, 0.7106382846832275, 1.2369155883789062, -10.056524276733398, 212.6394805908203, 1.751390814781189, -0.25
29.024246215820312, 0.7191489338874817, 1.1427905559539795, -9.180179595947266, 196.0455780029297, 1.7597624063491821, -0.25
29.03424048423767, 0.7440540790557861, 1.0780917406082153, -7.774982929229736, 136.95364379882812, 1.7597624063491821, -0.25
29.044262886047363, 0.749459445476532, 0.7025191187858582, -6.497341632843018, 122.21554565429688, 1.7597624063491821, -0.25
29.05424690246582, 0.7446808218955994, 0.963047444820404, -5.007352828979492, 156.06631469726562, 1.7597624063491821, -0.25
29.064244985580444, 0.7468085289001465, 0.7648874521255493, -2.155813217163086, 200.24143981933594, 1.7536534070968628, -0.25
29.0742449760437, 0.7710810899734497, 0.9277248978614807, -0.7860604524612427, 155.34451293945312, 1.7536534070968628, -0.25
29.084245204925537, 0.7710810899734497, 0.5148027539253235, -0.2163495123386383, 146.4517059326172, 1.7536534070968628, -0.25
29.094242095947266, 0.7710810899734497, 0.37005874514579773, 0.5698912739753723, 121.95587921142578, 1.7536534070968628, -0.25
29.1042423248291, 0.7617021203041077, 0.4113549292087555, 3.7262773513793945, 177.4190216064453, 1.7421247959136963, -0.25
29.114240646362305, 0.7595744729042053, -0.3197021186351776, 4.019967555999756, 133.53167724609375, 1.7421247959136963, -0.25
29.124255418777466, 0.7595744729042053, -0.3116909861564636, 3.9654953479766846, 113.27776336669922, 1.7421247959136963, -0.25
29.134286880493164, 0.7818918824195862, 0.2221321016550064, 4.358615875244141, 77.8477554321289, 1.7421247959136963, -0.25
29.144265174865723, 0.7702127695083618, 0.23245769739151, 7.709653854370117, 116.19745635986328, 1.7256262302398682, -0.25
29.154308795928955, 0.7702127695083618, 0.2855879068374634, 8.212554931640625, 106.93479919433594, 1.7256262302398682, -0.25
29.16425323486328, 0.7680851221084595, 0.21453334391117096, 8.71545696258545, 119.7354507446289, 1.7256262302398682, -0.25
29.174259185791016, 0.7680851221084595, -0.39667001366615295, 8.164251327514648, 109.33621978759766, 1.7256262302398682, -0.25
29.18425440788269, 0.7927026748657227, 0.4105929732322693, 11.783048629760742, 74.3669204711914, 1.7090529203414917, 0.0
29.194290161132812, 0.795405387878418, 0.5422084927558899, 12.699145317077637, 100.7255630493164, 1.7090529203414917, 0.0
29.20425772666931, 0.795405387878418, 0.5013788342475891, 13.615241050720215, 103.6736831665039, 1.7090529203414917, 0.0
29.214250087738037, 0.7872340679168701, 0.48004579544067383, 14.62104320526123, 155.57254028320312, 1.7090529203414917, 0.0
29.224239587783813, 0.7872340679168701, -0.13956326246261597, 17.395841598510742, 230.57904052734375, 1.6951595544815063, 0.0
29.234243392944336, 0.7914893627166748, -0.10640760511159897, 17.19269561767578, 122.09974670410156, 1.6951595544815063, 0.0
29.244248628616333, 0.7936170101165771, -0.04901030287146568, 17.127662658691406, 96.25721740722656, 1.6951595544815063, 0.0
29.254241704940796, 0.8224324584007263, 0.7241869568824768, 18.39715003967285, 84.85448455810547, 1.6951595544815063, 0.0
29.26424264907837, 0.8106383085250854, 0.627570390701294, 19.254972457885742, 47.18523025512695, 1.6965720653533936, 0.0
29.274272680282593, 0.8359459638595581, 0.912646472454071, 20.88934898376465, 69.63246154785156, 1.6965720653533936, 0.0
29.284245491027832, 0.8297872543334961, 0.8950904011726379, 22.7462158203125, 138.23548889160156, 1.6965720653533936, 0.0
29.29423999786377, 0.8340425491333008, 0.39764413237571716, 23.702774047851562, 165.18270874023438, 1.6965720653533936, 0.0
29.304247856140137, 0.8404255509376526, 0.7828115224838257, 23.89342498779297, 121.89900207519531, 1.7011922597885132, 0.0
29.31424880027771, 0.8425531983375549, 0.518572211265564, 24.541446685791016, 83.18810272216797, 1.7011922597885132, 0.0
29.324249982833862, 0.8468084931373596, 0.46594706177711487, 25.199087142944336, 67.14583587646484, 1.7011922597885132, 0.0
29.33427119255066, 0.848936140537262, 0.34384989738464355, 25.93409538269043, 53.372718811035156, 1.7011922597885132, 0.0
29.344233989715576, 0.8510638475418091, 0.28350120782852173, 26.40120506286621, 62.04054260253906, 1.7018146514892578, 0.0
29.35426664352417, 0.8818919062614441, 0.7777076959609985, 27.309877395629883, 54.7305908203125, 1.7018146514892578, 0.0
29.364259958267212, 0.8818919062614441, 0.6371524930000305, 28.62432098388672, 62.20600509643555, 1.7018146514892578, 0.0
29.37427806854248, 0.8818919062614441, 0.6897134780883789, 29.90007972717285, 82.53141784667969, 1.7018146514892578, 0.0
29.384278774261475, 0.8659574389457703, 0.46990329027175903, 29.825611114501953, 105.2165756225586, 1.7054157257080078, 0.0
29.3942928314209, 0.8702127933502197, 0.49963194131851196, 30.754043579101562, 122.0928955078125, 1.7054157257080078, 0.0
29.404244899749756, 0.8765957355499268, -0.13719752430915833, 30.57191276550293, 50.45264434814453, 1.7054157257080078, 0.0
29.4142427444458, 0.8787233829498291, -0.08931183069944382, 30.41800880432129, 14.599137306213379, 1.7054157257080078, 0.0
29.424248933792114, 0.8808510899543762, 0.32964542508125305, 31.155481338500977, 26.348831176757812, 1.7058277130126953, 0.0
29.434242248535156, 0.8829787373542786, -0.04065172001719475, 31.629003524780273, 20.775789260864258, 1.7058277130126953, 0.0
29.444278478622437, 0.8851063847541809, 0.24112540483474731, 31.9771671295166, 39.81399154663086, 1.7058277130126953, 0.0
29.454285621643066, 0.8851063847541809, 0.12321782857179642, 32.3253288269043, 46.267398834228516, 1.7058277130126953, 0.0
29.464240074157715, 0.8851063847541809, 0.05723847821354866, 32.40695571899414, 26.382356643676758, 1.7064425945281982, 0.0
29.474244356155396, 0.8829787373542786, -6.239180992597543e-14, 32.40695571899414, 21.859495162963867, 1.7064425945281982, 0.0
29.484248161315918, 0.8829787373542786, -0.05758938565850258, 32.29090118408203, 4.303557395935059, 1.7064425945281982, 0.0
29.494247674942017, 0.8808510899543762, -0.10309670865535736, 32.05879211425781, -5.623456954956055, 1.7064425945281982, 0.0
29.504255294799805, 0.8787233829498291, -0.18280746042728424, 32.02702331542969, -10.88125228881836, 1.7053407430648804, 0.0
29.514246702194214, 0.8765957355499268, -0.18267026543617249, 31.756229400634766, -17.515640258789062, 1.7053407430648804, 0.0
29.52426505088806, 0.8744680881500244, -0.1752677857875824, 31.408065795898438, -22.116985321044922, 1.7053407430648804, 0.0
29.534254550933838, 0.8744680881500244, -0.1210615336894989, 31.098588943481445, -29.715103149414062, 1.7053407430648804, 0.0
29.544241189956665, 0.8744680881500244, -0.12350773066282272, 30.919300079345703, -27.659656524658203, 1.7050502300262451, 0.0
29.55424165725708, 0.8723404407501221, -0.12221378833055496, 30.764562606811523, -25.147808074951172, 1.7050502300262451, 0.0
29.564247131347656, 0.8723404407501221, -0.05916236340999603, 30.60982322692871, -18.96916389465332, 1.7050502300262451, 0.0
29.574242115020752, 0.8702127933502197, -0.11641079187393188, 30.4550838470459, -16.932477951049805, 1.7050502300262451, 0.0
29.584307193756104, 0.8702127933502197, -0.053772300481796265, 30.45302391052246, -9.828848838806152, 1.7039977312088013, 0.0
29.594271659851074, 0.8702127933502197, -0.05689544975757599, 30.375654220581055, -8.330792427062988, 1.7039977312088013, 0.0
29.604248762130737, 0.8680850863456726, -0.1076548770070076, 30.143545150756836, -10.817607879638672, 1.7039977312088013, 0.0
29.61426615715027, 0.8680850863456726, -0.05649563670158386, 30.02749252319336, -11.35383129119873, 1.7039977312088013, 0.0
29.6242778301239, 0.8659574389457703, -0.10760944336652756, 29.86948013305664, -14.756778717041016, 1.7040157318115234, 0.0
29.634242296218872, 0.8659574389457703, -0.09678488969802856, 29.714740753173828, -15.0321044921875, 1.7040157318115234, 0.0
29.64428997039795, 0.8638297915458679, -0.10762891173362732, 29.521318435668945, -15.737893104553223, 1.7040157318115234, 0.0
29.65425992012024, 0.8617021441459656, -0.15552546083927155, 29.289209365844727, -17.988737106323242, 1.7040157318115234, 0.0
29.664367198944092, 0.8553191423416138, -0.2571476101875305, 28.776819229125977, -26.41167640686035, 1.7038551568984985, 0.0
29.674250841140747, 0.8510638475418091, -0.424262136220932, 28.27391815185547, -41.043556213378906, 1.7038551568984985, 0.0
29.68434500694275, 0.8446808457374573, -0.48226529359817505, 27.26811408996582, -56.7468376159668, 1.7038551568984985, 0.0
29.694252490997314, 0.8382978439331055, -0.5960204005241394, 26.494421005249023, -71.17301177978516, 1.7038551568984985, 0.0
29.70427441596985, 0.8297872543334961, -0.6503225564956665, 25.143901824951172, -92.5339126586914, 1.70383620262146, 0.0
29.71426010131836, 0.8255318999290466, -0.6199997663497925, 23.867305755615234, -108.5367660522461, 1.70383620262146, 0.0
29.724350214004517, 0.8234042525291443, -0.5668943524360657, 23.132295608520508, -110.19490051269531, 1.70383620262146, 0.0
29.73425269126892, 0.8212766051292419, -0.38826748728752136, 22.2425479888916, -99.75037384033203, 1.70383620262146, 0.0
29.744261980056763, 0.8212766051292419, -0.2344578206539154, 21.83441162109375, -91.17244720458984, 1.704166054725647, 0.0
29.75426936149597, 0.8170212507247925, -0.23388943076133728, 21.331510543823242, -69.6887435913086, 1.704166054725647, 0.0
29.764259099960327, 0.8106383085250854, -0.32843223214149475, 20.751239776611328, -52.3006477355957, 1.704166054725647, 0.0
29.77424669265747, 0.806382954120636, -0.41835224628448486, 20.209653854370117, -57.10269546508789, 1.704166054725647, 0.0
29.784284591674805, 0.7978723645210266, -0.5925271511077881, 19.191612243652344, -68.21209716796875, 1.7038078308105469, 0.0
29.794243812561035, 0.7893617153167725, -0.6868617534637451, 17.876333236694336, -87.74798583984375, 1.7038078308105469, 0.0
29.80426263809204, 0.785106360912323, -0.719053328037262, 16.90921401977539, -108.20265197753906, 1.7038078308105469, 0.0
29.814274311065674, 0.7808510661125183, -0.6795276403427124, 15.63261890411377, -123.90579223632812, 1.7038078308105469, 0.0
29.824263095855713, 0.7744680643081665, -0.5829665064811707, 14.424198150634766, -118.965087890625, 1.7040711641311646, 0.0
29.83424425125122, 0.7702127695083618, -0.42543596029281616, 13.457080841064453, -97.88668823242188, 1.7040711641311646, 0.0
29.84427523612976, 0.7659574747085571, -0.5358002781867981, 12.799440383911133, -103.08760833740234, 1.7040711641311646, 0.0
29.854254007339478, 0.757446825504303, -0.4954778254032135, 11.677583694458008, -83.09403228759766, 1.7040711641311646, 0.0
29.864299058914185, 0.7531914710998535, -0.5068467855453491, 10.949036598205566, -82.78459930419922, 1.7038228511810303, 0.0
29.874260902404785, 0.7531914710998535, -0.5068467855453491, 10.949036598205566, -82.78459930419922, 1.7038228511810303, 0.0
29.884273767471313, 0.7404255270957947, -0.7214269042015076, 9.904549598693848, -87.29959106445312, 1.7038228511810303, 0.0
29.894293785095215, 0.7340425252914429, -0.6708236932754517, 8.705323219299316, -87.53710174560547, 1.7038228511810303, 0.0
29.904260396957397, 0.7297872304916382, -0.8168467879295349, 7.437501430511475, -120.304931640625, 1.7039873600006104, 0.0
29.914271593093872, 0.721276581287384, -0.9120956659317017, 6.19959020614624, -138.1372528076172, 1.7039873600006104, 0.0
29.924245595932007, 0.714893639087677, -0.4184347689151764, 4.80694055557251, -67.10729217529297, 1.7039873600006104, 0.0
29.934295415878296, 0.7042553424835205, -0.9506163597106934, 3.375605821609497, -171.592041015625, 1.7039873600006104, 0.0
29.94425320625305, 0.699999988079071, -0.8014864921569824, 2.1068344116210938, -155.35260009765625, 1.7039443254470825, 0.0
29.954262733459473, 0.6957446932792664, -0.7756250500679016, 0.8689234256744385, -149.65838623046875, 1.7039443254470825, 0.0
29.96426486968994, 0.6851063966751099, -0.8248245120048523, -0.8718889355659485, -164.76268005371094, 1.7039443254470825, 0.0
29.974265098571777, 0.6808510422706604, -0.5627653002738953, -1.877691626548767, -130.28677368164062, 1.7039443254470825, 0.0
29.98429298400879, 0.672340452671051, -0.7805617451667786, -2.9466021060943604, -148.64260864257812, 1.703865885734558, 0.0
29.994251251220703, 0.6659574508666992, -0.5906316637992859, -4.107143402099609, -103.54405975341797, 1.703865885734558, 0.0
30.004249095916748, 0.6574468016624451, -0.7749935984611511, -5.886640548706055, -127.37313079833984, 1.703865885734558, 0.0
30.014265060424805, 0.6531915068626404, -0.8744497299194336, -7.008497714996338, -153.30039978027344, 1.703865885734558, 0.0
30.024252891540527, 0.6446808576583862, -0.6541531682014465, -8.137507438659668, -125.89041137695312, 1.7039052248001099, 0.0
30.034273624420166, 0.6297872066497803, -1.0028349161148071, -9.994373321533203, -163.22601318359375, 1.7039052248001099, 0.0
30.04425072669983, 0.6234042644500732, -0.8315194249153137, -11.348339080810547, -132.02252197265625, 1.7039052248001099, 0.0
30.05424451828003, 0.6170212626457214, -0.94251549243927, -12.702303886413574, -154.4058380126953, 1.7039052248001099, 0.0
30.064263343811035, 0.6085106134414673, -0.9248285293579102, -14.72101879119873, -168.33241271972656, 1.7039443254470825, 0.0
30.07425618171692, 0.6063829660415649, -0.5311737656593323, -15.339974403381348, -103.32764434814453, 1.7039443254470825, 0.0
