4.055396318435669, 0.4382978677749634, 0.0, -26.339702606201172, -161.92445373535156, 1.583166241645813, 0.25
4.065403699874878, 0.4382978677749634, 0.0, -26.339702606201172, -147.5389404296875, 1.583166241645813, 0.25
4.075394868850708, 0.4382978677749634, 0.0, -26.339702606201172, -156.62022399902344, 1.583166241645813, 0.25
4.08544921875, 0.4382978677749634, 0.0, -26.339702606201172, -167.15748596191406, 1.583166241645813, 0.25
4.095381736755371, 0.4382978677749634, 0.0, -26.339702606201172, 0.0, 1.583166241645813, 0.25
4.1054229736328125, 0.4382978677749634, 0.0, -26.339702606201172, 0.0, 1.583166241645813, 0.25
4.115413665771484, 0.4382978677749634, 0.0, -26.378387451171875, -0.944663941860199, 1.583166241645813, 0.25
4.125389337539673, 0.43617022037506104, -0.04289790615439415, -26.45575714111328, -2.339885711669922, 1.583166241645813, 0.25
4.13545036315918, 0.43617022037506104, -0.05477230250835419, -26.57181167602539, -5.975160121917725, 1.583166241645813, 0.25
4.1454033851623535, 0.43617022037506104, -0.04904672130942345, -26.649181365966797, -7.134068489074707, 1.583166241645813, 0.25
4.155382871627808, 0.43617022037506104, -0.05874951183795929, -26.726551055908203, -9.613556861877441, 1.583166241645813, 0.25
4.165390253067017, 0.43617022037506104, 0.0, -26.726551055908203, -7.573436737060547, 1.583166241645813, 0.25
4.175394296646118, 0.43617022037506104, 0.0, -26.726551055908203, -4.325370788574219, 1.583166241645813, 0.25
4.1854143142700195, 0.43617022037506104, 0.0, -26.726551055908203, -1.9883030652999878, 1.583166241645813, 0.25
4.1954123973846436, 0.43617022037506104, 0.0, -26.726551055908203, 0.0, 1.583166241645813, 0.25
4.205420970916748, 0.43617022037506104, 0.0, -26.726551055908203, 0.0, 1.583166241645813, 0.25
4.215389251708984, 0.43617022037506104, 0.0, -26.726551055908203, 0.0, 1.583166241645813, 0.25
4.225390911102295, 0.43617022037506104, 0.0, -26.726551055908203, 0.0, 1.583166241645813, 0.25
4.235381603240967, 0.43617022037506104, 0.0, -26.726551055908203, 0.0, 1.583166241645813, 0.25
4.245412588119507, 0.43617022037506104, 0.0, -26.726551055908203, 0.0, 1.583166241645813, 0.25
4.255385398864746, 0.43617022037506104, 0.0, -26.726551055908203, 0.0, 1.583166241645813, 0.25
4.265414237976074, 0.43617022037506104, 0.0, -26.726551055908203, 0.0, 1.583166241645813, 0.25
4.275379657745361, 0.43617022037506104, 0.0, -26.726551055908203, 0.0, 1.583166241645813, 0.25
4.2854163646698, 0.43617022037506104, 0.0, -26.726551055908203, 0.0, 1.583166241645813, 0.25
4.295417308807373, 0.43617022037506104, 0.0, -26.726551055908203, 0.0, 1.583166241645813, 0.25
4.305391311645508, 0.43617022037506104, 0.0, -26.726551055908203, 0.0, 1.583166241645813, 0.25
4.315398454666138, 0.43617022037506104, 0.0, -26.726551055908203, 0.0, 1.583166241645813, 0.25
4.325428485870361, 0.43617022037506104, 0.0, -26.726551055908203, 0.0, 1.583166241645813, 0.25
4.335373640060425, 0.43617022037506104, 0.0, -26.726551055908203, 0.0, 1.583166241645813, 0.25
4.345394134521484, 0.43617022037506104, 0.0, -26.726551055908203, 0.0, 1.583166241645813, 0.25
4.355428218841553, 0.43617022037506104, 0.0, -26.726551055908203, 0.0, 1.583166241645813, 0.25
4.365385293960571, 0.4340425431728363, -0.05944611504673958, -26.842605590820312, -3.2425155639648438, 1.583166241645813, 0.25
4.375412225723267, 0.4340425431728363, -0.05346624553203583, -26.919973373413086, -4.860567569732666, 1.583166241645813, 0.25
4.385399580001831, 0.4340425431728363, -0.04444248601794243, -26.997343063354492, -5.65631628036499, 1.583166241645813, 0.25
4.395421981811523, 0.4340425431728363, -0.05826239660382271, -27.1133975982666, -10.593162536621094, 1.583166241645813, 0.25
4.405389070510864, 0.4340425431728363, 0.0, -27.1133975982666, -7.411343097686768, 1.583166241645813, 0.25
4.415399551391602, 0.4340425431728363, 0.0, -27.1133975982666, -4.708242893218994, 1.583166241645813, 0.25
4.4254021644592285, 0.4340425431728363, 0.0, -27.1133975982666, -2.455440044403076, 1.583166241645813, 0.25
4.435398101806641, 0.4340425431728363, 0.0, -27.1133975982666, 0.0, 1.583166241645813, 0.25
4.4454216957092285, 0.4340425431728363, 0.0, -27.1133975982666, 0.0, 1.583166241645813, 0.25
4.455386638641357, 0.4340425431728363, 0.0, -27.1133975982666, 0.0, 1.583166241645813, 0.25
4.465389966964722, 0.4340425431728363, 0.0, -27.1133975982666, 0.0, 1.583166241645813, 0.25
4.4754157066345215, 0.4340425431728363, 0.0, -27.1133975982666, 0.0, 1.583166241645813, 0.25
4.485398054122925, 0.4340425431728363, 0.0, -27.1133975982666, 0.0, 1.583166241645813, 0.25
4.495394706726074, 0.4340425431728363, 0.0, -27.1133975982666, 0.0, 1.583166241645813, 0.25
4.505434513092041, 0.4340425431728363, 0.0, -27.1133975982666, 0.0, 1.583166241645813, 0.25
4.515388250350952, 0.4340425431728363, 0.0, -27.1133975982666, 0.0, 1.583166241645813, 0.25
4.525422811508179, 0.4340425431728363, 0.0, -27.1133975982666, 0.0, 1.583166241645813, 0.25
4.5353875160217285, 0.4340425431728363, 0.0, -27.1133975982666, 0.0, 1.583166241645813, 0.25
4.545438528060913, 0.4340425431728363, 0.0, -27.1133975982666, 0.0, 1.583166241645813, 0.25
4.555419683456421, 0.4340425431728363, 0.0, -27.1133975982666, 0.0, 1.583166241645813, 0.25
4.565380811691284, 0.4340425431728363, 0.0, -27.1133975982666, 0.0, 1.583166241645813, 0.25
4.575402736663818, 0.4340425431728363, 0.0, -27.1133975982666, 0.0, 1.583166241645813, 0.25
4.585409879684448, 0.4340425431728363, 0.0, -27.1133975982666, 0.0, 1.583166241645813, 0.25
4.595410346984863, 0.4340425431728363, 0.0, -27.1133975982666, 0.0, 1.583166241645813, 0.25
4.605400085449219, 0.4340425431728363, 0.0, -27.1133975982666, 0.0, 1.583166241645813, 0.25
4.615391254425049, 0.4340425431728363, 0.0, -27.1133975982666, 0.0, 1.583166241645813, 0.25
4.6253862380981445, 0.4340425431728363, 0.0, -27.1133975982666, 0.0, 1.583166241645813, 0.25
4.635389566421509, 0.4340425431728363, 0.0, -27.1133975982666, 0.0, 1.583166241645813, 0.25
4.6453962326049805, 0.4340425431728363, 0.0, -27.1133975982666, 0.0, 1.583166241645813, 0.25
4.655429840087891, 0.43191489577293396, -0.05649206042289734, -27.152082443237305, -1.0271284580230713, 1.583166241645813, 0.25
4.66543984413147, 0.4340425431728363, 0.0, -27.190767288208008, -1.525029182434082, 1.583166241645813, 0.25
4.675386428833008, 0.43191489577293396, -0.04122154042124748, -27.268136978149414, -2.9979300498962402, 1.583166241645813, 0.25
4.685385227203369, 0.43191489577293396, -0.05014356970787048, -27.34550666809082, -5.470207691192627, 1.583166241645813, 0.25
4.69542384147644, 0.43191489577293396, -0.05803506076335907, -27.46156120300293, -9.4966459274292, 1.583166241645813, 0.25
4.705412864685059, 0.43191489577293396, 0.0, -27.46156120300293, -6.53728723526001, 1.583166241645813, 0.25
4.715380907058716, 0.43191489577293396, 0.0, -27.500246047973633, -5.760549545288086, 1.583166241645813, 0.25
4.725410461425781, 0.43191489577293396, 0.0, -27.500246047973633, -3.5782439708709717, 1.583166241645813, 0.25
4.7353856563568115, 0.43191489577293396, 0.0, -27.500246047973633, -0.9729296565055847, 1.583166241645813, 0.25
4.745384931564331, 0.43191489577293396, 0.0, -27.500246047973633, -0.8655933737754822, 1.583166241645813, 0.25
4.75541615486145, 0.43191489577293396, 0.0, -27.500246047973633, 0.0, 1.583166241645813, 0.25
4.7653937339782715, 0.43191489577293396, 0.0, -27.500246047973633, 0.0, 1.583166241645813, 0.25
4.775381803512573, 0.43191489577293396, 0.0, -27.500246047973633, 0.0, 1.583166241645813, 0.25
4.785421848297119, 0.43191489577293396, 0.0, -27.500246047973633, 0.0, 1.583166241645813, 0.25
4.7954018115997314, 0.43191489577293396, 0.0, -27.500246047973633, 0.0, 1.583166241645813, 0.25
4.8053953647613525, 0.43191489577293396, 0.0, -27.500246047973633, 0.0, 1.583166241645813, 0.25
4.815392017364502, 0.43191489577293396, 0.0, -27.500246047973633, 0.0, 1.583166241645813, 0.25
4.825399875640869, 0.43191489577293396, 0.0, -27.500246047973633, 0.0, 1.583166241645813, 0.25
4.835414171218872, 0.43191489577293396, 0.0, -27.500246047973633, 0.0, 1.583166241645813, 0.25
4.845395803451538, 0.43191489577293396, 0.0, -27.500246047973633, 0.0, 1.583166241645813, 0.25
4.855410575866699, 0.43191489577293396, 0.0, -27.500246047973633, 0.0, 1.583166241645813, 0.25
4.865422964096069, 0.43191489577293396, 0.0, -27.500246047973633, 0.0, 1.583166241645813, 0.25
4.875393390655518, 0.43191489577293396, 0.0, -27.500246047973633, 0.0, 1.583166241645813, 0.25
4.885388374328613, 0.43191489577293396, 0.0, -27.500246047973633, 0.0, 1.583166241645813, 0.25
4.895395755767822, 0.43191489577293396, 0.0, -27.500246047973633, 0.0, 1.583166241645813, 0.25
4.90541410446167, 0.43191489577293396, 0.0, -27.500246047973633, 0.0, 1.583166241645813, 0.25
4.915464162826538, 0.43191489577293396, 0.0, -27.500246047973633, 0.0, 1.583166241645813, 0.25
4.92540717124939, 0.43191489577293396, 0.0, -27.500246047973633, 0.0, 1.583166241645813, 0.25
4.935393571853638, 0.43191489577293396, 0.0, -27.500246047973633, 0.0, 1.583166241645813, 0.25
4.945395469665527, 0.43191489577293396, 0.0, -27.500246047973633, 0.0, 1.583166241645813, 0.25
4.955386161804199, 0.43191489577293396, 0.0, -27.500246047973633, 0.0, 1.583166241645813, 0.25
4.965383529663086, 0.43191489577293396, 0.0, -27.500246047973633, 0.0, 1.583166241645813, 0.25
4.975385665893555, 0.43191489577293396, 0.0, -27.500246047973633, 0.0, 1.583166241645813, 0.25
4.985393047332764, 0.43191489577293396, 0.0, -27.500246047973633, 0.0, 1.583166241645813, 0.25
4.995388746261597, 0.43191489577293396, 0.0, -27.500246047973633, 0.0, 1.583166241645813, 0.25
5.0054309368133545, 0.4340425431728363, 0.05900589004158974, -27.422876358032227, 2.1456687450408936, 1.583166241645813, 0.25
5.015386343002319, 0.4340425431728363, 0.05921339616179466, -27.34550666809082, 4.306428909301758, 1.583166241645813, 0.25
5.025407552719116, 0.4340425431728363, 0.04415442794561386, -27.268136978149414, 4.8168463706970215, 1.583166241645813, 0.25
5.0353844165802, 0.4340425431728363, 0.05449802055954933, -27.190767288208008, 7.926984786987305, 1.583166241645813, 0.25
5.045387506484985, 0.4340425431728363, 0.0, -27.152082443237305, 6.867333889007568, 1.583166241645813, 0.25
5.05540132522583, 0.4340425431728363, 0.0, -27.1133975982666, 6.160375118255615, 1.583166241645813, 0.25
5.065382957458496, 0.4340425431728363, 0.0, -27.1133975982666, 4.0885844230651855, 1.583166241645813, 0.25
5.075388669967651, 0.4340425431728363, 0.0, -27.1133975982666, 1.476190447807312, 1.583166241645813, 0.25
5.085378885269165, 0.4340425431728363, 0.0, -27.1133975982666, 0.9894832968711853, 1.583166241645813, 0.25
5.095384836196899, 0.4340425431728363, 0.0, -27.1133975982666, 0.0, 1.583166241645813, 0.25
5.105417728424072, 0.4340425431728363, 0.0, -27.1133975982666, 0.0, 1.583166241645813, 0.25
5.115381479263306, 0.4340425431728363, 0.0, -27.1133975982666, 0.0, 1.583166241645813, 0.25
5.125385999679565, 0.4340425431728363, 0.0, -27.1133975982666, 0.0, 1.583166241645813, 0.25
5.13540244102478, 0.4340425431728363, 0.0, -27.1133975982666, 0.0, 1.583166241645813, 0.25
5.145388126373291, 0.4340425431728363, 0.0, -27.1133975982666, 0.0, 1.583166241645813, 0.25
5.155433177947998, 0.4340425431728363, 0.0, -27.1133975982666, 0.0, 1.583166241645813, 0.25
5.165384531021118, 0.4340425431728363, 0.0, -27.1133975982666, 0.0, 1.583166241645813, 0.25
5.175421237945557, 0.4340425431728363, 0.0, -27.1133975982666, 0.0, 1.583166241645813, 0.25
5.185384035110474, 0.4340425431728363, 0.0, -27.1133975982666, 0.0, 1.583166241645813, 0.25
5.195401430130005, 0.4340425431728363, 0.0, -27.1133975982666, 0.0, 1.583166241645813, 0.25
5.205451726913452, 0.4340425431728363, 0.0, -27.1133975982666, 0.0, 1.583166241645813, 0.25
5.215392112731934, 0.4340425431728363, 0.0, -27.1133975982666, 0.0, 1.583166241645813, 0.25
5.225396633148193, 0.4340425431728363, 0.0, -27.1133975982666, 0.0, 1.583166241645813, 0.25
5.235427379608154, 0.4340425431728363, 0.0, -27.1133975982666, 0.0, 1.583166241645813, 0.25
5.2453765869140625, 0.4340425431728363, 0.0, -27.1133975982666, 0.0, 1.583166241645813, 0.25
5.255416631698608, 0.4340425431728363, 0.0, -27.1133975982666, 0.0, 1.583166241645813, 0.25
5.265387058258057, 0.4340425431728363, 0.0, -27.1133975982666, 0.0, 1.583166241645813, 0.25
5.275402545928955, 0.4340425431728363, 0.0, -27.1133975982666, 0.0, 1.583166241645813, 0.25
5.285396099090576, 0.43617022037506104, 0.05715782567858696, -27.0747127532959, 1.0392332077026367, 1.583166241645813, 0.25
5.295394420623779, 0.43617022037506104, 0.05000028759241104, -26.997343063354492, 2.727288246154785, 1.583166241645813, 0.25
5.305383682250977, 0.43617022037506104, 0.055894095450639725, -26.919973373413086, 5.0812811851501465, 1.583166241645813, 0.25
5.315387964248657, 0.43617022037506104, 0.049386005848646164, -26.80392074584961, 7.1834187507629395, 1.583166241645813, 0.25
5.325401067733765, 0.43617022037506104, 0.0, -26.765235900878906, 7.167552471160889, 1.583166241645813, 0.25
5.335429430007935, 0.43617022037506104, 0.0, -26.726551055908203, 7.234320640563965, 1.583166241645813, 0.25
5.34540867805481, 0.43617022037506104, 0.0, -26.726551055908203, 4.302945613861084, 1.583166241645813, 0.25
5.355377912521362, 0.43617022037506104, 0.0, -26.726551055908203, 1.8774136304855347, 1.583166241645813, 0.25
5.36538290977478, 0.43617022037506104, 0.0, -26.726551055908203, 1.0479588508605957, 1.583166241645813, 0.25
5.375396251678467, 0.43617022037506104, 0.0, -26.726551055908203, 0.0, 1.583166241645813, 0.25
5.385396718978882, 0.43617022037506104, 0.0, -26.726551055908203, 0.0, 1.583166241645813, 0.25
5.395434856414795, 0.43617022037506104, 0.0, -26.726551055908203, 0.0, 1.583166241645813, 0.25
5.40539813041687, 0.43617022037506104, 0.0, -26.726551055908203, 0.0, 1.583166241645813, 0.25
5.4153947830200195, 0.43617022037506104, 0.0, -26.726551055908203, 0.0, 1.583166241645813, 0.25
5.425464868545532, 0.43617022037506104, 0.0, -26.726551055908203, 0.0, 1.583166241645813, 0.25
5.435386419296265, 0.43617022037506104, 0.0, -26.726551055908203, 0.0, 1.583166241645813, 0.25
5.445427417755127, 0.43617022037506104, 0.0, -26.726551055908203, 0.0, 1.583166241645813, 0.25
5.45538067817688, 0.43617022037506104, 0.0, -26.726551055908203, 0.0, 1.583166241645813, 0.25
5.465427875518799, 0.43617022037506104, 0.0, -26.726551055908203, 0.0, 1.583166241645813, 0.25
5.47537899017334, 0.43617022037506104, 0.0, -26.726551055908203, 0.0, 1.583166241645813, 0.25
5.485399961471558, 0.43617022037506104, 0.0, -26.726551055908203, 0.0, 1.583166241645813, 0.25
5.495392084121704, 0.43617022037506104, 0.0, -26.726551055908203, 0.0, 1.583166241645813, 0.25
5.50542426109314, 0.43617022037506104, 0.0, -26.726551055908203, 0.0, 1.583166241645813, 0.25
5.515386581420898, 0.43617022037506104, 0.0, -26.726551055908203, 0.0, 1.583166241645813, 0.25
5.525390863418579, 0.43617022037506104, 0.0, -26.726551055908203, 0.0, 1.583166241645813, 0.25
5.53539252281189, 0.4382978677749634, 0.056338705122470856, -26.6878662109375, 1.0243401527404785, 1.583166241645813, 0.25
5.545394659042358, 0.4382978677749634, 0.05803883448243141, -26.57181167602539, 4.221005916595459, 1.583166241645813, 0.25
5.555405378341675, 0.4382978677749634, 0.046054866164922714, -26.494441986083984, 5.024167060852051, 1.583166241645813, 0.25
5.565417528152466, 0.4382978677749634, 0.05647776275873184, -26.378387451171875, 9.241815567016602, 1.583166241645813, 0.25
5.575377941131592, 0.4382978677749634, 0.0, -26.339702606201172, 8.152517318725586, 1.583166241645813, 0.25
5.585391998291016, 0.4382978677749634, 0.0, -26.339702606201172, 5.705854415893555, 1.583166241645813, 0.25
5.595416784286499, 0.4382978677749634, 0.0, -26.339702606201172, 3.150183916091919, 1.583166241645813, 0.25
5.605403423309326, 0.4382978677749634, 0.0, -26.339702606201172, 1.0681729316711426, 1.583166241645813, 0.25
5.6154046058654785, 0.4382978677749634, 0.0, -26.339702606201172, 0.0, 1.583166241645813, 0.25
5.625458240509033, 0.4382978677749634, 0.0, -26.339702606201172, 0.0, 1.583166241645813, 0.25
5.6354405879974365, 0.4382978677749634, 0.0, -26.339702606201172, 0.0, 1.583166241645813, 0.25
5.645413637161255, 0.4382978677749634, 0.0, -26.339702606201172, 0.0, 1.583166241645813, 0.25
5.6554038524627686, 0.4382978677749634, 0.0, -26.339702606201172, 0.0, 1.583166241645813, 0.25
5.665391206741333, 0.4382978677749634, 0.0, -26.339702606201172, 0.0, 1.583166241645813, 0.25
5.675387144088745, 0.4382978677749634, 0.0, -26.339702606201172, 0.0, 1.583166241645813, 0.25
5.685410022735596, 0.4382978677749634, 0.0, -26.339702606201172, 0.0, 1.583166241645813, 0.25
5.695423126220703, 0.4382978677749634, 0.0, -26.339702606201172, 0.0, 1.583166241645813, 0.25
5.705444097518921, 0.4382978677749634, 0.0, -26.339702606201172, 0.0, 1.583166241645813, 0.25
5.715378999710083, 0.4382978677749634, 0.0, -26.339702606201172, 0.0, 1.583166241645813, 0.25
5.72541880607605, 0.4382978677749634, 0.0, -26.339702606201172, 0.0, 1.583166241645813, 0.25
5.735384941101074, 0.4382978677749634, 0.0, -26.339702606201172, 0.0, 1.583166241645813, 0.25
5.745457649230957, 0.4382978677749634, 0.0, -26.339702606201172, 0.0, 1.583166241645813, 0.25
5.755399942398071, 0.4382978677749634, 0.0, -26.339702606201172, 0.0, 1.583166241645813, 0.25
5.765403509140015, 0.4382978677749634, 0.0, -26.339702606201172, 0.0, 1.583166241645813, 0.25
5.775434494018555, 0.4382978677749634, 0.0, -26.339702606201172, 0.0, 1.583166241645813, 0.25
5.785444736480713, 0.4382978677749634, 0.0, -26.339702606201172, 0.0, 1.583166241645813, 0.25
5.795398950576782, 0.4382978677749634, 0.0, -26.339702606201172, 0.0, 1.583166241645813, 0.25
5.805383920669556, 0.4382978677749634, 0.0, -26.339702606201172, 0.0, 1.583166241645813, 0.25
5.815415143966675, 0.4382978677749634, 0.0, -26.339702606201172, 0.0, 1.583166241645813, 0.25
5.825388669967651, 0.4382978677749634, 0.0, -26.339702606201172, 0.0, 1.583166241645813, 0.25
5.835397720336914, 0.4382978677749634, 0.0, -26.339702606201172, 0.0, 1.583166241645813, 0.25
5.845375061035156, 0.4382978677749634, 0.0, -26.339702606201172, 0.0, 1.583166241645813, 0.25
5.855403661727905, 0.4382978677749634, 0.0, -26.339702606201172, 0.0, 1.583166241645813, 0.25
5.8653881549835205, 0.4382978677749634, 0.0, -26.339702606201172, 0.0, 1.583166241645813, 0.25
5.875410079956055, 0.4382978677749634, 0.0, -26.339702606201172, 0.0, 1.583166241645813, 0.25
5.8854053020477295, 0.4382978677749634, 0.0, -26.339702606201172, 0.0, 1.583166241645813, 0.25
5.8954079151153564, 0.4382978677749634, 0.0, -26.339702606201172, 0.0, 1.583166241645813, 0.25
5.905375719070435, 0.4382978677749634, 0.0, -26.339702606201172, 0.0, 1.583166241645813, 0.25
5.915420293807983, 0.4382978677749634, 0.0, -26.339702606201172, 0.0, 1.583166241645813, 0.25
5.925378084182739, 0.4382978677749634, 0.0, -26.339702606201172, 0.0, 1.583166241645813, 0.25
5.935406923294067, 0.4382978677749634, 0.0, -26.339702606201172, 0.0, 1.583166241645813, 0.25
5.9453959465026855, 0.4382978677749634, 0.0, -26.339702606201172, 0.0, 1.583166241645813, 0.25
5.955399513244629, 0.4382978677749634, 0.0, -26.339702606201172, 0.0, 1.583166241645813, 0.25
5.965394020080566, 0.4382978677749634, 0.0, -26.339702606201172, 0.0, 1.583166241645813, 0.25
5.975420236587524, 0.4382978677749634, 0.0, -26.339702606201172, 0.0, 1.583166241645813, 0.25
5.985386848449707, 0.4382978677749634, 0.0, -26.339702606201172, 0.0, 1.583166241645813, 0.25
5.995389699935913, 0.4382978677749634, 0.0, -26.339702606201172, 0.0, 1.583166241645813, 0.25
6.005393028259277, 0.4382978677749634, 0.0, -26.339702606201172, 0.0, 1.583166241645813, 0.25
6.015418767929077, 0.4382978677749634, 0.0, -26.339702606201172, 0.0, 1.583166241645813, 0.25
6.0254130363464355, 0.4382978677749634, 0.0, -26.339702606201172, 0.0, 1.583166241645813, 0.25
6.03543496131897, 0.4382978677749634, 0.0, -26.339702606201172, 0.0, 1.583166241645813, 0.25
6.045380353927612, 0.4382978677749634, 0.0, -26.339702606201172, 0.0, 1.583166241645813, 0.25
6.05541729927063, 0.4382978677749634, 0.0, -26.339702606201172, 0.0, 1.583166241645813, 0.25
6.065383434295654, 0.4382978677749634, 0.0, -26.339702606201172, 0.0, 1.583166241645813, 0.25
6.075420379638672, 0.4382978677749634, 0.0, -26.339702606201172, 0.0, 1.583166241645813, 0.25
6.085379123687744, 0.4382978677749634, 0.0, -26.339702606201172, 0.0, 1.583166241645813, 0.25
6.095431804656982, 0.4382978677749634, 0.0, -26.339702606201172, 0.0, 1.583166241645813, 0.25
6.10540246963501, 0.4382978677749634, 0.0, -26.339702606201172, 0.0, 1.583166241645813, 0.25
6.115386247634888, 0.4382978677749634, 0.0, -26.378387451171875, -0.9018201231956482, 1.583166241645813, 0.25
6.125381708145142, 0.43617022037506104, -0.04672522842884064, -26.494441986083984, -3.398198366165161, 1.583166241645813, 0.25
6.135422468185425, 0.43617022037506104, -0.053585030138492584, -26.57181167602539, -5.845639705657959, 1.583166241645813, 0.25
6.145393371582031, 0.43617022037506104, -0.05799734219908714, -26.6878662109375, -9.490473747253418, 1.583166241645813, 0.25
6.155414342880249, 0.43617022037506104, -0.050084471702575684, -26.726551055908203, -8.195640563964844, 1.583166241645813, 0.25
6.165411710739136, 0.43617022037506104, 0.0, -26.726551055908203, -6.393044471740723, 1.583166241645813, 0.25
6.1753926277160645, 0.43617022037506104, 0.0, -26.726551055908203, -4.256160259246826, 1.583166241645813, 0.25
6.185396432876587, 0.43617022037506104, 0.0, -26.726551055908203, -1.626784324645996, 1.583166241645813, 0.25
6.195408344268799, 0.43617022037506104, 0.0, -26.726551055908203, 0.0, 1.583166241645813, 0.25
6.205383539199829, 0.43617022037506104, 0.0, -26.726551055908203, 0.0, 1.583166241645813, 0.25
6.215386867523193, 0.43617022037506104, 0.0, -26.726551055908203, 0.0, 1.583166241645813, 0.25
6.225390672683716, 0.43617022037506104, 0.0, -26.726551055908203, 0.0, 1.583166241645813, 0.25
6.2354042530059814, 0.43617022037506104, 0.0, -26.726551055908203, 0.0, 1.583166241645813, 0.25
6.245387554168701, 0.43617022037506104, 0.0, -26.726551055908203, 0.0, 1.583166241645813, 0.25
6.255402565002441, 0.43617022037506104, 0.0, -26.726551055908203, 0.0, 1.583166241645813, 0.25
6.265387058258057, 0.43617022037506104, 0.0, -26.726551055908203, 0.0, 1.583166241645813, 0.25
6.275390863418579, 0.43617022037506104, 0.0, -26.726551055908203, 0.0, 1.583166241645813, 0.25
6.28538179397583, 0.43617022037506104, 0.0, -26.726551055908203, 0.0, 1.583166241645813, 0.25
6.295411109924316, 0.43617022037506104, 0.0, -26.726551055908203, 0.0, 1.583166241645813, 0.25
6.305411100387573, 0.43617022037506104, 0.0, -26.726551055908203, 0.0, 1.583166241645813, 0.25
6.315420866012573, 0.43617022037506104, 0.0, -26.726551055908203, 0.0, 1.583166241645813, 0.25
6.325390100479126, 0.43617022037506104, 0.0, -26.726551055908203, 0.0, 1.583166241645813, 0.25
6.335406064987183, 0.43617022037506104, 0.0, -26.726551055908203, 0.0, 1.583166241645813, 0.25
6.345406532287598, 0.43617022037506104, 0.0, -26.726551055908203, 0.0, 1.583166241645813, 0.25
6.35539174079895, 0.4340425431728363, -0.05523676052689552, -26.842605590820312, -3.0129141807556152, 1.583166241645813, 0.25
6.3653905391693115, 0.4340425431728363, -0.04737512022256851, -26.919973373413086, -4.30682897567749, 1.583166241645813, 0.25
6.375385761260986, 0.4340425431728363, -0.04649396240711212, -27.036027908325195, -6.762758255004883, 1.583166241645813, 0.25
6.3853840827941895, 0.4340425431728363, -0.05621449649333954, -27.1133975982666, -10.220817565917969, 1.583166241645813, 0.25
6.3953845500946045, 0.4340425431728363, 0.0, -27.1133975982666, -6.6576104164123535, 1.583166241645813, 0.25
6.405395984649658, 0.4340425431728363, 0.0, -27.1133975982666, -4.721120834350586, 1.583166241645813, 0.25
6.415420055389404, 0.4340425431728363, 0.0, -27.1133975982666, -2.0125958919525146, 1.583166241645813, 0.25
6.425397634506226, 0.4340425431728363, 0.0, -27.1133975982666, 0.0, 1.583166241645813, 0.25
6.435383081436157, 0.4340425431728363, 0.0, -27.1133975982666, 0.0, 1.583166241645813, 0.25
6.4454121589660645, 0.4340425431728363, 0.0, -27.1133975982666, 0.0, 1.583166241645813, 0.25
6.455393552780151, 0.4340425431728363, 0.0, -27.1133975982666, 0.0, 1.583166241645813, 0.25
6.4653942584991455, 0.4340425431728363, 0.0, -27.1133975982666, 0.0, 1.583166241645813, 0.25
6.47538948059082, 0.4340425431728363, 0.0, -27.1133975982666, 0.0, 1.583166241645813, 0.25
6.485384941101074, 0.4340425431728363, 0.0, -27.1133975982666, 0.0, 1.583166241645813, 0.25
6.495389461517334, 0.4340425431728363, 0.0, -27.1133975982666, 0.0, 1.583166241645813, 0.25
6.505394697189331, 0.4340425431728363, 0.0, -27.1133975982666, 0.0, 1.583166241645813, 0.25
6.515406370162964, 0.4340425431728363, 0.0, -27.1133975982666, 0.0, 1.583166241645813, 0.25
6.525414705276489, 0.4340425431728363, 0.0, -27.1133975982666, 0.0, 1.583166241645813, 0.25
6.535382032394409, 0.4340425431728363, 0.0, -27.1133975982666, 0.0, 1.583166241645813, 0.25
6.545390367507935, 0.4340425431728363, 0.0, -27.1133975982666, 0.0, 1.583166241645813, 0.25
6.555384159088135, 0.4340425431728363, 0.0, -27.1133975982666, 0.0, 1.583166241645813, 0.25
6.565423488616943, 0.4340425431728363, 0.0, -27.1133975982666, 0.0, 1.583166241645813, 0.25
6.575385332107544, 0.4340425431728363, 0.0, -27.1133975982666, 0.0, 1.583166241645813, 0.25
6.585428953170776, 0.4340425431728363, 0.0, -27.1133975982666, 0.0, 1.583166241645813, 0.25
6.595397710800171, 0.4340425431728363, 0.0, -27.1133975982666, 0.0, 1.583166241645813, 0.25
6.605397462844849, 0.4340425431728363, 0.0, -27.1133975982666, 0.0, 1.583166241645813, 0.25
6.615397691726685, 0.4340425431728363, 0.0, -27.1133975982666, 0.0, 1.583166241645813, 0.25
6.625417232513428, 0.4340425431728363, 0.0, -27.1133975982666, 0.0, 1.583166241645813, 0.25
6.635423183441162, 0.4340425431728363, 0.0, -27.1133975982666, 0.0, 1.583166241645813, 0.25
6.6453845500946045, 0.43191489577293396, -0.04890963062644005, -27.190767288208008, -1.7785320281982422, 1.583166241645813, 0.25
6.655422925949097, 0.43191489577293396, -0.05361078307032585, -27.22945213317871, -2.924224615097046, 1.583166241645813, 0.25
6.66540002822876, 0.43191489577293396, -0.050253693014383316, -27.306821823120117, -4.568517684936523, 1.583166241645813, 0.25
6.67540979385376, 0.43191489577293396, -0.04397817328572273, -27.422876358032227, -6.396825313568115, 1.583166241645813, 0.25
6.685366868972778, 0.43191489577293396, 0.0, -27.46156120300293, -7.108450889587402, 1.583166241645813, 0.25
6.695427179336548, 0.43191489577293396, 0.0, -27.500246047973633, -7.219605445861816, 1.583166241645813, 0.25
6.705420017242432, 0.43191489577293396, 0.0, -27.500246047973633, -4.921903610229492, 1.583166241645813, 0.25
6.715402364730835, 0.43191489577293396, 0.0, -27.500246047973633, -2.1279406547546387, 1.583166241645813, 0.25
6.725398302078247, 0.43191489577293396, 0.0, -27.500246047973633, -0.8743626475334167, 1.583166241645813, 0.25
6.735419750213623, 0.43191489577293396, 0.0, -27.500246047973633, 0.0, 1.583166241645813, 0.25
6.745395183563232, 0.43191489577293396, 0.0, -27.500246047973633, 0.0, 1.583166241645813, 0.25
6.755476236343384, 0.43191489577293396, 0.0, -27.500246047973633, 0.0, 1.583166241645813, 0.25
6.765406847000122, 0.43191489577293396, 0.0, -27.500246047973633, 0.0, 1.583166241645813, 0.25
6.77539849281311, 0.43191489577293396, 0.0, -27.500246047973633, 0.0, 1.583166241645813, 0.25
6.785431623458862, 0.43191489577293396, 0.0, -27.500246047973633, 0.0, 1.583166241645813, 0.25
6.7953855991363525, 0.43191489577293396, 0.0, -27.500246047973633, 0.0, 1.583166241645813, 0.25
6.805439710617065, 0.43191489577293396, 0.0, -27.500246047973633, 0.0, 1.583166241645813, 0.25
6.815392971038818, 0.43191489577293396, 0.0, -27.500246047973633, 0.0, 1.583166241645813, 0.25
6.82539439201355, 0.43191489577293396, 0.0, -27.500246047973633, 0.0, 1.583166241645813, 0.25
6.83544135093689, 0.43191489577293396, 0.0, -27.500246047973633, 0.0, 1.583166241645813, 0.25
6.845396995544434, 0.43191489577293396, 0.0, -27.500246047973633, 0.0, 1.583166241645813, 0.25
6.855396270751953, 0.43191489577293396, 0.0, -27.500246047973633, 0.0, 1.583166241645813, 0.25
6.865413427352905, 0.43191489577293396, 0.0, -27.500246047973633, 0.0, 1.583166241645813, 0.25
6.875416278839111, 0.43191489577293396, 0.0, -27.500246047973633, 0.0, 1.583166241645813, 0.25
6.885396957397461, 0.43191489577293396, 0.0, -27.500246047973633, 0.0, 1.583166241645813, 0.25
6.8954243659973145, 0.43191489577293396, 0.0, -27.500246047973633, 0.0, 1.583166241645813, 0.25
6.9054296016693115, 0.43191489577293396, 0.0, -27.500246047973633, 0.0, 1.583166241645813, 0.25
6.915398359298706, 0.43191489577293396, 0.0, -27.500246047973633, 0.0, 1.583166241645813, 0.25
6.925391435623169, 0.43191489577293396, 0.0, -27.500246047973633, 0.0, 1.583166241645813, 0.25
6.935444593429565, 0.43191489577293396, 0.0, -27.500246047973633, 0.0, 1.583166241645813, 0.25
6.945417165756226, 0.43191489577293396, 0.0, -27.500246047973633, 0.0, 1.583166241645813, 0.25
6.955407381057739, 0.43191489577293396, 0.0, -27.500246047973633, 0.0, 1.583166241645813, 0.25
6.965379953384399, 0.43191489577293396, 0.0, -27.500246047973633, 0.0, 1.583166241645813, 0.25
6.975438833236694, 0.43191489577293396, 0.0, -27.500246047973633, 0.0, 1.583166241645813, 0.25
6.985375642776489, 0.43191489577293396, 0.0, -27.500246047973633, 0.0, 1.583166241645813, 0.25
6.99539589881897, 0.43191489577293396, 0.0, -27.500246047973633, 0.0, 1.583166241645813, 0.25
7.005410671234131, 0.43191489577293396, 0.0, -27.500246047973633, 0.0, 1.583166241645813, 0.25
7.0154454708099365, 0.43191489577293396, 0.0, -27.500246047973633, 0.0, 1.583166241645813, 0.25
7.025442600250244, 0.43191489577293396, 0.0, -27.500246047973633, 0.0, 1.583166241645813, 0.25
7.035413980484009, 0.43191489577293396, 0.0, -27.46156120300293, 0.8045194149017334, 1.583166241645813, 0.25
7.045390844345093, 0.4340425431728363, 0.046450402587652206, -27.384191513061523, 2.533658266067505, 1.583166241645813, 0.25
7.055417537689209, 0.4340425431728363, 0.04909259080886841, -27.306821823120117, 4.462962627410889, 1.583166241645813, 0.25
7.065409183502197, 0.4340425431728363, 0.04901708662509918, -27.22945213317871, 6.2385382652282715, 1.583166241645813, 0.25
7.07543420791626, 0.4340425431728363, 0.04747340828180313, -27.152082443237305, 7.768375873565674, 1.583166241645813, 0.25
7.08540940284729, 0.4340425431728363, 0.04931504651904106, -27.1133975982666, 8.069735527038574, 1.583166241645813, 0.25
7.095407962799072, 0.4340425431728363, 0.0, -27.1133975982666, 5.315204620361328, 1.583166241645813, 0.25
7.105425834655762, 0.4340425431728363, 0.0, -27.1133975982666, 3.8016746044158936, 1.583166241645813, 0.25
7.115418434143066, 0.4340425431728363, 0.0, -27.1133975982666, 1.8470655679702759, 1.583166241645813, 0.25
7.125389099121094, 0.4340425431728363, 0.0, -27.1133975982666, 0.9236379265785217, 1.583166241645813, 0.25
7.135390996932983, 0.4340425431728363, 0.0, -27.1133975982666, 0.0, 1.583166241645813, 0.25
7.1454198360443115, 0.4340425431728363, 0.0, -27.1133975982666, 0.0, 1.583166241645813, 0.25
7.155442476272583, 0.4340425431728363, 0.0, -27.1133975982666, 0.0, 1.583166241645813, 0.25
7.165438413619995, 0.4340425431728363, 0.0, -27.1133975982666, 0.0, 1.583166241645813, 0.25
7.175390243530273, 0.4340425431728363, 0.0, -27.1133975982666, 0.0, 1.583166241645813, 0.25
7.185387849807739, 0.4340425431728363, 0.0, -27.1133975982666, 0.0, 1.583166241645813, 0.25
7.195398569107056, 0.4340425431728363, 0.0, -27.1133975982666, 0.0, 1.583166241645813, 0.25
7.205468416213989, 0.4340425431728363, 0.0, -27.1133975982666, 0.0, 1.583166241645813, 0.25
7.215395927429199, 0.4340425431728363, 0.0, -27.1133975982666, 0.0, 1.583166241645813, 0.25
7.225423336029053, 0.4340425431728363, 0.0, -27.1133975982666, 0.0, 1.583166241645813, 0.25
7.235416412353516, 0.4340425431728363, 0.0, -27.1133975982666, 0.0, 1.583166241645813, 0.25
7.245438814163208, 0.4340425431728363, 0.0, -27.1133975982666, 0.0, 1.583166241645813, 0.25
7.255455017089844, 0.4340425431728363, 0.0, -27.1133975982666, 0.0, 1.583166241645813, 0.25
7.265428066253662, 0.4340425431728363, 0.0, -27.1133975982666, 0.0, 1.583166241645813, 0.25
7.275408029556274, 0.4340425431728363, 0.0, -27.1133975982666, 0.0, 1.583166241645813, 0.25
7.285431146621704, 0.4340425431728363, 0.0, -27.1133975982666, 0.0, 1.583166241645813, 0.25
7.295412540435791, 0.4340425431728363, 0.0, -27.1133975982666, 0.0, 1.583166241645813, 0.25
7.305450201034546, 0.43617022037506104, 0.05446808412671089, -27.0747127532959, 0.990328848361969, 1.583166241645813, 0.25
7.315393686294556, 0.43617022037506104, 0.047337424010038376, -26.997343063354492, 2.5820412635803223, 1.583166241645813, 0.25
7.3254101276397705, 0.43617022037506104, 0.055366989225149155, -26.919973373413086, 5.03336238861084, 1.583166241645813, 0.25
7.335418701171875, 0.43617022037506104, 0.05530865117907524, -26.80392074584961, 8.04489517211914, 1.583166241645813, 0.25
7.345395565032959, 0.43617022037506104, 0.048605941236019135, -26.726551055908203, 8.837444305419922, 1.583166241645813, 0.25
7.355407238006592, 0.43617022037506104, 0.0, -26.726551055908203, 7.281161308288574, 1.583166241645813, 0.25
7.365390062332153, 0.43617022037506104, 0.0, -26.726551055908203, 4.185348033905029, 1.583166241645813, 0.25
7.375388145446777, 0.43617022037506104, 0.0, -26.726551055908203, 1.9483126401901245, 1.583166241645813, 0.25
7.38538932800293, 0.43617022037506104, 0.0, -26.726551055908203, 0.0, 1.583166241645813, 0.25
7.395425796508789, 0.43617022037506104, 0.0, -26.726551055908203, 0.0, 1.583166241645813, 0.25
7.405502557754517, 0.43617022037506104, 0.0, -26.726551055908203, 0.0, 1.583166241645813, 0.25
7.415430307388306, 0.43617022037506104, 0.0, -26.726551055908203, 0.0, 1.583166241645813, 0.25
7.425377607345581, 0.43617022037506104, 0.0, -26.726551055908203, 0.0, 1.583166241645813, 0.25
7.435392141342163, 0.43617022037506104, 0.0, -26.726551055908203, 0.0, 1.583166241645813, 0.25
7.4453980922698975, 0.43617022037506104, 0.0, -26.726551055908203, 0.0, 1.583166241645813, 0.25
7.455392122268677, 0.43617022037506104, 0.0, -26.726551055908203, 0.0, 1.583166241645813, 0.25
7.465402126312256, 0.43617022037506104, 0.0, -26.726551055908203, 0.0, 1.583166241645813, 0.25
7.475398302078247, 0.43617022037506104, 0.0, -26.726551055908203, 0.0, 1.583166241645813, 0.25
7.485432386398315, 0.43617022037506104, 0.0, -26.726551055908203, 0.0, 1.583166241645813, 0.25
7.495403051376343, 0.43617022037506104, 0.0, -26.726551055908203, 0.0, 1.583166241645813, 0.25
7.505402565002441, 0.43617022037506104, 0.0, -26.726551055908203, 0.0, 1.583166241645813, 0.25
7.515406608581543, 0.43617022037506104, 0.0, -26.726551055908203, 0.0, 1.583166241645813, 0.25
7.525422096252441, 0.43617022037506104, 0.0, -26.726551055908203, 0.0, 1.583166241645813, 0.25
7.535412549972534, 0.43617022037506104, 0.0, -26.726551055908203, 0.0, 1.583166241645813, 0.25
7.545436143875122, 0.43617022037506104, 0.0, -26.726551055908203, 0.0, 1.583166241645813, 0.25
7.555382251739502, 0.4382978677749634, 0.04843972623348236, -26.6878662109375, 0.8807223439216614, 1.583166241645813, 0.25
7.565425872802734, 0.4382978677749634, 0.05895521491765976, -26.610496520996094, 3.2157390117645264, 1.583166241645813, 0.25
7.575384140014648, 0.4382978677749634, 0.05738939717411995, -26.494441986083984, 6.260661602020264, 1.583166241645813, 0.25
7.585391998291016, 0.4382978677749634, 0.0503699891269207, -26.417072296142578, 7.326543807983398, 1.583166241645813, 0.25
7.595384359359741, 0.4382978677749634, 0.045496053993701935, -26.339702606201172, 8.27200984954834, 1.583166241645813, 0.25
7.605395555496216, 0.4382978677749634, 0.0, -26.339702606201172, 7.0214409828186035, 1.583166241645813, 0.25
7.615380764007568, 0.4382978677749634, 0.0, -26.339702606201172, 4.360534191131592, 1.583166241645813, 0.25
7.625392913818359, 0.4382978677749634, 0.0, -26.339702606201172, 1.7953579425811768, 1.583166241645813, 0.25
7.635408401489258, 0.4382978677749634, 0.0, -26.339702606201172, 0.0, 1.583166241645813, 0.25
7.645392656326294, 0.4382978677749634, 0.0, -26.339702606201172, 0.0, 1.583166241645813, 0.25
7.655386209487915, 0.4382978677749634, 0.0, -26.339702606201172, 0.0, 1.583166241645813, 0.25
7.6662538051605225, 0.4382978677749634, 0.0, -26.339702606201172, 0.0, 1.583166241645813, 0.25
7.675413131713867, 0.4382978677749634, 0.0, -26.339702606201172, 0.0, 1.583166241645813, 0.25
7.685389518737793, 0.4382978677749634, 0.0, -26.339702606201172, 0.0, 1.583166241645813, 0.25
7.695404052734375, 0.4382978677749634, 0.0, -26.339702606201172, 0.0, 1.583166241645813, 0.25
7.705406665802002, 0.4382978677749634, 0.0, -26.339702606201172, 0.0, 1.583166241645813, 0.25
7.715382099151611, 0.4382978677749634, 0.0, -26.339702606201172, 0.0, 1.583166241645813, 0.25
7.7254180908203125, 0.4382978677749634, 0.0, -26.339702606201172, 0.0, 1.583166241645813, 0.25
7.735418319702148, 0.4382978677749634, 0.0, -26.339702606201172, 0.0, 1.583166241645813, 0.25
7.745406627655029, 0.4382978677749634, 0.0, -26.339702606201172, 0.0, 1.583166241645813, 0.25
7.755391836166382, 0.4382978677749634, 0.0, -26.339702606201172, 0.0, 1.583166241645813, 0.25
7.765427827835083, 0.4382978677749634, 0.0, -26.339702606201172, 0.0, 1.583166241645813, 0.25
7.775402307510376, 0.4382978677749634, 0.0, -26.339702606201172, 0.0, 1.583166241645813, 0.25
7.7853875160217285, 0.4382978677749634, 0.0, -26.339702606201172, 0.0, 1.583166241645813, 0.25
7.795381784439087, 0.4382978677749634, 0.0, -26.339702606201172, 0.0, 1.583166241645813, 0.25
7.805383205413818, 0.4382978677749634, 0.0, -26.339702606201172, 0.0, 1.583166241645813, 0.25
7.815390586853027, 0.4382978677749634, 0.0, -26.339702606201172, 0.0, 1.583166241645813, 0.25
7.82544207572937, 0.4382978677749634, 0.0, -26.339702606201172, 0.0, 1.583166241645813, 0.25
7.835392713546753, 0.4382978677749634, 0.0, -26.339702606201172, 0.0, 1.583166241645813, 0.25
7.845388412475586, 0.4382978677749634, 0.0, -26.339702606201172, 0.0, 1.583166241645813, 0.25
7.855391263961792, 0.4382978677749634, 0.0, -26.339702606201172, 0.0, 1.583166241645813, 0.25
7.865389108657837, 0.4382978677749634, 0.0, -26.339702606201172, 0.0, 1.583166241645813, 0.25
7.875408411026001, 0.4382978677749634, 0.0, -26.339702606201172, 0.0, 1.583166241645813, 0.25
7.885383129119873, 0.4382978677749634, 0.0, -26.339702606201172, 0.0, 1.583166241645813, 0.25
7.8954102993011475, 0.4382978677749634, 0.0, -26.339702606201172, 0.0, 1.583166241645813, 0.25
7.905450105667114, 0.4382978677749634, 0.0, -26.339702606201172, 0.0, 1.583166241645813, 0.25
7.915382146835327, 0.4382978677749634, 0.0, -26.339702606201172, 0.0, 1.583166241645813, 0.25
7.9253809452056885, 0.4382978677749634, 0.0, -26.339702606201172, 0.0, 1.583166241645813, 0.25
7.935408353805542, 0.4382978677749634, 0.0, -26.339702606201172, 0.0, 1.583166241645813, 0.25
7.945394039154053, 0.4382978677749634, 0.0, -26.339702606201172, 0.0, 1.583166241645813, 0.25
7.955392360687256, 0.4382978677749634, 0.0, -26.339702606201172, 0.0, 1.583166241645813, 0.25
7.965394735336304, 0.4382978677749634, 0.0, -26.339702606201172, 0.0, 1.583166241645813, 0.25
7.975386142730713, 0.4382978677749634, 0.0, -26.339702606201172, 0.0, 1.583166241645813, 0.25
7.9853880405426025, 0.4382978677749634, 0.0, -26.339702606201172, 0.0, 1.583166241645813, 0.25
7.99541449546814, 0.4382978677749634, 0.0, -26.339702606201172, 0.0, 1.583166241645813, 0.25
8.005387544631958, 0.4382978677749634, 0.0, -26.339702606201172, 0.0, 1.583166241645813, 0.25
8.015401601791382, 0.4382978677749634, 0.0, -26.339702606201172, 0.0, 1.583166241645813, 0.25
8.025382995605469, 0.4382978677749634, 0.0, -26.339702606201172, 0.0, 1.583166241645813, 0.25
8.03542685508728, 0.4382978677749634, 0.0, -26.339702606201172, 0.0, 1.583166241645813, 0.25
8.045377254486084, 0.4382978677749634, 0.0, -26.339702606201172, 0.0, 1.583166241645813, 0.25
8.055391311645508, 0.4382978677749634, 0.0, -26.339702606201172, 0.0, 1.583166241645813, 0.25
8.065391302108765, 0.4382978677749634, 0.0, -26.339702606201172, 0.0, 1.583166241645813, 0.25
8.0753755569458, 0.4382978677749634, 0.0, -26.339702606201172, 0.0, 1.583166241645813, 0.25
8.085404872894287, 0.4382978677749634, 0.0, -26.339702606201172, 0.0, 1.583166241645813, 0.25
8.095386981964111, 0.43617022037506104, -0.046387623995542526, -26.378387451171875, -0.8434113264083862, 1.583166241645813, 0.25
8.105400562286377, 0.43617022037506104, -0.04837670549750328, -26.494441986083984, -3.518306016921997, 1.583166241645813, 0.25
8.115440845489502, 0.43617022037506104, -0.05569525808095932, -26.57181167602539, -6.075846195220947, 1.583166241645813, 0.25
