7.684940814971924, 0.42553192377090454, 0.0, -28.726329803466797, -130.2272186279297, 1.5835267305374146, 0.0
7.694946765899658, 0.42553192377090454, 0.0, -28.726329803466797, -150.2292022705078, 1.5835267305374146, 0.0
7.704972982406616, 0.42553192377090454, 0.0, -28.726329803466797, -158.420654296875, 1.5835267305374146, 0.0
7.714937448501587, 0.42553192377090454, 0.0, -28.726329803466797, -78.05919647216797, 1.5835267305374146, 0.0
7.724938869476318, 0.42553192377090454, 0.0, -28.726329803466797, -139.63685607910156, 1.5835267305374146, 0.0
7.734950542449951, 0.42553192377090454, 0.0, -28.726329803466797, 0.0, 1.5835267305374146, 0.0
7.744967937469482, 0.42553192377090454, 0.0, -28.726329803466797, 0.0, 1.5835267305374146, 0.0
7.7549498081207275, 0.42553192377090454, 0.0, -28.726329803466797, 0.0, 1.5835267305374146, 0.0
7.764977693557739, 0.4276595711708069, 0.049160201102495193, -28.73151397705078, -0.11978475004434586, 1.5837680101394653, 0.0
7.774938583374023, 0.4276595711708069, 0.05241425335407257, -28.654144287109375, 1.77825927734375, 1.5837680101394653, 0.0
7.784933567047119, 0.4276595711708069, 0.05481266975402832, -28.5380916595459, 4.849412441253662, 1.5837680101394653, 0.0
7.794974088668823, 0.4276595711708069, 0.05998152494430542, -28.499406814575195, 6.397286891937256, 1.5837680101394653, 0.0
7.80494236946106, 0.4297872483730316, 0.11992274224758148, -28.592947006225586, 4.995273590087891, 1.5851335525512695, 0.0
7.814947843551636, 0.4297872483730316, 0.04228406026959419, -28.51557731628418, 3.522608757019043, 1.5851335525512695, 0.0
7.8249523639678955, 0.4297872483730316, 0.05447141081094742, -28.438209533691406, 4.537914752960205, 1.5851335525512695, 0.0
7.834962844848633, 0.4297872483730316, 0.04938327148556709, -28.36083984375, 4.1140313148498535, 1.5851335525512695, 0.0
7.844965934753418, 0.43191489577293396, 0.11676110327243805, -28.63444709777832, -4.766855716705322, 1.5872766971588135, 0.0
7.854952096939087, 0.43191489577293396, 0.0524975061416626, -28.47970962524414, 1.8395320177078247, 1.5872766971588135, 0.0
7.8649351596832275, 0.43191489577293396, 0.045990779995918274, -28.402339935302734, 1.6115339994430542, 1.5872766971588135, 0.0
7.874962568283081, 0.4340425431728363, 0.1138489618897438, -28.247600555419922, 4.06463623046875, 1.5872766971588135, 0.0
7.88496732711792, 0.43617022037506104, 0.11816022545099258, -28.54651641845703, 2.441673994064331, 1.5901973247528076, 0.0
7.894999980926514, 0.43617022037506104, 0.0754198282957077, -28.39177703857422, 2.244117259979248, 1.5901973247528076, 0.0
7.904944896697998, 0.43617022037506104, 0.11863145232200623, -28.237037658691406, 5.686814785003662, 1.5901973247528076, 0.0
7.914977312088013, 0.4382978677749634, 0.11537980288267136, -27.966245651245117, 7.628755569458008, 1.5901973247528076, 0.0
7.925001859664917, 0.4382978677749634, 0.08485761284828186, -28.446002960205078, 3.547245979309082, 1.5936870574951172, 0.0
7.9349541664123535, 0.4404255449771881, 0.10956477373838425, -28.252578735351562, 3.584019422531128, 1.5936870574951172, 0.0
7.944936990737915, 0.4404255449771881, 0.09803417325019836, -28.09783935546875, 3.2068369388580322, 1.5936870574951172, 0.0
7.954939603805542, 0.44255319237709045, 0.12033510208129883, -27.865732192993164, 2.842376470565796, 1.5936870574951172, 0.0
7.964982271194458, 0.44255319237709045, 0.10895612090826035, -28.48307991027832, -0.9493293166160583, 1.5979335308074951, 0.0
7.9749627113342285, 0.4446808397769928, 0.1006263867020607, -28.2122859954834, 0.9528179168701172, 1.5979335308074951, 0.0
7.985000848770142, 0.44680851697921753, 0.15423524379730225, -27.98017692565918, 2.843140125274658, 1.5979335308074951, 0.0
7.994952201843262, 0.44680851697921753, 0.09309462457895279, -27.825439453125, 2.5741302967071533, 1.5979335308074951, 0.0
8.004937171936035, 0.4489361643791199, 0.16700239479541779, -28.34225845336914, 3.6843760013580322, 1.6026909351348877, 0.0
8.014943838119507, 0.4510638415813446, 0.1800413727760315, -28.07146644592285, 3.9720399379730225, 1.6026909351348877, 0.0
8.024958372116089, 0.4510638415813446, 0.0967901423573494, -27.91672706604004, 1.4432287216186523, 1.6026909351348877, 0.0
8.034937620162964, 0.45319148898124695, 0.16746202111244202, -27.68461799621582, 3.69451642036438, 1.6026909351348877, 0.0
8.044999122619629, 0.4553191363811493, 0.16904813051223755, -28.31233787536621, 0.7924165725708008, 1.6076327562332153, 0.0
8.054942846298218, 0.4553191363811493, 0.12392794340848923, -28.080230712890625, 2.083071708679199, 1.6076327562332153, 0.0
8.064945936203003, 0.457446813583374, 0.15596942603588104, -27.732067108154297, 4.5121870040893555, 1.6076327562332153, 0.0
8.074949264526367, 0.45957446098327637, 0.1536421924829483, -27.538644790649414, 3.513695478439331, 1.6076327562332153, 0.0
8.084948539733887, 0.4617021381855011, 0.17276816070079803, -28.219430923461914, 2.514723062515259, 1.6132919788360596, 0.0
8.094979763031006, 0.4617021381855011, 0.1361619085073471, -27.987323760986328, 1.9819015264511108, 1.6132919788360596, 0.0
8.104959726333618, 0.46382978558540344, 0.1627090871334076, -27.793899536132812, 1.3821927309036255, 1.6132919788360596, 0.0
8.114942789077759, 0.4659574329853058, 0.16221614181995392, -27.407052993774414, 3.344261646270752, 1.6132919788360596, 0.0
8.124977588653564, 0.4659574329853058, 0.14933983981609344, -28.234107971191406, 2.3718953132629395, 1.6191173791885376, 0.0
8.134953737258911, 0.4680851101875305, 0.15389832854270935, -28.001998901367188, 2.444295644760132, 1.6191173791885376, 0.0
8.144965648651123, 0.47021275758743286, 0.15830270946025848, -27.61515235900879, 4.433068752288818, 1.6191173791885376, 0.0
8.154936075210571, 0.4723404347896576, 0.167179673910141, -27.38304328918457, 3.668447256088257, 1.6191173791885376, 0.0
8.164939403533936, 0.47446808218955994, 0.19507189095020294, -28.145524978637695, 2.0303776264190674, 1.6254386901855469, 0.0
8.174958229064941, 0.47446808218955994, 0.15722429752349854, -27.91341781616211, 2.1819286346435547, 1.6254386901855469, 0.0
8.184953212738037, 0.478723406791687, 0.24322843551635742, -27.487886428833008, 3.6371917724609375, 1.6254386901855469, 0.0
8.194982528686523, 0.478723406791687, 0.16914425790309906, -27.217092514038086, 4.397584915161133, 1.6254386901855469, 0.0
8.20496916770935, 0.48085105419158936, 0.1640651673078537, -27.988140106201172, 4.045369625091553, 1.6320198774337769, 0.0
8.214940786361694, 0.4829787313938141, 0.16797687113285065, -27.56260871887207, 5.159862518310547, 1.6320198774337769, 0.0
8.224944591522217, 0.48510637879371643, 0.17626014351844788, -27.33049964904785, 4.346062183380127, 1.6320198774337769, 0.0
8.234992265701294, 0.48723405599594116, 0.1583869904279709, -26.982337951660156, 1.9855200052261353, 1.6320198774337769, 0.0
8.244940042495728, 0.48723405599594116, 0.1500260829925537, -27.959487915039062, 0.6734388470649719, 1.638670802116394, 0.0
8.254948854446411, 0.4893617033958435, 0.18238404393196106, -27.611326217651367, -1.3920279741287231, 1.638670802116394, 0.0
8.26495361328125, 0.49148935079574585, 0.13462138175964355, -27.340532302856445, -0.21159707009792328, 1.638670802116394, 0.0
8.274978637695312, 0.4936170279979706, 0.17002511024475098, -26.915000915527344, 1.793665885925293, 1.638670802116394, 0.0
8.28494644165039, 0.4957446753978729, 0.18130944669246674, -27.72629737854004, 3.3272736072540283, 1.6454733610153198, 0.0
8.294986486434937, 0.49787235260009766, 0.1874997615814209, -27.416820526123047, 4.28519868850708, 1.6454733610153198, 0.0
8.304949283599854, 0.5, 0.17485567927360535, -27.029972076416016, 4.268569469451904, 1.6454733610153198, 0.0
8.314936876296997, 0.5021276473999023, 0.2296314239501953, -26.759180068969727, 4.204314708709717, 1.6454733610153198, 0.0
8.3249671459198, 0.5042552947998047, 0.18628641963005066, -27.692325592041016, 0.7435916662216187, 1.652733325958252, 0.0
8.334960222244263, 0.5063830018043518, 0.22687304019927979, -27.421533584594727, -0.12564149498939514, 1.652733325958252, 0.0
8.34493374824524, 0.5085106492042542, 0.18547336757183075, -26.996000289916992, 0.7403462529182434, 1.652733325958252, 0.0
8.354933500289917, 0.5106382966041565, 0.23176343739032745, -26.531784057617188, 3.0320606231689453, 1.652733325958252, 0.0
8.36495566368103, 0.5106382966041565, 0.15111850202083588, -27.595355987548828, 2.2958076000213623, 1.6600723266601562, 0.0
8.374954223632812, 0.5127659440040588, 0.129490464925766, -27.324562072753906, 1.9672322273254395, 1.6600723266601562, 0.0
8.385014057159424, 0.5148935914039612, 0.17442278563976288, -26.899030685424805, 2.649848699569702, 1.6600723266601562, 0.0
8.394973516464233, 0.5170212984085083, 0.14245052635669708, -26.628236770629883, 1.3007863759994507, 1.6600723266601562, 0.0
8.404937744140625, 0.5191489458084106, 0.22935108840465546, -27.556293487548828, 1.0526434183120728, 1.667517066001892, 0.0
8.414960145950317, 0.521276593208313, 0.23984548449516296, -27.246816635131836, 2.1910159587860107, 1.667517066001892, 0.0
8.424957513809204, 0.5234042406082153, 0.21392907202243805, -26.78260040283203, 2.926671266555786, 1.667517066001892, 0.0
8.434987306594849, 0.5255318880081177, 0.1936958283185959, -26.473121643066406, 3.5303046703338623, 1.667517066001892, 0.0
8.444947481155396, 0.5276595950126648, 0.23259401321411133, -27.358224868774414, 5.413203716278076, 1.6749383211135864, 0.0
8.454950094223022, 0.5297872424125671, 0.19324493408203125, -27.04874610900879, 4.497425556182861, 1.6749383211135864, 0.0
8.464969396591187, 0.5319148898124695, 0.18889878690242767, -26.7779541015625, 3.5376458168029785, 1.6749383211135864, 0.0
8.475011348724365, 0.5340425372123718, 0.21209865808486938, -26.3524227142334, 3.0080418586730957, 1.6749383211135864, 0.0
8.48496389389038, 0.5361701846122742, 0.2196824699640274, -27.396575927734375, 3.0042622089385986, 1.6823832988739014, 0.0
8.494942903518677, 0.5382978916168213, 0.20235943794250488, -27.087099075317383, 2.7673614025115967, 1.6823832988739014, 0.0
8.504981756210327, 0.5404255390167236, 0.22120718657970428, -26.584197998046875, 5.036087989807129, 1.6823832988739014, 0.0
8.51496696472168, 0.5404255390167236, 0.21332818269729614, -26.27471923828125, 5.826385021209717, 1.6823832988739014, 0.0
8.524963855743408, 0.5446808338165283, 0.22888050973415375, -27.228443145751953, 4.521683216094971, 1.6901819705963135, 0.0
8.534970045089722, 0.5446808338165283, 0.1498916745185852, -26.957651138305664, 3.039842367172241, 1.6901819705963135, 0.0
8.544934034347534, 0.5468084812164307, 0.16516844928264618, -26.570802688598633, 0.3465963900089264, 1.6901819705963135, 0.0
8.554981470108032, 0.5489361882209778, 0.2183254063129425, -26.26132583618164, 0.3436073660850525, 1.6901819705963135, 0.0
8.564940452575684, 0.5510638356208801, 0.17033882439136505, -27.22614288330078, 0.06140869855880737, 1.6978288888931274, 0.0
8.57496428489685, 0.5531914830207825, 0.1670154184103012, -26.916664123535156, 0.804318904876709, 1.6978288888931274, 0.0
8.584951639175415, 0.5553191304206848, 0.22034694254398346, -26.607187271118164, 2.0627317428588867, 1.6978288888931274, 0.0
8.594951629638672, 0.5574468374252319, 0.22885116934776306, -26.104286193847656, 4.22280740737915, 1.6978288888931274, 0.0
8.604945659637451, 0.5595744848251343, 0.2505348324775696, -27.098535537719727, 3.7564496994018555, 1.7056376934051514, 0.0
8.614949464797974, 0.5617021322250366, 0.18317018449306488, -26.789058685302734, 2.7464027404785156, 1.7056376934051514, 0.0
8.624962568283081, 0.563829779624939, 0.23979716002941132, -26.518264770507812, 2.505464792251587, 1.7056376934051514, 0.0
8.634951829910278, 0.5659574270248413, 0.22430692613124847, -26.09273338317871, 0.30446484684944153, 1.7056376934051514, 0.0
8.644935607910156, 0.5680851340293884, 0.21167103946208954, -27.15602684020996, 2.418701410293579, 1.7131879329681396, 0.0
8.654967546463013, 0.5680851340293884, 0.15606944262981415, -26.76917839050293, 0.48606085777282715, 1.7131879329681396, 0.0
8.665002822875977, 0.5702127814292908, 0.14345811307430267, -26.49838638305664, 0.44678425788879395, 1.7131879329681396, 0.0
8.674970865249634, 0.5723404288291931, 0.16713792085647583, -26.111539840698242, -0.49242475628852844, 1.7131879329681396, 0.0
8.684942960739136, 0.5744680762290955, 0.17174847424030304, -27.259662628173828, -2.788539409637451, 1.7209919691085815, 0.0
8.694966077804565, 0.5765957236289978, 0.1843716949224472, -26.834129333496094, -1.407065987586975, 1.7209919691085815, 0.0
8.704933643341064, 0.5787234306335449, 0.20887188613414764, -26.5246524810791, -0.6446259617805481, 1.7209919691085815, 0.0
8.714964389801025, 0.5808510780334473, 0.2329431176185608, -26.099119186401367, 0.3399170935153961, 1.7209919691085815, 0.0
8.72497296333313, 0.5829787254333496, 0.239893838763237, -27.061790466308594, 2.3062000274658203, 1.72862708568573, 0.0
8.73493766784668, 0.5829787254333496, 0.13313518464565277, -26.829683303833008, 0.09275252372026443, 1.72862708568573, 0.0
8.744942903518677, 0.5872340202331543, 0.21463654935359955, -26.442834854125977, -0.8634710311889648, 1.72862708568573, 0.0
8.754984855651855, 0.5872340202331543, 0.13901112973690033, -26.21072769165039, -2.430628776550293, 1.72862708568573, 0.0
8.764951229095459, 0.5893617272377014, 0.1379154771566391, -27.327682495117188, -2.401636838912964, 1.7362596988677979, 0.0
8.775006532669067, 0.5914893746376038, 0.20719876885414124, -26.863466262817383, -0.8224679231643677, 1.7362596988677979, 0.0
8.784971475601196, 0.5936170220375061, 0.16106215119361877, -26.59267234802246, 0.09277036786079407, 1.7362596988677979, 0.0
8.794946193695068, 0.5957446694374084, 0.20284239947795868, -26.321880340576172, 0.11683541536331177, 1.7362596988677979, 0.0
8.804982423782349, 0.5957446694374084, 0.1524089276790619, -27.32356071472168, 0.09841722249984741, 1.7438966035842896, 0.0
8.81495213508606, 0.5978723168373108, 0.14410676062107086, -27.09145164489746, -1.6536924839019775, 1.7438966035842896, 0.0
8.824991226196289, 0.6000000238418579, 0.16358397901058197, -26.66592025756836, -1.8772026300430298, 1.7438966035842896, 0.0
8.834939241409302, 0.6021276712417603, 0.17744003236293793, -26.27907371520996, -3.1116015911102295, 1.7438966035842896, 0.0
8.844974994659424, 0.6042553186416626, 0.22014310956001282, -27.285362243652344, 0.9880623817443848, 1.7511333227157593, 0.0
8.8549644947052, 0.6042553186416626, 0.13585788011550903, -27.053253173828125, 0.813023030757904, 1.7511333227157593, 0.0
8.864959955215454, 0.6063829660415649, 0.12709909677505493, -26.82114601135254, -0.7799878120422363, 1.7511333227157593, 0.0
8.874944686889648, 0.6085106134414673, 0.17133080959320068, -26.43429946899414, -1.0514311790466309, 1.7511333227157593, 0.0
8.88497257232666, 0.6106383204460144, 0.16915494203567505, -27.536466598510742, -2.553790807723999, 1.7584718465805054, 0.0
8.894935369491577, 0.6127659678459167, 0.20354795455932617, -27.149620056152344, -2.3047754764556885, 1.7584718465805054, 0.0
8.904958486557007, 0.6127659678459167, 0.1569569855928421, -26.917510986328125, -2.369633913040161, 1.7584718465805054, 0.0
8.91494870185852, 0.6127659678459167, 0.11146007478237152, -26.68540382385254, -6.577220916748047, 1.7584718465805054, 0.0
8.924944400787354, 0.6148936152458191, 0.12038379907608032, -27.346935272216797, 2.07869815826416, 1.7635996341705322, 0.0
8.934946298599243, 0.6148936152458191, 0.04164668172597885, -27.230880737304688, -1.5906016826629639, 1.7635996341705322, 0.0
8.944978713989258, 0.6148936152458191, 0.039022479206323624, -27.15351104736328, -4.328374862670898, 1.7635996341705322, 0.0
8.954945802688599, 0.6170212626457214, 0.11926563084125519, -26.921403884887695, -6.614473819732666, 1.7635996341705322, 0.0
8.964949131011963, 0.6191489100456238, 0.11799617856740952, -27.783475875854492, -9.959507942199707, 1.769192099571228, 0.0
8.97496485710144, 0.6212766170501709, 0.1375187635421753, -27.512683868408203, -6.07131814956665, 1.769192099571228, 0.0
8.985004901885986, 0.6212766170501709, 0.15850889682769775, -27.280574798583984, -3.15537166595459, 1.769192099571228, 0.0
8.99495005607605, 0.6234042644500732, 0.16117122769355774, -27.0484676361084, -1.2547789812088013, 1.769192099571228, 0.0
9.00494647026062, 0.6234042644500732, 0.0990680605173111, -27.76654815673828, 0.39412721991539, 1.7746309041976929, 0.0
9.014948606491089, 0.6255319118499756, 0.16282783448696136, -27.573123931884766, 1.4186925888061523, 1.7746309041976929, 0.0
9.024954319000244, 0.6255319118499756, 0.10356331616640091, -27.341014862060547, -1.4709584712982178, 1.7746309041976929, 0.0
9.034948110580444, 0.6276595592498779, 0.11360258609056473, -27.22496223449707, -4.711803436279297, 1.7746309041976929, 0.0
9.044973611831665, 0.6276595592498779, 0.11025513708591461, -27.96254539489746, -5.078282356262207, 1.7799642086029053, 0.0
9.054954528808594, 0.6297872066497803, 0.11398711055517197, -27.69175148010254, -5.250174522399902, 1.7799642086029053, 0.0
9.064977645874023, 0.6319149136543274, 0.17116650938987732, -27.498327255249023, -4.218508243560791, 1.7799642086029053, 0.0
9.074949026107788, 0.6319149136543274, 0.12003565579652786, -27.227535247802734, -2.2550671100616455, 1.7799642086029053, 0.0
9.084929704666138, 0.6340425610542297, 0.12583264708518982, -27.981014251708984, -3.9779489040374756, 1.7858104705810547, 0.0
9.094948053359985, 0.6361702084541321, 0.14300599694252014, -27.78759002685547, -2.1471972465515137, 1.7858104705810547, 0.0
9.10495376586914, 0.6361702084541321, 0.11511190980672836, -27.594167709350586, -2.592562437057495, 1.7858104705810547, 0.0
9.114938497543335, 0.6382978558540344, 0.16553610563278198, -27.323373794555664, -2.485480785369873, 1.7858104705810547, 0.0
9.1249361038208, 0.6382978558540344, 0.1212177574634552, -28.19647979736328, -3.9338157176971436, 1.7914636135101318, 0.0
9.134933233261108, 0.6404255032539368, 0.11440357565879822, -27.92568588256836, -3.7126786708831787, 1.7914636135101318, 0.0
9.144949436187744, 0.6404255032539368, 0.10379821062088013, -27.770946502685547, -4.31212854385376, 1.7914636135101318, 0.0
9.155001401901245, 0.6425532102584839, 0.11646395921707153, -27.461469650268555, -3.779543399810791, 1.7914636135101318, 0.0
9.164978742599487, 0.6446808576583862, 0.1795463263988495, -28.16176414489746, -1.1998064517974854, 1.7972301244735718, 0.0
9.17497730255127, 0.6468085050582886, 0.15025341510772705, -27.968339920043945, -1.0040584802627563, 1.7972301244735718, 0.0
9.184962749481201, 0.6468085050582886, 0.11746809631586075, -27.65886116027832, -0.10956732928752899, 1.7972301244735718, 0.0
9.194951295852661, 0.6489361524581909, 0.16326475143432617, -27.426753997802734, 0.8879607915878296, 1.7972301244735718, 0.0
9.204938411712646, 0.651063859462738, 0.17918582260608673, -28.245426177978516, -2.3485920429229736, 1.8032221794128418, 0.0
9.214942932128906, 0.651063859462738, 0.09115941822528839, -28.052001953125, -1.792242407798767, 1.8032221794128418, 0.0
9.225399017333984, 0.6531915068626404, 0.17189183831214905, -27.742523193359375, -2.2529895305633545, 1.8032221794128418, 0.0
9.234968900680542, 0.6531915068626404, 0.09895820915699005, -27.587785720825195, -3.7448108196258545, 1.8032221794128418, 0.0
9.244937658309937, 0.6553191542625427, 0.11314886808395386, -28.38530731201172, -3.71943736076355, 1.8093106746673584, 0.0
9.254960775375366, 0.6574468016624451, 0.17251209914684296, -28.03714370727539, -1.689497470855713, 1.8093106746673584, 0.0
9.264944553375244, 0.6595744490623474, 0.16600826382637024, -27.805036544799805, -1.6258021593093872, 1.8093106746673584, 0.0
9.274949789047241, 0.6595744490623474, 0.17971506714820862, -27.572927474975586, 0.41832470893859863, 1.8093106746673584, 0.0
9.284947395324707, 0.6617021560668945, 0.15266966819763184, -28.302980422973633, 1.9690954685211182, 1.8152408599853516, 0.0
9.294957160949707, 0.6638298034667969, 0.15366865694522858, -28.109556198120117, 1.0506550073623657, 1.8152408599853516, 0.0
9.304957389831543, 0.6659574508666992, 0.15567921102046967, -27.800079345703125, 0.1208910420536995, 1.8152408599853516, 0.0
9.314952850341797, 0.6659574508666992, 0.15862159430980682, -27.567970275878906, 0.12317592650651932, 1.8152408599853516, 0.0
9.324976205825806, 0.6680850982666016, 0.152634859085083, -28.35357093811035, -1.2097668647766113, 1.8212637901306152, 0.0
9.334984064102173, 0.6702127456665039, 0.15817177295684814, -28.121461868286133, -0.29503509402275085, 1.8212637901306152, 0.0
9.344977140426636, 0.672340452671051, 0.15176096558570862, -27.773300170898438, 0.6366863250732422, 1.8212637901306152, 0.0
9.354943752288818, 0.6744681000709534, 0.23546308279037476, -27.38645362854004, 2.8814563751220703, 1.8212637901306152, 0.0
9.364968538284302, 0.6744681000709534, 0.14398275315761566, -28.23474884033203, 2.680295944213867, 1.827206015586853, 0.0
9.374980211257935, 0.6765957474708557, 0.18384942412376404, -27.886587142944336, 3.4224298000335693, 1.827206015586853, 0.0
9.384989261627197, 0.6765957474708557, 0.10053003579378128, -27.69316291809082, 1.893200159072876, 1.827206015586853, 0.0
9.394946813583374, 0.6787233948707581, 0.11327812820672989, -27.383686065673828, 0.0736723393201828, 1.827206015586853, 0.0
9.404935121536255, 0.6829787492752075, 0.2417459338903427, -28.0899658203125, 0.8160615563392639, 1.8332182168960571, 0.0
9.414978742599487, 0.6829787492752075, 0.1318955272436142, -27.85785675048828, 0.5936528444290161, 1.8332182168960571, 0.0
9.424955129623413, 0.6851063966751099, 0.18666958808898926, -27.43232536315918, 4.234179973602295, 1.8332182168960571, 0.0
9.43494462966919, 0.6872340440750122, 0.23897840082645416, -27.16153335571289, 6.238046646118164, 1.8332182168960571, 0.0
9.444985389709473, 0.6893616914749146, 0.15300121903419495, -27.90036392211914, 4.544798374176025, 1.8391966819763184, 0.0
9.454941034317017, 0.6893616914749146, 0.13018310070037842, -27.668254852294922, 3.8670012950897217, 1.8391966819763184, 0.0
9.464990377426147, 0.6914893388748169, 0.16878169775009155, -27.35877799987793, 1.9447888135910034, 1.8391966819763184, 0.0
9.474958181381226, 0.693617045879364, 0.17314806580543518, -27.12666893005371, 0.9457180500030518, 1.8391966819763184, 0.0
9.484968185424805, 0.6957446932792664, 0.1765274554491043, -27.815996170043945, 2.3332672119140625, 1.8449028730392456, 0.0
9.494943141937256, 0.6978723406791687, 0.22883649170398712, -27.429149627685547, 4.348831653594971, 1.8449028730392456, 0.0
9.50496506690979, 0.6978723406791687, 0.15306244790554047, -27.197040557861328, 3.8784189224243164, 1.8449028730392456, 0.0
9.514941453933716, 0.699999988079071, 0.14554038643836975, -26.92624855041504, 4.569881439208984, 1.8449028730392456, 0.0
9.524956941604614, 0.7021276354789734, 0.16616281867027283, -27.639896392822266, 4.584238052368164, 1.850955605506897, 0.0
9.534948110580444, 0.7042553424835205, 0.17812477052211761, -27.369104385375977, 4.495348930358887, 1.850955605506897, 0.0
9.544950723648071, 0.7063829898834229, 0.19465701282024384, -26.982257843017578, 4.912574768066406, 1.850955605506897, 0.0
9.554949522018433, 0.7063829898834229, 0.1839504837989807, -26.63409423828125, 5.074979305267334, 1.850955605506897, 0.0
9.564937114715576, 0.7085106372833252, 0.16994954645633698, -27.468952178955078, 4.551471710205078, 1.8568239212036133, 0.0
9.574948787689209, 0.7106382846832275, 0.1233910396695137, -27.120790481567383, 2.556749105453491, 1.8568239212036133, 0.0
9.584947347640991, 0.7127659320831299, 0.16006308794021606, -26.888681411743164, 2.346540689468384, 1.8568239212036133, 0.0
9.594944953918457, 0.714893639087677, 0.22927743196487427, -26.463150024414062, 4.605262756347656, 1.8568239212036133, 0.0
9.604981660842896, 0.7170212864875793, 0.21190978586673737, -27.260841369628906, 5.181865215301514, 1.8627005815505981, 0.0
9.614938020706177, 0.7191489338874817, 0.23721560835838318, -26.835308074951172, 7.957178115844727, 1.8627005815505981, 0.0
9.624956846237183, 0.7191489338874817, 0.1535276621580124, -26.564516067504883, 7.797061443328857, 1.8627005815505981, 0.0
9.634974241256714, 0.721276581287384, 0.1686222404241562, -26.216352462768555, 6.519749641418457, 1.8627005815505981, 0.0
9.644932508468628, 0.7234042286872864, 0.17805369198322296, -26.86766242980957, 6.6512651443481445, 1.8681976795196533, 0.0
9.654971837997437, 0.7255319356918335, 0.15062536299228668, -26.635555267333984, 4.7137885093688965, 1.8681976795196533, 0.0
9.664943933486938, 0.7255319356918335, 0.13954731822013855, -26.403446197509766, 3.521362066268921, 1.8681976795196533, 0.0
9.674941778182983, 0.7276595830917358, 0.16035069525241852, -26.016599655151367, 5.01814079284668, 1.8681976795196533, 0.0
9.684944152832031, 0.7297872304916382, 0.17244543135166168, -26.699817657470703, 4.534578800201416, 1.8740830421447754, 0.0
9.694963455200195, 0.7319148778915405, 0.1251620054244995, -26.429025650024414, 4.049784183502197, 1.8740830421447754, 0.0
9.704952716827393, 0.7340425252914429, 0.17517603933811188, -26.042177200317383, 5.668055057525635, 1.8740830421447754, 0.0
9.715003967285156, 0.7340425252914429, 0.16374406218528748, -25.810070037841797, 5.298157691955566, 1.8740830421447754, 0.0
9.7249436378479, 0.73617023229599, 0.17565877735614777, -26.478979110717773, 6.077462673187256, 1.8796769380569458, 0.0
9.73495364189148, 0.7382978796958923, 0.17677222192287445, -26.285554885864258, 3.973292350769043, 1.8796769380569458, 0.0
9.744981288909912, 0.7404255270957947, 0.16669045388698578, -25.976078033447266, 1.726194977760315, 1.8796769380569458, 0.0
9.754934549331665, 0.742553174495697, 0.18513348698616028, -25.627914428710938, 1.9171854257583618, 1.8796769380569458, 0.0
9.764959573745728, 0.742553174495697, 0.16943328082561493, -26.411991119384766, 1.7781877517700195, 1.8852659463882446, 0.0
9.774972438812256, 0.7446808218955994, 0.14044040441513062, -26.141197204589844, 3.176217794418335, 1.8852659463882446, 0.0
9.78498125076294, 0.7468085289001465, 0.17241211235523224, -25.754350662231445, 5.989138126373291, 1.8852659463882446, 0.0
9.794943571090698, 0.7489361763000488, 0.18556979298591614, -25.406187057495117, 6.446200370788574, 1.8852659463882446, 0.0
9.80495572090149, 0.7489361763000488, 0.15937702357769012, -26.1585750579834, 6.3275532722473145, 1.8906806707382202, 0.0
9.81493353843689, 0.7510638236999512, 0.16220632195472717, -25.849096298217773, 4.4737443923950195, 1.8906806707382202, 0.0
9.824962615966797, 0.7531914710998535, 0.16510732471942902, -25.65567398071289, 2.552454710006714, 1.8906806707382202, 0.0
9.83494520187378, 0.7553191781044006, 0.16311553120613098, -25.307510375976562, 2.521662950515747, 1.8906806707382202, 0.0
9.844960451126099, 0.7553191781044006, 0.1842796951532364, -25.89956283569336, 5.244102954864502, 1.8958518505096436, 0.0
9.854955911636353, 0.757446825504303, 0.1514347642660141, -25.66745376586914, 4.309425354003906, 1.8958518505096436, 0.0
9.864955186843872, 0.7595744729042053, 0.17794717848300934, -25.319292068481445, 6.142364501953125, 1.8958518505096436, 0.0
9.874942779541016, 0.7595744729042053, 0.11670002341270447, -25.12586784362793, 4.981451988220215, 1.8958518505096436, 0.0
9.88497543334961, 0.7617021203041077, 0.16468077898025513, -25.744558334350586, 3.9991142749786377, 1.9011695384979248, 0.0
9.894964933395386, 0.76382976770401, 0.14712399244308472, -25.55113410949707, 2.6811041831970215, 1.9011695384979248, 0.0
9.904975175857544, 0.76382976770401, 0.11054878681898117, -25.28034210205078, 1.0118896961212158, 1.9011695384979248, 0.0
9.914946556091309, 0.7659574747085571, 0.11975377053022385, -24.970863342285156, 1.0961459875106812, 1.9011695384979248, 0.0
9.924952507019043, 0.7680851221084595, 0.16293685138225555, -25.72201156616211, 0.5755502581596375, 1.9063646793365479, 0.0
9.934955835342407, 0.7680851221084595, 0.09839628636837006, -25.451217651367188, -0.37315621972084045, 1.9063646793365479, 0.0
9.944950342178345, 0.7702127695083618, 0.17486710846424103, -25.2191104888916, 1.6774927377700806, 1.9063646793365479, 0.0
9.954986333847046, 0.7723404169082642, 0.17225681245326996, -24.909631729125977, 1.6524523496627808, 1.9063646793365479, 0.0
9.964941263198853, 0.7723404169082642, 0.11785592883825302, -25.561628341674805, 1.2277621030807495, 1.9114400148391724, 0.0
9.97494387626648, 0.7744680643081665, 0.1683783233165741, -25.329519271850586, 3.2103350162506104, 1.9114400148391724, 0.0
9.98494553565979, 0.7765957713127136, 0.1795463263988495, -25.058725357055664, 2.33510684967041, 1.9114400148391724, 0.0
9.994948148727417, 0.7765957713127136, 0.1141693964600563, -24.903987884521484, 0.1514541506767273, 1.9114400148391724, 0.0
10.004950761795044, 0.778723418712616, 0.17355214059352875, -25.473840713500977, 2.3869118690490723, 1.9162763357162476, 0.0
10.014953851699829, 0.778723418712616, 0.10056968778371811, -25.319101333618164, 0.24620544910430908, 1.9162763357162476, 0.0
10.024973630905151, 0.7808510661125183, 0.11072710901498795, -25.009624481201172, 1.2776819467544556, 1.9162763357162476, 0.0
10.034940719604492, 0.7829787135124207, 0.1827700287103653, -24.700145721435547, 3.621385097503662, 1.9162763357162476, 0.0
10.044946193695068, 0.7829787135124207, 0.11159248650074005, -25.395282745361328, 2.0601162910461426, 1.9209506511688232, 0.0
10.054949760437012, 0.785106360912323, 0.10958495736122131, -25.085805892944336, 3.019282102584839, 1.9209506511688232, 0.0
10.064969778060913, 0.7872340679168701, 0.14522458612918854, -24.89238166809082, 2.667482852935791, 1.9209506511688232, 0.0
10.074958324432373, 0.7872340679168701, 0.11603239178657532, -24.6215877532959, 2.1420817375183105, 1.9209506511688232, 0.0
10.08496379852295, 0.7893617153167725, 0.14509865641593933, -25.304916381835938, 2.0542149543762207, 1.925772786140442, 0.0
10.094956636428833, 0.7893617153167725, 0.09965995699167252, -25.150177001953125, 0.3043847382068634, 1.925772786140442, 0.0
10.104960680007935, 0.7914893627166748, 0.09356803447008133, -24.840700149536133, 1.1363970041275024, 1.925772786140442, 0.0
10.114951610565186, 0.7914893627166748, 0.10620709508657455, -24.68596076965332, 0.3243812024593353, 1.925772786140442, 0.0
10.124948501586914, 0.7936170101165771, 0.09906256198883057, -25.20756721496582, 2.266266345977783, 1.930343747138977, 0.0
10.134945631027222, 0.7957446575164795, 0.17015478014945984, -25.014142990112305, 3.6263420581817627, 1.930343747138977, 0.0
10.144958019256592, 0.7957446575164795, 0.1170751228928566, -24.78203582763672, 1.6140223741531372, 1.930343747138977, 0.0
10.154946088790894, 0.7978723645210266, 0.11593440920114517, -24.511241912841797, 1.5982962846755981, 1.930343747138977, 0.0
10.164963960647583, 0.7978723645210266, 0.11236528307199478, -25.17011833190918, 0.9888880252838135, 1.9348186254501343, 0.0
10.174967288970947, 0.800000011920929, 0.08366428315639496, -24.976694107055664, 0.7363004088401794, 1.9348186254501343, 0.0
10.18498706817627, 0.8021276593208313, 0.1708933562040329, -24.705900192260742, 2.0383660793304443, 1.9348186254501343, 0.0
10.194987297058105, 0.8021276593208313, 0.0992940291762352, -24.51247787475586, 1.7765253782272339, 1.9348186254501343, 0.0
10.204907417297363, 0.8042553067207336, 0.17789988219738007, -25.01448631286621, 4.337615489959717, 1.9390690326690674, 0.0
10.214985370635986, 0.8042553067207336, 0.09716954827308655, -24.8597469329834, 2.6704719066619873, 1.9390690326690674, 0.0
10.224955081939697, 0.806382954120636, 0.115484319627285, -24.588953018188477, 3.17380952835083, 1.9390690326690674, 0.0
10.234976768493652, 0.806382954120636, 0.11304853111505508, -24.434215545654297, 2.0791537761688232, 1.9390690326690674, 0.0
10.24493956565857, 0.8085106611251831, 0.10304313898086548, -24.93325424194336, 1.9670419692993164, 1.943303108215332, 0.0
10.254965543746948, 0.8085106611251831, 0.10217013955116272, -24.778514862060547, 1.9503768682479858, 1.943303108215332, 0.0
10.26494288444519, 0.8106383085250854, 0.11618345230817795, -24.507720947265625, 2.217884063720703, 1.943303108215332, 0.0
10.274967908859253, 0.8127659559249878, 0.17759305238723755, -24.236928939819336, 3.3364298343658447, 1.943303108215332, 0.0
10.284943103790283, 0.8127659559249878, 0.10181461274623871, -24.80858612060547, 2.9828474521636963, 1.947298288345337, 0.0
10.294956684112549, 0.8127659559249878, 0.09769611060619354, -24.653846740722656, 2.8621881008148193, 1.947298288345337, 0.0
10.304946422576904, 0.8148936033248901, 0.11400167644023895, -24.42173957824707, 2.303510904312134, 1.947298288345337, 0.0
10.314970970153809, 0.8148936033248901, 0.10660675168037415, -24.267000198364258, 2.1540896892547607, 1.947298288345337, 0.0
10.3249671459198, 0.8170212507247925, 0.11705208569765091, -24.749801635742188, 1.617025375366211, 1.9512302875518799, 0.0
