4.349960803985596, 0.4382978677749634, 0.0, -26.773452758789062, -126.43104553222656, 1.5855518579483032, 0.0
4.3599700927734375, 0.4382978677749634, 0.0, -26.773452758789062, -139.41416931152344, 1.5855518579483032, 0.0
4.369951248168945, 0.4382978677749634, 0.0, -26.773452758789062, -103.51203918457031, 1.5855518579483032, 0.0
4.379963636398315, 0.4382978677749634, 0.0, -26.773452758789062, -167.36756896972656, 1.5855518579483032, 0.0
4.389966011047363, 0.4382978677749634, 0.0, -26.773452758789062, -131.87991333007812, 1.5855518579483032, 0.0
4.3999950885772705, 0.4382978677749634, 0.0, -26.773452758789062, 0.0, 1.5855518579483032, 0.0
4.409971714019775, 0.4382978677749634, 0.0, -26.773452758789062, 0.0, 1.5855518579483032, 0.0
4.420375347137451, 0.4382978677749634, 0.0, -26.773452758789062, 0.0, 1.5855518579483032, 0.0
4.42998194694519, 0.4382978677749634, 0.0, -26.773452758789062, 0.0, 1.5855518579483032, 0.0
4.439977169036865, 0.4382978677749634, 0.0, -26.773452758789062, 0.0, 1.5855518579483032, 0.0
4.450026750564575, 0.4382978677749634, 0.0, -26.773452758789062, 0.0, 1.5855518579483032, 0.0
4.459973096847534, 0.4382978677749634, 0.0, -26.773452758789062, 0.0, 1.5855518579483032, 0.0
4.470023155212402, 0.4382978677749634, 0.0, -26.773452758789062, 0.0, 1.5855518579483032, 0.0
4.47996711730957, 0.4382978677749634, 0.0, -26.773452758789062, 0.0, 1.5855518579483032, 0.0
4.490007638931274, 0.4382978677749634, 0.0, -26.773452758789062, 0.0, 1.5855518579483032, 0.0
4.499963998794556, 0.4382978677749634, 0.0, -26.773452758789062, 0.0, 1.5855518579483032, 0.0
4.509958744049072, 0.4382978677749634, 0.0, -26.773452758789062, 0.0, 1.5855518579483032, 0.0
4.519971609115601, 0.4382978677749634, 0.0, -26.773452758789062, 0.0, 1.5855518579483032, 0.0
4.529955625534058, 0.4382978677749634, 0.0, -26.773452758789062, 0.0, 1.5855518579483032, 0.0
4.539966821670532, 0.4382978677749634, 0.0, -26.773452758789062, 0.0, 1.5855518579483032, 0.0
4.549986124038696, 0.4382978677749634, 0.0, -26.773452758789062, 0.0, 1.5855518579483032, 0.0
4.560003042221069, 0.4382978677749634, 0.0, -26.773452758789062, 0.0, 1.5855518579483032, 0.0
4.569978475570679, 0.4382978677749634, 0.0, -26.773452758789062, 0.0, 1.5855518579483032, 0.0
4.579995155334473, 0.4382978677749634, 0.0, -26.773452758789062, 0.0, 1.5855518579483032, 0.0
4.589945316314697, 0.4382978677749634, 0.0, -26.773452758789062, 0.0, 1.5855518579483032, 0.0
4.599970579147339, 0.4382978677749634, 0.0, -26.773452758789062, 0.0, 1.5855518579483032, 0.0
4.60996413230896, 0.4382978677749634, 0.0, -26.773452758789062, 0.0, 1.5855518579483032, 0.0
4.619959354400635, 0.4382978677749634, 0.0, -26.773452758789062, 0.0, 1.5855518579483032, 0.0
4.6299755573272705, 0.4382978677749634, 0.0, -26.773452758789062, 0.0, 1.5855518579483032, 0.0
4.639955282211304, 0.4382978677749634, 0.0, -26.773452758789062, 0.0, 1.5855518579483032, 0.0
4.649961233139038, 0.4382978677749634, 0.0, -26.773452758789062, 0.0, 1.5855518579483032, 0.0
4.65996527671814, 0.4382978677749634, 0.0, -26.773452758789062, 0.0, 1.5855518579483032, 0.0
4.669946193695068, 0.4382978677749634, 0.0, -26.773452758789062, 0.0, 1.5855518579483032, 0.0
4.67997407913208, 0.4382978677749634, 0.0, -26.773452758789062, 0.0, 1.5855518579483032, 0.0
4.689984321594238, 0.4382978677749634, 0.0, -26.773452758789062, 0.0, 1.5855518579483032, 0.0
4.699972152709961, 0.4382978677749634, 0.0, -26.773452758789062, 0.0, 1.5855518579483032, 0.0
4.709960222244263, 0.4382978677749634, 0.0, -26.773452758789062, 0.0, 1.5855518579483032, 0.0
4.719958305358887, 0.4382978677749634, 0.0, -26.773452758789062, 0.0, 1.5855518579483032, 0.0
4.729944467544556, 0.4382978677749634, 0.0, -26.773452758789062, 0.0, 1.5855518579483032, 0.0
4.739982604980469, 0.4382978677749634, 0.0, -26.773452758789062, 0.0, 1.5855518579483032, 0.0
4.749954462051392, 0.4382978677749634, 0.0, -26.773452758789062, 0.0, 1.5855518579483032, 0.0
4.759962558746338, 0.4382978677749634, 0.0, -26.773452758789062, 0.0, 1.5855518579483032, 0.0
4.769956350326538, 0.4382978677749634, 0.0, -26.773452758789062, 0.0, 1.5855518579483032, 0.0
4.779961347579956, 0.4382978677749634, 0.0, -26.773452758789062, 0.0, 1.5855518579483032, 0.0
4.790024518966675, 0.4382978677749634, 0.0, -26.773452758789062, 0.0, 1.5855518579483032, 0.0
4.799953937530518, 0.4382978677749634, 0.0, -26.773452758789062, 0.0, 1.5855518579483032, 0.0
4.809941291809082, 0.4382978677749634, 0.0, -26.773452758789062, 0.0, 1.5855518579483032, 0.0
4.819965362548828, 0.4382978677749634, 0.0, -26.773452758789062, 0.0, 1.5855518579483032, 0.0
4.829938888549805, 0.4382978677749634, 0.0, -26.773452758789062, 0.0, 1.5855518579483032, 0.0
4.839965581893921, 0.4382978677749634, 0.0, -26.773452758789062, 0.0, 1.5855518579483032, 0.0
4.849997043609619, 0.4382978677749634, 0.0, -26.773452758789062, 0.0, 1.5855518579483032, 0.0
4.859946250915527, 0.4382978677749634, 0.0, -26.773452758789062, 0.0, 1.5855518579483032, 0.0
4.869961977005005, 0.4382978677749634, 0.0, -26.773452758789062, 0.0, 1.5855518579483032, 0.0
4.87999415397644, 0.4382978677749634, 0.0, -26.773452758789062, 0.0, 1.5855518579483032, 0.0
4.889943599700928, 0.4382978677749634, 0.0, -26.773452758789062, 0.0, 1.5855518579483032, 0.0
4.899946689605713, 0.4382978677749634, 0.0, -26.773452758789062, 0.0, 1.5855518579483032, 0.0
4.909982681274414, 0.4382978677749634, 0.0, -26.773452758789062, 0.0, 1.5855518579483032, 0.0
4.91994571685791, 0.4382978677749634, 0.0, -26.773452758789062, 0.0, 1.5855518579483032, 0.0
4.930002450942993, 0.4382978677749634, 0.0, -26.773452758789062, 0.0, 1.5855518579483032, 0.0
4.93994927406311, 0.4382978677749634, 0.0, -26.773452758789062, 0.0, 1.5855518579483032, 0.0
4.949948787689209, 0.4382978677749634, 0.0, -26.773452758789062, 0.0, 1.5855518579483032, 0.0
4.9599761962890625, 0.4382978677749634, 0.0, -26.773452758789062, 0.0, 1.5855518579483032, 0.0
4.969951152801514, 0.4382978677749634, 0.0, -26.773452758789062, 0.0, 1.5855518579483032, 0.0
4.979962348937988, 0.4382978677749634, 0.0, -26.773452758789062, 0.0, 1.5855518579483032, 0.0
4.989978551864624, 0.4382978677749634, 0.0, -26.773452758789062, 0.0, 1.5855518579483032, 0.0
5.000021457672119, 0.4382978677749634, 0.0, -26.773452758789062, 0.0, 1.5855518579483032, 0.0
5.009983539581299, 0.4382978677749634, 0.0, -26.773452758789062, 0.0, 1.5855518579483032, 0.0
5.019958734512329, 0.4382978677749634, 0.0, -26.773452758789062, 0.0, 1.5855518579483032, 0.0
5.030005693435669, 0.4382978677749634, 0.0, -26.773452758789062, 0.0, 1.5855518579483032, 0.0
5.039973735809326, 0.4382978677749634, 0.0, -26.773452758789062, 0.0, 1.5855518579483032, 0.0
5.049973249435425, 0.4382978677749634, 0.0, -26.773452758789062, 0.0, 1.5855518579483032, 0.0
5.059961318969727, 0.4382978677749634, 0.0, -26.773452758789062, 0.0, 1.5855518579483032, 0.0
5.069952726364136, 0.4382978677749634, 0.0, -26.773452758789062, 0.0, 1.5855518579483032, 0.0
5.079953908920288, 0.4382978677749634, 0.0, -26.773452758789062, 0.0, 1.5855518579483032, 0.0
5.089962720870972, 0.4382978677749634, 0.0, -26.773452758789062, 0.0, 1.5855518579483032, 0.0
5.099946022033691, 0.4382978677749634, 0.0, -26.773452758789062, 0.0, 1.5855518579483032, 0.0
5.1099629402160645, 0.4382978677749634, 0.0, -26.773452758789062, 0.0, 1.5855518579483032, 0.0
5.119962930679321, 0.4382978677749634, 0.0, -26.773452758789062, 0.0, 1.5855518579483032, 0.0
5.129986047744751, 0.4382978677749634, 0.0, -26.773452758789062, 0.0, 1.5855518579483032, 0.0
5.140004634857178, 0.4382978677749634, 0.0, -26.773452758789062, 0.0, 1.5855518579483032, 0.0
5.1499621868133545, 0.4382978677749634, 0.0, -26.773452758789062, 0.0, 1.5855518579483032, 0.0
5.159943103790283, 0.4382978677749634, 0.0, -26.773452758789062, 0.0, 1.5855518579483032, 0.0
5.1700215339660645, 0.4382978677749634, 0.0, -26.773452758789062, 0.0, 1.5855518579483032, 0.0
5.179958343505859, 0.4382978677749634, 0.0, -26.773452758789062, 0.0, 1.5855518579483032, 0.0
5.189961194992065, 0.4382978677749634, 0.0, -26.773452758789062, 0.0, 1.5855518579483032, 0.0
5.199954271316528, 0.4382978677749634, 0.0, -26.773452758789062, 0.0, 1.5855518579483032, 0.0
5.209962844848633, 0.4382978677749634, 0.0, -26.773452758789062, 0.0, 1.5855518579483032, 0.0
5.21995210647583, 0.4382978677749634, 0.0, -26.773452758789062, 0.0, 1.5855518579483032, 0.0
5.229964733123779, 0.4382978677749634, 0.0, -26.773452758789062, 0.0, 1.5855518579483032, 0.0
5.239990472793579, 0.4382978677749634, 0.0, -26.773452758789062, 0.0, 1.5855518579483032, 0.0
5.2499680519104, 0.4382978677749634, 0.0, -26.773452758789062, 0.0, 1.5855518579483032, 0.0
5.259954214096069, 0.4382978677749634, 0.0, -26.773452758789062, 0.0, 1.5855518579483032, 0.0
5.269958972930908, 0.4382978677749634, 0.0, -26.773452758789062, 0.0, 1.5855518579483032, 0.0
5.279972314834595, 0.4382978677749634, 0.0, -26.773452758789062, 0.0, 1.5855518579483032, 0.0
5.289977312088013, 0.4382978677749634, 0.0, -26.773452758789062, 0.0, 1.5855518579483032, 0.0
5.299963712692261, 0.4382978677749634, 0.0, -26.773452758789062, 0.0, 1.5855518579483032, 0.0
5.309957027435303, 0.4382978677749634, 0.0, -26.773452758789062, 0.0, 1.5855518579483032, 0.0
5.319972038269043, 0.4382978677749634, 0.0, -26.773452758789062, 0.0, 1.5855518579483032, 0.0
5.32999587059021, 0.4382978677749634, 0.0, -26.773452758789062, 0.0, 1.5855518579483032, 0.0
5.339976072311401, 0.4382978677749634, 0.0, -26.773452758789062, 0.0, 1.5855518579483032, 0.0
5.349979400634766, 0.4382978677749634, 0.0, -26.773452758789062, 0.0, 1.5855518579483032, 0.0
5.3599464893341064, 0.4382978677749634, 0.0, -26.773452758789062, 0.0, 1.5855518579483032, 0.0
5.369965314865112, 0.4382978677749634, 0.0, -26.773452758789062, 0.0, 1.5855518579483032, 0.0
5.379942417144775, 0.4382978677749634, 0.0, -26.773452758789062, 0.0, 1.5855518579483032, 0.0
5.389979839324951, 0.4382978677749634, 0.0, -26.773452758789062, 0.0, 1.5855518579483032, 0.0
5.399984121322632, 0.4382978677749634, 0.0, -26.773452758789062, 0.0, 1.5855518579483032, 0.0
5.409947872161865, 0.4382978677749634, 0.0, -26.773452758789062, 0.0, 1.5855518579483032, 0.0
5.41995096206665, 0.4382978677749634, 0.0, -26.773452758789062, 0.0, 1.5855518579483032, 0.0
5.429959535598755, 0.4382978677749634, 0.0, -26.773452758789062, 0.0, 1.5855518579483032, 0.0
5.4399518966674805, 0.4382978677749634, 0.0, -26.773452758789062, 0.0, 1.5855518579483032, 0.0
5.449950933456421, 0.4382978677749634, 0.0, -26.773452758789062, 0.0, 1.5855518579483032, 0.0
5.459990501403809, 0.4382978677749634, 0.0, -26.773452758789062, 0.0, 1.5855518579483032, 0.0
5.470000267028809, 0.4382978677749634, 0.0, -26.773452758789062, 0.0, 1.5855518579483032, 0.0
5.479954957962036, 0.4382978677749634, 0.0, -26.773452758789062, 0.0, 1.5855518579483032, 0.0
5.489948272705078, 0.4382978677749634, 0.0, -26.773452758789062, 0.0, 1.5855518579483032, 0.0
5.4999449253082275, 0.4382978677749634, 0.0, -26.773452758789062, 0.0, 1.5855518579483032, 0.0
5.50994873046875, 0.4382978677749634, 0.0, -26.773452758789062, 0.0, 1.5855518579483032, 0.0
5.5199596881866455, 0.4382978677749634, 0.0, -26.773452758789062, 0.0, 1.5855518579483032, 0.0
5.529947280883789, 0.4382978677749634, 0.0, -26.773452758789062, 0.0, 1.5855518579483032, 0.0
5.539990663528442, 0.4382978677749634, 0.0, -26.773452758789062, 0.0, 1.5855518579483032, 0.0
5.54995584487915, 0.4382978677749634, 0.0, -26.773452758789062, 0.0, 1.5855518579483032, 0.0
5.560012340545654, 0.4382978677749634, 0.0, -26.773452758789062, 0.0, 1.5855518579483032, 0.0
5.569958925247192, 0.4382978677749634, 0.0, -26.773452758789062, 0.0, 1.5855518579483032, 0.0
5.57998251914978, 0.4382978677749634, 0.0, -26.773452758789062, 0.0, 1.5855518579483032, 0.0
5.589948415756226, 0.4382978677749634, 0.0, -26.773452758789062, 0.0, 1.5855518579483032, 0.0
5.599950313568115, 0.4382978677749634, 0.0, -26.773452758789062, 0.0, 1.5855518579483032, 0.0
5.609977960586548, 0.4382978677749634, 0.0, -26.773452758789062, 0.0, 1.5855518579483032, 0.0
5.619953870773315, 0.4382978677749634, 0.0, -26.773452758789062, 0.0, 1.5855518579483032, 0.0
5.6299707889556885, 0.4382978677749634, 0.0, -26.773452758789062, 0.0, 1.5855518579483032, 0.0
5.639974355697632, 0.4382978677749634, 0.0, -26.773452758789062, 0.0, 1.5855518579483032, 0.0
5.649964094161987, 0.4382978677749634, 0.0, -26.773452758789062, 0.0, 1.5855518579483032, 0.0
5.659973859786987, 0.4382978677749634, 0.0, -26.773452758789062, 0.0, 1.5855518579483032, 0.0
5.669967174530029, 0.4382978677749634, 0.0, -26.773452758789062, 0.0, 1.5855518579483032, 0.0
5.679978609085083, 0.4382978677749634, 0.0, -26.773452758789062, 0.0, 1.5855518579483032, 0.0
5.689977169036865, 0.4382978677749634, 0.0, -26.773452758789062, 0.0, 1.5855518579483032, 0.0
5.699950218200684, 0.4382978677749634, 0.0, -26.773452758789062, 0.0, 1.5855518579483032, 0.0
5.709963083267212, 0.4382978677749634, 0.0, -26.773452758789062, 0.0, 1.5855518579483032, 0.0
5.719952583312988, 0.4382978677749634, 0.0, -26.773452758789062, 0.0, 1.5855518579483032, 0.0
5.729944229125977, 0.4382978677749634, 0.0, -26.773452758789062, 0.0, 1.5855518579483032, 0.0
5.73996114730835, 0.4382978677749634, 0.0, -26.773452758789062, 0.0, 1.5855518579483032, 0.0
5.7499682903289795, 0.4382978677749634, 0.0, -26.773452758789062, 0.0, 1.5855518579483032, 0.0
5.759959697723389, 0.4382978677749634, 0.0, -26.773452758789062, 0.0, 1.5855518579483032, 0.0
5.769952297210693, 0.4382978677749634, 0.0, -26.773452758789062, 0.0, 1.5855518579483032, 0.0
5.77997899055481, 0.4382978677749634, 0.0, -26.773452758789062, 0.0, 1.5855518579483032, 0.0
5.789947986602783, 0.4382978677749634, 0.0, -26.773452758789062, 0.0, 1.5855518579483032, 0.0
5.7999467849731445, 0.4382978677749634, 0.0, -26.773452758789062, 0.0, 1.5855518579483032, 0.0
5.809980392456055, 0.4382978677749634, 0.0, -26.773452758789062, 0.0, 1.5855518579483032, 0.0
5.819951772689819, 0.4382978677749634, 0.0, -26.773452758789062, 0.0, 1.5855518579483032, 0.0
5.829943656921387, 0.4382978677749634, 0.0, -26.773452758789062, 0.0, 1.5855518579483032, 0.0
5.839978218078613, 0.4382978677749634, 0.0, -26.773452758789062, 0.0, 1.5855518579483032, 0.0
5.849966049194336, 0.4382978677749634, 0.0, -26.773452758789062, 0.0, 1.5855518579483032, 0.0
5.859959840774536, 0.4382978677749634, 0.0, -26.773452758789062, 0.0, 1.5855518579483032, 0.0
5.869957447052002, 0.4382978677749634, 0.0, -26.773452758789062, 0.0, 1.5855518579483032, 0.0
5.879979848861694, 0.4382978677749634, 0.0, -26.773452758789062, 0.0, 1.5855518579483032, 0.0
5.889981508255005, 0.4382978677749634, 0.0, -26.773452758789062, 0.0, 1.5855518579483032, 0.0
5.899968147277832, 0.4382978677749634, 0.0, -26.773452758789062, 0.0, 1.5855518579483032, 0.0
5.909949779510498, 0.4382978677749634, 0.0, -26.773452758789062, 0.0, 1.5855518579483032, 0.0
5.919969081878662, 0.4382978677749634, 0.0, -26.773452758789062, 0.0, 1.5855518579483032, 0.0
5.929970026016235, 0.4382978677749634, 0.0, -26.773452758789062, 0.0, 1.5855518579483032, 0.0
5.939964771270752, 0.4382978677749634, 0.0, -26.773452758789062, 0.0, 1.5855518579483032, 0.0
5.949963808059692, 0.4382978677749634, 0.0, -26.773452758789062, 0.0, 1.5855518579483032, 0.0
5.959941864013672, 0.4382978677749634, 0.0, -26.773452758789062, 0.0, 1.5855518579483032, 0.0
5.969951152801514, 0.4382978677749634, 0.0, -26.773452758789062, 0.0, 1.5855518579483032, 0.0
5.979997396469116, 0.4382978677749634, 0.0, -26.773452758789062, 0.0, 1.5855518579483032, 0.0
5.989959001541138, 0.4382978677749634, 0.0, -26.773452758789062, 0.0, 1.5855518579483032, 0.0
5.999946594238281, 0.4382978677749634, 0.0, -26.773452758789062, 0.0, 1.5855518579483032, 0.0
6.009985446929932, 0.4382978677749634, 0.0, -26.773452758789062, 0.0, 1.5855518579483032, 0.0
6.01994514465332, 0.4382978677749634, 0.0, -26.773452758789062, 0.0, 1.5855518579483032, 0.0
6.029969930648804, 0.4382978677749634, 0.0, -26.773452758789062, 0.0, 1.5855518579483032, 0.0
6.039977073669434, 0.4382978677749634, 0.0, -26.773452758789062, 0.0, 1.5855518579483032, 0.0
6.049981117248535, 0.4382978677749634, 0.0, -26.773452758789062, 0.0, 1.5855518579483032, 0.0
6.059969902038574, 0.4382978677749634, 0.0, -26.773452758789062, 0.0, 1.5855518579483032, 0.0
6.069985866546631, 0.4382978677749634, 0.0, -26.773452758789062, 0.0, 1.5855518579483032, 0.0
