8.059374332427979, 0.45319148898124695, 0.1071443259716034, -24.02109146118164, -139.2342529296875, 1.5831798315048218, 0.0
8.069373369216919, 0.45319148898124695, 0.055887091904878616, -23.90503692626953, -145.25076293945312, 1.5831798315048218, 0.0
8.079398393630981, 0.45319148898124695, 0.046761952340602875, -23.827667236328125, -122.38471221923828, 1.5831798315048218, 0.0
8.08938193321228, 0.45319148898124695, 0.05445146933197975, -23.75029754638672, -142.5095977783203, 1.5831798315048218, 0.0
8.099362850189209, 0.4553191363811493, 0.10943042486906052, -23.59556007385254, -142.20504760742188, 1.5831798315048218, 0.0
8.109380722045898, 0.4553191363811493, 0.05633515119552612, -23.518190383911133, 11.267029762268066, 1.5831798315048218, 0.0
8.119382619857788, 0.4553191363811493, 0.04952578246593475, -23.402135848999023, 9.905157089233398, 1.5831798315048218, 0.0
8.129372596740723, 0.4553191363811493, 0.05485984683036804, -23.324766159057617, 10.971968650817871, 1.5831798315048218, 0.0
8.139369249343872, 0.457446813583374, 0.052699014544487, -23.170026779174805, 10.539802551269531, 1.5831798315048218, 0.0
8.149409055709839, 0.457446813583374, 0.044531192630529404, -23.0926570892334, 8.906238555908203, 1.5831798315048218, 0.0
8.159394025802612, 0.457446813583374, 0.05596419796347618, -23.015289306640625, 11.192839622497559, 1.5831798315048218, 0.0
8.169428825378418, 0.457446813583374, 0.057117581367492676, -22.899234771728516, 11.423516273498535, 1.5831798315048218, 0.0
8.17939305305481, 0.457446813583374, 0.0, -22.860549926757812, 9.548184394836426, 1.5831798315048218, 0.0
8.189420223236084, 0.45957446098327637, 0.05632803961634636, -22.82186508178711, 7.169023036956787, 1.5831798315048218, 0.0
8.199384689331055, 0.45957446098327637, 0.0559186115860939, -22.744495391845703, 7.11691427230835, 1.5831798315048218, 0.0
8.209407567977905, 0.45957446098327637, 0.04640692099928856, -22.628440856933594, 5.906335353851318, 1.5831798315048218, 0.0
8.219366788864136, 0.45957446098327637, 0.05871858820319176, -22.551071166992188, 8.540885925292969, 1.5831798315048218, 0.0
8.229368686676025, 0.45957446098327637, 0.0, -22.473703384399414, 8.695880889892578, 1.5831798315048218, 0.0
8.239384412765503, 0.45957446098327637, 0.0, -22.473703384399414, 7.109341144561768, 1.5831798315048218, 0.0
8.249381065368652, 0.45957446098327637, 0.0, -22.473703384399414, 4.487898349761963, 1.5831798315048218, 0.0
8.259380102157593, 0.4617021381855011, 0.0537690594792366, -22.396333694458008, 3.9104771614074707, 1.5831798315048218, 0.0
8.269391536712646, 0.4617021381855011, 0.05664265900850296, -22.2802791595459, 5.149332523345947, 1.5831798315048218, 0.0
8.279403924942017, 0.4617021381855011, 0.05361400544643402, -22.202909469604492, 6.823600769042969, 1.5831798315048218, 0.0
8.289377927780151, 0.4617021381855011, 0.05501202866435051, -22.086854934692383, 10.00218677520752, 1.5831798315048218, 0.0
8.299368619918823, 0.4617021381855011, 0.0, -22.086854934692383, 8.264110565185547, 1.5831798315048218, 0.0
8.309373378753662, 0.4617021381855011, 0.0, -22.086854934692383, 5.454270839691162, 1.5831798315048218, 0.0
8.31938624382019, 0.4617021381855011, 0.0, -22.086854934692383, 3.125506639480591, 1.5831798315048218, 0.0
8.329373359680176, 0.4617021381855011, 0.0, -22.086854934692383, 0.0, 1.5831798315048218, 0.0
8.339377403259277, 0.4617021381855011, 0.0, -22.086854934692383, 0.0, 1.5831798315048218, 0.0
8.349382877349854, 0.4617021381855011, 0.0, -22.086854934692383, 0.0, 1.5831798315048218, 0.0
8.359381437301636, 0.4617021381855011, 0.0, -22.086854934692383, 0.0, 1.5831798315048218, 0.0
8.369390964508057, 0.4617021381855011, 0.0, -22.086854934692383, 0.0, 1.5831798315048218, 0.0
8.37937307357788, 0.4617021381855011, 0.0, -22.086854934692383, 0.0, 1.5831798315048218, 0.0
8.389373779296875, 0.4617021381855011, 0.0, -22.086854934692383, 0.0, 1.5831798315048218, 0.0
8.399378061294556, 0.45957446098327637, -0.04403459653258324, -22.16422462463379, -1.6012580394744873, 1.5831798315048218, 0.0
8.40938138961792, 0.45957446098327637, -0.055950164794921875, -22.241594314575195, -4.069102764129639, 1.5831798315048218, 0.0
8.41938066482544, 0.45957446098327637, -0.05806904658675194, -22.357648849487305, -7.390605926513672, 1.5831798315048218, 0.0
8.429408073425293, 0.45957446098327637, -0.044431421905756, -22.43501853942871, -7.270596504211426, 1.5831798315048218, 0.0
8.439379215240479, 0.45957446098327637, 0.0, -22.473703384399414, -8.286267280578613, 1.5831798315048218, 0.0
8.449373483657837, 0.45957446098327637, 0.0, -22.473703384399414, -6.274784564971924, 1.5831798315048218, 0.0
8.459375619888306, 0.45957446098327637, 0.0, -22.473703384399414, -3.2356183528900146, 1.5831798315048218, 0.0
8.469402313232422, 0.45957446098327637, 0.0, -22.473703384399414, -1.0451911687850952, 1.5831798315048218, 0.0
8.479394435882568, 0.457446813583374, -0.05554619058966637, -22.551071166992188, -2.0198614597320557, 1.5831798315048218, 0.0
8.48937702178955, 0.457446813583374, -0.04522399604320526, -22.628440856933594, -3.289017915725708, 1.5831798315048218, 0.0
8.499370098114014, 0.457446813583374, -0.056320928037166595, -22.705810546875, -6.144101142883301, 1.5831798315048218, 0.0
8.509367942810059, 0.457446813583374, -0.05679406225681305, -22.82186508178711, -9.293574333190918, 1.5831798315048218, 0.0
8.519383907318115, 0.4553191363811493, -0.05347906053066254, -22.899234771728516, -9.723465919494629, 1.5831798315048218, 0.0
8.529415369033813, 0.4553191363811493, -0.04994431883096695, -23.015289306640625, -9.080785751342773, 1.5831798315048218, 0.0
8.539364337921143, 0.4553191363811493, -0.05861830711364746, -23.0926570892334, -10.65787410736084, 1.5831798315048218, 0.0
8.549423456192017, 0.4553191363811493, -0.04578549787402153, -23.208711624145508, -8.32463550567627, 1.5831798315048218, 0.0
8.559391260147095, 0.45319148898124695, -0.047294773161411285, -23.324766159057617, -9.458954811096191, 1.5831798315048218, 0.0
8.569376945495605, 0.45319148898124695, -0.056603141129016876, -23.440820693969727, -11.32062816619873, 1.5831798315048218, 0.0
8.579380750656128, 0.45319148898124695, -0.05907620117068291, -23.518190383911133, -11.815240859985352, 1.5831798315048218, 0.0
8.589387655258179, 0.45319148898124695, -0.06018783897161484, -23.59556007385254, -12.037568092346191, 1.5831798315048218, 0.0
8.599381446838379, 0.4510638415813446, -0.05545644462108612, -23.75029754638672, -11.091288566589355, 1.5831798315048218, 0.0
8.609376907348633, 0.4510638415813446, -0.04438060149550438, -23.827667236328125, -8.876119613647461, 1.5831798315048218, 0.0
8.619372129440308, 0.4510638415813446, -0.057139527052640915, -23.90503692626953, -11.427905082702637, 1.5831798315048218, 0.0
8.62937307357788, 0.4489361643791199, -0.11100256443023682, -24.098461151123047, -13.118484497070312, 1.5831798315048218, 0.0
8.639392137527466, 0.4489361643791199, -0.046128664165735245, -24.175830841064453, -10.064435005187988, 1.5831798315048218, 0.0
8.64938759803772, 0.4489361643791199, -0.057382017374038696, -24.29188346862793, -12.519712448120117, 1.5831798315048218, 0.0
8.659390449523926, 0.44680851697921753, -0.1196734756231308, -24.40793800354004, -14.143228530883789, 1.5831798315048218, 0.0
8.669399738311768, 0.44680851697921753, -0.045173633843660355, -24.56267738342285, -9.856064796447754, 1.5831798315048218, 0.0
8.679381847381592, 0.44680851697921753, -0.055274393409490585, -24.640047073364258, -12.059867858886719, 1.5831798315048218, 0.0
8.689376831054688, 0.4446808397769928, -0.11381266266107559, -24.83346939086914, -14.485248565673828, 1.5831798315048218, 0.0
8.69936728477478, 0.4446808397769928, -0.05547713115811348, -24.94952392578125, -14.121451377868652, 1.5831798315048218, 0.0
8.709375143051147, 0.4446808397769928, -0.05650279298424721, -25.06557846069336, -13.355205535888672, 1.5831798315048218, 0.0
8.719367504119873, 0.44255319237709045, -0.10695171356201172, -25.18163299560547, -13.61203670501709, 1.5831798315048218, 0.0
8.729366540908813, 0.44255319237709045, -0.04605724290013313, -25.33637237548828, -10.88625717163086, 1.5831798315048218, 0.0
8.739402532577515, 0.44255319237709045, -0.05590810254216194, -25.413742065429688, -12.198131561279297, 1.5831798315048218, 0.0
8.749371528625488, 0.4404255449771881, -0.11635007709264755, -25.645849227905273, -15.865920066833496, 1.5831798315048218, 0.0
8.759389877319336, 0.4404255449771881, -0.05465489253401756, -25.761903762817383, -14.905879974365234, 1.5831798315048218, 0.0
8.769398927688599, 0.4404255449771881, -0.05859906226396561, -25.877958297729492, -14.91612434387207, 1.5831798315048218, 0.0
8.779384136199951, 0.4382978677749634, -0.11935336142778397, -26.032695770263672, -17.360488891601562, 1.5831798315048218, 0.0
8.789395570755005, 0.4382978677749634, -0.05036146193742752, -26.14875030517578, -11.903617858886719, 1.5831798315048218, 0.0
8.79938817024231, 0.4382978677749634, -0.05447806045413017, -26.226119995117188, -11.886122703552246, 1.5831798315048218, 0.0
8.809373617172241, 0.43617022037506104, -0.10771985352039337, -26.458229064941406, -14.689070701599121, 1.5831798315048218, 0.0
8.819370746612549, 0.43617022037506104, -0.058935750275850296, -26.535598754882812, -13.930268287658691, 1.5831798315048218, 0.0
8.829370021820068, 0.4340425431728363, -0.1165628433227539, -26.690336227416992, -14.835270881652832, 1.5831798315048218, 0.0
8.839385032653809, 0.4340425431728363, -0.10261068493127823, -26.845075607299805, -14.925189971923828, 1.5831798315048218, 0.0
8.84937858581543, 0.4340425431728363, -0.050673164427280426, -26.961130142211914, -11.977293968200684, 1.5831798315048218, 0.0
8.859373569488525, 0.4340425431728363, -0.05625702068209648, -27.03849983215332, -13.297113418579102, 1.5831798315048218, 0.0
8.869377374649048, 0.43191489577293396, -0.057253167033195496, -27.231922149658203, -14.573533058166504, 1.5831798315048218, 0.0
8.879368543624878, 0.43191489577293396, -0.0428999662399292, -27.30929183959961, -9.359992980957031, 1.5831798315048218, 0.0
8.889384746551514, 0.4297872483730316, -0.08860257267951965, -27.42534637451172, -10.471213340759277, 1.5831798315048218, 0.0
8.89937162399292, 0.4297872483730316, -0.11519363522529602, -27.58008575439453, -15.708223342895508, 1.5831798315048218, 0.0
8.909404754638672, 0.4297872483730316, -0.05434204638004303, -27.734825134277344, -13.832521438598633, 1.5831798315048218, 0.0
8.919381141662598, 0.4297872483730316, -0.05665704607963562, -27.812192916870117, -14.421792984008789, 1.5831798315048218, 0.0
8.929376602172852, 0.4276595711708069, -0.06036698445677757, -28.005617141723633, -16.463722229003906, 1.5831798315048218, 0.0
8.939371585845947, 0.4276595711708069, -0.05357538163661957, -28.121671676635742, -11.689173698425293, 1.5831798315048218, 0.0
8.94937539100647, 0.4276595711708069, -0.058464694768190384, -28.19904136657715, -12.75593376159668, 1.5831798315048218, 0.0
8.959383726119995, 0.42553192377090454, -0.10493328422307968, -28.315095901489258, -12.401206016540527, 1.5831798315048218, 0.0
8.969379663467407, 0.42553192377090454, -0.0507192462682724, -28.431148529052734, -10.143848419189453, 1.5831798315048218, 0.0
8.979373455047607, 0.42553192377090454, -0.04287935420870781, -28.50851821899414, -8.575870513916016, 1.5831798315048218, 0.0
8.989381313323975, 0.42553192377090454, -0.05664265900850296, -28.585887908935547, -11.328532218933105, 1.5831798315048218, 0.0
8.999377012252808, 0.4234042465686798, -0.04837408289313316, -28.701942443847656, -8.7952880859375, 1.5831798315048218, 0.0
9.009388208389282, 0.4234042465686798, -0.054058946669101715, -28.779312133789062, -9.828899383544922, 1.5831798315048218, 0.0
9.019372701644897, 0.4234042465686798, -0.055148009210824966, -28.85668182373047, -10.026910781860352, 1.5831798315048218, 0.0
9.02936840057373, 0.4234042465686798, -0.04150914400815964, -28.972734451293945, -7.547117233276367, 1.5831798315048218, 0.0
9.03937315940857, 0.4234042465686798, -0.058974698185920715, -29.05010414123535, -10.722672462463379, 1.5831798315048218, 0.0
9.049374103546143, 0.42127659916877747, -0.052876997739076614, -29.127473831176758, -9.613999366760254, 1.5831798315048218, 0.0
9.059381246566772, 0.42127659916877747, -0.04180862382054329, -29.243528366088867, -7.601568222045898, 1.5831798315048218, 0.0
9.06937551498413, 0.42127659916877747, -0.05911533534526825, -29.320898056030273, -10.748242378234863, 1.5831798315048218, 0.0
9.079375743865967, 0.42127659916877747, -0.050805870443582535, -29.39826774597168, -9.237430572509766, 1.5831798315048218, 0.0
9.089390754699707, 0.42127659916877747, 0.0, -29.436952590942383, -6.9817328453063965, 1.5831798315048218, 0.0
9.099369287490845, 0.41914892196655273, -0.05778328701853752, -29.51432228088379, -8.404842376708984, 1.5831798315048218, 0.0
9.10935926437378, 0.41914892196655273, -0.04979383572936058, -29.630374908447266, -7.242739677429199, 1.5831798315048218, 0.0
9.11937141418457, 0.41914892196655273, -0.05679767578840256, -29.707744598388672, -8.261480331420898, 1.5831798315048218, 0.0
9.129378318786621, 0.41914892196655273, -0.049558788537979126, -29.785114288330078, -8.109620094299316, 1.5831798315048218, 0.0
9.139371395111084, 0.41914892196655273, 0.0, -29.82379913330078, -8.681986808776855, 1.5831798315048218, 0.0
9.149377822875977, 0.41914892196655273, 0.0, -29.82379913330078, -5.187527179718018, 1.5831798315048218, 0.0
9.159373760223389, 0.4170212745666504, -0.057974737137556076, -29.862483978271484, -4.216344356536865, 1.5831798315048218, 0.0
9.169370412826538, 0.4170212745666504, -0.059529390186071396, -29.978538513183594, -4.329410076141357, 1.5831798315048218, 0.0
9.179368734359741, 0.4170212745666504, -0.05755224451422691, -30.055908203125, -6.278426647186279, 1.5831798315048218, 0.0
9.189381122589111, 0.4170212745666504, -0.04212040826678276, -30.133275985717773, -6.126605033874512, 1.5831798315048218, 0.0
9.199377059936523, 0.4170212745666504, 0.0, -30.21064567565918, -7.8671441078186035, 1.5831798315048218, 0.0
9.209375381469727, 0.4170212745666504, 0.0, -30.21064567565918, -6.818275451660156, 1.5831798315048218, 0.0
9.2193763256073, 0.4170212745666504, 0.0, -30.21064567565918, -4.180764675140381, 1.5831798315048218, 0.0
9.229390621185303, 0.4170212745666504, 0.0, -30.21064567565918, -2.0359554290771484, 1.5831798315048218, 0.0
9.239391565322876, 0.4170212745666504, 0.0, -30.21064567565918, 0.0, 1.5831798315048218, 0.0
9.249380350112915, 0.4170212745666504, 0.0, -30.21064567565918, 0.0, 1.5831798315048218, 0.0
9.259374618530273, 0.41489362716674805, -0.05360112339258194, -30.249330520629883, -0.974565863609314, 1.5831798315048218, 0.0
9.269368648529053, 0.41489362716674805, -0.05642063170671463, -30.32670021057129, -3.077488899230957, 1.5831798315048218, 0.0
9.27938723564148, 0.41489362716674805, -0.04920356720685959, -30.4427547454834, -5.367661952972412, 1.5831798315048218, 0.0
9.289392709732056, 0.41489362716674805, -0.05926845222711563, -30.520124435424805, -8.620865821838379, 1.5831798315048218, 0.0
9.29936957359314, 0.41489362716674805, 0.0, -30.59749412536621, -8.620420455932617, 1.5831798315048218, 0.0
9.309385776519775, 0.41489362716674805, 0.0, -30.59749412536621, -7.164952754974365, 1.5831798315048218, 0.0
9.31937861442566, 0.41489362716674805, 0.0, -30.59749412536621, -4.469232082366943, 1.5831798315048218, 0.0
9.329381942749023, 0.41489362716674805, 0.0, -30.59749412536621, -1.6739448308944702, 1.5831798315048218, 0.0
9.339381694793701, 0.41489362716674805, 0.0, -30.59749412536621, 0.0, 1.5831798315048218, 0.0
9.349374055862427, 0.41489362716674805, 0.0, -30.59749412536621, 0.0, 1.5831798315048218, 0.0
9.359382390975952, 0.41489362716674805, 0.0, -30.59749412536621, 0.0, 1.5831798315048218, 0.0
9.36937689781189, 0.41489362716674805, 0.0, -30.59749412536621, 0.0, 1.5831798315048218, 0.0
9.3793785572052, 0.41489362716674805, 0.0, -30.59749412536621, 0.0, 1.5831798315048218, 0.0
9.389379978179932, 0.41489362716674805, 0.0, -30.59749412536621, 0.0, 1.5831798315048218, 0.0
9.399374723434448, 0.4170212745666504, 0.049328677356243134, -30.520124435424805, 1.7937700748443604, 1.5831798315048218, 0.0
9.40938687324524, 0.4170212745666504, 0.05340545251965523, -30.4427547454834, 3.884032964706421, 1.5831798315048218, 0.0
9.419386386871338, 0.4170212745666504, 0.05932361260056496, -30.32670021057129, 7.550278186798096, 1.5831798315048218, 0.0
9.429414749145508, 0.4170212745666504, 0.05777580663561821, -30.249330520629883, 9.454222679138184, 1.5831798315048218, 0.0
9.439375162124634, 0.4170212745666504, 0.0, -30.21064567565918, 8.497028350830078, 1.5831798315048218, 0.0
9.449379682540894, 0.4170212745666504, 0.0, -30.21064567565918, 6.250612258911133, 1.5831798315048218, 0.0
9.459371328353882, 0.4170212745666504, 0.0, -30.21064567565918, 4.136795997619629, 1.5831798315048218, 0.0
9.469370603561401, 0.4170212745666504, 0.0, -30.21064567565918, 2.043262481689453, 1.5831798315048218, 0.0
9.47939658164978, 0.4170212745666504, 0.0, -30.21064567565918, 0.0, 1.5831798315048218, 0.0
9.489381313323975, 0.4170212745666504, 0.0, -30.21064567565918, 0.0, 1.5831798315048218, 0.0
9.499419212341309, 0.4170212745666504, 0.0, -30.21064567565918, 0.0, 1.5831798315048218, 0.0
9.509373188018799, 0.4170212745666504, 0.0, -30.21064567565918, 0.0, 1.5831798315048218, 0.0
9.519386053085327, 0.41914892196655273, 0.053788505494594574, -30.133275985717773, 1.9559457302093506, 1.5831798315048218, 0.0
9.52938461303711, 0.41914892196655273, 0.04957806318998337, -30.055908203125, 3.6056771278381348, 1.5831798315048218, 0.0
9.539371252059937, 0.41914892196655273, 0.05561196058988571, -29.93985366821289, 7.077885627746582, 1.5831798315048218, 0.0
9.54939866065979, 0.41914892196655273, 0.0538112111389637, -29.862483978271484, 8.80547046661377, 1.5831798315048218, 0.0
9.559393167495728, 0.41914892196655273, 0.0, -29.82379913330078, 7.965413570404053, 1.5831798315048218, 0.0
9.569378852844238, 0.41914892196655273, 0.0, -29.82379913330078, 5.791735649108887, 1.5831798315048218, 0.0
9.579376697540283, 0.42127659916877747, 0.05376258119940758, -29.785114288330078, 3.910006046295166, 1.5831798315048218, 0.0
9.589391708374023, 0.42127659916877747, 0.058776598423719406, -29.707744598388672, 4.274661540985107, 1.5831798315048218, 0.0
9.59938907623291, 0.42127659916877747, 0.041623372584581375, -29.630374908447266, 3.783942937850952, 1.5831798315048218, 0.0
9.609387874603271, 0.42127659916877747, 0.05606263875961304, -29.51432228088379, 8.154565811157227, 1.5831798315048218, 0.0
9.619380712509155, 0.42127659916877747, 0.051090922206640244, -29.436952590942383, 9.289258003234863, 1.5831798315048218, 0.0
9.629379987716675, 0.4234042465686798, 0.0491115003824234, -29.359582901000977, 8.03642749786377, 1.5831798315048218, 0.0
9.639413595199585, 0.4234042465686798, 0.056513525545597076, -29.28221321105957, 9.247668266296387, 1.5831798315048218, 0.0
9.649388313293457, 0.4234042465686798, 0.05528466776013374, -29.16615867614746, 9.046582221984863, 1.5831798315048218, 0.0
9.659372091293335, 0.4234042465686798, 0.05835764482617378, -29.088788986206055, 9.549432754516602, 1.5831798315048218, 0.0
9.669409990310669, 0.4234042465686798, 0.0, -29.05010414123535, 8.056879043579102, 1.5831798315048218, 0.0
9.679410696029663, 0.42553192377090454, 0.05849918723106384, -28.934051513671875, 8.508973121643066, 1.5831798315048218, 0.0
9.689398765563965, 0.42553192377090454, 0.05300261825323105, -28.85668182373047, 7.709472179412842, 1.5831798315048218, 0.0
9.699410915374756, 0.42553192377090454, 0.05450467765331268, -28.779312133789062, 7.927953243255615, 1.5831798315048218, 0.0
9.709399700164795, 0.42553192377090454, 0.059068381786346436, -28.663257598876953, 10.739706039428711, 1.5831798315048218, 0.0
9.719374895095825, 0.4276595711708069, 0.057615410536527634, -28.585887908935547, 10.475529670715332, 1.5831798315048218, 0.0
9.729390859603882, 0.4276595711708069, 0.05353359878063202, -28.469833374023438, 9.733382225036621, 1.5831798315048218, 0.0
9.739366292953491, 0.4276595711708069, 0.05040128156542778, -28.39246368408203, 9.163869857788086, 1.5831798315048218, 0.0
9.749375343322754, 0.4297872483730316, 0.10433215647935867, -28.276411056518555, 10.433216094970703, 1.5831798315048218, 0.0
9.75938105583191, 0.4297872483730316, 0.058418769389390945, -28.121671676635742, 12.7459135055542, 1.5831798315048218, 0.0
9.769376993179321, 0.4297872483730316, 0.051944419741630554, -28.044301986694336, 11.333327293395996, 1.5831798315048218, 0.0
9.77936577796936, 0.4297872483730316, 0.0552709698677063, -27.928247451782227, 12.059121131896973, 1.5831798315048218, 0.0
9.789416074752808, 0.43191489577293396, 0.05808038264513016, -27.812192916870117, 12.672083854675293, 1.5831798315048218, 0.0
9.799376010894775, 0.43191489577293396, 0.05573352053761482, -27.69614028930664, 11.146703720092773, 1.5831798315048218, 0.0
9.809366703033447, 0.43191489577293396, 0.05099749192595482, -27.618770599365234, 10.199498176574707, 1.5831798315048218, 0.0
9.819375038146973, 0.4340425431728363, 0.10272879898548126, -27.42534637451172, 12.140676498413086, 1.5831798315048218, 0.0
9.82937741279602, 0.4340425431728363, 0.050455424934625626, -27.347976684570312, 11.008456230163574, 1.5831798315048218, 0.0
9.839382410049438, 0.4340425431728363, 0.05486321821808815, -27.270606994628906, 11.9701566696167, 1.5831798315048218, 0.0
9.849390268325806, 0.43617022037506104, 0.11652479320764542, -27.077184677124023, 14.830428123474121, 1.5831798315048218, 0.0
9.859376668930054, 0.43617022037506104, 0.05561888962984085, -26.961130142211914, 14.157535552978516, 1.5831798315048218, 0.0
9.869393348693848, 0.43617022037506104, 0.055946655571460724, -26.845075607299805, 13.2237548828125, 1.5831798315048218, 0.0
9.879379034042358, 0.4382978677749634, 0.1045583039522171, -26.690336227416992, 14.257949829101562, 1.5831798315048218, 0.0
9.889384984970093, 0.4382978677749634, 0.04684295505285263, -26.574283599853516, 12.775350570678711, 1.5831798315048218, 0.0
9.899387836456299, 0.4382978677749634, 0.05182676762342453, -26.458229064941406, 12.24996280670166, 1.5831798315048218, 0.0
9.909425020217896, 0.4404255449771881, 0.10407056659460068, -26.342174530029297, 13.245345115661621, 1.5831798315048218, 0.0
9.919419765472412, 0.4404255449771881, 0.053434230387210846, -26.226119995117188, 13.6014404296875, 1.5831798315048218, 0.0
9.929403066635132, 0.4404255449771881, 0.05012385547161102, -26.110065460205078, 10.936113357543945, 1.5831798315048218, 0.0
9.939371347427368, 0.44255319237709045, 0.11220281571149826, -25.9553279876709, 14.28035831451416, 1.5831798315048218, 0.0
9.949394941329956, 0.44255319237709045, 0.11011908948421478, -25.800588607788086, 16.017322540283203, 1.5831798315048218, 0.0
9.959414958953857, 0.4446808397769928, 0.10932987183332443, -25.645849227905273, 14.908618927001953, 1.5831798315048218, 0.0
9.969400405883789, 0.4446808397769928, 0.11279847472906113, -25.49110984802246, 17.432491302490234, 1.5831798315048218, 0.0
9.979366064071655, 0.4446808397769928, 0.054688386619091034, -25.33637237548828, 15.90934944152832, 1.5831798315048218, 0.0
9.98939323425293, 0.4446808397769928, 0.056200332939624786, -25.259002685546875, 14.305540084838867, 1.5831798315048218, 0.0
9.999373197555542, 0.44680851697921753, 0.09305579960346222, -25.104263305664062, 13.535388946533203, 1.5831798315048218, 0.0
10.009371995925903, 0.44680851697921753, 0.05607673153281212, -24.988208770751953, 13.254500389099121, 1.5831798315048218, 0.0
10.019366264343262, 0.44680851697921753, 0.048152219504117966, -24.910839080810547, 10.505939483642578, 1.5831798315048218, 0.0
10.029374837875366, 0.4489361643791199, 0.09878841042518616, -24.67873191833496, 13.471146583557129, 1.5831798315048218, 0.0
10.039403915405273, 0.4489361643791199, 0.04488733410835266, -24.601362228393555, 10.609733581542969, 1.5831798315048218, 0.0
10.049372911453247, 0.4489361643791199, 0.05536355450749397, -24.52399253845215, 13.085930824279785, 1.5831798315048218, 0.0
10.05936598777771, 0.4510638415813446, 0.11993886530399323, -24.330568313598633, 16.35529899597168, 1.5831798315048218, 0.0
10.069382905960083, 0.4510638415813446, 0.05424955114722252, -24.253198623657227, 12.82262134552002, 1.5831798315048218, 0.0
10.079384803771973, 0.4510638415813446, 0.052898939698934555, -24.13714599609375, 11.541586875915527, 1.5831798315048218, 0.0
10.089400291442871, 0.45319148898124695, 0.10742808878421783, -24.02109146118164, 12.696046829223633, 1.5831798315048218, 0.0
10.09937047958374, 0.45319148898124695, 0.057411547750234604, -23.866352081298828, 12.526156425476074, 1.5831798315048218, 0.0
10.109383344650269, 0.45319148898124695, 0.05992111191153526, -23.788982391357422, 13.073697090148926, 1.5831798315048218, 0.0
10.119380235671997, 0.45319148898124695, 0.05889296531677246, -23.672927856445312, 12.849373817443848, 1.5831798315048218, 0.0
10.12937307357788, 0.45319148898124695, 0.0, -23.634244918823242, 8.226714134216309, 1.5831798315048218, 0.0
10.139379739761353, 0.4553191363811493, 0.056718260049819946, -23.518190383911133, 9.281169891357422, 1.5831798315048218, 0.0
10.149379253387451, 0.4553191363811493, 0.05628185719251633, -23.440820693969727, 9.209757804870605, 1.5831798315048218, 0.0
10.159372329711914, 0.4553191363811493, 0.040405917912721634, -23.324766159057617, 6.61187744140625, 1.5831798315048218, 0.0
10.169377326965332, 0.4553191363811493, 0.05581020191311836, -23.24739646911621, 10.147309303283691, 1.5831798315048218, 0.0
10.179372072219849, 0.457446813583374, 0.05431228131055832, -23.1313419342041, 9.874959945678711, 1.5831798315048218, 0.0
10.189389705657959, 0.457446813583374, 0.05798603594303131, -23.053974151611328, 10.542915344238281, 1.5831798315048218, 0.0
10.199378490447998, 0.457446813583374, 0.05520942434668541, -22.93791961669922, 10.038076400756836, 1.5831798315048218, 0.0
10.209380626678467, 0.457446813583374, 0.0608278326690197, -22.860549926757812, 11.059605598449707, 1.5831798315048218, 0.0
10.219378471374512, 0.457446813583374, 0.0, -22.860549926757812, 7.253725528717041, 1.5831798315048218, 0.0
10.229387283325195, 0.457446813583374, 0.0, -22.860549926757812, 5.350375175476074, 1.5831798315048218, 0.0
10.239384651184082, 0.45957446098327637, 0.054448146373033524, -22.744495391845703, 4.949831485748291, 1.5831798315048218, 0.0
10.249402284622192, 0.45957446098327637, 0.051476988941431046, -22.667125701904297, 4.679726600646973, 1.5831798315048218, 0.0
10.25937008857727, 0.45957446098327637, 0.03451843559741974, -22.58975601196289, 4.393255233764648, 1.5831798315048218, 0.0
10.269369125366211, 0.45957446098327637, 0.030393198132514954, -22.551071166992188, 4.420828819274902, 1.5831798315048218, 0.0
10.279414415359497, 0.45957446098327637, 0.0, -22.473703384399414, 8.166308403015137, 1.5831798315048218, 0.0
10.289390325546265, 0.45957446098327637, 0.0, -22.473703384399414, 3.9519083499908447, 1.5831798315048218, 0.0
10.299387216567993, 0.45957446098327637, 0.0, -22.473703384399414, 4.147104740142822, 1.5831798315048218, 0.0
10.309374332427979, 0.45957446098327637, 0.0, -22.473703384399414, 3.880317449569702, 1.5831798315048218, 0.0
10.319385766983032, 0.45957446098327637, 0.0, -22.473703384399414, 1.7546823024749756, 1.5831798315048218, 0.0
10.329385042190552, 0.45957446098327637, 0.0, -22.473703384399414, 0.0, 1.5831798315048218, 0.0
10.339372158050537, 0.45957446098327637, 0.0, -22.473703384399414, 0.0, 1.5831798315048218, 0.0
10.34941577911377, 0.45957446098327637, 0.0, -22.473703384399414, 0.0, 1.5831798315048218, 0.0
10.359413862228394, 0.45957446098327637, 0.0, -22.473703384399414, 0.0, 1.5831798315048218, 0.0
10.369389533996582, 0.45957446098327637, 0.0, -22.473703384399414, 0.0, 1.5831798315048218, 0.0
10.379368305206299, 0.45957446098327637, 0.0, -22.473703384399414, 0.0, 1.5831798315048218, 0.0
10.389370203018188, 0.45957446098327637, 0.0, -22.473703384399414, 0.0, 1.5831798315048218, 0.0
10.399377822875977, 0.45957446098327637, 0.0, -22.473703384399414, 0.0, 1.5831798315048218, 0.0
10.40939736366272, 0.45957446098327637, 0.0, -22.473703384399414, 0.0, 1.5831798315048218, 0.0
10.419370174407959, 0.45957446098327637, 0.0, -22.473703384399414, 0.0, 1.5831798315048218, 0.0
10.429364681243896, 0.45957446098327637, 0.0, -22.473703384399414, 0.0, 1.5831798315048218, 0.0
10.439379453659058, 0.45957446098327637, 0.0, -22.473703384399414, 0.0, 1.5831798315048218, 0.0
10.44948148727417, 0.45957446098327637, 0.0, -22.473703384399414, 0.0, 1.5831798315048218, 0.0
10.459396839141846, 0.45957446098327637, 0.0, -22.512386322021484, -1.037173867225647, 1.5831798315048218, 0.0
10.469377279281616, 0.457446813583374, -0.05072789266705513, -22.58975601196289, -2.7669761180877686, 1.5831798315048218, 0.0
10.47940993309021, 0.457446813583374, -0.05638854578137398, -22.667125701904297, -5.1262311935424805, 1.5831798315048218, 0.0
10.489375829696655, 0.457446813583374, -0.05341823771595955, -22.744495391845703, -6.798685073852539, 1.5831798315048218, 0.0
10.499378681182861, 0.457446813583374, -0.0393945649266243, -22.82186508178711, -6.446383476257324, 1.5831798315048218, 0.0
10.509399652481079, 0.457446813583374, 0.0, -22.860549926757812, -8.510088920593262, 1.5831798315048218, 0.0
10.519381761550903, 0.4553191363811493, -0.05118175595998764, -22.899234771728516, -6.514041900634766, 1.5831798315048218, 0.0
10.529380321502686, 0.4553191363811493, -0.041755806654691696, -23.015289306640625, -5.314375400543213, 1.5831798315048218, 0.0
10.539369344711304, 0.4553191363811493, -0.05789574980735779, -23.0926570892334, -7.3685503005981445, 1.5831798315048218, 0.0
10.549390077590942, 0.4553191363811493, -0.05021128058433533, -23.170026779174805, -7.303459167480469, 1.5831798315048218, 0.0
10.559394359588623, 0.4553191363811493, 0.0, -23.24739646911621, -9.323836326599121, 1.5831798315048218, 0.0
10.569371700286865, 0.45319148898124695, -0.05372374504804611, -23.324766159057617, -8.791157722473145, 1.5831798315048218, 0.0
10.57936716079712, 0.45319148898124695, -0.0489874891936779, -23.440820693969727, -8.016134262084961, 1.5831798315048218, 0.0
10.589373588562012, 0.45319148898124695, -0.05647776275873184, -23.518190383911133, -9.241815567016602, 1.5831798315048218, 0.0
10.599380254745483, 0.45319148898124695, -0.048471301794052124, -23.59556007385254, -7.931667327880859, 1.5831798315048218, 0.0
10.609392881393433, 0.4510638415813446, -0.04495290666818619, -23.75029754638672, -8.990581512451172, 1.5831798315048218, 0.0
10.61937689781189, 0.4510638415813446, -0.05797850340604782, -23.827667236328125, -11.59570026397705, 1.5831798315048218, 0.0
10.629392623901367, 0.4510638415813446, -0.05783196911215782, -23.943721771240234, -11.566393852233887, 1.5831798315048218, 0.0
10.639384508132935, 0.4489361643791199, -0.09165093302726746, -24.059776306152344, -9.998283386230469, 1.5831798315048218, 0.0
10.649384021759033, 0.4489361643791199, -0.050658781081438065, -24.13714599609375, -10.131756782531738, 1.5831798315048218, 0.0
10.65937614440918, 0.4489361643791199, -0.0544813871383667, -24.253198623657227, -10.89627742767334, 1.5831798315048218, 0.0
10.669397115707397, 0.44680851697921753, -0.1156114935874939, -24.369253158569336, -12.612162590026855, 1.5831798315048218, 0.0
10.679381370544434, 0.44680851697921753, -0.046978581696748734, -24.56267738342285, -11.10402774810791, 1.5831798315048218, 0.0
10.689371824264526, 0.44680851697921753, -0.057948384433984756, -24.640047073364258, -13.696890830993652, 1.5831798315048218, 0.0
10.699373245239258, 0.4446808397769928, -0.10839366912841797, -24.79478645324707, -13.795557975769043, 1.5831798315048218, 0.0
10.709380626678467, 0.4446808397769928, -0.05460138991475105, -24.910839080810547, -13.89853572845459, 1.5831798315048218, 0.0
10.719376802444458, 0.4446808397769928, -0.05647776275873184, -25.026893615722656, -12.322421073913574, 1.5831798315048218, 0.0
10.72938585281372, 0.44255319237709045, -0.08081183582544327, -25.18163299560547, -10.28514289855957, 1.5831798315048218, 0.0
10.739371299743652, 0.44255319237709045, -0.1138925552368164, -25.33637237548828, -16.56618881225586, 1.5831798315048218, 0.0
10.749365091323853, 0.44255319237709045, -0.05647418648004532, -25.452425003051758, -14.375247955322266, 1.5831798315048218, 0.0
10.75945520401001, 0.44255319237709045, -0.054127804934978485, -25.529794692993164, -13.777986526489258, 1.5831798315048218, 0.0
10.769388914108276, 0.4404255449771881, -0.05749291926622391, -25.684534072875977, -13.589235305786133, 1.5831798315048218, 0.0
