7.136229991912842, 0.4467567503452301, 0.0, -18.72235870361328, -6.563063144683838, 1.585626482963562, 0.0
7.146232604980469, 0.4467567503452301, -0.031503643840551376, -25.249040603637695, -80.08684539794922, 1.585626482963562, 0.0
7.156228542327881, 0.4467567503452301, 0.0, -25.249040603637695, -113.9819107055664, 1.585626482963562, 0.0
7.166234731674194, 0.4467567503452301, 0.0, -25.249040603637695, -126.40303039550781, 1.585626482963562, 0.0
7.176268815994263, 0.4467567503452301, 0.0, -25.249040603637695, -109.86520385742188, 1.585626482963562, 0.0
7.18622899055481, 0.4467567503452301, 0.0, -25.249040603637695, -129.97642517089844, 1.585626482963562, 0.0
7.196224927902222, 0.4467567503452301, 0.0, -25.249040603637695, -127.47923278808594, 1.585626482963562, 0.0
7.206222057342529, 0.4467567503452301, 0.0, -25.249040603637695, 0.0, 1.585626482963562, 0.0
7.216228008270264, 0.4467567503452301, 0.0, -25.249040603637695, 0.0, 1.5859637260437012, 0.0
7.2262561321258545, 0.4467567503452301, 0.0, -25.31035804748535, -0.8755125999450684, 1.5859637260437012, 0.0
7.236255168914795, 0.4467567503452301, 0.0, -25.31035804748535, -1.185388207435608, 1.5859637260437012, 0.0
7.246222972869873, 0.4467567503452301, 0.0, -25.31035804748535, -1.1486972570419312, 1.5859637260437012, 0.0
7.256213188171387, 0.4467567503452301, 0.0, -25.569671630859375, -4.8041229248046875, 1.5873899459838867, 0.0
7.266224145889282, 0.4467567503452301, 0.0, -25.569671630859375, -5.852124214172363, 1.5873899459838867, 0.0
7.2762181758880615, 0.4467567503452301, 0.0, -25.569671630859375, -4.484820365905762, 1.5873899459838867, 0.0
7.286250352859497, 0.4467567503452301, 0.0, -25.569671630859375, -4.3695969581604, 1.5873899459838867, 0.0
7.296246767044067, 0.4467567503452301, 0.0, -25.569671630859375, -4.139749526977539, 1.5895527601242065, 0.0
7.3062286376953125, 0.4494594633579254, 0.043905481696128845, -25.8646297454834, -9.004157066345215, 1.5895527601242065, 0.0
7.316240549087524, 0.4494594633579254, 0.05239153653383255, -25.76634979248047, -3.812591552734375, 1.5895527601242065, 0.0
7.326217889785767, 0.4494594633579254, 0.04961465671658516, -25.66806983947754, -1.8063454627990723, 1.5895527601242065, 0.0
7.336238145828247, 0.4494594633579254, 0.05354221165180206, -25.618928909301758, -0.9758431315422058, 1.5924783945083618, 0.0
7.346217632293701, 0.4494594633579254, 0.052273157984018326, -26.052583694458008, -9.340034484863281, 1.5924783945083618, 0.0
7.356228590011597, 0.4521621763706207, 0.04212387651205063, -25.905162811279297, 0.1341475248336792, 1.5924783945083618, 0.0
7.366235971450806, 0.4521621763706207, 0.05167505517601967, -25.806882858276367, 0.16456417739391327, 1.5924783945083618, 0.0
7.376216411590576, 0.4521621763706207, 0.04225105047225952, -25.757741928100586, 0.13455252349376678, 1.5959577560424805, 0.0
7.386235237121582, 0.4521621763706207, 0.05307095870375633, -26.29207420349121, -12.253105163574219, 1.5959577560424805, 0.0
7.396225690841675, 0.4521621763706207, 0.05195213854312897, -26.19379425048828, -1.7698087692260742, 1.5959577560424805, 0.0
7.406227111816406, 0.45486485958099365, 0.03929819166660309, -26.04637336730957, -1.3387377262115479, 1.5959577560424805, 0.0
7.41621994972229, 0.45486485958099365, 0.047381218522787094, -25.99723243713379, -1.6140952110290527, 1.600151777267456, 0.0
7.426246881484985, 0.45486485958099365, 0.03966117277741432, -26.661502838134766, -12.54123592376709, 1.600151777267456, 0.0
7.436233997344971, 0.45756757259368896, 0.08927707374095917, -26.514081954956055, -2.855144739151001, 1.600151777267456, 0.0
7.446241140365601, 0.45756757259368896, 0.0974004939198494, -26.415802001953125, -2.229478359222412, 1.600151777267456, 0.0
7.456208229064941, 0.45756757259368896, 0.07930015027523041, -26.219242095947266, -0.3733440637588501, 1.6048754453659058, 0.0
7.4662253856658936, 0.4602702558040619, 0.09876247495412827, -26.9306697845459, -16.157047271728516, 1.6048754453659058, 0.0
7.476225137710571, 0.4602702558040619, 0.08933336287736893, -26.83238983154297, -13.802370071411133, 1.6048754453659058, 0.0
7.486238479614258, 0.4602702558040619, 0.10525494068861008, -26.63582992553711, 0.49989208579063416, 1.6048754453659058, 0.0
7.496212959289551, 0.4629729688167572, 0.1020292192697525, -26.43927001953125, 1.412110447883606, 1.6098811626434326, 0.0
7.506224870681763, 0.4629729688167572, 0.08195457607507706, -27.15283966064453, -12.66475772857666, 1.6098811626434326, 0.0
7.516237258911133, 0.4629729688167572, 0.09637779742479324, -27.0545597076416, -14.893634796142578, 1.6098811626434326, 0.0
7.52621603012085, 0.4656756818294525, 0.07545734196901321, -26.857999801635742, 1.0144526958465576, 1.6098811626434326, 0.0
7.536248445510864, 0.4656756818294525, 0.09605114907026291, -27.684450149536133, -16.887035369873047, 1.61550772190094, 0.0
7.546231508255005, 0.4656756818294525, 0.08258747309446335, -27.586170196533203, -14.519946098327637, 1.61550772190094, 0.0
7.556237459182739, 0.46837836503982544, 0.0740114077925682, -27.340471267700195, -12.33933162689209, 1.61550772190094, 0.0
7.566234111785889, 0.47108107805252075, 0.15432868897914886, -27.094770431518555, 1.1053028106689453, 1.61550772190094, 0.0
7.576223611831665, 0.47108107805252075, 0.1265927255153656, -26.947349548339844, 1.6738862991333008, 1.6213549375534058, 0.0
7.586255073547363, 0.47108107805252075, 0.10419556498527527, -27.764780044555664, -17.479248046875, 1.6213549375534058, 0.0
7.596235275268555, 0.47378379106521606, 0.15005899965763092, -27.469940185546875, 3.970017194747925, 1.6213549375534058, 0.0
7.60624098777771, 0.47378379106521606, 0.14775751531124115, -27.322519302368164, 4.804628372192383, 1.6213549375534058, 0.0
7.6162214279174805, 0.476486474275589, 0.14888307452201843, -27.076818466186523, 4.841228008270264, 1.6276545524597168, 0.0
7.6262147426605225, 0.476486474275589, 0.0920051708817482, -27.976503372192383, -15.007944107055664, 1.6276545524597168, 0.0
7.636236190795898, 0.4791891872882843, 0.15315410494804382, -27.829082489013672, -16.655067443847656, 1.6276545524597168, 0.0
7.646218776702881, 0.4791891872882843, 0.13608047366142273, -27.534242630004883, 3.869159460067749, 1.6276545524597168, 0.0
7.656208038330078, 0.4818919003009796, 0.13985224068164825, -27.239402770996094, 3.9764018058776855, 1.6341941356658936, 0.0
7.666228771209717, 0.48459458351135254, 0.2051199972629547, -28.08443832397461, -16.321056365966797, 1.6341941356658936, 0.0
7.676234722137451, 0.48459458351135254, 0.12794533371925354, -27.9370174407959, -13.57386302947998, 1.6341941356658936, 0.0
7.686307191848755, 0.48729729652404785, 0.19667676091194153, -27.593036651611328, 6.976251602172852, 1.6341941356658936, 0.0
7.696213722229004, 0.48729729652404785, 0.1545039713382721, -27.29819679260254, 7.307141304016113, 1.640925645828247, 0.0
7.70619010925293, 0.49000000953674316, 0.13085485994815826, -28.22726821899414, -13.563736915588379, 1.640925645828247, 0.0
7.716235876083374, 0.49000000953674316, 0.1350429654121399, -28.07984733581543, -13.997854232788086, 1.640925645828247, 0.0
7.726228475570679, 0.4927026927471161, 0.12186580151319504, -27.78500747680664, 4.500476360321045, 1.640925645828247, 0.0
7.736239910125732, 0.4927026927471161, 0.14964300394058228, -27.63758659362793, 5.52628231048584, 1.6479460000991821, 0.0
7.746233701705933, 0.4954054057598114, 0.1492031365633011, -28.57003402709961, -17.97843360900879, 1.6479460000991821, 0.0
7.756262540817261, 0.4981081187725067, 0.17007549107074738, -28.22605323791504, -14.597037315368652, 1.6479460000991821, 0.0
7.766236066818237, 0.4981081187725067, 0.15102526545524597, -27.8820743560791, 6.4297308921813965, 1.6479460000991821, 0.0
7.776224851608276, 0.5008108019828796, 0.20073410868644714, -28.840618133544922, -16.86319351196289, 1.6551098823547363, 0.0
7.786280155181885, 0.5008108019828796, 0.14454826712608337, -28.69319725036621, -16.190874099731445, 1.6551098823547363, 0.0
7.796253681182861, 0.503513514995575, 0.1317368596792221, -28.34921646118164, 5.98295783996582, 1.6551098823547363, 0.0
7.8062825202941895, 0.503513514995575, 0.12555979192256927, -28.201797485351562, 5.702420234680176, 1.6551098823547363, 0.0
7.816279172897339, 0.5062162280082703, 0.12846732139587402, -27.857816696166992, 5.834468841552734, 1.6623162031173706, 0.0
7.826268196105957, 0.5089189410209656, 0.14104712009429932, -28.97149658203125, -12.290173530578613, 1.6623162031173706, 0.0
7.836227893829346, 0.5089189410209656, 0.18825802206993103, -28.57837677001953, -14.692469596862793, 1.6623162031173706, 0.0
7.846278190612793, 0.5116215944290161, 0.1749848574399948, -28.38181495666504, 7.426208972930908, 1.6623162031173706, 0.0
7.856214284896851, 0.5143243074417114, 0.19669382274150848, -27.98869514465332, 9.241581916809082, 1.6698182821273804, 0.0
7.866240501403809, 0.5143243074417114, 0.19749054312705994, -28.9595890045166, -13.843259811401367, 1.6698182821273804, 0.0
7.876243352890015, 0.5170270204544067, 0.19728431105613708, -28.763029098510742, -13.828804969787598, 1.6698182821273804, 0.0
7.88628077507019, 0.5170270204544067, 0.15689362585544586, -28.566469192504883, -10.284433364868164, 1.6698182821273804, 0.0
7.896226406097412, 0.519729733467102, 0.14884397387504578, -28.173349380493164, 8.282698631286621, 1.6773056983947754, 0.0
7.906237840652466, 0.5224324464797974, 0.25995132327079773, -29.288997650146484, -13.669782638549805, 1.6773056983947754, 0.0
7.916236400604248, 0.5224324464797974, 0.08468516916036606, -29.092435836791992, -5.566561222076416, 1.6773056983947754, 0.0
7.9262309074401855, 0.5251351594924927, 0.1388402134180069, -28.650177001953125, -8.495211601257324, 1.6773056983947754, 0.0
7.936235427856445, 0.5251351594924927, 0.1388402134180069, -28.650177001953125, -8.495211601257324, 1.684914231300354, 0.0
7.946235179901123, 0.5278378129005432, 0.08601661026477814, -29.787845611572266, -4.0208892822265625, 1.684914231300354, 0.0
7.956279039382935, 0.5305405259132385, 0.19692789018154144, -29.247304916381836, -7.057188034057617, 1.684914231300354, 0.0
7.966220855712891, 0.5332432389259338, 0.2570628225803375, -28.706764221191406, -6.407886505126953, 1.684914231300354, 0.0
7.976213455200195, 0.5359459519386292, 0.2658526301383972, -28.411924362182617, -3.9112658500671387, 1.6925880908966064, 0.0
7.986217975616455, 0.5359459519386292, 0.26981380581855774, -29.315771102905273, -4.459141254425049, 1.6925880908966064, 0.0
7.996249198913574, 0.5386486649513245, 0.24812757968902588, -28.824369430541992, -3.1984567642211914, 1.6925880908966064, 0.0
8.006226301193237, 0.5413513779640198, 0.1643487811088562, -28.431249618530273, 16.141080856323242, 1.6925880908966064, 0.0
8.016237020492554, 0.5413513779640198, 0.19554024934768677, -28.234689712524414, 18.315649032592773, 1.7002700567245483, 0.0
8.026218175888062, 0.5440540313720703, 0.18009305000305176, -29.238290786743164, -8.854482650756836, 1.7002700567245483, 0.0
8.036222696304321, 0.5467567443847656, 0.22509843111038208, -28.845169067382812, 14.91453742980957, 1.7002700567245483, 0.0
8.04625391960144, 0.5494594573974609, 0.20489755272865295, -28.402910232543945, 12.644718170166016, 1.7002700567245483, 0.0
8.05622148513794, 0.5494594573974609, 0.20266303420066833, -28.206350326538086, 11.585624694824219, 1.708074927330017, 0.0
8.066219329833984, 0.5521621704101562, 0.2001316398382187, -29.183156967163086, -13.919424057006836, 1.708074927330017, 0.0
8.076232194900513, 0.5548648834228516, 0.17678594589233398, -28.740896224975586, 11.348033905029297, 1.708074927330017, 0.0
8.086271047592163, 0.5575675964355469, 0.25136274099349976, -28.495195388793945, 13.822189331054688, 1.708074927330017, 0.0
8.096214056015015, 0.5602702498435974, 0.24250110983848572, -28.052934646606445, 14.216718673706055, 1.7157649993896484, 0.0
8.106249332427979, 0.5602702498435974, 0.1930346041917801, -29.05801010131836, -11.697271347045898, 1.7157649993896484, 0.0
8.116277694702148, 0.5629729628562927, 0.2165830433368683, -28.61574935913086, 15.305267333984375, 1.7157649993896484, 0.0
8.126218318939209, 0.565675675868988, 0.1910661906003952, -28.22262954711914, 12.633585929870605, 1.7157649993896484, 0.0
8.136258602142334, 0.565675675868988, 0.21115687489509583, -28.02606773376465, 13.96201229095459, 1.7236062288284302, 0.0
8.146227359771729, 0.5683783888816833, 0.18894048035144806, -29.058626174926758, -13.282357215881348, 1.7236062288284302, 0.0
8.156219244003296, 0.5710811018943787, 0.2132221758365631, -28.66550636291504, 11.618138313293457, 1.7236062288284302, 0.0
8.166261672973633, 0.5737837553024292, 0.22568100690841675, -28.272384643554688, 11.271177291870117, 1.7236062288284302, 0.0
8.176214218139648, 0.5764864683151245, 0.2648093104362488, -27.83012580871582, 11.543231010437012, 1.7313364744186401, 0.0
8.186255931854248, 0.5791891813278198, 0.2786479592323303, -28.793363571166992, -15.821588516235352, 1.7313364744186401, 0.0
8.196240901947021, 0.5791891813278198, 0.21123556792736053, -28.400243759155273, 12.864334106445312, 1.7313364744186401, 0.0
8.20622205734253, 0.5818918943405151, 0.22116781771183014, -28.007123947143555, 13.469212532043457, 1.7313364744186401, 0.0
8.216254234313965, 0.5845946073532104, 0.21560470759868622, -27.614002227783203, 13.130416870117188, 1.7390015125274658, 0.0
8.226216793060303, 0.5845946073532104, 0.1536106914281845, -28.663665771484375, -15.791690826416016, 1.7390015125274658, 0.0
8.236222743988037, 0.5872973203659058, 0.15294058620929718, -28.319684982299805, 8.934844017028809, 1.7390015125274658, 0.0
8.24622368812561, 0.5899999737739563, 0.21538963913917542, -27.975704193115234, 8.458311080932617, 1.7390015125274658, 0.0
8.25621771812439, 0.5899999737739563, 0.14421114325523376, -27.828285217285156, 6.676852226257324, 1.746842622756958, 0.0
8.266240119934082, 0.5927026867866516, 0.21556371450424194, -28.860820770263672, -20.941768646240234, 1.746842622756958, 0.0
8.2762451171875, 0.5954053997993469, 0.2153487205505371, -28.5168399810791, 5.861295223236084, 1.746842622756958, 0.0
8.28623342514038, 0.5981081128120422, 0.20974062383174896, -28.123720169067383, 6.662022113800049, 1.746842622756958, 0.0
8.296220302581787, 0.5981081128120422, 0.1985716074705124, -27.730600357055664, 8.112455368041992, 1.7543717622756958, 0.0
8.306262731552124, 0.6008108258247375, 0.20402172207832336, -28.902973175048828, -17.49942970275879, 1.7543717622756958, 0.0
8.316243410110474, 0.6008108258247375, 0.20402172207832336, -28.902973175048828, -17.49942970275879, 1.7543717622756958, 0.0
8.326313257217407, 0.6008108258247375, 0.20402172207832336, -28.902973175048828, -17.49942970275879, 1.7543717622756958, 0.0
8.336229085922241, 0.6008108258247375, 0.20402172207832336, -28.902973175048828, -17.49942970275879, 1.7615835666656494, 0.0
8.346261262893677, 0.6008108258247375, 0.20402172207832336, -28.902973175048828, -17.49942970275879, 1.7615835666656494, 0.0
8.356262445449829, 0.6008108258247375, 0.20402172207832336, -28.902973175048828, -17.49942970275879, 1.7615835666656494, 0.0
8.366277694702148, 0.611621618270874, 0.03746727108955383, -29.821090698242188, -3.453256130218506, 1.7615835666656494, 0.0
8.376211404800415, 0.6143243312835693, 0.4244285821914673, -29.034849166870117, -3.4161605834960938, 1.7656384706497192, 0.0
8.386277198791504, 0.6143243312835693, 0.3833600580692291, -29.035003662109375, -10.49972152709961, 1.7656384706497192, 0.0
8.396282434463501, 0.6143243312835693, 0.2707694470882416, -28.691024780273438, -5.306122779846191, 1.7656384706497192, 0.0
8.406216144561768, 0.6143243312835693, 0.3183959424495697, -28.101343154907227, -3.4199941158294678, 1.7656384706497192, 0.0
8.416229963302612, 0.6143243312835693, 0.3313961327075958, -27.806503295898438, -1.5511720180511475, 1.7655316591262817, 0.0
8.426221370697021, 0.6143243312835693, 0.053842294961214066, -27.49224281311035, 46.394493103027344, 1.7655316591262817, 0.0
8.4362313747406, 0.6143243312835693, 0.0, -27.49224281311035, 38.42964172363281, 1.7655316591262817, 0.0
8.446233034133911, 0.611621618270874, -0.027166958898305893, -27.5413818359375, 15.011996269226074, 1.7655316591262817, 0.0
8.456246852874756, 0.611621618270874, -0.027166958898305893, -27.5413818359375, 15.011996269226074, 1.7587467432022095, 0.0
8.466249465942383, 0.611621618270874, -0.027166958898305893, -27.5413818359375, 15.011996269226074, 1.7587467432022095, 0.0
8.476223468780518, 0.611621618270874, -0.027166958898305893, -27.5413818359375, 15.011996269226074, 1.7587467432022095, 0.0
8.486241102218628, 0.611621618270874, -0.027166958898305893, -27.5413818359375, 15.011996269226074, 1.7587467432022095, 0.0
8.496206998825073, 0.5954053997993469, -0.39026063680648804, -26.946582794189453, 43.08010482788086, 1.7444864511489868, 0.0
8.506224632263184, 0.5899999737739563, -0.47585639357566833, -25.18918228149414, 62.7385139465332, 1.7444864511489868, 0.0
8.516263961791992, 0.5845946073532104, -0.5327502489089966, -26.22112464904785, 28.409652709960938, 1.7444864511489868, 0.0
8.526269674301147, 0.5791891813278198, -0.6875725984573364, -27.44962501525879, 0.8340010643005371, 1.7444864511489868, 0.0
8.536243677139282, 0.5710811018943787, -0.8161627650260925, -28.87468719482422, -26.842090606689453, 1.7243988513946533, 0.0
8.546215772628784, 0.565675675868988, -0.5379676818847656, -26.303476333618164, 11.637173652648926, 1.7243988513946533, 0.0
8.556247234344482, 0.5629729628562927, -0.5374807119369507, -26.844017028808594, -37.91316223144531, 1.7243988513946533, 0.0
8.566222667694092, 0.5548648834228516, -0.5683133602142334, -28.023378372192383, -41.05278778076172, 1.7243988513946533, 0.0
8.576209783554077, 0.5494594573974609, -0.672990083694458, -29.202739715576172, -49.633914947509766, 1.701964259147644, 0.0
8.586221694946289, 0.5413513779640198, -0.6837761402130127, -26.352224349975586, 34.74549865722656, 1.701964259147644, 0.0
8.596217632293701, 0.5359459519386292, -0.627451479434967, -27.531585693359375, -34.2170295715332, 1.701964259147644, 0.0
8.606226205825806, 0.5332432389259338, -0.6116523146629333, -28.121265411376953, -34.282196044921875, 1.701964259147644, 0.0
8.616249084472656, 0.5278378129005432, -0.5700426697731018, -28.760086059570312, -31.08686637878418, 1.6810939311981201, 0.0
8.626246690750122, 0.5224324464797974, -0.6193665862083435, -26.19398307800293, 34.936222076416016, 1.6810939311981201, 0.0
8.63624095916748, 0.5170270204544067, -0.5069370269775391, -27.422483444213867, 27.826391220092773, 1.6810939311981201, 0.0
8.64622688293457, 0.5089189410209656, -0.709384024143219, -28.601844787597656, -49.20522689819336, 1.6810939311981201, 0.0
8.656219959259033, 0.5062162280082703, -0.5696721076965332, -29.682926177978516, -41.22334289550781, 1.663974642753601, 0.0
8.666324615478516, 0.503513514995575, -0.4783552587032318, -27.553129196166992, 23.735679626464844, 1.663974642753601, 0.0
8.676230669021606, 0.4981081187725067, -0.4882914125919342, -28.38850975036621, -44.05339050292969, 1.663974642753601, 0.0
8.686261892318726, 0.4981081187725067, -0.35913869738578796, -28.73249053955078, -36.06184768676758, 1.663974642753601, 0.0
8.696255207061768, 0.4954054057598114, -0.34844639897346497, -29.46959114074707, -26.842710494995117, 1.6519627571105957, 0.0
8.706253051757812, 0.4927026927471161, -0.32286974787712097, -27.87529182434082, 25.22820472717285, 1.6519627571105957, 0.0
8.716230154037476, 0.49000000953674316, -0.252448707818985, -28.41583251953125, -24.37830352783203, 1.6519627571105957, 0.0
8.726229667663574, 0.48729729652404785, -0.22991028428077698, -28.90723419189453, -16.349567413330078, 1.6519627571105957, 0.0
8.736220836639404, 0.48729729652404785, -0.18847712874412537, -27.878337860107422, 14.891392707824707, 1.644141674041748, 0.0
8.746212482452393, 0.48459458351135254, -0.21618033945560455, -28.271459579467773, 23.958662033081055, 1.644141674041748, 0.0
8.756245851516724, 0.48459458351135254, -0.14900048077106476, -28.41887855529785, -15.407546043395996, 1.644141674041748, 0.0
8.766223669052124, 0.48459458351135254, -0.10358147323131561, -28.664579391479492, -9.474873542785645, 1.644141674041748, 0.0
8.776221513748169, 0.4818919003009796, -0.1544829159975052, -28.95941925048828, -5.675601959228516, 1.6385555267333984, 0.0
8.786256551742554, 0.4818919003009796, -0.096880242228508, -28.140316009521484, 17.26824378967285, 1.6385555267333984, 0.0
8.796239137649536, 0.4791891872882843, -0.130819633603096, -28.287736892700195, -6.605403900146484, 1.6385555267333984, 0.0
8.806220293045044, 0.4791891872882843, -0.10365250706672668, -28.484296798706055, -4.081322193145752, 1.6385555267333984, 0.0
8.816235303878784, 0.4791891872882843, -0.10777673125267029, -28.680856704711914, -2.2841367721557617, 1.6331403255462646, 0.0
8.82621717453003, 0.476486474275589, -0.1012229397892952, -27.94197654724121, 16.292282104492188, 1.6331403255462646, 0.0
8.836217880249023, 0.476486474275589, -0.10415726900100708, -28.13853645324707, -1.8594493865966797, 1.6331403255462646, 0.0
8.84625768661499, 0.47378379106521606, -0.08940381556749344, -28.33509635925293, -0.7833039164543152, 1.6331403255462646, 0.0
8.856217861175537, 0.47378379106521606, -0.10382814705371857, -28.43337631225586, -0.9096814393997192, 1.626341462135315, 0.0
8.866240739822388, 0.47108107805252075, -0.1418590545654297, -27.4920597076416, 19.07964515686035, 1.626341462135315, 0.0
8.876241683959961, 0.46837836503982544, -0.15850789844989777, -27.78689956665039, 1.110318660736084, 1.626341462135315, 0.0
8.886263608932495, 0.4656756818294525, -0.15807504951953888, -28.13088035583496, -1.3251038789749146, 1.626341462135315, 0.0
8.89621615409851, 0.4656756818294525, -0.21179796755313873, -28.52400016784668, -5.626321792602539, 1.6175053119659424, 0.0
8.906274318695068, 0.4629729688167572, -0.202798992395401, -27.113988876342773, 22.906654357910156, 1.6175053119659424, 0.0
8.916239261627197, 0.4602702558040619, -0.20222918689250946, -27.507108688354492, -3.039177656173706, 1.6175053119659424, 0.0
8.926222801208496, 0.45756757259368896, -0.26261308789253235, -27.949369430541992, -6.022190093994141, 1.6175053119659424, 0.0
8.936250686645508, 0.45756757259368896, -0.19760242104530334, -28.34248924255371, -7.460608959197998, 1.6072674989700317, 0.0
8.94626784324646, 0.45486485958099365, -0.2178211361169815, -26.874189376831055, 29.28076934814453, 1.6072674989700317, 0.0
8.956209421157837, 0.4521621763706207, -0.19981415569782257, -27.316450119018555, -3.7420578002929688, 1.6072674989700317, 0.0
8.966235399246216, 0.4494594633579254, -0.26967257261276245, -27.562149047851562, -5.02090311050415, 1.6072674989700317, 0.0
8.976204633712769, 0.4467567503452301, -0.23503953218460083, -28.004409790039062, -5.230776786804199, 1.5963596105575562, 0.0
8.986210346221924, 0.4467567503452301, -0.210607647895813, -26.414278030395508, 33.734649658203125, 1.5963596105575562, 0.0
8.996223211288452, 0.4440540671348572, -0.21720553934574127, -26.856538772583008, -3.594566822052002, 1.5963596105575562, 0.0
9.006232261657715, 0.44135135412216187, -0.20120619237422943, -27.298799514770508, -3.329791307449341, 1.5963596105575562, 0.0
9.01624846458435, 0.43864864110946655, -0.22157850861549377, -27.741060256958008, -3.666935920715332, 1.5861011743545532, 0.0
9.026219844818115, 0.43594595789909363, -0.21821948885917664, -26.26900863647461, 35.02958679199219, 1.5861011743545532, 0.0
9.036220788955688, 0.4332432448863983, -0.2609086036682129, -26.71126937866211, -5.73409366607666, 1.5861011743545532, 0.0
9.046221017837524, 0.4332432448863983, -0.2216651737689972, -27.10439109802246, -5.0819621086120605, 1.5861011743545532, 0.0
9.056221723556519, 0.430540531873703, -0.22373230755329132, -27.4483699798584, -3.095423936843872, 1.5774098634719849, 0.0
9.066222190856934, 0.430540531873703, -0.17203496396541595, -26.162973403930664, 33.48328399658203, 1.5774098634719849, 0.0
9.076215028762817, 0.4278378486633301, -0.1548910140991211, -26.5069522857666, -4.545487880706787, 1.5774098634719849, 0.0
9.086199283599854, 0.4278378486633301, -0.10205218195915222, -26.752653121948242, -0.7813020348548889, 1.5774098634719849, 0.0
9.096217393875122, 0.4278378486633301, -0.1060178354382515, -26.850933074951172, 1.1159343719482422, 1.5719903707504272, 0.0
9.106220960617065, 0.4278378486633301, -0.10930964350700378, -26.062131881713867, 24.058032989501953, 1.5719903707504272, 0.0
9.116211414337158, 0.4278378486633301, -0.053847409784793854, -26.160411834716797, -2.8861007690429688, 1.5719903707504272, 0.0
9.126242399215698, 0.42513513565063477, -0.051328759640455246, -26.258691787719727, 1.9151442050933838, 1.5719903707504272, 0.0
9.136215925216675, 0.42513513565063477, -0.051611531525850296, -26.356971740722656, 5.679260730743408, 1.5690525770187378, 0.0
9.146215200424194, 0.42513513565063477, -0.054207902401685715, -25.92110824584961, 18.649450302124023, 1.5690525770187378, 0.0
9.156209468841553, 0.42513513565063477, -0.055318936705589294, -26.01938819885254, 0.874880850315094, 1.5690525770187378, 0.0
9.166259765625, 0.42513513565063477, -0.054327405989170074, -26.11766815185547, 0.859199583530426, 1.5690525770187378, 0.0
9.17621660232544, 0.4278378486633301, 0.04683312028646469, -26.11766815185547, 2.4436984062194824, 1.5686157941818237, 0.0
9.186211585998535, 0.4278378486633301, 0.05333062261343002, -25.939971923828125, 8.228364944458008, 1.5686157941818237, 0.0
9.196224212646484, 0.4278378486633301, 0.052644576877355576, -25.841691970825195, 1.5468857288360596, 1.5686157941818237, 0.0
9.206234455108643, 0.4278378486633301, 0.05206906795501709, -25.743412017822266, 5.316816329956055, 1.5686157941818237, 0.0
9.216257572174072, 0.430540531873703, 0.10810563713312149, -25.595991134643555, 10.433271408081055, 1.5695055723190308, 0.0
9.226260423660278, 0.430540531873703, 0.056015994399785995, -25.610349655151367, 10.514627456665039, 1.5695055723190308, 0.0
9.236250400543213, 0.430540531873703, 0.05072924494743347, -25.512069702148438, 8.031657218933105, 1.5695055723190308, 0.0
9.246261596679688, 0.430540531873703, 0.053547266870737076, -25.413789749145508, 8.477818489074707, 1.5695055723190308, 0.0
9.256219863891602, 0.4332432448863983, 0.11095733940601349, -25.21722984313965, 10.80101203918457, 1.5717723369598389, 0.0
9.266213178634644, 0.4332432448863983, 0.05425719916820526, -25.481948852539062, 2.2894482612609863, 1.5717723369598389, 0.0
9.276233673095703, 0.43594595789909363, 0.11421618610620499, -25.285388946533203, 6.866439342498779, 1.5717723369598389, 0.0
9.2862229347229, 0.43594595789909363, 0.10829152166843414, -25.08882713317871, 8.47919750213623, 1.5717723369598389, 0.0
9.296213150024414, 0.43864864110946655, 0.1528649777173996, -25.400421142578125, 0.252057284116745, 1.5748374462127686, 0.0
9.306239604949951, 0.43864864110946655, 0.10320896655321121, -25.302139282226562, 0.2552700936794281, 1.5748374462127686, 0.0
9.316224098205566, 0.43864864110946655, 0.11102797836065292, -25.105579376220703, 8.74001693725586, 1.5748374462127686, 0.0
9.326218605041504, 0.44135135412216187, 0.10026052594184875, -24.909019470214844, 8.803873062133789, 1.5748374462127686, 0.0
9.336244821548462, 0.44135135412216187, 0.10406165570020676, -24.712459564208984, 9.137650489807129, 1.578659176826477, 0.0
9.346239805221558, 0.4440540671348572, 0.15597078204154968, -25.161619186401367, -3.290801525115967, 1.578659176826477, 0.0
9.356250524520874, 0.4440540671348572, 0.10748548805713654, -24.965059280395508, 6.702791690826416, 1.578659176826477, 0.0
9.366214990615845, 0.4467567503452301, 0.16483868658542633, -24.67021942138672, 8.850934982299805, 1.578659176826477, 0.0
9.376238584518433, 0.4467567503452301, 0.10901530832052231, -24.424518585205078, 9.771336555480957, 1.5834795236587524, 0.0
9.386235475540161, 0.4494594633579254, 0.15758976340293884, -25.006105422973633, -5.707315444946289, 1.5834795236587524, 0.0
9.396265983581543, 0.4494594633579254, 0.10818817466497421, -24.760404586791992, 8.030234336853027, 1.5834795236587524, 0.0
9.406245231628418, 0.4521621763706207, 0.16151154041290283, -24.465564727783203, 9.949812889099121, 1.5834795236587524, 0.0
9.416251420974731, 0.45486485958099365, 0.16428129374980927, -24.170724868774414, 10.120441436767578, 1.5888112783432007, 0.0
9.426217079162598, 0.45756757259368896, 0.1992959976196289, -24.796154022216797, -6.851049900054932, 1.5888112783432007, 0.0
9.436223983764648, 0.45756757259368896, 0.15888558328151703, -24.501314163208008, 9.891839027404785, 1.5888112783432007, 0.0
9.446237564086914, 0.4602702558040619, 0.22068344056606293, -24.157333374023438, 12.310632705688477, 1.5888112783432007, 0.0
9.456225395202637, 0.4602702558040619, 0.15780913829803467, -24.960432052612305, -9.631670951843262, 1.594849944114685, 0.0
9.46622371673584, 0.4629729688167572, 0.1592799872159958, -24.665592193603516, -9.721442222595215, 1.594849944114685, 0.0
9.476229190826416, 0.4656756818294525, 0.15655957162380219, -24.370752334594727, 8.214098930358887, 1.594849944114685, 0.0
9.486226320266724, 0.4656756818294525, 0.16396446526050568, -24.075910568237305, 8.602605819702148, 1.594849944114685, 0.0
9.496211767196655, 0.46837836503982544, 0.15410490334033966, -24.93841552734375, -14.845464706420898, 1.6014856100082397, 0.0
9.506210565567017, 0.47108107805252075, 0.20799919962882996, -24.74185562133789, -14.082517623901367, 1.6014856100082397, 0.0
9.516221046447754, 0.47108107805252075, 0.1479632407426834, -24.39787483215332, 7.575750350952148, 1.6014856100082397, 0.0
9.526212930679321, 0.47378379106521606, 0.20784665644168854, -24.05389404296875, 8.926103591918945, 1.6014856100082397, 0.0
9.536245107650757, 0.47378379106521606, 0.16125880181789398, -23.75905418395996, 9.23381233215332, 1.6082762479782104, 0.0
9.546263694763184, 0.476486474275589, 0.16306819021701813, -24.649736404418945, -15.4937744140625, 1.6082762479782104, 0.0
9.556268453598022, 0.4791891872882843, 0.1643686294555664, -24.354894638061523, 7.844507694244385, 1.6082762479782104, 0.0
9.56624722480774, 0.4791891872882843, 0.16670525074005127, -24.060054779052734, 6.945687770843506, 1.6082762479782104, 0.0
9.576218605041504, 0.4818919003009796, 0.15904906392097473, -23.716073989868164, 6.626696586608887, 1.6154876947402954, 0.0
9.58623456954956, 0.48459458351135254, 0.22308288514614105, -24.634126663208008, -18.057254791259766, 1.6154876947402954, 0.0
9.596213579177856, 0.48729729652404785, 0.20709672570228577, -24.290145874023438, 6.888457775115967, 1.6154876947402954, 0.0
9.606242656707764, 0.48729729652404785, 0.13332237303256989, -23.946165084838867, 6.720778465270996, 1.6154876947402954, 0.0
9.61625599861145, 0.49000000953674316, 0.19845862686634064, -23.60218620300293, 8.405306816101074, 1.6230969429016113, 0.0
9.62622594833374, 0.4927026927471161, 0.2128618359565735, -24.641704559326172, -18.22539520263672, 1.6230969429016113, 0.0
9.636212825775146, 0.4927026927471161, 0.1438390612602234, -24.346864700317383, 5.096071243286133, 1.6230969429016113, 0.0
9.646250009536743, 0.4954054057598114, 0.1974647343158722, -24.150304794311523, 6.144547462463379, 1.6230969429016113, 0.0
9.656229019165039, 0.4954054057598114, 0.14580634236335754, -23.8554630279541, 4.282094955444336, 1.6307748556137085, 0.0
9.666224241256714, 0.4981081187725067, 0.202798992395401, -24.858327865600586, -19.876602172851562, 1.6307748556137085, 0.0
9.676217555999756, 0.5008108019828796, 0.2211570292711258, -24.465208053588867, 7.631649971008301, 1.6307748556137085, 0.0
9.686215162277222, 0.5008108019828796, 0.16723811626434326, -24.170366287231445, 6.681135177612305, 1.6307748556137085, 0.0
9.69620966911316, 0.503513514995575, 0.1663627326488495, -23.826387405395508, 6.6461639404296875, 1.6387053728103638, 0.0
9.706244468688965, 0.503513514995575, 0.15658119320869446, -24.973459243774414, -21.590354919433594, 1.6387053728103638, 0.0
9.716259241104126, 0.5062162280082703, 0.15990158915519714, -24.678617477416992, 3.544084310531616, 1.6387053728103638, 0.0
9.726258993148804, 0.5089189410209656, 0.16818927228450775, -24.383777618408203, 1.6891160011291504, 1.6387053728103638, 0.0
9.736234903335571, 0.5116215944290161, 0.2115410566329956, -24.039796829223633, 2.554922103881836, 1.6466879844665527, 0.0
9.746248483657837, 0.5116215944290161, 0.1550322324037552, -25.196340560913086, -26.194412231445312, 1.6466879844665527, 0.0
9.756264686584473, 0.5143243074417114, 0.213664248585701, -24.803220748901367, 3.364567995071411, 1.6466879844665527, 0.0
9.766234159469604, 0.5143243074417114, 0.16396446526050568, -24.508380889892578, 3.4425947666168213, 1.6466879844665527, 0.0
9.77620816230774, 0.5170270204544067, 0.1624683290719986, -24.21354103088379, 3.411181926727295, 1.6547791957855225, 0.0
9.786221981048584, 0.5170270204544067, 0.15518787503242493, -25.537248611450195, -24.898855209350586, 1.6547791957855225, 0.0
9.796243667602539, 0.519729733467102, 0.08314679563045502, -25.389829635620117, -13.844265937805176, 1.6547791957855225, 0.0
9.806244134902954, 0.5224324464797974, 0.11490503698587418, -25.193269729614258, 1.599539875984192, 1.6547791957855225, 0.0
9.81627893447876, 0.5224324464797974, 0.11490503698587418, -25.193269729614258, 1.599539875984192, 1.663035273551941, 0.0
9.826218605041504, 0.5224324464797974, 0.11490503698587418, -25.193269729614258, 1.599539875984192, 1.663035273551941, 0.0
9.836243867874146, 0.5278378129005432, 0.04657336324453354, -26.399534225463867, -3.4555981159210205, 1.663035273551941, 0.0
9.846248388290405, 0.5278378129005432, 0.26726922392845154, -25.908132553100586, -21.852874755859375, 1.663035273551941, 0.0
9.856253862380981, 0.5305405259132385, 0.3155304491519928, -25.318452835083008, -15.762150764465332, 1.6712360382080078, 0.0
9.86621904373169, 0.5332432389259338, 0.32518520951271057, -26.26896095275879, -41.21752166748047, 1.6712360382080078, 0.0
9.87624216079712, 0.5332432389259338, 0.29422643780708313, -25.72842025756836, -7.372049331665039, 1.6712360382080078, 0.0
9.886242628097534, 0.5359459519386292, 0.13376706838607788, -25.48271942138672, -2.865201711654663, 1.6712360382080078, 0.0
9.89623498916626, 0.5359459519386292, 0.08186973631381989, -25.335298538208008, 10.74586009979248, 1.6795978546142578, 0.0
9.90622067451477, 0.5386486649513245, 0.20721974968910217, -26.462509155273438, -10.626181602478027, 1.6795978546142578, 0.0
9.916215658187866, 0.5413513779640198, 0.21778975427150726, -26.118528366088867, -16.117977142333984, 1.6795978546142578, 0.0
9.926227331161499, 0.5413513779640198, 0.21778975427150726, -26.118528366088867, -16.117977142333984, 1.6795978546142578, 0.0
9.936236143112183, 0.5413513779640198, 0.07403436303138733, -25.921968460083008, 4.395379543304443, 1.687939167022705, 0.0
9.94625186920166, 0.5413513779640198, 0.07403436303138733, -25.921968460083008, 4.395379543304443, 1.687939167022705, 0.0
9.95625901222229, 0.5467567443847656, 0.05623552203178406, -27.19287109375, -3.844787359237671, 1.687939167022705, 0.0
9.966221570968628, 0.5494594573974609, 0.3228544294834137, -26.65233039855957, -18.394460678100586, 1.687939167022705, 0.0
9.976234197616577, 0.5494594573974609, 0.2750244140625, -26.16092872619629, -16.803068161010742, 1.6962882280349731, 0.0
9.986232995986938, 0.5521621704101562, 0.26581522822380066, -27.23668098449707, -15.228199005126953, 1.6962882280349731, 0.0
9.996221542358398, 0.5521621704101562, 0.2101489007472992, -26.79442024230957, -13.1384916305542, 1.6962882280349731, 0.0
10.006223201751709, 0.5548648834228516, 0.1704826056957245, -26.40129852294922, 16.64372444152832, 1.6962882280349731, 0.0
10.016236305236816, 0.5548648834228516, 0.10923591256141663, -27.665071487426758, -20.466110229492188, 1.7045903205871582, 0.0
10.026219367980957, 0.5575675964355469, 0.15438473224639893, -27.370229721069336, -23.026033401489258, 1.7045903205871582, 0.0
10.036228656768799, 0.5575675964355469, 0.10369517654180527, -27.124530792236328, 2.1514463424682617, 1.7045903205871582, 0.0
10.04621148109436, 0.5602702498435974, 0.1501915454864502, -26.977109909057617, 0.25692543387413025, 1.7045903205871582, 0.0
10.056211471557617, 0.5602702498435974, 0.09866362065076828, -26.731409072875977, -3.334599494934082, 1.7127947807312012, 0.0
10.066212892532349, 0.5629729628562927, 0.07738558948040009, -28.07571029663086, -15.980941772460938, 1.7127947807312012, 0.0
10.076210737228394, 0.565675675868988, 0.2149403989315033, -27.682588577270508, -0.3483036160469055, 1.7127947807312012, 0.0
10.08621859550476, 0.5683783888816833, 0.20076966285705566, -27.33860969543457, 0.5872489213943481, 1.7127947807312012, 0.0
10.096233367919922, 0.5683783888816833, 0.22789278626441956, -26.94548797607422, 3.774212598800659, 1.7209213972091675, 0.0
10.10624885559082, 0.5710811018943787, 0.2071913480758667, -28.02993392944336, -23.002933502197266, 1.7209213972091675, 0.0
10.116219997406006, 0.5710811018943787, 0.17005635797977448, -27.685955047607422, 8.174576759338379, 1.7209213972091675, 0.0
10.126226902008057, 0.5737837553024292, 0.16016517579555511, -27.39111328125, 5.757713794708252, 1.7209213972091675, 0.0
10.13625168800354, 0.5764864683151245, 0.16485467553138733, -27.09627342224121, 4.927175521850586, 1.7290574312210083, 0.0
10.146257638931274, 0.5764864683151245, 0.1643686294555664, -28.280712127685547, -27.067834854125977, 1.7290574312210083, 0.0
10.156262636184692, 0.5791891813278198, 0.16820590198040009, -27.985872268676758, 0.9140962958335876, 1.7290574312210083, 0.0
10.166252374649048, 0.5818918943405151, 0.20682278275489807, -27.641891479492188, 0.8429665565490723, 1.7290574312210083, 0.0
10.176219463348389, 0.5818918943405151, 0.15361762046813965, -27.3470516204834, 0.8348178863525391, 1.736959457397461, 0.0
10.186217784881592, 0.5845946073532104, 0.16091544926166534, -28.439802169799805, -26.664003372192383, 1.736959457397461, 0.0
10.196220874786377, 0.5872973203659058, 0.2070588916540146, -28.095823287963867, 3.5411806106567383, 1.736959457397461, 0.0
10.206233978271484, 0.5872973203659058, 0.14291423559188843, -27.948402404785156, 3.258880138397217, 1.736959457397461, 0.0
10.216214179992676, 0.5899999737739563, 0.2131219506263733, -27.604421615600586, 4.6136088371276855, 1.7448410987854004, 0.0
10.226213932037354, 0.5899999737739563, 0.15985649824142456, -28.74260711669922, -24.60779571533203, 1.7448410987854004, 0.0
10.23622441291809, 0.5927026867866516, 0.16379863023757935, -28.39862823486328, 3.8099827766418457, 1.7448410987854004, 0.0
10.24622631072998, 0.5954053997993469, 0.2109505832195282, -28.05464744567871, 4.638925075531006, 1.7448410987854004, 0.0
10.256207942962646, 0.5954053997993469, 0.1608317345380783, -27.759807586669922, 3.7409722805023193, 1.752730131149292, 0.0
10.266213178634644, 0.5981081128120422, 0.1647428721189499, -28.850194931030273, -25.31198501586914, 1.752730131149292, 0.0
10.276225090026855, 0.6008108258247375, 0.19156666100025177, -28.506216049194336, 4.188848972320557, 1.752730131149292, 0.0
10.28623342514038, 0.6008108258247375, 0.13382075726985931, -28.358795166015625, 3.0905137062072754, 1.752730131149292, 0.0
10.29622197151184, 0.6008108258247375, 0.13382075726985931, -28.358795166015625, 3.0905137062072754, 1.7598965167999268, 0.0
10.306242942810059, 0.6008108258247375, 0.13382075726985931, -28.358795166015625, 3.0905137062072754, 1.7598965167999268, 0.0
10.316228151321411, 0.6008108258247375, 0.13382075726985931, -28.358795166015625, 3.0905137062072754, 1.7598965167999268, 0.0
10.326220750808716, 0.6008108258247375, 0.13382075726985931, -28.358795166015625, 3.0905137062072754, 1.7598965167999268, 0.0
10.336220264434814, 0.6008108258247375, 0.13382075726985931, -28.358795166015625, 3.0905137062072754, 1.7641143798828125, 0.0
10.346268653869629, 0.6008108258247375, 0.13382075726985931, -28.358795166015625, 3.0905137062072754, 1.7641143798828125, 0.0
10.356228590011597, 0.6008108258247375, 0.13382075726985931, -28.358795166015625, 3.0905137062072754, 1.7641143798828125, 0.0
10.366259336471558, 0.6008108258247375, 0.13382075726985931, -28.358795166015625, 3.0905137062072754, 1.7641143798828125, 0.0
10.37622880935669, 0.6008108258247375, 0.13382075726985931, -28.358795166015625, 3.0905137062072754, 1.7636620998382568, 0.0
10.386233806610107, 0.6008108258247375, 0.13382075726985931, -28.358795166015625, 3.0905137062072754, 1.7636620998382568, 0.0
10.396237134933472, 0.6008108258247375, 0.13382075726985931, -28.358795166015625, 3.0905137062072754, 1.7636620998382568, 0.0
10.406203508377075, 0.6062161922454834, 0.010674742050468922, -30.100725173950195, -1.3445401191711426, 1.7636620998382568, 0.0
10.416250705718994, 0.6035135388374329, 0.19309213757514954, -29.904165267944336, -29.523529052734375, 1.757388949394226, 0.0
10.4262535572052, 0.6008108258247375, 0.10708948224782944, -28.517892837524414, -12.098236083984375, 1.757388949394226, 0.0
10.436244487762451, 0.5981081128120422, 0.0, -28.419612884521484, 11.232556343078613, 1.757388949394226, 0.0
10.44623875617981, 0.5954053997993469, -0.05569399893283844, -28.517892837524414, 3.809846878051758, 1.757388949394226, 0.0
10.456218719482422, 0.5899999737739563, -0.2116200476884842, -28.861873626708984, -9.847668647766113, 1.7435262203216553, 0.0
10.466238737106323, 0.5845946073532104, -0.3915122151374817, -27.02933692932129, 59.4923210144043, 1.7435262203216553, 0.0
10.476229906082153, 0.5791891813278198, -0.43648096919059753, -27.81557846069336, 14.1777925491333, 1.7435262203216553, 0.0
10.486220836639404, 0.5737837553024292, -0.4673336446285248, -28.70009994506836, -5.38887882232666, 1.7435262203216553, 0.0
10.496220111846924, 0.5683783888816833, -0.5447883605957031, -29.682899475097656, -23.483253479003906, 1.7243714332580566, 0.0
10.506225347518921, 0.5602702498435974, -0.5554861426353455, -27.281291961669922, 29.532405853271484, 1.7243714332580566, 0.0
10.51625919342041, 0.5575675964355469, -0.44006043672561646, -27.82183265686035, -16.822154998779297, 1.7243714332580566, 0.0
10.526219129562378, 0.5494594573974609, -0.5891358852386475, -29.00119400024414, -28.677785873413086, 1.7243714332580566, 0.0
10.536206483840942, 0.5413513779640198, -0.7285679578781128, -30.27883529663086, -41.9077262878418, 1.7022629976272583, 0.0
10.546209812164307, 0.5359459519386292, -0.7027871608734131, -27.487621307373047, 36.92179870605469, 1.7022629976272583, 0.0
10.556245803833008, 0.5278378129005432, -0.7032902240753174, -28.765262603759766, -40.52406311035156, 1.7022629976272583, 0.0
10.566216468811035, 0.5224324464797974, -0.7103414535522461, -30.042903900146484, -44.904296875, 1.7022629976272583, 0.0
10.576253652572632, 0.5170270204544067, -0.6637624502182007, -31.222265243530273, -45.45645523071289, 1.681978464126587, 0.0
10.586247205734253, 0.5116215944290161, -0.5437383651733398, -28.615249633789062, 30.42597007751465, 1.681978464126587, 0.0
10.596246004104614, 0.5089189410209656, -0.5155903697013855, -29.155790328979492, -39.15693664550781, 1.681978464126587, 0.0
10.60623049736023, 0.503513514995575, -0.556999683380127, -30.23686981201172, -39.53982162475586, 1.681978464126587, 0.0
10.616205215454102, 0.4981081187725067, -0.525177538394928, -31.21967124938965, -35.27973175048828, 1.6653144359588623, 0.0
10.626219749450684, 0.4954054057598114, -0.5146469473838806, -29.12350845336914, 31.928569793701172, 1.6653144359588623, 0.0
10.636250734329224, 0.49000000953674316, -0.44532349705696106, -30.00802993774414, -35.39475631713867, 1.6653144359588623, 0.0
10.646225214004517, 0.48729729652404785, -0.38634881377220154, -30.79427146911621, -29.277420043945312, 1.6653144359588623, 0.0
10.656253814697266, 0.48729729652404785, -0.36147820949554443, -31.13825035095215, -27.550363540649414, 1.6535896062850952, 0.0
10.666229724884033, 0.4818919003009796, -0.32783183455467224, -29.694425582885742, 17.914752960205078, 1.6535896062850952, 0.0
10.676247119903564, 0.4818919003009796, -0.2135716676712036, -30.23496437072754, -24.55540657043457, 1.6535896062850952, 0.0
10.686253309249878, 0.4791891872882843, -0.25871729850769043, -30.77550506591797, -23.160493850708008, 1.6535896062850952, 0.0
10.696217060089111, 0.476486474275589, -0.252212792634964, -29.796228408813477, 11.290121078491211, 1.6457711458206177, 0.0
10.706260681152344, 0.476486474275589, -0.20677562057971954, -29.992788314819336, 15.329755783081055, 1.6457711458206177, 0.0
10.716275930404663, 0.47378379106521606, -0.20922769606113434, -30.385908126831055, -20.039920806884766, 1.6457711458206177, 0.0
10.726248741149902, 0.47378379106521606, -0.15945175290107727, -30.680747985839844, -13.598525047302246, 1.6457711458206177, 0.0
10.736243724822998, 0.47108107805252075, -0.1610221117734909, -30.975589752197266, -8.852992057800293, 1.6402184963226318, 0.0
10.746294260025024, 0.47108107805252075, -0.17429207265377045, -30.26085662841797, 15.288168907165527, 1.6402184963226318, 0.0
10.756223678588867, 0.47108107805252075, -0.09579546749591827, -30.457416534423828, -8.234227180480957, 1.6402184963226318, 0.0
10.766252279281616, 0.46837836503982544, -0.0985221341252327, -30.653976440429688, -4.885978698730469, 1.6402184963226318, 0.0
10.776232242584229, 0.46837836503982544, -0.1045752465724945, -30.85053825378418, -3.2848005294799805, 1.6351388692855835, 0.0
10.786260604858398, 0.4656756818294525, -0.10522563010454178, -30.1235294342041, 16.586833953857422, 1.6351388692855835, 0.0
10.796282052993774, 0.4656756818294525, -0.1093149185180664, -30.22180938720703, -2.1916446685791016, 1.6351388692855835, 0.0
10.806233644485474, 0.4656756818294525, -0.10244414210319519, -30.41836929321289, -1.1225829124450684, 1.6351388692855835, 0.0
10.816258430480957, 0.4629729688167572, -0.15788240730762482, -30.71320915222168, -3.0671095848083496, 1.6285477876663208, 0.0
10.826265335083008, 0.4602702558040619, -0.16420197486877441, -29.760530471801758, 20.084012985229492, 1.6285477876663208, 0.0
10.836228847503662, 0.4602702558040619, -0.16713948547840118, -30.05537223815918, -0.62094646692276, 1.6285477876663208, 0.0
10.846238374710083, 0.45756757259368896, -0.16858112812042236, -30.35021209716797, -2.6697099208831787, 1.6285477876663208, 0.0
10.856245517730713, 0.45486485958099365, -0.20384745299816132, -30.69419288635254, -5.200887680053711, 1.6201860904693604, 0.0
10.866250276565552, 0.4521621763706207, -0.20865003764629364, -29.517864227294922, 23.070322036743164, 1.6201860904693604, 0.0
10.876244068145752, 0.4521621763706207, -0.14855138957500458, -29.861845016479492, -1.8561904430389404, 1.6201860904693604, 0.0
10.88622522354126, 0.4494594633579254, -0.18986612558364868, -30.05840492248535, -2.6423499584198, 1.6201860904693604, 0.0
10.896230936050415, 0.4467567503452301, -0.20524998009204865, -30.45152473449707, -4.722354888916016, 1.6103804111480713, 0.0
10.906224727630615, 0.4440540671348572, -0.260333389043808, -29.11093521118164, 26.714269638061523, 1.6103804111480713, 0.0
10.916306018829346, 0.44135135412216187, -0.25452324748039246, -29.55319595336914, -4.3676066398620605, 1.6103804111480713, 0.0
10.926210165023804, 0.43864864110946655, -0.2673826813697815, -29.995454788208008, -5.560574531555176, 1.6103804111480713, 0.0
10.936269283294678, 0.43864864110946655, -0.2648959457874298, -30.24115562438965, -7.435375213623047, 1.5995773077011108, 0.0
10.946232080459595, 0.43594595789909363, -0.26567819714546204, -28.768356323242188, 29.227012634277344, 1.5995773077011108, 0.0
10.956251382827759, 0.4332432448863983, -0.24020928144454956, -29.210617065429688, -6.139327526092529, 1.5995773077011108, 0.0
10.966241598129272, 0.430540531873703, -0.26823049783706665, -29.652875900268555, -6.855500221252441, 1.5995773077011108, 0.0
10.976248025894165, 0.4278378486633301, -0.2730766236782074, -30.095136642456055, -6.979359149932861, 1.5889670848846436, 0.0
10.9862380027771, 0.4278378486633301, -0.21013915538787842, -28.559125900268555, 32.6950798034668, 1.5889670848846436, 0.0
10.99622368812561, 0.42513513565063477, -0.21453362703323364, -28.952245712280273, -3.649193048477173, 1.5889670848846436, 0.0
11.00624680519104, 0.42243242263793945, -0.22343464195728302, -29.345367431640625, -2.7849864959716797, 1.5889670848846436, 0.0
11.016220808029175, 0.42243242263793945, -0.15957146883010864, -29.689346313476562, -0.7177578210830688, 1.5791531801223755, 0.0
11.02622127532959, 0.41972973942756653, -0.15628616511821747, -28.248981475830078, 35.58519744873047, 1.5791531801223755, 0.0
11.036242723464966, 0.41972973942756653, -0.1609382927417755, -28.543821334838867, 0.3037808835506439, 1.5791531801223755, 0.0
11.046215295791626, 0.4170270264148712, -0.16122058033943176, -28.838661193847656, 2.258502721786499, 1.5791531801223755, 0.0
11.056216478347778, 0.4170270264148712, -0.10644590854644775, -27.72823715209961, 31.845314025878906, 1.5716944932937622, 0.0
11.066213846206665, 0.4143243134021759, -0.1687316745519638, -27.97393798828125, 35.698089599609375, 1.5716944932937622, 0.0
11.076220273971558, 0.4143243134021759, -0.1106162816286087, -28.17049789428711, 1.6060893535614014, 1.5716944932937622, 0.0
11.086221933364868, 0.4143243134021759, -0.10535765439271927, -28.36705780029297, 3.4453306198120117, 1.5716944932937622, 0.0
11.096227169036865, 0.4143243134021759, -0.05356498062610626, -27.618669509887695, 24.179065704345703, 1.56703782081604, 0.0
11.106221199035645, 0.4143243134021759, -0.054646916687488556, -27.716949462890625, 0.22821365296840668, 1.56703782081604, 0.0
11.116223096847534, 0.4143243134021759, 0.0, -27.766090393066406, 4.327709674835205, 1.56703782081604, 0.0
11.126224756240845, 0.4143243134021759, 0.0, -27.766090393066406, 7.91215181350708, 1.56703782081604, 0.0
11.1362144947052, 0.4170270264148712, 0.05173873528838158, -27.41016960144043, 18.318010330200195, 1.5653505325317383, 0.0
11.14622163772583, 0.4170270264148712, 0.054460518062114716, -27.3118896484375, 6.1817307472229, 1.5653505325317383, 0.0
11.156217098236084, 0.41972973942756653, 0.10704397410154343, -27.164470672607422, 10.940834999084473, 1.5653505325317383, 0.0
11.166241884231567, 0.41972973942756653, 0.09997756779193878, -27.066190719604492, 12.945247650146484, 1.5653505325317383, 0.0
11.176223516464233, 0.41972973942756653, 0.1047782301902771, -26.869630813598633, 17.37696075439453, 1.5656049251556396, 0.0
11.18621015548706, 0.42243242263793945, 0.15681223571300507, -26.621042251586914, 22.145418167114258, 1.5656049251556396, 0.0
11.196221828460693, 0.42243242263793945, 0.10066115856170654, -26.424482345581055, 17.44068717956543, 1.5656049251556396, 0.0
11.206251382827759, 0.42513513565063477, 0.17043134570121765, -26.178781509399414, 22.784860610961914, 1.5656049251556396, 0.0
11.216243505477905, 0.42513513565063477, 0.11178893595933914, -25.982221603393555, 22.417490005493164, 1.567241907119751, 0.0
11.226221084594727, 0.4278378486633301, 0.15948913991451263, -26.034154891967773, 16.434064865112305, 1.567241907119751, 0.0
11.236233234405518, 0.430540531873703, 0.15992414951324463, -25.788454055786133, 16.42194938659668, 1.567241907119751, 0.0
11.246228694915771, 0.430540531873703, 0.16613517701625824, -25.493614196777344, 19.0734920501709, 1.567241907119751, 0.0
11.256216764450073, 0.4332432448863983, 0.16301347315311432, -25.149633407592773, 20.69101905822754, 1.5703561305999756, 0.0
11.266217947006226, 0.43594595789909363, 0.22538933157920837, -25.371875762939453, 12.72480583190918, 1.5703561305999756, 0.0
11.276248931884766, 0.43864864110946655, 0.2116200476884842, -24.978755950927734, 20.659284591674805, 1.5703561305999756, 0.0
11.286240100860596, 0.43864864110946655, 0.16990342736244202, -24.634775161743164, 24.175067901611328, 1.5703561305999756, 0.0
11.296229362487793, 0.44135135412216187, 0.21455392241477966, -24.241655349731445, 24.846683502197266, 1.5741503238677979, 0.0
11.306247234344482, 0.4440540671348572, 0.22382065653800964, -24.587528228759766, 11.63751220703125, 1.5741503238677979, 0.0
11.316234350204468, 0.4467567503452301, 0.2202867567539215, -24.194408416748047, 23.992717742919922, 1.5741503238677979, 0.0
11.326257944107056, 0.4494594633579254, 0.21612882614135742, -23.801286697387695, 23.539852142333984, 1.5741503238677979, 0.0
11.336243152618408, 0.4521621763706207, 0.26885393261909485, -23.359027862548828, 25.381261825561523, 1.578628420829773, 0.0
11.34621787071228, 0.4521621763706207, 0.21595384180545807, -23.780105590820312, 9.219781875610352, 1.578628420829773, 0.0
11.356254816055298, 0.4521621763706207, 0.21595384180545807, -23.780105590820312, 9.219781875610352, 1.578628420829773, 0.0
11.366210699081421, 0.45756757259368896, 0.11138252913951874, -23.485265731811523, 8.921079635620117, 1.578628420829773, 0.0
11.376228094100952, 0.45756757259368896, 0.11138252913951874, -23.485265731811523, 8.921079635620117, 1.5839998722076416, 0.0
11.386239051818848, 0.4602702558040619, 0.0838996171951294, -24.16705322265625, 2.1754589080810547, 1.5839998722076416, 0.0
11.39621639251709, 0.4656756818294525, 0.142217218875885, -23.77393341064453, 4.058578968048096, 1.5839998722076416, 0.0
11.406234502792358, 0.46837836503982544, 0.39876726269721985, -23.03683090209961, 17.724000930786133, 1.5839998722076416, 0.0
11.416222095489502, 0.47108107805252075, 0.4252445697784424, -23.351438522338867, 4.981565475463867, 1.5897842645645142, 0.0
11.426217555999756, 0.47378379106521606, 0.4533929228782654, -22.614337921142578, 28.567235946655273, 1.5897842645645142, 0.0
11.436213731765747, 0.47378379106521606, 0.33171936869621277, -21.92637825012207, 31.88866424560547, 1.5897842645645142, 0.0
11.446214437484741, 0.476486474275589, 0.2117781788110733, -21.43497657775879, 45.818931579589844, 1.5897842645645142, 0.0
11.45621657371521, 0.4791891872882843, 0.21013915538787842, -22.180084228515625, 16.653348922729492, 1.596314787864685, 0.0
11.466237783432007, 0.4818919003009796, 0.2158304899930954, -21.737823486328125, 32.214725494384766, 1.596314787864685, 0.0
11.476237058639526, 0.48459458351135254, 0.21694572269916534, -21.295562744140625, 26.4644832611084, 1.596314787864685, 0.0
11.486207962036133, 0.48729729652404785, 0.2599155604839325, -20.804162979125977, 21.584392547607422, 1.596314787864685, 0.0
11.496219158172607, 0.49000000953674316, 0.2727218568325043, -20.312763214111328, 22.647878646850586, 1.603089690208435, 0.0
11.506221294403076, 0.4927026927471161, 0.27762433886528015, -21.05316162109375, 23.151710510253906, 1.603089690208435, 0.0
11.516220092773438, 0.4954054057598114, 0.2747045159339905, -20.5617618560791, 23.907146453857422, 1.603089690208435, 0.0
11.526246786117554, 0.4981081187725067, 0.13575996458530426, -20.31606101989746, 11.814997673034668, 1.603089690208435, 0.0
11.5362229347229, 0.5008108019828796, 0.16986948251724243, -20.021221160888672, 13.349096298217773, 1.6102834939956665, 0.0
11.546272039413452, 0.503513514995575, 0.1645674854516983, -21.034345626831055, 0.15747976303100586, 1.6102834939956665, 0.0
11.556238412857056, 0.5062162280082703, 0.30354684591293335, -20.444664001464844, 2.1301512718200684, 1.6102834939956665, 0.0
11.566219568252563, 0.5089189410209656, 0.3091624677181244, -19.854984283447266, 27.527568817138672, 1.6102834939956665, 0.0
11.576212167739868, 0.5116215944290161, 0.31359556317329407, -20.6170711517334, 3.681840658187866, 1.61771821975708, 0.0
11.586226463317871, 0.5116215944290161, 0.32753413915634155, -20.32223129272461, 4.838017463684082, 1.61771821975708, 0.0
11.596235752105713, 0.5143243074417114, 0.2461342066526413, -19.83083152770996, 3.4677541255950928, 1.61771821975708, 0.0
11.60623025894165, 0.5143243074417114, 0.21515457332134247, -19.6342716217041, 27.863998413085938, 1.61771821975708, 0.0
11.616203784942627, 0.5170270204544067, 0.20764677226543427, -19.1920108795166, 24.06014060974121, 1.6254854202270508, 0.0
11.626278638839722, 0.519729733467102, 0.21064677834510803, -20.161968231201172, -5.981533050537109, 1.6254854202270508, 0.0
11.636246919631958, 0.5224324464797974, 0.13884617388248444, -19.91626739501953, -3.6590394973754883, 1.6254854202270508, 0.0
11.646266460418701, 0.5251351594924927, 0.2687009871006012, -19.424867630004883, 17.84307098388672, 1.6254854202270508, 0.0
11.65621542930603, 0.5251351594924927, 0.2687009871006012, -19.424867630004883, 17.84307098388672, 1.633310079574585, 0.0
11.666206121444702, 0.5251351594924927, 0.2687009871006012, -19.424867630004883, 17.84307098388672, 1.633310079574585, 0.0
11.676226377487183, 0.5251351594924927, 0.2687009871006012, -19.424867630004883, 17.84307098388672, 1.633310079574585, 0.0
11.686218738555908, 0.5251351594924927, 0.2687009871006012, -19.424867630004883, 17.84307098388672, 1.633310079574585, 0.0
11.696215152740479, 0.5251351594924927, 0.2687009871006012, -19.424867630004883, 17.84307098388672, 1.6414107084274292, 0.0
11.706226587295532, 0.5251351594924927, 0.2687009871006012, -19.424867630004883, 17.84307098388672, 1.6414107084274292, 0.0
11.71624231338501, 0.5251351594924927, 0.2687009871006012, -19.424867630004883, 17.84307098388672, 1.6414107084274292, 0.0
11.726219177246094, 0.5251351594924927, 0.2687009871006012, -19.424867630004883, 17.84307098388672, 1.6414107084274292, 0.0
11.736233711242676, 0.5251351594924927, 0.2687009871006012, -19.424867630004883, 17.84307098388672, 1.6496249437332153, 0.0
11.746254205703735, 0.5251351594924927, 0.2687009871006012, -19.424867630004883, 17.84307098388672, 1.6496249437332153, 0.0
11.75624394416809, 0.5440540313720703, 0.02929503284394741, -23.224191665649414, -2.8431663513183594, 1.6496249437332153, 0.0
11.766231536865234, 0.5440540313720703, 0.02929503284394741, -23.224191665649414, -2.8431663513183594, 1.6496249437332153, 0.0
11.776208877563477, 0.5440540313720703, 0.02929503284394741, -23.224191665649414, -2.8431663513183594, 1.6578681468963623, 0.0
11.786224365234375, 0.5494594573974609, 0.10555952787399292, -24.084135055541992, -12.778569221496582, 1.6578681468963623, 0.0
11.796268939971924, 0.5494594573974609, 0.698390781879425, -23.445314407348633, -75.75315856933594, 1.6578681468963623, 0.0
11.806250810623169, 0.5521621704101562, 0.3447675406932831, -22.806493759155273, -33.538761138916016, 1.6578681468963623, 0.0
11.816207885742188, 0.5521621704101562, 0.6810585260391235, -22.167673110961914, -57.68016052246094, 1.6662462949752808, 0.0
11.826215744018555, 0.5521621704101562, 0.6810585260391235, -22.167673110961914, -57.68016052246094, 1.6662462949752808, 0.0
11.836227178573608, 0.5548648834228516, 0.137226402759552, -23.052152633666992, -10.520416259765625, 1.6662462949752808, 0.0
11.846272706985474, 0.5548648834228516, 0.3518802225589752, -22.413331985473633, -22.547517776489258, 1.6662462949752808, 0.0
11.856234073638916, 0.5548648834228516, 0.3518802225589752, -22.413331985473633, -22.547517776489258, 1.6745883226394653, 0.0
11.866218090057373, 0.5575675964355469, 0.23175352811813354, -23.291242599487305, -22.26154327392578, 1.6745883226394653, 0.0
11.876222372055054, 0.5602702498435974, 0.22976619005203247, -22.652421951293945, -19.499835968017578, 1.6745883226394653, 0.0
11.886232852935791, 0.5602702498435974, 0.3365616202354431, -21.718761444091797, 31.244646072387695, 1.6745883226394653, 0.0
11.896236419677734, 0.5602702498435974, 0.3365616202354431, -21.718761444091797, 31.244646072387695, 1.6829296350479126, 0.0
11.90624451637268, 0.5602702498435974, 0.3365616202354431, -21.718761444091797, 31.244646072387695, 1.6829296350479126, 0.0
11.916252374649048, 0.5602702498435974, 0.3365616202354431, -21.718761444091797, 31.244646072387695, 1.6829296350479126, 0.0
11.926242113113403, 0.5602702498435974, 0.3365616202354431, -21.718761444091797, 31.244646072387695, 1.6829296350479126, 0.0
11.936212062835693, 0.5602702498435974, 0.3365616202354431, -21.718761444091797, 31.244646072387695, 1.6913996934890747, 0.0
11.94622802734375, 0.5602702498435974, 0.3365616202354431, -21.718761444091797, 31.244646072387695, 1.6913996934890747, 0.0
11.956243515014648, 0.5602702498435974, 0.3365616202354431, -21.718761444091797, 31.244646072387695, 1.6913996934890747, 0.0
11.966225385665894, 0.5602702498435974, 0.3365616202354431, -21.718761444091797, 31.244646072387695, 1.6913996934890747, 0.0
11.976210832595825, 0.5602702498435974, 0.3365616202354431, -21.718761444091797, 31.244646072387695, 1.699845790863037, 0.0
11.98624038696289, 0.5602702498435974, 0.3365616202354431, -21.718761444091797, 31.244646072387695, 1.699845790863037, 0.0
11.996253252029419, 0.5602702498435974, 0.3365616202354431, -21.718761444091797, 31.244646072387695, 1.699845790863037, 0.0
12.006232023239136, 0.5602702498435974, 0.3365616202354431, -21.718761444091797, 31.244646072387695, 1.699845790863037, 0.0
12.016218662261963, 0.5602702498435974, 0.3365616202354431, -21.718761444091797, 31.244646072387695, 1.7081232070922852, 0.0
12.026220560073853, 0.5602702498435974, 0.3365616202354431, -21.718761444091797, 31.244646072387695, 1.7081232070922852, 0.0
12.036214351654053, 0.5737837553024292, 0.016004106029868126, -27.37375259399414, -2.1643927097320557, 1.7081232070922852, 0.0
12.046223640441895, 0.5764864683151245, 0.4583270847797394, -26.48923110961914, -69.39138793945312, 1.7081232070922852, 0.0
12.056214570999146, 0.5764864683151245, 0.40456661581993103, -25.653850555419922, -48.68092727661133, 1.716475248336792, 0.0
12.06619381904602, 0.5764864683151245, 0.37871283292770386, -26.435302734375, -62.93678283691406, 1.716475248336792, 0.0
12.07621455192566, 0.5791891813278198, 0.36123138666152954, -26.09132194519043, -65.66119384765625, 1.716475248336792, 0.0
12.086234092712402, 0.5791891813278198, 0.3402147889137268, -25.403362274169922, -66.25936889648438, 1.716475248336792, 0.0
12.096214294433594, 0.5791891813278198, 0.10450294613838196, -25.206802368164062, 33.34351348876953, 1.7246589660644531, 0.0
12.106210708618164, 0.5818918943405151, 0.10800778120756149, -26.547330856323242, -9.997895240783691, 1.7246589660644531, 0.0
12.11621356010437, 0.5818918943405151, 0.10810048133134842, -26.350770950317383, 8.569660186767578, 1.7246589660644531, 0.0
12.126213788986206, 0.5818918943405151, 0.054327405989170074, -26.203350067138672, -2.2518765926361084, 1.7246589660644531, 0.0
12.136220932006836, 0.5845946073532104, 0.11129504442214966, -26.006790161132812, -12.42432689666748, 1.7327855825424194, 0.0
12.146225690841675, 0.5845946073532104, 0.10689760744571686, -27.287796020507812, -41.153865814208984, 1.7327855825424194, 0.0
12.156234741210938, 0.5872973203659058, 0.11194348335266113, -27.091236114501953, -11.264039039611816, 1.7327855825424194, 0.0
12.166224956512451, 0.5872973203659058, 0.10117776691913605, -26.894676208496094, -10.180765151977539, 1.7327855825424194, 0.0
12.176226377487183, 0.5872973203659058, 0.10842099040746689, -26.698116302490234, -9.923952102661133, 1.740898847579956, 0.0
12.186241388320923, 0.5899999737739563, 0.1040186882019043, -27.976694107055664, -37.907779693603516, 1.740898847579956, 0.0
12.196227312088013, 0.5927026867866516, 0.16262370347976685, -27.730995178222656, -8.889189720153809, 1.740898847579956, 0.0
12.206236362457275, 0.5927026867866516, 0.101277194917202, -27.485294342041016, -7.383182048797607, 1.740898847579956, 0.0
12.216245412826538, 0.5927026867866516, 0.09826166182756424, -27.387014389038086, -7.163347244262695, 1.748837947845459, 0.0
12.226229667663574, 0.5954053997993469, 0.15679055452346802, -28.535646438598633, -33.63276290893555, 1.748837947845459, 0.0
12.236234664916992, 0.5954053997993469, 0.106027752161026, -28.289945602416992, -4.216695785522461, 1.748837947845459, 0.0
12.24622893333435, 0.5981081128120422, 0.16478277742862701, -27.995105743408203, -2.37154483795166, 1.748837947845459, 0.0
12.256242275238037, 0.6008108258247375, 0.1587446630001068, -27.749404907226562, -3.2467334270477295, 1.7567447423934937, 0.0
12.266221046447754, 0.6008108258247375, 0.07998652011156082, -29.03958511352539, -15.33308219909668, 1.7567447423934937, 0.0
12.276247262954712, 0.6008108258247375, 0.07998652011156082, -29.03958511352539, -15.33308219909668, 1.7567447423934937, 0.0
12.286261320114136, 0.6008108258247375, 0.07998652011156082, -29.03958511352539, -15.33308219909668, 1.7567447423934937, 0.0
12.296216011047363, 0.6008108258247375, 0.07998652011156082, -29.03958511352539, -15.33308219909668, 1.7639691829681396, 0.0
12.306238174438477, 0.6008108258247375, 0.07998652011156082, -29.03958511352539, -15.33308219909668, 1.7639691829681396, 0.0
12.316295385360718, 0.6008108258247375, 0.07998652011156082, -29.03958511352539, -15.33308219909668, 1.7639691829681396, 0.0
12.326260089874268, 0.6008108258247375, 0.07998652011156082, -29.03958511352539, -15.33308219909668, 1.7639691829681396, 0.0
12.336232900619507, 0.6008108258247375, 0.07998652011156082, -29.03958511352539, -15.33308219909668, 1.7679519653320312, 0.0
12.34626054763794, 0.6008108258247375, 0.07998652011156082, -29.03958511352539, -15.33308219909668, 1.7679519653320312, 0.0
12.356262922286987, 0.6008108258247375, 0.07998652011156082, -29.03958511352539, -15.33308219909668, 1.7679519653320312, 0.0
12.366286277770996, 0.6008108258247375, 0.07998652011156082, -29.03958511352539, -15.33308219909668, 1.7679519653320312, 0.0
12.376216888427734, 0.6008108258247375, 0.07998652011156082, -29.03958511352539, -15.33308219909668, 1.7676724195480347, 0.0
12.386241674423218, 0.6008108258247375, 0.07998652011156082, -29.03958511352539, -15.33308219909668, 1.7676724195480347, 0.0
12.396220445632935, 0.6008108258247375, 0.07998652011156082, -29.03958511352539, -15.33308219909668, 1.7676724195480347, 0.0
12.40621280670166, 0.6089189052581787, 0.0112793343141675, -30.73159408569336, -2.326353073120117, 1.7676724195480347, 0.0
12.416205883026123, 0.6089189052581787, 0.23714397847652435, -30.48589515686035, -31.637203216552734, 1.7610403299331665, 0.0
12.426211595535278, 0.6062161922454834, 0.21835610270500183, -28.886940002441406, -10.072978973388672, 1.7610403299331665, 0.0
12.436254501342773, 0.6035135388374329, 0.10733791440725327, -28.641239166259766, -9.903203964233398, 1.7610403299331665, 0.0
12.44624638557434, 0.5981081128120422, 2.3012665449455294e-14, -28.592100143432617, -14.411603927612305, 1.7610403299331665, 0.0
12.456241369247437, 0.5927026867866516, -0.16400399804115295, -28.837799072265625, 4.081539154052734, 1.747234582901001, 0.0
12.466300249099731, 0.5872973203659058, -0.38770318031311035, -27.015625, 62.22636032104492, 1.747234582901001, 0.0
12.476229906082153, 0.5845946073532104, -0.34238553047180176, -27.40874481201172, 26.52029800415039, 1.747234582901001, 0.0
12.486219644546509, 0.5791891813278198, -0.44265711307525635, -28.29326629638672, 8.12098217010498, 1.747234582901001, 0.0
12.496231079101562, 0.5737837553024292, -0.5368674993515015, -29.276065826416016, -13.586394309997559, 1.7278969287872314, 0.0
12.506231784820557, 0.565675675868988, -0.5877151489257812, -26.841211318969727, 36.555477142333984, 1.7278969287872314, 0.0
12.51624870300293, 0.5602702498435974, -0.5771382451057434, -27.971431732177734, -24.004297256469727, 1.7278969287872314, 0.0
12.526224374771118, 0.5521621704101562, -0.5885241627693176, -29.101652145385742, -30.719785690307617, 1.7278969287872314, 0.0
12.536216735839844, 0.5467567443847656, -0.6217729449272156, -26.282821655273438, 38.54290008544922, 1.705906867980957, 0.0
12.54622220993042, 0.5386486649513245, -0.6925812363624573, -27.560462951660156, 33.817867279052734, 1.705906867980957, 0.0
12.556297063827515, 0.5359459519386292, -0.6651255488395691, -28.150142669677734, -37.92906188964844, 1.705906867980957, 0.0
12.56623888015747, 0.5278378129005432, -0.6591556668281555, -29.378644943237305, -37.46288299560547, 1.705906867980957, 0.0
12.576213836669922, 0.5224324464797974, -0.6998500823974609, -30.656286239624023, -42.7121696472168, 1.685680866241455, 0.0
12.586255311965942, 0.5170270204544067, -0.6324692368507385, -28.158191680908203, 29.898000717163086, 1.685680866241455, 0.0
12.59626579284668, 0.5116215944290161, -0.5966578722000122, -29.28841209411621, -47.49967956542969, 1.685680866241455, 0.0
12.606223344802856, 0.5062162280082703, -0.5750312209129333, -30.36949348449707, -42.926597595214844, 1.685680866241455, 0.0
12.616218090057373, 0.503513514995575, -0.4320654273033142, -28.34089469909668, 18.433218002319336, 1.6691181659698486, 0.0
12.62625527381897, 0.5008108019828796, -0.42446169257164, -28.78315544128418, 21.5388126373291, 1.6691181659698486, 0.0
12.636213541030884, 0.4981081187725067, -0.4334145188331604, -29.6185359954834, -41.0936164855957, 1.6691181659698486, 0.0
12.646240472793579, 0.4927026927471161, -0.41897737979888916, -30.40477752685547, -32.10700607299805, 1.6691181659698486, 0.0
12.656225442886353, 0.49000000953674316, -0.31396573781967163, -31.092737197875977, -20.972917556762695, 1.6574782133102417, 0.0
12.666282653808594, 0.48729729652404785, -0.3074991703033447, -29.615203857421875, 24.553171157836914, 1.6574782133102417, 0.0
12.676235675811768, 0.48459458351135254, -0.33305132389068604, -30.204883575439453, -29.19969367980957, 1.6574782133102417, 0.0
12.68622636795044, 0.48459458351135254, -0.2568065822124481, -30.696285247802734, -20.481189727783203, 1.6574782133102417, 0.0
12.696204900741577, 0.4818919003009796, -0.22240449488162994, -30.941984176635742, -15.311275482177734, 1.649950623512268, 0.0
12.706298112869263, 0.4818919003009796, -0.20415951311588287, -29.96645164489746, 14.773638725280762, 1.649950623512268, 0.0
12.716251850128174, 0.4791891872882843, -0.15264540910720825, -30.31043243408203, -18.63931655883789, 1.649950623512268, 0.0
12.726219177246094, 0.4791891872882843, -0.1474372297525406, -30.60527229309082, -12.641998291015625, 1.649950623512268, 0.0
12.736243963241577, 0.476486474275589, -0.14280620217323303, -30.75269317626953, -9.648435592651367, 1.6445190906524658, 0.0
12.746232509613037, 0.476486474275589, -0.1385023593902588, -30.059982299804688, 10.869291305541992, 1.6445190906524658, 0.0
12.756265878677368, 0.47378379106521606, -0.15959392488002777, -30.354822158813477, -11.513326644897461, 1.6445190906524658, 0.0
12.766256332397461, 0.47378379106521606, -0.11036857962608337, -30.600522994995117, -8.933160781860352, 1.6445190906524658, 0.0
12.776248216629028, 0.47108107805252075, -0.16251491010189056, -30.846221923828125, -7.784295082092285, 1.6389782428741455, 0.0
12.786224365234375, 0.47108107805252075, -0.1063859686255455, -30.084495544433594, 13.151054382324219, 1.6389782428741455, 0.0
12.79622769355774, 0.46837836503982544, -0.12748488783836365, -30.231916427612305, -5.021254062652588, 1.6389782428741455, 0.0
12.80625581741333, 0.46837836503982544, -0.10076405853033066, -30.477617263793945, -5.037161827087402, 1.6389782428741455, 0.0
12.81622314453125, 0.4656756818294525, -0.15716008841991425, -30.772457122802734, -5.237586498260498, 1.632785677909851, 0.0
12.826254844665527, 0.4629729688167572, -0.21279190480709076, -29.990516662597656, 13.941377639770508, 1.632785677909851, 0.0
12.836258888244629, 0.4629729688167572, -0.15048396587371826, -30.285356521606445, -5.551954746246338, 1.632785677909851, 0.0
12.84623908996582, 0.4602702558040619, -0.1590639352798462, -30.629337310791016, -7.7965521812438965, 1.632785677909851, 0.0
12.856222152709961, 0.45756757259368896, -0.20849654078483582, -29.463546752929688, 19.557281494140625, 1.6242116689682007, 0.0
12.866233587265015, 0.45486485958099365, -0.19642968475818634, -29.660106658935547, 17.532529830932617, 1.6242116689682007, 0.0
12.87625503540039, 0.4521621763706207, -0.24049466848373413, -30.151508331298828, -6.3631978034973145, 1.6242116689682007, 0.0
12.886225938796997, 0.4494594633579254, -0.26471036672592163, -30.593767166137695, -8.929081916809082, 1.6242116689682007, 0.0
12.896236181259155, 0.4467567503452301, -0.27582746744155884, -31.085168838500977, -12.313104629516602, 1.6143943071365356, 0.0
12.906243801116943, 0.4440540671348572, -0.2857564091682434, -29.840734481811523, 20.832237243652344, 1.6143943071365356, 0.0
12.916213512420654, 0.44135135412216187, -0.22117501497268677, -30.135574340820312, -9.165868759155273, 1.6143943071365356, 0.0
12.926240921020508, 0.43864864110946655, -0.23469889163970947, -30.62697410583496, -12.525035858154297, 1.6143943071365356, 0.0
12.936232566833496, 0.43594595789909363, -0.3094719350337982, -31.16751480102539, -15.638423919677734, 1.6037336587905884, 0.0
12.946228981018066, 0.4332432448863983, -0.3382353186607361, -29.81889533996582, 21.286930084228516, 1.6037336587905884, 0.0
12.956249237060547, 0.430540531873703, -0.25001007318496704, -30.3102970123291, -13.232897758483887, 1.6037336587905884, 0.0
12.96621823310852, 0.4278378486633301, -0.2583870589733124, -30.80169677734375, -12.73669719696045, 1.6037336587905884, 0.0
12.976205348968506, 0.42513513565063477, -0.2817646861076355, -31.29309844970703, -13.889053344726562, 1.5930601358413696, 0.0
12.986218690872192, 0.42243242263793945, -0.263210654258728, -29.843856811523438, 25.781660079956055, 1.5930601358413696, 0.0
12.996223449707031, 0.42243242263793945, -0.22203421592712402, -30.23697853088379, -8.586633682250977, 1.5930601358413696, 0.0
13.006207466125488, 0.41972973942756653, -0.22468572854995728, -30.67923927307129, -7.667875289916992, 1.5930601358413696, 0.0
13.016241550445557, 0.4170270264148712, -0.2231048345565796, -31.072359085083008, -5.58569860458374, 1.5830858945846558, 0.0
13.026250123977661, 0.4143243134021759, -0.22032958269119263, -29.651981353759766, 33.44675827026367, 1.5830858945846558, 0.0
13.036246061325073, 0.4143243134021759, -0.16689340770244598, -29.995960235595703, -3.130826711654663, 1.5830858945846558, 0.0
