4.097421884536743, 0.4404255449771881, 0.0, -26.38660430908203, -162.736328125, 1.5855518579483032, 0.0
4.107385873794556, 0.4404255449771881, 0.0, -26.38660430908203, -159.58486938476562, 1.5855518579483032, 0.0
4.117476940155029, 0.4404255449771881, 0.0, -26.38660430908203, -173.37173461914062, 1.5855518579483032, 0.0
4.127405643463135, 0.4404255449771881, 0.0, -26.38660430908203, -162.76564025878906, 1.5855518579483032, 0.0
4.1373820304870605, 0.4404255449771881, 0.0, -26.38660430908203, 0.0, 1.5855518579483032, 0.0
4.147396802902222, 0.4404255449771881, 0.0, -26.38660430908203, 0.0, 1.5855518579483032, 0.0
4.1573874950408936, 0.4404255449771881, 0.0, -26.38660430908203, 0.0, 1.5855518579483032, 0.0
4.167379140853882, 0.4404255449771881, 0.0, -26.38660430908203, 0.0, 1.5855518579483032, 0.0
4.177373886108398, 0.4404255449771881, 0.0, -26.38660430908203, 0.0, 1.5855518579483032, 0.0
4.1874001026153564, 0.4404255449771881, 0.0, -26.38660430908203, 0.0, 1.5855518579483032, 0.0
4.197404384613037, 0.4404255449771881, 0.0, -26.38660430908203, 0.0, 1.5855518579483032, 0.0
4.207391738891602, 0.4404255449771881, 0.0, -26.38660430908203, 0.0, 1.5855518579483032, 0.0
4.217397451400757, 0.4404255449771881, 0.0, -26.38660430908203, 0.0, 1.5855518579483032, 0.0
4.2274346351623535, 0.4404255449771881, 0.0, -26.38660430908203, 0.0, 1.5855518579483032, 0.0
4.237387418746948, 0.4404255449771881, 0.0, -26.38660430908203, 0.0, 1.5855518579483032, 0.0
4.24738335609436, 0.4404255449771881, 0.0, -26.38660430908203, 0.0, 1.5855518579483032, 0.0
4.257417917251587, 0.4404255449771881, 0.0, -26.38660430908203, 0.0, 1.5855518579483032, 0.0
4.267374753952026, 0.4404255449771881, 0.0, -26.38660430908203, 0.0, 1.5855518579483032, 0.0
4.277391672134399, 0.4404255449771881, 0.0, -26.38660430908203, 0.0, 1.5855518579483032, 0.0
4.28741192817688, 0.4404255449771881, 0.0, -26.38660430908203, 0.0, 1.5855518579483032, 0.0
4.297380447387695, 0.4404255449771881, 0.0, -26.38660430908203, 0.0, 1.5855518579483032, 0.0
4.307379484176636, 0.4404255449771881, 0.0, -26.38660430908203, 0.0, 1.5855518579483032, 0.0
4.317388534545898, 0.4404255449771881, 0.0, -26.38660430908203, 0.0, 1.5855518579483032, 0.0
4.327382564544678, 0.4404255449771881, 0.0, -26.38660430908203, 0.0, 1.5855518579483032, 0.0
4.337380409240723, 0.4404255449771881, 0.0, -26.38660430908203, 0.0, 1.5855518579483032, 0.0
4.347369432449341, 0.4404255449771881, 0.0, -26.38660430908203, 0.0, 1.5855518579483032, 0.0
4.357375144958496, 0.4404255449771881, 0.0, -26.38660430908203, 0.0, 1.5855518579483032, 0.0
4.3673765659332275, 0.4404255449771881, 0.0, -26.38660430908203, 0.0, 1.5855518579483032, 0.0
4.377381324768066, 0.4404255449771881, 0.0, -26.38660430908203, 0.0, 1.5855518579483032, 0.0
4.387418031692505, 0.4404255449771881, 0.0, -26.38660430908203, 0.0, 1.5855518579483032, 0.0
4.3973708152771, 0.4404255449771881, 0.0, -26.38660430908203, 0.0, 1.5855518579483032, 0.0
4.407386302947998, 0.4404255449771881, 0.0, -26.38660430908203, 0.0, 1.5855518579483032, 0.0
4.417442083358765, 0.4404255449771881, 0.0, -26.38660430908203, 0.0, 1.5855518579483032, 0.0
4.427412509918213, 0.4404255449771881, 0.0, -26.38660430908203, 0.0, 1.5855518579483032, 0.0
4.437379360198975, 0.4404255449771881, 0.0, -26.38660430908203, 0.0, 1.5855518579483032, 0.0
4.447389602661133, 0.4404255449771881, 0.0, -26.38660430908203, 0.0, 1.5855518579483032, 0.0
4.457385063171387, 0.4404255449771881, 0.0, -26.38660430908203, 0.0, 1.5855518579483032, 0.0
4.467391490936279, 0.4404255449771881, 0.0, -26.38660430908203, 0.0, 1.5855518579483032, 0.0
4.477376461029053, 0.4404255449771881, 0.0, -26.38660430908203, 0.0, 1.5855518579483032, 0.0
4.487396717071533, 0.4404255449771881, 0.0, -26.38660430908203, 0.0, 1.5855518579483032, 0.0
4.4973719120025635, 0.4404255449771881, 0.0, -26.38660430908203, 0.0, 1.5855518579483032, 0.0
4.50737738609314, 0.4404255449771881, 0.0, -26.38660430908203, 0.0, 1.5855518579483032, 0.0
4.51738715171814, 0.4404255449771881, 0.0, -26.38660430908203, 0.0, 1.5855518579483032, 0.0
4.527374029159546, 0.4404255449771881, 0.0, -26.38660430908203, 0.0, 1.5855518579483032, 0.0
4.53742241859436, 0.4404255449771881, 0.0, -26.38660430908203, 0.0, 1.5855518579483032, 0.0
4.547391653060913, 0.4404255449771881, 0.0, -26.38660430908203, 0.0, 1.5855518579483032, 0.0
4.557378053665161, 0.4404255449771881, 0.0, -26.38660430908203, 0.0, 1.5855518579483032, 0.0
4.567399263381958, 0.4404255449771881, 0.0, -26.38660430908203, 0.0, 1.5855518579483032, 0.0
4.577375173568726, 0.4404255449771881, 0.0, -26.38660430908203, 0.0, 1.5855518579483032, 0.0
4.587432622909546, 0.4404255449771881, 0.0, -26.38660430908203, 0.0, 1.5855518579483032, 0.0
4.597383499145508, 0.4404255449771881, 0.0, -26.38660430908203, 0.0, 1.5855518579483032, 0.0
4.607445955276489, 0.4404255449771881, 0.0, -26.38660430908203, 0.0, 1.5855518579483032, 0.0
4.617386817932129, 0.4404255449771881, 0.0, -26.38660430908203, 0.0, 1.5855518579483032, 0.0
4.627435922622681, 0.4404255449771881, 0.0, -26.38660430908203, 0.0, 1.5855518579483032, 0.0
4.6373817920684814, 0.4404255449771881, 0.0, -26.38660430908203, 0.0, 1.5855518579483032, 0.0
4.647394895553589, 0.4404255449771881, 0.0, -26.38660430908203, 0.0, 1.5855518579483032, 0.0
4.657397985458374, 0.4404255449771881, 0.0, -26.38660430908203, 0.0, 1.5855518579483032, 0.0
4.667382001876831, 0.4404255449771881, 0.0, -26.38660430908203, 0.0, 1.5855518579483032, 0.0
4.677379846572876, 0.4404255449771881, 0.0, -26.38660430908203, 0.0, 1.5855518579483032, 0.0
4.687382698059082, 0.4404255449771881, 0.0, -26.38660430908203, 0.0, 1.5855518579483032, 0.0
4.697384357452393, 0.4404255449771881, 0.0, -26.38660430908203, 0.0, 1.5855518579483032, 0.0
4.707397937774658, 0.4404255449771881, 0.0, -26.38660430908203, 0.0, 1.5855518579483032, 0.0
4.717373371124268, 0.4404255449771881, 0.0, -26.38660430908203, 0.0, 1.5855518579483032, 0.0
4.727374792098999, 0.4404255449771881, 0.0, -26.38660430908203, 0.0, 1.5855518579483032, 0.0
4.737378358840942, 0.4404255449771881, 0.0, -26.38660430908203, 0.0, 1.5855518579483032, 0.0
4.7474095821380615, 0.4404255449771881, 0.0, -26.38660430908203, 0.0, 1.5855518579483032, 0.0
4.7573888301849365, 0.4404255449771881, 0.0, -26.38660430908203, 0.0, 1.5855518579483032, 0.0
4.767375707626343, 0.4404255449771881, 0.0, -26.38660430908203, 0.0, 1.5855518579483032, 0.0
4.777398109436035, 0.4404255449771881, 0.0, -26.38660430908203, 0.0, 1.5855518579483032, 0.0
4.787376880645752, 0.4404255449771881, 0.0, -26.38660430908203, 0.0, 1.5855518579483032, 0.0
4.797399044036865, 0.4404255449771881, 0.0, -26.38660430908203, 0.0, 1.5855518579483032, 0.0
4.807418346405029, 0.4404255449771881, 0.0, -26.38660430908203, 0.0, 1.5855518579483032, 0.0
4.8173933029174805, 0.4404255449771881, 0.0, -26.38660430908203, 0.0, 1.5855518579483032, 0.0
4.8273725509643555, 0.4404255449771881, 0.0, -26.38660430908203, 0.0, 1.5855518579483032, 0.0
4.837383270263672, 0.4404255449771881, 0.0, -26.38660430908203, 0.0, 1.5855518579483032, 0.0
4.847397089004517, 0.4404255449771881, 0.0, -26.38660430908203, 0.0, 1.5855518579483032, 0.0
4.857389450073242, 0.4404255449771881, 0.0, -26.38660430908203, 0.0, 1.5855518579483032, 0.0
4.867416143417358, 0.4404255449771881, 0.0, -26.38660430908203, 0.0, 1.5855518579483032, 0.0
4.877453088760376, 0.4404255449771881, 0.0, -26.38660430908203, 0.0, 1.5855518579483032, 0.0
4.88740873336792, 0.4404255449771881, 0.0, -26.38660430908203, 0.0, 1.5855518579483032, 0.0
4.89737343788147, 0.4404255449771881, 0.0, -26.38660430908203, 0.0, 1.5855518579483032, 0.0
4.907445907592773, 0.4404255449771881, 0.0, -26.38660430908203, 0.0, 1.5855518579483032, 0.0
4.917377948760986, 0.4404255449771881, 0.0, -26.38660430908203, 0.0, 1.5855518579483032, 0.0
4.9273903369903564, 0.4404255449771881, 0.0, -26.38660430908203, 0.0, 1.5855518579483032, 0.0
4.937387704849243, 0.4404255449771881, 0.0, -26.38660430908203, 0.0, 1.5855518579483032, 0.0
4.94738245010376, 0.4404255449771881, 0.0, -26.38660430908203, 0.0, 1.5855518579483032, 0.0
4.9573774337768555, 0.4404255449771881, 0.0, -26.38660430908203, 0.0, 1.5855518579483032, 0.0
4.967381000518799, 0.4404255449771881, 0.0, -26.38660430908203, 0.0, 1.5855518579483032, 0.0
4.977379560470581, 0.4404255449771881, 0.0, -26.38660430908203, 0.0, 1.5855518579483032, 0.0
4.98741340637207, 0.4404255449771881, 0.0, -26.38660430908203, 0.0, 1.5855518579483032, 0.0
4.997389316558838, 0.4404255449771881, 0.0, -26.38660430908203, 0.0, 1.5855518579483032, 0.0
5.007412672042847, 0.4404255449771881, 0.0, -26.38660430908203, 0.0, 1.5855518579483032, 0.0
5.017382860183716, 0.4404255449771881, 0.0, -26.38660430908203, 0.0, 1.5855518579483032, 0.0
5.027438163757324, 0.4404255449771881, 0.0, -26.38660430908203, 0.0, 1.5855518579483032, 0.0
5.037400960922241, 0.4404255449771881, 0.0, -26.38660430908203, 0.0, 1.5855518579483032, 0.0
5.047398567199707, 0.4404255449771881, 0.0, -26.38660430908203, 0.0, 1.5855518579483032, 0.0
5.057386636734009, 0.4404255449771881, 0.0, -26.38660430908203, 0.0, 1.5855518579483032, 0.0
5.06738543510437, 0.4404255449771881, 0.0, -26.38660430908203, 0.0, 1.5855518579483032, 0.0
5.077386379241943, 0.4404255449771881, 0.0, -26.38660430908203, 0.0, 1.5855518579483032, 0.0
5.087395429611206, 0.4404255449771881, 0.0, -26.38660430908203, 0.0, 1.5855518579483032, 0.0
5.097385883331299, 0.4404255449771881, 0.0, -26.425289154052734, -0.9798035621643066, 1.5855518579483032, 0.0
5.10738468170166, 0.4404255449771881, 0.0, -26.425289154052734, -0.8966867923736572, 1.5855518579483032, 0.0
5.11739444732666, 0.4404255449771881, 0.0, -26.463973999023438, -1.7740594148635864, 1.5855518579483032, 0.0
5.1274330615997314, 0.4382978677749634, -0.05372051149606705, -26.50265884399414, -2.9302096366882324, 1.5855518579483032, 0.0
5.13737154006958, 0.4404255449771881, 0.03900713101029396, -26.463973999023438, -0.7092205286026001, 1.5855518579483032, 0.0
5.147400617599487, 0.4404255449771881, 0.0, -26.50265884399414, -1.9874507188796997, 1.5855518579483032, 0.0
5.157382249832153, 0.4382978677749634, 0.0, -26.541343688964844, -1.2459146976470947, 1.5855518579483032, 0.0
5.167356491088867, 0.4404255449771881, 0.0, -26.541343688964844, -1.7893192768096924, 1.5855518579483032, 0.0
5.177387237548828, 0.4404255449771881, 0.0, -26.541343688964844, -1.0307824611663818, 1.5855518579483032, 0.0
5.187406778335571, 0.4404255449771881, 0.030701657757163048, -26.50265884399414, 0.0, 1.5855518579483032, 0.0
5.197396993637085, 0.4382978677749634, 0.0, -26.50265884399414, 1.005362629890442, 1.5855518579483032, 0.0
5.207383871078491, 0.4382978677749634, -0.04964425414800644, -26.541343688964844, 0.0, 1.5855518579483032, 0.0
5.217408895492554, 0.4382978677749634, 0.0, -26.61871337890625, -1.7663344144821167, 1.5855518579483032, 0.0
5.22740912437439, 0.4382978677749634, -0.05244813859462738, -26.696083068847656, -3.8144102096557617, 1.5855518579483032, 0.0
5.237385272979736, 0.4382978677749634, -0.0409698411822319, -26.773452758789062, -5.214343547821045, 1.5855518579483032, 0.0
5.247391939163208, 0.4404255449771881, 0.05181172117590904, -26.696083068847656, -3.768125295639038, 1.5855518579483032, 0.0
5.25738787651062, 0.4404255449771881, 0.0494106151163578, -26.61871337890625, 0.0, 1.5855518579483032, 0.0
5.267423391342163, 0.4382978677749634, 0.0, -26.541343688964844, 3.353771686553955, 1.5855518579483032, 0.0
5.277390003204346, 0.4382978677749634, 0.0, -26.541343688964844, 5.723297119140625, 1.5855518579483032, 0.0
5.287395238876343, 0.4382978677749634, -0.049902427941560745, -26.580028533935547, 3.629267454147339, 1.5855518579483032, 0.0
5.297375440597534, 0.4382978677749634, -0.05277068912982941, -26.696083068847656, -1.9189341068267822, 1.5855518579483032, 0.0
5.307407379150391, 0.4382978677749634, -0.056718260049819946, -26.773452758789062, -6.187446594238281, 1.5855518579483032, 0.0
5.317382335662842, 0.4382978677749634, 0.0, -26.773452758789062, -4.921803951263428, 1.5855518579483032, 0.0
5.327388525009155, 0.4382978677749634, 0.0, -26.773452758789062, -5.4211649894714355, 1.5855518579483032, 0.0
5.337371110916138, 0.4404255449771881, 0.045710448175668716, -26.73476791381836, -1.6621981859207153, 1.5855518579483032, 0.0
5.347387790679932, 0.4382978677749634, 0.0, -26.73476791381836, 0.0, 1.5855518579483032, 0.0
5.3573737144470215, 0.4382978677749634, 0.0, -26.73476791381836, 1.0461345911026, 1.5855518579483032, 0.0
5.367382287979126, 0.4382978677749634, 0.0, -26.73476791381836, 0.968226969242096, 1.5855518579483032, 0.0
5.377380847930908, 0.4382978677749634, -0.057600535452365875, -26.773452758789062, -1.0472824573516846, 1.5855518579483032, 0.0
5.387380361557007, 0.4382978677749634, 0.0, -26.773452758789062, -1.1602107286453247, 1.5855518579483032, 0.0
5.397373199462891, 0.4382978677749634, 0.0, -26.773452758789062, -1.0325535535812378, 1.5855518579483032, 0.0
5.407372951507568, 0.4382978677749634, 0.0, -26.773452758789062, -1.050809383392334, 1.5855518579483032, 0.0
5.417378664016724, 0.4382978677749634, 0.0, -26.773452758789062, 0.0, 1.5855518579483032, 0.0
5.427358388900757, 0.4382978677749634, 0.0, -26.773452758789062, 0.0, 1.5855518579483032, 0.0
5.43736720085144, 0.4382978677749634, 0.0, -26.773452758789062, 0.0, 1.5855518579483032, 0.0
5.447367906570435, 0.4382978677749634, 0.0, -26.773452758789062, 0.0, 1.5855518579483032, 0.0
5.457376003265381, 0.4382978677749634, 0.0, -26.773452758789062, 0.0, 1.5855518579483032, 0.0
5.467374563217163, 0.4382978677749634, 0.0, -26.773452758789062, 0.0, 1.5855518579483032, 0.0
5.477375268936157, 0.4382978677749634, 0.0, -26.773452758789062, 0.0, 1.5855518579483032, 0.0
5.487378120422363, 0.4382978677749634, 0.0, -26.773452758789062, 0.0, 1.5855518579483032, 0.0
5.497368335723877, 0.4382978677749634, 0.0, -26.773452758789062, 0.0, 1.5855518579483032, 0.0
5.507370233535767, 0.4382978677749634, 0.0, -26.773452758789062, 0.0, 1.5855518579483032, 0.0
5.517377614974976, 0.4382978677749634, 0.0, -26.773452758789062, 0.0, 1.5855518579483032, 0.0
5.527369022369385, 0.4382978677749634, 0.0, -26.773452758789062, 0.0, 1.5855518579483032, 0.0
5.537367582321167, 0.4382978677749634, 0.0, -26.773452758789062, 0.0, 1.5855518579483032, 0.0
5.547410011291504, 0.4382978677749634, 0.0, -26.773452758789062, 0.0, 1.5855518579483032, 0.0
5.557410955429077, 0.4382978677749634, 0.0, -26.773452758789062, 0.0, 1.5855518579483032, 0.0
5.567371606826782, 0.4382978677749634, 0.0, -26.773452758789062, 0.0, 1.5855518579483032, 0.0
5.577391624450684, 0.4382978677749634, 0.0, -26.773452758789062, 0.0, 1.5855518579483032, 0.0
5.5874152183532715, 0.4382978677749634, 0.0, -26.773452758789062, 0.0, 1.5855518579483032, 0.0
5.597375154495239, 0.4382978677749634, 0.0, -26.773452758789062, 0.0, 1.5855518579483032, 0.0
5.607439756393433, 0.4382978677749634, 0.0, -26.773452758789062, 0.0, 1.5855518579483032, 0.0
5.617394208908081, 0.4382978677749634, 0.0, -26.773452758789062, 0.0, 1.5855518579483032, 0.0
5.62737774848938, 0.4382978677749634, 0.0, -26.773452758789062, 0.0, 1.5855518579483032, 0.0
5.637376308441162, 0.4382978677749634, 0.0, -26.773452758789062, 0.0, 1.5855518579483032, 0.0
5.647400140762329, 0.4382978677749634, 0.0, -26.773452758789062, 0.0, 1.5855518579483032, 0.0
5.6573779582977295, 0.4382978677749634, 0.0, -26.773452758789062, 0.0, 1.5855518579483032, 0.0
5.667372226715088, 0.4382978677749634, 0.0, -26.773452758789062, 0.0, 1.5855518579483032, 0.0
5.67737078666687, 0.4382978677749634, 0.0, -26.773452758789062, 0.0, 1.5855518579483032, 0.0
5.6873815059661865, 0.4382978677749634, 0.0, -26.773452758789062, 0.0, 1.5855518579483032, 0.0
5.697362899780273, 0.4382978677749634, 0.0, -26.773452758789062, 0.0, 1.5855518579483032, 0.0
5.707385778427124, 0.4382978677749634, 0.0, -26.773452758789062, 0.0, 1.5855518579483032, 0.0
5.717379093170166, 0.4382978677749634, 0.0, -26.773452758789062, 0.0, 1.5855518579483032, 0.0
5.7274158000946045, 0.4382978677749634, 0.0, -26.773452758789062, 0.0, 1.5855518579483032, 0.0
5.737374305725098, 0.4382978677749634, 0.0, -26.773452758789062, 0.0, 1.5855518579483032, 0.0
5.74738621711731, 0.4382978677749634, 0.0, -26.773452758789062, 0.0, 1.5855518579483032, 0.0
5.757376432418823, 0.4382978677749634, 0.0, -26.773452758789062, 0.0, 1.5855518579483032, 0.0
