23.326079607009888, 1.065641164779663, 2.271682024002075, 74.73314666748047, 222.8351593017578, 1.5847123861312866, 0.0
23.336079835891724, 1.0348503589630127, 2.1819803714752197, 78.30366516113281, 287.2657775878906, 1.5847123861312866, 0.0
23.346084594726562, 1.0208011865615845, 2.0258560180664062, 81.61869812011719, 324.1000671386719, 1.5847123861312866, 0.0
23.356075048446655, 1.0053012371063232, 1.6682863235473633, 84.65194702148438, 322.02301025390625, 1.5847123861312866, 0.0
23.366066217422485, 0.9927974939346313, 1.5432476997375488, 87.44731903076172, 349.97711181640625, 1.5847703218460083, 0.0
23.376064777374268, 0.9779065251350403, -1.7033947706222534, 84.65994262695312, 298.752685546875, 1.5847703218460083, 0.0
23.386056184768677, 0.9477881789207458, -2.0380284786224365, 81.32498931884766, 202.5604248046875, 1.5847703218460083, 0.0
23.396073579788208, 0.9338194131851196, -1.793813705444336, 78.06350708007812, 99.73678588867188, 1.5847703218460083, 0.0
23.406078338623047, 0.9199184775352478, -1.7914109230041504, 75.12701416015625, 29.16717529296875, 1.5847983360290527, 0.0
23.416080951690674, 0.9030301570892334, -1.781153678894043, 71.88855743408203, -50.25634765625, 1.5847983360290527, 0.0
23.426064252853394, 0.9030301570892334, -1.806775689125061, 68.93201446533203, -64.45651245117188, 1.5847983360290527, 0.0
23.43605351448059, 0.8654545545578003, -1.6939640045166016, 65.85208129882812, -124.51629638671875, 1.5847983360290527, 0.0
23.446090936660767, 0.8519458174705505, -1.8761621713638306, 62.7819938659668, -209.29632568359375, 1.5846859216690063, 0.0
23.456071615219116, 0.8326091170310974, -1.9188059568405151, 59.66257095336914, -277.6599426269531, 1.5846859216690063, 0.0
23.466102600097656, 0.8158750534057617, -1.7692267894744873, 56.44579315185547, -310.0151062011719, 1.5846859216690063, 0.0
23.476083278656006, 0.8028532266616821, -1.9450386762619019, 53.263004302978516, -348.85491943359375, 1.5846859216690063, 0.0
23.486066102981567, 0.7861225008964539, -1.7962919473648071, 50.31572723388672, -344.5476989746094, 1.5847293138504028, 0.0
23.496071338653564, 0.7684774994850159, -1.8371211290359497, 47.30952835083008, -341.7108459472656, 1.5847293138504028, 0.0
23.506084203720093, 0.7472805380821228, -1.726388931274414, 44.17063903808594, -309.56304931640625, 1.5847293138504028, 0.0
23.516092777252197, 0.7313553094863892, -1.7167508602142334, 41.04927444458008, -308.3930969238281, 1.5847293138504028, 0.0
23.526063442230225, 0.7313553094863892, -1.7167448997497559, 37.927921295166016, -310.0406494140625, 1.5847703218460083, 0.05000000074505806
23.536083221435547, 0.7145203351974487, -1.5093445777893066, 35.17620086669922, -306.7588806152344, 1.5847703218460083, 0.05000000074505806
23.546086072921753, 0.6858422756195068, -1.8455915451049805, 32.15614318847656, -340.28668212890625, 1.5847703218460083, 0.05000000074505806
23.55619788169861, 0.6627689003944397, -1.6984045505523682, 29.068134307861328, -305.94482421875, 1.5847703218460083, 0.05000000074505806
23.566123723983765, 0.6627689003944397, -1.6984045505523682, 29.068134307861328, -305.94482421875, 1.5848230123519897, 0.10000000149011612
23.576148748397827, 0.6627689003944397, -1.1777373552322388, 26.274810791015625, -232.0844268798828, 1.5848230123519897, 0.10000000149011612
23.58614492416382, 0.6447951793670654, -2.018979549407959, 21.158218383789062, -416.53607177734375, 1.5848230123519897, 0.10000000149011612
23.596221685409546, 0.6447951793670654, -1.3742314577102661, 18.909475326538086, -315.5559997558594, 1.5848230123519897, 0.10000000149011612
23.606107711791992, 0.6122617125511169, -1.3501942157745361, 16.115806579589844, -280.54827880859375, 1.5866862535476685, 0.15000000596046448
23.616124629974365, 0.6122617125511169, -1.1909306049346924, 13.950477600097656, -270.98828125, 1.5866862535476685, 0.15000000596046448
23.626095056533813, 0.5795608758926392, -1.6866061687469482, 11.190576553344727, -297.0814208984375, 1.5866862535476685, 0.15000000596046448
23.63607668876648, 0.544307291507721, -1.8912620544433594, 8.095784187316895, -300.8935852050781, 1.5866862535476685, 0.15000000596046448
23.64609932899475, 0.5263499021530151, -1.5949249267578125, 4.440979480743408, -277.1514892578125, 1.5908384323120117, 0.20000000298023224
23.656073808670044, 0.51129549741745, -1.68303644657135, 1.6869198083877563, -304.23577880859375, 1.5908384323120117, 0.20000000298023224
23.666114807128906, 0.4968544840812683, -1.8434921503067017, -1.3297038078308105, -306.7167053222656, 1.5908384323120117, 0.20000000298023224
23.676098346710205, 0.4842161536216736, -1.7855286598205566, -4.576119422912598, -283.03948974609375, 1.5908384323120117, 0.20000000298023224
23.686068296432495, 0.4710828363895416, -1.9301375150680542, -8.925405502319336, -334.2625427246094, 1.5973882675170898, 0.25
23.69610047340393, 0.4549911320209503, -1.8980324268341064, -12.376373291015625, -312.8585205078125, 1.5973882675170898, 0.25
23.706106185913086, 0.4435867369174957, -1.6867518424987793, -15.443195343017578, -315.5899963378906, 1.5973882675170898, 0.25
23.716073036193848, 0.43078216910362244, -2.0164384841918945, -18.742820739746094, -363.25885009765625, 1.5973882675170898, 0.25
23.726078033447266, 0.42094936966896057, -1.586112380027771, -23.28876495361328, -344.79339599609375, 1.6065298318862915, 0.30000001192092896
23.736100912094116, 0.4041314125061035, -1.5575157403945923, -25.837427139282227, -377.0357360839844, 1.6065298318862915, 0.30000001192092896
23.747034072875977, 0.39748895168304443, -1.431786298751831, -28.180349349975586, -362.45928955078125, 1.6065298318862915, 0.30000001192092896
23.756081104278564, 0.39171433448791504, -1.1958122253417969, -30.35455322265625, -320.41455078125, 1.6065298318862915, 0.30000001192092896
23.76607346534729, 0.38916417956352234, -1.1965599060058594, -32.31256103515625, -344.2541809082031, 1.617300033569336, 0.3499999940395355
23.77608060836792, 0.3974006474018097, -0.9646151065826416, -35.849239349365234, -347.47906494140625, 1.617300033569336, 0.3499999940395355
23.78612232208252, 0.4147346317768097, -0.5634844303131104, -36.873756408691406, -279.4833984375, 1.617300033569336, 0.3499999940395355
23.79605770111084, 0.43109482526779175, -0.21724267303943634, -37.30824279785156, -226.65353393554688, 1.617300033569336, 0.3499999940395355
23.806089878082275, 0.4556986689567566, 0.1514032483100891, -39.3905143737793, -299.3414306640625, 1.629963755607605, 0.4000000059604645
23.816100597381592, 0.4731753170490265, 0.4239320755004883, -38.619728088378906, -198.7689971923828, 1.629963755607605, 0.4000000059604645
23.826106309890747, 0.4946507215499878, 0.8189048767089844, -37.27970504760742, -155.45484924316406, 1.629963755607605, 0.4000000059604645
23.836098432540894, 0.5137263536453247, 1.0959476232528687, -35.287071228027344, -94.49653625488281, 1.629963755607605, 0.4000000059604645
23.846087217330933, 0.5320413112640381, 1.4950202703475952, -35.65362548828125, -83.03620910644531, 1.6454349756240845, 0.44999998807907104
23.856096267700195, 0.5507775545120239, 1.5906333923339844, -32.76156234741211, -24.070358276367188, 1.6454349756240845, 0.44999998807907104
23.866085529327393, 0.5708625316619873, 1.8169879913330078, -29.457948684692383, 28.546524047851562, 1.6454349756240845, 0.44999998807907104
23.876134634017944, 0.5833860039710999, 1.8598496913909912, -26.07640266418457, 97.72796630859375, 1.6454349756240845, 0.44999998807907104
23.886109828948975, 0.5833860039710999, 1.873903751373291, -26.163448333740234, 119.0032958984375, 1.6627788543701172, 0.0
23.8961443901062, 0.5989722609519958, 1.6787827014923096, -23.111116409301758, 141.97120666503906, 1.6627788543701172, 0.0
23.906108140945435, 0.5989722609519958, 1.432734727859497, -20.50614356994629, 188.84429931640625, 1.6627788543701172, 0.0
23.916142463684082, 0.6295230984687805, 1.5634775161743164, -17.6634578704834, 209.5625, 1.6627788543701172, 0.0
23.926106929779053, 0.6542599201202393, 1.7734369039535522, -18.024812698364258, 213.94305419921875, 1.680727243423462, 0.0
23.936123609542847, 0.6542599201202393, 1.5614827871322632, -15.469659805297852, 220.1934356689453, 1.680727243423462, 0.0
23.94609785079956, 0.6770353317260742, 1.4499366283416748, -12.83341121673584, 228.20223999023438, 1.680727243423462, 0.0
23.956123113632202, 0.7076854109764099, 1.5690803527832031, -9.980537414550781, 227.81048583984375, 1.680727243423462, 0.0
23.966097831726074, 0.7076854109764099, 1.3682246208190918, -7.529529571533203, 219.2840576171875, 1.6809289455413818, 0.0
23.976122856140137, 0.7291679382324219, 1.6198091506958008, -4.878932952880859, 235.52725219726562, 1.6809289455413818, 0.0
23.98610234260559, 0.7473013997077942, 1.6391515731811523, -1.898657202720642, 242.6480255126953, 1.6809289455413818, 0.0
23.99610447883606, 0.7665083408355713, 1.6753613948822021, 1.1474543809890747, 242.58566284179688, 1.6809289455413818, 0.0
24.006094217300415, 0.7777451872825623, 1.986364483833313, 4.397869110107422, 276.71136474609375, 1.671129822731018, 0.0
24.016109228134155, 0.7932147979736328, 1.6369163990020752, 9.155739784240723, 268.1918640136719, 1.671129822731018, 0.0
24.026082038879395, 0.8035426735877991, 1.6586979627609253, 11.869972229003906, 332.164306640625, 1.671129822731018, 0.0
24.03610587120056, 0.8122895956039429, 1.7558865547180176, 14.743241310119629, 335.6988830566406, 1.671129822731018, 0.0
24.04607582092285, 0.8197985291481018, 1.5862517356872559, 20.652315139770508, 372.0636901855469, 1.6529061794281006, 0.0
24.056105852127075, 0.8259337544441223, 1.1824846267700195, 22.802288055419922, 327.8282470703125, 1.6529061794281006, 0.0
24.066101551055908, 0.8329915404319763, 1.3922916650772095, 25.080583572387695, 362.3345642089844, 1.6529061794281006, 0.0
24.076112270355225, 0.8396556377410889, 1.104879379272461, 27.089454650878906, 319.683837890625, 1.6529061794281006, 0.0
24.086087465286255, 0.8434689044952393, 1.0685192346572876, 32.38270568847656, 380.90399169921875, 1.6334099769592285, 0.0
24.096113920211792, 0.8529212474822998, 0.9601513743400574, 33.953861236572266, 364.5157165527344, 1.6334099769592285, 0.0
24.10611867904663, 0.8529212474822998, 0.7517576217651367, 35.32069396972656, 309.2281494140625, 1.6334099769592285, 0.0
24.11618399620056, 0.8639923930168152, 0.7864236831665039, 36.60757064819336, 305.0202331542969, 1.6334099769592285, 0.0
24.12608313560486, 0.8715047240257263, 0.7551312446594238, 40.94976806640625, 323.10888671875, 1.6163240671157837, 0.0
24.136118173599243, 0.8862380981445312, 0.7394790649414062, 42.294273376464844, 275.5105895996094, 1.6163240671157837, 0.0
24.14608383178711, 0.8975191116333008, 0.777202844619751, 43.70737075805664, 230.55038452148438, 1.6163240671157837, 0.0
24.156080961227417, 0.9064188003540039, 0.8048534393310547, 45.17074203491211, 223.6846923828125, 1.6163240671157837, 0.0
24.16607141494751, 0.9159716367721558, 0.8298039436340332, 49.01023483276367, 239.2963409423828, 1.6035048961639404, 0.0
24.176151752471924, 0.9242833256721497, 0.9403096437454224, 50.54892349243164, 260.6607971191406, 1.6035048961639404, 0.0
24.186097383499146, 0.9328309893608093, 0.893622636795044, 52.17369079589844, 197.90992736816406, 1.6035048961639404, 0.0
24.19610619544983, 0.941491961479187, 0.9841190576553345, 53.78406524658203, 220.3356475830078, 1.6035048961639404, 0.0
24.2061185836792, 0.9470484852790833, 1.0458495616912842, 56.91502380371094, 239.937255859375, 1.595697283744812, 0.0
24.216121673583984, 0.9470484852790833, 0.8305668830871582, 58.42514419555664, 218.17588806152344, 1.595697283744812, 0.0
24.226085901260376, 0.9612442255020142, 0.9971062541007996, 60.0567741394043, 212.29977416992188, 1.595697283744812, 0.0
24.236077070236206, 0.9737873077392578, 0.8754968643188477, 61.64858627319336, 193.54286193847656, 1.595697283744812, 0.0
24.246070861816406, 0.9822695255279541, 0.9416673183441162, 64.26075744628906, 228.37066650390625, 1.5898053646087646, 0.0
24.25607395172119, 0.9904369711875916, 0.8401751518249512, 65.78834533691406, 206.17599487304688, 1.5898053646087646, 0.0
24.26607322692871, 0.9999547004699707, 0.8398234844207764, 67.31529998779297, 183.05130004882812, 1.5898053646087646, 0.0
24.276075839996338, 1.0130643844604492, 0.9864634871482849, 68.92951202392578, 204.22830200195312, 1.5898053646087646, 0.0
24.28606605529785, 1.0172476768493652, 0.937971830368042, 71.40582275390625, 213.6900177001953, 1.584627389907837, 0.0
24.296074867248535, 1.0225433111190796, 0.8105039596557617, 72.87946319580078, 190.95382690429688, 1.584627389907837, 0.0
24.306071758270264, 1.0291234254837036, 0.9119510650634766, 74.37174987792969, 193.9646453857422, 1.584627389907837, 0.0
24.316105127334595, 1.035258412361145, 0.8821010589599609, 75.97557067871094, 175.50430297851562, 1.584627389907837, 0.0
24.326076984405518, 1.0411720275878906, 0.88808274269104, 78.01716613769531, 199.5595245361328, 1.5813913345336914, 0.0
24.336064338684082, 1.0468519926071167, 0.7306575775146484, 79.34563446044922, 176.97067260742188, 1.5813913345336914, 0.0
24.346105813980103, 1.0531789064407349, 0.7878674268722534, 80.63487243652344, 181.93478393554688, 1.5813913345336914, 0.0
24.35608196258545, 1.060243010520935, 0.775615394115448, 81.90406799316406, 179.06358337402344, 1.5813913345336914, 0.0
24.3660831451416, 1.067840814590454, 0.7542901635169983, 82.5321273803711, 169.07501220703125, 1.5847256183624268, 0.0
24.376079559326172, 1.0752923488616943, 0.6222844123840332, 83.6635513305664, 147.34115600585938, 1.5847256183624268, 0.0
24.38612961769104, 1.0815783739089966, 0.7147921323776245, 84.83321380615234, 149.19281005859375, 1.5847256183624268, 0.0
24.396106719970703, 1.0871330499649048, 0.645899772644043, 86.00757598876953, 131.280517578125, 1.5847256183624268, 0.0
24.40607762336731, 1.0917054414749146, 0.6953610181808472, 86.9445571899414, 139.69845581054688, 1.5858304500579834, 0.0
24.416065454483032, 1.0953561067581177, 0.6009697914123535, 88.0372314453125, 120.61691284179688, 1.5858304500579834, 0.0
24.426076889038086, 1.0983647108078003, 0.6354782581329346, 89.07710266113281, 122.88750457763672, 1.5858304500579834, 0.0
24.436094522476196, 1.1009584665298462, 0.5410552024841309, 90.06084442138672, 107.15255737304688, 1.5858304500579834, 0.0
24.446085929870605, 1.1031807661056519, 0.5555815100669861, 90.8985824584961, 114.04080200195312, 1.5862231254577637, 0.0
24.456080436706543, 1.1060659885406494, 0.45822858810424805, 91.73171997070312, 98.27651977539062, 1.5862231254577637, 0.0
24.466076135635376, 1.1087266206741333, 0.4542801082134247, 92.47509002685547, 110.47787475585938, 1.5862231254577637, 0.0
24.47609305381775, 1.1110303401947021, 0.3573894500732422, 93.12488555908203, 94.61288452148438, 1.5862231254577637, 0.0
24.486093282699585, 1.1128034591674805, 0.34695202112197876, 93.67803955078125, 98.27592468261719, 1.5863033533096313, 0.0
24.49607825279236, 1.1137731075286865, 0.26639699935913086, 94.16239929199219, 81.549072265625, 1.5863033533096313, 0.0
24.506103515625, 1.1144132614135742, 0.2523130774497986, 94.57527160644531, 84.78546142578125, 1.5863033533096313, 0.0
24.516080617904663, 1.1145570278167725, 0.19201040267944336, 94.92438507080078, 68.87130737304688, 1.5863033533096313, 0.0
24.52608013153076, 1.1144309043884277, 0.178522527217865, 95.39170837402344, 70.1624526977539, 1.5853397846221924, 0.0
24.536067247390747, 1.1142332553863525, 0.13272762298583984, 95.63302612304688, 55.721282958984375, 1.5853397846221924, 0.0
24.54610013961792, 1.1140071153640747, 0.10826587677001953, 95.82987976074219, 49.3133544921875, 1.5853397846221924, 0.0
24.556156158447266, 1.112961769104004, 0.06896257400512695, 95.95526123046875, 42.235565185546875, 1.5853397846221924, 0.0
24.566072940826416, 1.1117479801177979, 0.03356403857469559, 95.97607421875, 38.89973831176758, 1.5855274200439453, 0.0
24.57610034942627, 1.1099506616592407, -0.010800361633300781, 95.95643615722656, 28.31573486328125, 1.5855274200439453, 0.0
24.58609676361084, 1.107748031616211, -0.05055665969848633, 95.86450958251953, 21.86431884765625, 1.5855274200439453, 0.0
24.596107244491577, 1.1055071353912354, -0.09183088690042496, 95.71424102783203, 17.242431640625, 1.5855274200439453, 0.0
24.60609221458435, 1.1023021936416626, -0.12110471725463867, 95.53948211669922, 9.64202880859375, 1.5852775573730469, 0.0
24.616077184677124, 1.0987244844436646, -0.15833377838134766, 95.25160217285156, 3.272247314453125, 1.5852775573730469, 0.0
24.626078605651855, 1.0947836637496948, -0.19646883010864258, 94.8943862915039, -4.973602294921875, 1.5852775573730469, 0.0
24.63609552383423, 1.090871810913086, -0.2595716118812561, 94.46963500976562, -12.92588996887207, 1.5852775573730469, 0.0
24.64608144760132, 1.086870789527893, -0.3015200197696686, 93.98416900634766, -20.5078125, 1.5852339267730713, 0.0
24.656107425689697, 1.0827140808105469, -0.30246973037719727, 93.4342269897461, -25.2105712890625, 1.5852339267730713, 0.0
24.666068077087402, 1.0783588886260986, -0.3710058033466339, 92.8271255493164, -34.98755645751953, 1.5852339267730713, 0.0
24.67607808113098, 1.073983907699585, -0.3596663475036621, 92.17318725585938, -37.8326416015625, 1.5852339267730713, 0.0
24.686073064804077, 1.0695520639419556, -0.3819465637207031, 91.4667739868164, -43.97735595703125, 1.5852997303009033, 0.0
24.696101665496826, 1.0647876262664795, -0.45243898034095764, 90.7264175415039, -55.419921875, 1.5852997303009033, 0.0
24.70608925819397, 1.0597795248031616, -0.4724794030189514, 89.9532699584961, -62.07020950317383, 1.5852997303009033, 0.0
24.71614956855774, 1.0541658401489258, -0.4951026737689972, 89.14310455322266, -67.87109375, 1.5852997303009033, 0.0
24.726073741912842, 1.047457218170166, -0.5258454084396362, 88.33031463623047, -72.9344711303711, 1.5850374698638916, 0.0
24.73606538772583, 1.0404431819915771, -0.5042791366577148, 87.41344451904297, -70.56198120117188, 1.5850374698638916, 0.0
24.746094703674316, 1.0329090356826782, -0.5995829701423645, 86.43230438232422, -83.90977478027344, 1.5850374698638916, 0.0
24.756096124649048, 1.0255337953567505, -0.6353325247764587, 85.39266967773438, -89.35037994384766, 1.5850374698638916, 0.0
24.76606845855713, 1.0183377265930176, -0.6669097542762756, 84.25881958007812, -95.20382690429688, 1.5852714776992798, 0.0
24.776118516921997, 1.0114355087280273, -0.6254792213439941, 83.12158203125, -90.51666259765625, 1.5852714776992798, 0.0
24.786105394363403, 1.0048727989196777, -0.6467938423156738, 81.94559478759766, -95.2117919921875, 1.5852714776992798, 0.0
24.796077489852905, 0.9978526830673218, -0.6693482398986816, 80.72859954833984, -99.97711181640625, 1.5852714776992798, 0.0
24.80607771873474, 0.9896969795227051, -0.7787015438079834, 79.44995880126953, -116.70346069335938, 1.5852956771850586, 0.0
24.816072702407837, 0.9803922176361084, -0.7377266883850098, 78.10863494873047, -110.345458984375, 1.5852956771850586, 0.0
24.826072454452515, 0.9704691171646118, -0.855419397354126, 76.7088623046875, -129.12750244140625, 1.5852956771850586, 0.0
24.83607053756714, 0.9600114226341248, -0.8043289184570312, 75.24644470214844, -121.66900634765625, 1.5852956771850586, 0.0
24.846079349517822, 0.9503110647201538, -0.9177591800689697, 73.76335906982422, -140.76657104492188, 1.5851927995681763, 0.0
24.85607600212097, 0.9416841268539429, -0.8384883403778076, 72.23883819580078, -131.53839111328125, 1.5851927995681763, 0.0
24.86607551574707, 0.9335830807685852, -0.9417269229888916, 70.69783020019531, -150.67715454101562, 1.5851927995681763, 0.0
24.87606406211853, 0.9245861172676086, -0.8684813976287842, 69.1187744140625, -140.02838134765625, 1.5851927995681763, 0.0
24.88607621192932, 0.9133301973342896, -1.0171465873718262, 67.45057678222656, -161.0565185546875, 1.585213541984558, 0.0
24.89612865447998, 0.9008858799934387, -0.9696662425994873, 65.68754577636719, -150.40969848632812, 1.585213541984558, 0.0
24.90608048439026, 0.8890106081962585, -1.118746042251587, 63.85687255859375, -173.25677490234375, 1.585213541984558, 0.0
24.916082859039307, 0.8785454630851746, -1.018458604812622, 62.005130767822266, -161.03515625, 1.585213541984558, 0.0
24.926080465316772, 0.8689463138580322, -1.1280443668365479, 60.173240661621094, -183.72938537597656, 1.5851365327835083, 0.0
24.936106204986572, 0.8587722778320312, -1.0123848915100098, 58.332542419433594, -169.13909912109375, 1.5851365327835083, 0.0
24.946073293685913, 0.8472875952720642, -1.1447138786315918, 56.459373474121094, -192.2666778564453, 1.5851365327835083, 0.0
24.956075429916382, 0.834825336933136, -1.0685861110687256, 54.51648712158203, -177.22320556640625, 1.5851365327835083, 0.0
24.966078281402588, 0.8234103322029114, -1.2241337299346924, 52.491947174072266, -202.28662109375, 1.5852543115615845, 0.0
24.976099014282227, 0.8127912878990173, -1.1179447174072266, 50.459320068359375, -186.59439086914062, 1.5852543115615845, 0.0
24.987066745758057, 0.8004660606384277, -1.2540420293807983, 48.407249450683594, -211.59405517578125, 1.5852543115615845, 0.0
24.99606990814209, 0.7865057587623596, -1.1438071727752686, 46.32760238647461, -193.5985565185547, 1.5852543115615845, 0.0
25.006075382232666, 0.7732533812522888, -1.1575698852539062, 44.222930908203125, -196.3390350341797, 1.5852543115615845, 0.05000000074505806
25.016069173812866, 0.7612339854240417, -1.3034608364105225, 42.08999252319336, -221.28041076660156, 1.5852543115615845, 0.05000000074505806
25.02607822418213, 0.7492970824241638, -1.1964976787567139, 39.91454315185547, -202.58636474609375, 1.5852543115615845, 0.05000000074505806
25.03610897064209, 0.7360635995864868, -1.3634297847747803, 37.683475494384766, -229.43411254882812, 1.5852543115615845, 0.05000000074505806
25.046088218688965, 0.7225882411003113, -1.2469947338104248, 35.41621398925781, -210.43167114257812, 1.5852326154708862, 0.10000000149011612
25.0560781955719, 0.7104467153549194, -1.2437820434570312, 33.15873718261719, -213.5772705078125, 1.5852326154708862, 0.10000000149011612
25.06612491607666, 0.6979993581771851, -1.393457293510437, 30.87853240966797, -240.14959716796875, 1.5852326154708862, 0.10000000149011612
25.076081037521362, 0.6832910180091858, -1.4388892650604248, 28.52398681640625, -243.72525024414062, 1.5852326154708862, 0.10000000149011612
25.086106061935425, 0.6686400175094604, -1.464731216430664, 25.785001754760742, -251.35845947265625, 1.5871144533157349, 0.15000000596046448
25.09607195854187, 0.6563326716423035, -1.3017356395721436, 23.418209075927734, -229.09393310546875, 1.5871144533157349, 0.15000000596046448
25.10608410835266, 0.6449244618415833, -1.4258755445480347, 21.084959030151367, -257.0889892578125, 1.5871144533157349, 0.15000000596046448
25.116073608398438, 0.6316396594047546, -1.2959480285644531, 18.728689193725586, -233.61264038085938, 1.5871144533157349, 0.15000000596046448
25.12609362602234, 0.6193348169326782, -1.4440218210220337, 15.620166778564453, -269.93792724609375, 1.5912151336669922, 0.20000000298023224
25.136110067367554, 0.609090268611908, -1.4108154773712158, 13.311559677124023, -270.7992248535156, 1.5912151336669922, 0.20000000298023224
25.146080255508423, 0.5979338884353638, -1.2465476989746094, 11.045108795166016, -243.71109008789062, 1.5912151336669922, 0.20000000298023224
25.1560640335083, 0.5848227143287659, -1.3958148956298828, 8.761048316955566, -271.0853271484375, 1.5912151336669922, 0.20000000298023224
25.16607975959778, 0.5731645822525024, -1.3870530128479004, 5.307490348815918, -284.1224670410156, 1.5977262258529663, 0.25
25.17607808113098, 0.5636838674545288, -1.1960744857788086, 3.1328094005584717, -253.91177368164062, 1.5977262258529663, 0.25
25.18609595298767, 0.5525305867195129, -1.1610925197601318, 1.021731972694397, -247.63278198242188, 1.5977262258529663, 0.25
25.196083068847656, 0.542183518409729, -1.1414945125579834, -1.0537126064300537, -244.71922302246094, 1.5977262258529663, 0.25
25.206081867218018, 0.5322291254997253, -1.2521677017211914, -4.798347473144531, -287.5922546386719, 1.607052206993103, 0.30000001192092896
25.216100454330444, 0.5209457278251648, -1.1069416999816895, -6.810968399047852, -255.3965606689453, 1.607052206993103, 0.30000001192092896
25.226085662841797, 0.5100205540657043, -1.2146035432815552, -8.798501968383789, -271.31854248046875, 1.607052206993103, 0.30000001192092896
25.236114501953125, 0.5009679198265076, -1.0812163352966309, -10.764349937438965, -240.75914001464844, 1.607052206993103, 0.30000001192092896
25.24606966972351, 0.4904274046421051, -1.1945167779922485, -14.736099243164062, -286.4578552246094, 1.6181461811065674, 0.3499999940395355
25.25613045692444, 0.4809912443161011, -1.0383188724517822, -16.623952865600586, -253.85003662109375, 1.6181461811065674, 0.3499999940395355
25.266078233718872, 0.4809912443161011, -0.9217262268066406, -18.29981803894043, -236.07305908203125, 1.6181461811065674, 0.3499999940395355
25.276119470596313, 0.4589008688926697, -1.164257526397705, -20.204967498779297, -259.30859375, 1.6181461811065674, 0.3499999940395355
25.2860848903656, 0.4528227746486664, -1.1078681945800781, -24.464277267456055, -283.17791748046875, 1.6316015720367432, 0.4000000059604645
25.29611039161682, 0.4456775486469269, -0.9650558233261108, -26.218923568725586, -251.6520538330078, 1.6316015720367432, 0.4000000059604645
25.3061101436615, 0.4387931525707245, -1.0381771326065063, -27.91775894165039, -256.8823547363281, 1.6316015720367432, 0.4000000059604645
25.316063165664673, 0.43192774057388306, -0.8901864290237427, -29.536279678344727, -227.25314331054688, 1.6316015720367432, 0.4000000059604645
25.326094150543213, 0.42771512269973755, -0.8230507373809814, -33.73828887939453, -249.39804077148438, 1.6464821100234985, 0.44999998807907104
25.336100816726685, 0.42547690868377686, -0.8387929797172546, -35.11085891723633, -270.5167236328125, 1.6464821100234985, 0.44999998807907104
25.34608030319214, 0.43350163102149963, -0.5692541599273682, -36.14586639404297, -214.09759521484375, 1.6464821100234985, 0.44999998807907104
25.356151342391968, 0.4522102475166321, -0.31979215145111084, -36.66916275024414, -222.72427368164062, 1.6464821100234985, 0.44999998807907104
25.36617684364319, 0.4522102475166321, -0.3197888433933258, -40.12120819091797, -242.4602508544922, 1.6625902652740479, 0.5
25.37614917755127, 0.47405073046684265, 0.15149712562561035, -39.845760345458984, -196.40769958496094, 1.6625902652740479, 0.5
25.38612651824951, 0.47405073046684265, 0.2122819423675537, -39.45979309082031, -149.9553680419922, 1.6625902652740479, 0.5
25.396116495132446, 0.5202309489250183, 0.7455289363861084, -38.104286193847656, -118.85337829589844, 1.6625902652740479, 0.5
25.406099557876587, 0.5522255301475525, 1.260366678237915, -39.5225830078125, -128.94227600097656, 1.6817342042922974, 0.550000011920929
25.416117429733276, 0.5801054835319519, 1.4817774295806885, -36.82844161987305, -72.9217529296875, 1.6817342042922974, 0.550000011920929
25.42610263824463, 0.6056747436523438, 1.9773244857788086, -33.59281921386719, 1.6161600351333618, 1.6817342042922974, 0.550000011920929
25.436096906661987, 0.6208915710449219, 1.9541501998901367, -30.039819717407227, 50.710296630859375, 1.6817342042922974, 0.550000011920929
25.44608783721924, 0.6372194886207581, 2.2635326385498047, -30.113882064819336, 67.02210998535156, 1.702513337135315, 0.0
25.456104040145874, 0.6529932618141174, 2.007824182510376, -26.46329116821289, 102.05879211425781, 1.702513337135315, 0.0
25.46607518196106, 0.6665390729904175, 2.143293619155884, -22.566394805908203, 175.54779052734375, 1.702513337135315, 0.0
25.476093769073486, 0.6779313087463379, 2.265340805053711, -18.859472274780273, 233.18121337890625, 1.702513337135315, 0.0
25.48608088493347, 0.6913322806358337, 2.4142398834228516, -18.792346954345703, 229.63841247558594, 1.7238723039627075, 0.0
25.496082305908203, 0.7046179175376892, 1.843869686126709, -15.439857482910156, 226.64431762695312, 1.7238723039627075, 0.0
25.506080389022827, 0.7163386940956116, 1.8234782218933105, -12.45598316192627, 300.73992919921875, 1.7238723039627075, 0.0
25.516080141067505, 0.7280599474906921, 1.4795422554016113, -9.76590633392334, 270.62567138671875, 1.7238723039627075, 0.0
25.526057481765747, 0.7404879927635193, 1.4979243278503418, -7.442572116851807, 290.5580749511719, 1.7245752811431885, 0.0
25.536100149154663, 0.7526616454124451, 1.3177037239074707, -5.046746730804443, 249.93057250976562, 1.7245752811431885, 0.0
25.546091079711914, 0.7625868916511536, 1.392973780632019, -2.7673351764678955, 303.8503723144531, 1.7245752811431885, 0.0
25.556099891662598, 0.7724846601486206, 1.1949121952056885, -0.5947676301002502, 258.6853942871094, 1.7245752811431885, 0.0
25.56608271598816, 0.7827015519142151, 1.2906922101974487, 3.0668649673461914, 284.8138732910156, 1.716052532196045, 0.0
25.576070547103882, 0.7911972403526306, 1.1326611042022705, 5.126248836517334, 239.8572998046875, 1.716052532196045, 0.0
25.586105585098267, 0.7989040613174438, 1.0757148265838623, 7.082093715667725, 258.74432373046875, 1.716052532196045, 0.0
25.59607481956482, 0.8060271739959717, 1.1267728805541992, 8.925904273986816, 270.7307434082031, 1.716052532196045, 0.0
25.606079816818237, 0.8138684034347534, 1.0836588144302368, 14.003168106079102, 293.9905700683594, 1.697880506515503, 0.0
25.616102933883667, 0.8209753036499023, 0.9291589260101318, 15.692548751831055, 254.5845947265625, 1.697880506515503, 0.0
25.626088857650757, 0.8209753036499023, 0.8048713207244873, 17.15595054626465, 245.98516845703125, 1.697880506515503, 0.0
25.63609528541565, 0.8310042023658752, 0.8704728484153748, 18.580360412597656, 262.5234375, 1.697880506515503, 0.0
25.64607310295105, 0.8357906937599182, 0.7320404052734375, 23.36921501159668, 261.3655090332031, 1.67886221408844, 0.0
25.656082153320312, 0.8426030874252319, 0.7790856957435608, 24.64408302307129, 280.431640625, 1.67886221408844, 0.0
25.666076183319092, 0.8491533994674683, 0.664520263671875, 25.8523006439209, 227.854248046875, 1.67886221408844, 0.0
25.676076412200928, 0.8543179631233215, 0.6312072277069092, 26.999950408935547, 218.73703002929688, 1.67886221408844, 0.0
25.686083793640137, 0.8591047525405884, 0.6688965559005737, 31.257694244384766, 268.6178283691406, 1.6614646911621094, 0.0
25.696091890335083, 0.8652769923210144, 0.5924999713897705, 32.33496856689453, 234.09060668945312, 1.6614646911621094, 0.0
25.70607852935791, 0.8723929524421692, 0.5852401256561279, 33.39904022216797, 193.9586639404297, 1.6614646911621094, 0.0
25.717143535614014, 0.8791847229003906, 0.6467766165733337, 34.457401275634766, 208.49842834472656, 1.6614646911621094, 0.0
25.726068258285522, 0.8852580189704895, 0.6428301334381104, 37.96546173095703, 208.0951690673828, 1.6485986709594727, 0.0
25.736074686050415, 0.8913213014602661, 0.6701880097389221, 39.062129974365234, 227.57530212402344, 1.6485986709594727, 0.0
25.74608302116394, 0.8975849747657776, 0.6179451942443848, 40.1856689453125, 168.16424560546875, 1.6485986709594727, 0.0
25.756077766418457, 0.9039580821990967, 0.6135463714599609, 41.30120849609375, 166.57142639160156, 1.6485986709594727, 0.0
25.76608443260193, 0.9112367630004883, 0.6898111701011658, 43.92242431640625, 200.77938842773438, 1.6403902769088745, 0.0
25.776095390319824, 0.9180717468261719, 0.6375432014465332, 45.08159255981445, 180.81626892089844, 1.6403902769088745, 0.0
25.78626012802124, 0.924601137638092, 0.6549656391143799, 46.27244186401367, 150.14724731445312, 1.6403902769088745, 0.0
25.796074151992798, 0.9299120903015137, 0.7181565165519714, 47.44760513305664, 167.91830444335938, 1.6403902769088745, 0.0
25.806079864501953, 0.9347504377365112, 0.6928642392158508, 49.63298416137695, 180.37710571289062, 1.6346064805984497, 0.0
25.81607460975647, 0.9392816424369812, 0.6009697914123535, 50.72565460205078, 162.68272399902344, 1.6346064805984497, 0.0
25.82607340812683, 0.9442697167396545, 0.5901217460632324, 51.79860305786133, 138.33160400390625, 1.6346064805984497, 0.0
25.836108684539795, 0.9442697167396545, 0.5883243083953857, 52.761314392089844, 152.21319580078125, 1.6346064805984497, 0.0
25.84609055519104, 0.950141429901123, 0.583953320980072, 54.55147171020508, 159.6200714111328, 1.6300162076950073, 0.0
25.856072664260864, 0.9617118835449219, 0.6416969895362854, 55.60152053833008, 158.89231872558594, 1.6300162076950073, 0.0
25.866118907928467, 0.9649682641029358, 0.537329912185669, 56.57848358154297, 126.56097412109375, 1.6300162076950073, 0.0
25.876177072525024, 0.9649682641029358, 0.46896934509277344, 57.431156158447266, 123.4954833984375, 1.6300162076950073, 0.0
25.886173486709595, 0.9649682641029358, 0.4485117197036743, 59.23662567138672, 144.04635620117188, 1.6241227388381958, 0.0
25.896173000335693, 0.9684194922447205, 0.35005807876586914, 59.93674087524414, 113.53752899169922, 1.6241227388381958, 0.0
25.906158447265625, 0.9684194922447205, 0.4208683967590332, 60.548912048339844, 136.44837951660156, 1.6241227388381958, 0.0
25.91614055633545, 0.9757715463638306, 0.4054506719112396, 61.21237564086914, 116.51950073242188, 1.6241227388381958, 0.0
25.92611789703369, 0.9757715463638306, 0.315016508102417, 63.157405853271484, 113.58833312988281, 1.6165752410888672, 0.0
25.93610978126526, 0.9791491627693176, 0.3487884998321533, 63.791568756103516, 110.30235290527344, 1.6165752410888672, 0.0
25.94612169265747, 0.9791491627693176, 0.32230880856513977, 64.31898498535156, 108.5277099609375, 1.6165752410888672, 0.0
25.956103563308716, 0.9804050922393799, 0.20770232379436493, 64.65885925292969, 100.63764953613281, 1.6165752410888672, 0.0
25.966087579727173, 0.9799108505249023, 0.16603204607963562, 66.71959686279297, 112.678955078125, 1.6067354679107666, 0.0
25.976099729537964, 0.9799108505249023, 0.14943480491638184, 66.99129486083984, 95.60127258300781, 1.6067354679107666, 0.0
25.986082792282104, 0.9786356687545776, 0.13666749000549316, 67.23978424072266, 80.03158569335938, 1.6067354679107666, 0.0
25.99612069129944, 0.977224588394165, 0.09783109277486801, 67.39987182617188, 82.9234619140625, 1.6067354679107666, 0.0
26.006089687347412, 0.9746391773223877, 0.0691082775592804, 69.46781921386719, 99.09905242919922, 1.5959837436676025, 0.0
26.0160813331604, 0.9731147885322571, -0.026559829711914062, 69.41952514648438, 82.0709228515625, 1.5959837436676025, 0.0
26.026092529296875, 0.9721726775169373, -0.0359952449798584, 69.35408020019531, 61.96746826171875, 1.5959837436676025, 0.0
26.036109685897827, 0.9702067375183105, -0.09936094284057617, 69.19149017333984, 59.99755859375, 1.5959837436676025, 0.0
26.046101093292236, 0.9662748575210571, -0.14303790032863617, 70.91182708740234, 73.2549057006836, 1.585234522819519, 0.0
26.056126832962036, 0.9623429775238037, -0.1806199550628662, 70.58342742919922, 59.24530029296875, 1.585234522819519, 0.0
26.06610870361328, 0.960377037525177, -0.21705362200737, 70.2282485961914, 38.9862060546875, 1.585234522819519, 0.0
26.076133012771606, 0.9584110379219055, -0.2388821691274643, 69.83735656738281, 31.62214469909668, 1.585234522819519, 0.0
26.086121320724487, 0.9544791579246521, -0.26840633153915405, 70.89398193359375, 40.60279083251953, 1.5770074129104614, 0.0
26.096119165420532, 0.9525132179260254, -0.24712085723876953, 70.44467163085938, 30.4473876953125, 1.5770074129104614, 0.0
26.106103658676147, 0.9525132179260254, -0.22125244140625, 70.04239654541016, 5.7464599609375, 1.5770074129104614, 0.0
26.116100311279297, 0.9525132179260254, -0.2289016991853714, 69.6678237915039, 2.7584500312805176, 1.5770074129104614, 0.0
26.12608242034912, 0.9525132179260254, -0.21845102310180664, 69.03954315185547, -3.495110511779785, 1.5784969329833984, 0.0
26.136114358901978, 0.9505472779273987, -0.19658207893371582, 68.68212127685547, -5.0933837890625, 1.5784969329833984, 0.0
26.14612340927124, 0.948581337928772, -0.19659598171710968, 68.36041259765625, -28.34913444519043, 1.5784969329833984, 0.0
26.156126260757446, 0.9446493983268738, -0.19659598171710968, 68.03871154785156, -28.27538299560547, 1.5784969329833984, 0.0
26.16609501838684, 0.9387515783309937, -0.24029281735420227, 67.10774230957031, -34.67220687866211, 1.5814546346664429, 0.0
26.176105260849, 0.9328537583351135, -0.2555727958679199, 66.64306640625, -31.9427490234375, 1.5814546346664429, 0.0
26.186089754104614, 0.9269558787345886, -0.30580493807792664, 66.14265441894531, -52.79201889038086, 1.5814546346664429, 0.0
26.196078777313232, 0.9210580587387085, -0.3495084047317505, 65.57073211669922, -54.15513610839844, 1.5814546346664429, 0.0
26.206092834472656, 0.9112282991409302, -0.4587305784225464, 64.53498077392578, -61.19367980957031, 1.5830227136611938, 0.0
26.216110467910767, 0.90533047914505, -0.4718184471130371, 63.677127838134766, -59.906768798828125, 1.5830227136611938, 0.0
26.226118803024292, 0.9013985395431519, -0.5679329037666321, 62.74778366088867, -69.90814208984375, 1.5830227136611938, 0.0
26.236137866973877, 0.8974666595458984, -0.5308151245117188, 61.78266525268555, -68.99490356445312, 1.5830227136611938, 0.0
26.246102809906006, 0.893534779548645, -0.6116231083869934, 60.53001403808594, -87.00392150878906, 1.5844076871871948, 0.0
26.256110906600952, 0.8876369595527649, -0.5701184272766113, 59.49343490600586, -85.45341491699219, 1.5844076871871948, 0.0
26.266096591949463, 0.8797731399536133, -0.6553199291229248, 58.42109298706055, -96.51904296875, 1.5844076871871948, 0.0
26.27610492706299, 0.8719093203544617, -0.6094574928283691, 57.31298828125, -93.30024719238281, 1.5844076871871948, 0.0
26.28608775138855, 0.8640455603599548, -0.6990035176277161, 56.134788513183594, -111.19842529296875, 1.5845967531204224, 0.0
26.296111345291138, 0.8561817407608032, -0.6487548351287842, 54.95523452758789, -106.15425109863281, 1.5845967531204224, 0.0
26.30609941482544, 0.8483179807662964, -0.698996901512146, 53.81142044067383, -119.15164184570312, 1.5845967531204224, 0.0
26.31610631942749, 0.8424201011657715, -0.6291031837463379, 52.66759490966797, -110.09521484375, 1.5845967531204224, 0.0
26.326097011566162, 0.8345563411712646, -0.7427003383636475, 51.45335388183594, -125.4929428100586, 1.5845907926559448, 0.0
26.336130619049072, 0.826692521572113, -0.7077395915985107, 50.16655349731445, -116.16096496582031, 1.5845907926559448, 0.0
26.346105098724365, 0.8168628215789795, -0.851909339427948, 48.772518157958984, -130.63897705078125, 1.5845907926559448, 0.0
26.35611057281494, 0.8070330619812012, -0.8955862522125244, 47.30701446533203, -135.40480041503906, 1.5845907926559448, 0.0
26.366090774536133, 0.7972033023834229, -0.9174545407295227, 45.88028335571289, -139.3419952392578, 1.5841807126998901, 0.05000000074505806
26.37611174583435, 0.789339542388916, -0.8256912231445312, 44.3790283203125, -129.33998107910156, 1.5841807126998901, 0.05000000074505806
26.386101961135864, 0.7814757227897644, -0.9174545407295227, 42.87773895263672, -147.30072021484375, 1.5841807126998901, 0.05000000074505806
26.39610528945923, 0.7716460227966309, -0.8453547954559326, 41.340728759765625, -136.14501953125, 1.5841807126998901, 0.05000000074505806
26.406105756759644, 0.7618162631988525, -0.9611248970031738, 39.75165939331055, -156.219482421875, 1.5842704772949219, 0.10000000149011612
26.416101932525635, 0.7539524435997009, -0.8846819400787354, 38.14314651489258, -145.24459838867188, 1.5842704772949219, 0.10000000149011612
26.426093578338623, 0.7401908040046692, -0.9436547756195068, 36.42741012573242, -150.2593994140625, 1.5842704772949219, 0.10000000149011612
26.436095237731934, 0.7342929840087891, -1.0266635417938232, 34.74741744995117, -171.32398986816406, 1.5842704772949219, 0.10000000149011612
26.446080207824707, 0.7261120676994324, -1.0083317756652832, 32.764976501464844, -177.8615264892578, 1.5860989093780518, 0.15000000596046448
26.456114292144775, 0.7165994644165039, -0.9043455123901367, 31.120712280273438, -161.86294555664062, 1.5860989093780518, 0.15000000596046448
26.4661123752594, 0.7048037648200989, -0.9239912033081055, 29.44072723388672, -164.3951416015625, 1.5860989093780518, 0.15000000596046448
26.47610878944397, 0.6969399452209473, -1.0266635417938232, 27.760732650756836, -184.64830017089844, 1.5860989093780518, 0.15000000596046448
26.48609495162964, 0.685144305229187, -1.0703470706939697, 25.28383445739746, -195.48712158203125, 1.5900887250900269, 0.20000000298023224
26.496108293533325, 0.677078127861023, -0.9456753730773926, 23.564424514770508, -177.76318359375, 1.5900887250900269, 0.20000000298023224
26.506088733673096, 0.677078127861023, -0.9415348172187805, 22.023731231689453, -196.97740173339844, 1.5900887250900269, 0.20000000298023224
26.51607394218445, 0.6536890864372253, -1.114037275314331, 20.200761795043945, -199.35946655273438, 1.5900887250900269, 0.20000000298023224
26.52607250213623, 0.6388044953346252, -1.126521110534668, 17.195354461669922, -213.6902313232422, 1.5964797735214233, 0.25
26.536073446273804, 0.6388044953346252, -0.9548842906951904, 15.45920181274414, -192.88177490234375, 1.5964797735214233, 0.25
26.546077251434326, 0.6281318068504333, -1.088672161102295, 13.677738189697266, -212.08042907714844, 1.5964797735214233, 0.25
26.556096076965332, 0.6127043962478638, -1.0389506816864014, 11.788736343383789, -193.3197021484375, 1.5964797735214233, 0.25
26.56607747077942, 0.6042861342430115, -1.1168586015701294, 8.30994987487793, -234.78634643554688, 1.605561375617981, 0.30000001192092896
26.57607388496399, 0.6042861342430115, -0.9265422821044922, 6.625327110290527, -211.35406494140625, 1.605561375617981, 0.30000001192092896
26.586063146591187, 0.5927447080612183, -1.0266568660736084, 4.945343017578125, -225.98362731933594, 1.605561375617981, 0.30000001192092896
26.596068620681763, 0.5829150080680847, -0.9416341781616211, 3.233281135559082, -203.31106567382812, 1.605561375617981, 0.30000001192092896
26.606086254119873, 0.5675450563430786, -1.0953307151794434, 1.241770625114441, -207.8196563720703, 1.616571068763733, 0.3499999940395355
26.616116762161255, 0.5577935576438904, -1.065505862236023, -2.503546714782715, -252.27011108398438, 1.616571068763733, 0.3499999940395355
26.626081228256226, 0.5593236088752747, -0.8831156492233276, -3.9486451148986816, -234.93338012695312, 1.616571068763733, 0.3499999940395355
26.636069536209106, 0.5494938492774963, -0.893104076385498, -5.572470664978027, -210.3167266845703, 1.616571068763733, 0.3499999940395355
26.646057605743408, 0.5325382351875305, -1.062148094177246, -9.75733470916748, -260.3896484375, 1.630028486251831, 0.4000000059604645
26.656075954437256, 0.5325382351875305, -0.8016645908355713, -11.214906692504883, -230.03646850585938, 1.630028486251831, 0.4000000059604645
26.66607666015625, 0.5239365100860596, -0.892778217792511, -12.675816535949707, -233.1751708984375, 1.630028486251831, 0.4000000059604645
26.676066637039185, 0.508098840713501, -1.0687509775161743, -14.424681663513184, -233.8889923095703, 1.630028486251831, 0.4000000059604645
26.68610405921936, 0.5017697215080261, -0.9097516536712646, -18.81586456298828, -237.6121063232422, 1.6450824737548828, 0.44999998807907104
26.69606900215149, 0.4951697885990143, -0.9749531745910645, -20.41124153137207, -262.7168273925781, 1.6450824737548828, 0.44999998807907104
26.70607900619507, 0.4964132606983185, -0.7113099098205566, -21.704532623291016, -229.4630126953125, 1.6450824737548828, 0.44999998807907104
26.716066360473633, 0.4834742844104767, -0.7431924343109131, -23.0557918548584, -205.5225372314453, 1.6450824737548828, 0.44999998807907104
26.726128339767456, 0.48658353090286255, -0.8082125186920166, -27.481252670288086, -261.4731140136719, 1.6621485948562622, 0.5
26.736070156097412, 0.47537291049957275, -0.7412195205688477, -28.82892417907715, -232.56454467773438, 1.6621485948562622, 0.5
26.7461040019989, 0.47675377130508423, -0.6198287010192871, -29.843189239501953, -223.1763153076172, 1.6621485948562622, 0.5
26.756080389022827, 0.4747878313064575, -0.5775004625320435, -30.893190383911133, -196.78286743164062, 1.6621485948562622, 0.5
26.766101121902466, 0.468889981508255, -0.6116297245025635, -35.29115676879883, -251.28152465820312, 1.6808327436447144, 0.550000011920929
26.77610969543457, 0.4664430320262909, -0.4165560007095337, -36.04853057861328, -216.2384033203125, 1.6808327436447144, 0.550000011920929
26.78607940673828, 0.48658353090286255, -0.16874074935913086, -36.32465362548828, -194.54214477539062, 1.6808327436447144, 0.550000011920929
26.79607629776001, 0.5010209679603577, 0.05851387977600098, -36.218265533447266, -158.07037353515625, 1.6808327436447144, 0.550000011920929
26.80609440803528, 0.5225732326507568, 0.2906620502471924, -39.3452262878418, -196.00741577148438, 1.700646996498108, 0.6000000238418579
26.816059350967407, 0.5437602400779724, 0.6028652191162109, -38.249107360839844, -151.93328857421875, 1.700646996498108, 0.6000000238418579
26.826109886169434, 0.5641880631446838, 0.8622705936431885, -36.83811950683594, -103.96533203125, 1.700646996498108, 0.6000000238418579
26.836081981658936, 0.5856971144676208, 1.2258291244506836, -34.832218170166016, -66.703369140625, 1.700646996498108, 0.6000000238418579
26.84606170654297, 0.6043764352798462, 1.2762248516082764, -36.56919479370117, -67.25997924804688, 1.7229626178741455, 0.6499999761581421
26.85606288909912, 0.6206058859825134, 1.620193362236023, -33.91796875, -33.60832977294922, 1.7229626178741455, 0.6499999761581421
26.86606788635254, 0.6371576189994812, 1.6826808452606201, -30.858549118041992, 44.32563781738281, 1.7229626178741455, 0.6499999761581421
26.876076698303223, 0.6542618274688721, 1.8781840801239014, -27.443668365478516, 86.04850769042969, 1.7229626178741455, 0.6499999761581421
26.88607382774353, 0.669939398765564, 2.0373001098632812, -28.14095687866211, 90.93051147460938, 1.745133399963379, 0.0
26.896029233932495, 0.6824086904525757, 1.8138706684112549, -24.84300994873047, 113.75236511230469, 1.745133399963379, 0.0
26.906089544296265, 0.6939191818237305, 1.7134606838226318, -21.72762680053711, 176.17568969726562, 1.745133399963379, 0.0
26.91612482070923, 0.7065371870994568, 1.8086366653442383, -18.76803970336914, 216.45651245117188, 1.745133399963379, 0.0
26.926079034805298, 0.7187147736549377, 1.5452682971954346, -19.530122756958008, 173.08006286621094, 1.7647775411605835, 0.0
26.936096668243408, 0.7290617823600769, 1.5929341316223145, -16.923503875732422, 198.98583984375, 1.7647775411605835, 0.0
26.946099519729614, 0.7380921244621277, 1.3371527194976807, -14.492316246032715, 220.7685546875, 1.7647775411605835, 0.0
26.956116437911987, 0.747743546962738, 1.271378993988037, -12.180718421936035, 217.37271118164062, 1.7647775411605835, 0.0
26.966073989868164, 0.7576220035552979, 1.3384885787963867, -10.179877281188965, 229.76303100585938, 1.7658193111419678, 0.0
26.976072072982788, 0.7660735845565796, 1.2423595190048218, -8.14692497253418, 214.40823364257812, 1.7658193111419678, 0.0
26.986077308654785, 0.7660735845565796, 0.9613454341888428, -6.399024486541748, 217.41943359375, 1.7658193111419678, 0.0
26.996078968048096, 0.7809809446334839, 1.0952552556991577, -4.606788635253906, 224.84652709960938, 1.7658193111419678, 0.0
27.006069660186768, 0.789339542388916, 1.0602209568023682, -1.668691635131836, 222.87718200683594, 1.7592017650604248, 0.0
27.016069889068604, 0.7969264984130859, 0.9038925170898438, -0.025250695645809174, 187.4278106689453, 1.7592017650604248, 0.0
27.026062488555908, 0.8037595152854919, 0.9449388980865479, 1.5210130214691162, 233.901611328125, 1.7592017650604248, 0.0
27.03607749938965, 0.8084753751754761, 0.794142484664917, 2.9649083614349365, 198.8841094970703, 1.7592017650604248, 0.0
27.04606604576111, 0.8148877024650574, 0.8532736301422119, 7.078734397888184, 239.678466796875, 1.7442551851272583, 0.0
27.05605912208557, 0.820628821849823, 0.7288515567779541, 8.403919219970703, 205.84632873535156, 1.7442551851272583, 0.0
27.066078186035156, 0.8255245685577393, 0.7544689774513245, 9.638504981994629, 220.20425415039062, 1.7442551851272583, 0.0
27.07607078552246, 0.8255245685577393, 0.5945086479187012, 10.719429016113281, 188.66355895996094, 1.7442551851272583, 0.0
27.086100339889526, 0.8312996029853821, 0.7247394919395447, 14.870882034301758, 236.33229064941406, 1.7279448509216309, 0.0
27.096068143844604, 0.8337684869766235, 0.5278825759887695, 15.830668449401855, 204.3745574951172, 1.7279448509216309, 0.0
27.10607933998108, 0.8337684869766235, 0.4936522841453552, 16.638463973999023, 203.41290283203125, 1.7279448509216309, 0.0
27.116074085235596, 0.8424201011657715, 0.45493245124816895, 17.465612411499023, 174.90853881835938, 1.7279448509216309, 0.0
27.126075983047485, 0.8466173410415649, 0.4762013852596283, 21.097097396850586, 217.5121307373047, 1.7122575044631958, 0.0
27.136101245880127, 0.8505263924598694, 0.4672209322452545, 21.86163902282715, 209.96359252929688, 1.7122575044631958, 0.0
27.146080017089844, 0.8543382287025452, 0.4383457899093628, 22.578933715820312, 172.22447204589844, 1.7122575044631958, 0.0
27.156102418899536, 0.8574796319007874, 0.40945079922676086, 23.248943328857422, 164.9447479248047, 1.7122575044631958, 0.0
27.16608738899231, 0.8574796319007874, 0.3550516366958618, 26.03151512145996, 182.14459228515625, 1.7001488208770752, 0.0
27.176137685775757, 0.8596755266189575, 0.3415107727050781, 26.65244483947754, 159.33016967773438, 1.7001488208770752, 0.0
27.186092615127563, 0.868225634098053, 0.4102918803691864, 27.32383155822754, 138.36605834960938, 1.7001488208770752, 0.0
27.196117877960205, 0.8733545541763306, 0.39586424827575684, 28.0435848236084, 122.12905883789062, 1.7001488208770752, 0.0
27.206138610839844, 0.8764732480049133, 0.4744926989078522, 30.371850967407227, 152.59339904785156, 1.691613793373108, 0.0
27.216161727905273, 0.8764732480049133, 0.34053921699523926, 30.991012573242188, 135.25408935546875, 1.691613793373108, 0.0
27.22614073753357, 0.8805887699127197, 0.3774629831314087, 31.608678817749023, 116.79501342773438, 1.691613793373108, 0.0
27.23610806465149, 0.8805887699127197, 0.3006160259246826, 32.15525436401367, 102.93617248535156, 1.691613793373108, 0.0
27.246089220046997, 0.8874019980430603, 0.36737653613090515, 33.76947784423828, 124.3392105102539, 1.6860419511795044, 0.0
27.256153345108032, 0.8874019980430603, 0.299227237701416, 34.31352615356445, 110.64624786376953, 1.6860419511795044, 0.0
27.26610231399536, 0.8982512950897217, 0.45301517844200134, 35.05482482910156, 100.25872039794922, 1.6860419511795044, 0.0
27.276105642318726, 0.9036455750465393, 0.43970346450805664, 35.854286193847656, 92.01850891113281, 1.6860419511795044, 0.0
27.286086559295654, 0.9073171615600586, 0.4343522787094116, 37.41953659057617, 112.1739273071289, 1.6813422441482544, 0.0
27.296077489852905, 0.9095947742462158, 0.362396240234375, 38.07843780517578, 100.34866333007812, 1.6813422441482544, 0.0
27.306071043014526, 0.9210580587387085, 0.49538081884384155, 38.889060974121094, 94.63585662841797, 1.6813422441482544, 0.0
27.316174745559692, 0.9144957065582275, 0.38022398948669434, 39.580379486083984, 85.89401245117188, 1.6813422441482544, 0.0
27.326085329055786, 0.9144957065582275, 0.3390789031982422, 41.073028564453125, 94.64340209960938, 1.6765234470367432, 0.0
27.33609938621521, 0.9158545136451721, 0.35265684127807617, 41.71422576904297, 95.5902099609375, 1.6765234470367432, 0.0
27.346104383468628, 0.9172103404998779, 0.3312031328678131, 42.25619125366211, 94.29634857177734, 1.6765234470367432, 0.0
27.356116771697998, 0.9177311062812805, 0.3032982349395752, 42.80764389038086, 84.94110107421875, 1.6765234470367432, 0.0
27.366163969039917, 0.9177713394165039, 0.21688143908977509, 44.38031768798828, 103.61650085449219, 1.6698256731033325, 0.0
27.376115083694458, 0.9171751737594604, 0.13530254364013672, 44.62632369995117, 87.72010803222656, 1.6698256731033325, 0.0
27.38612174987793, 0.9171751737594604, 0.09858012199401855, 44.80556106567383, 73.86054992675781, 1.6698256731033325, 0.0
27.39611315727234, 0.9154841899871826, 0.05889534950256348, 44.91264343261719, 68.34182739257812, 1.6698256731033325, 0.0
27.406102895736694, 0.912741482257843, -0.09240707010030746, 46.3293342590332, 82.66999816894531, 1.6612021923065186, 0.0
27.416112422943115, 0.912741482257843, -0.01754164695739746, 46.29744338989258, 67.17071533203125, 1.6612021923065186, 0.0
27.42608141899109, 0.9092873930931091, -0.05208849906921387, 46.202735900878906, 51.29737854003906, 1.6612021923065186, 0.0
27.43607187271118, 0.9060512185096741, -0.10891755670309067, 46.024505615234375, 47.89183044433594, 1.6612021923065186, 0.0
27.44612717628479, 0.9009588956832886, -0.18057557940483093, 47.475608825683594, 57.99314880371094, 1.651595950126648, 0.0
27.456083059310913, 0.9009588956832886, -0.16772150993347168, 47.17066192626953, 43.630218505859375, 1.651595950126648, 0.0
27.46609401702881, 0.8986225128173828, -0.191497802734375, 46.82248306274414, 24.42169189453125, 1.651595950126648, 0.0
27.476114749908447, 0.8951461315155029, -0.22028684616088867, 46.42196273803711, 17.956161499023438, 1.651595950126648, 0.0
27.486103534698486, 0.8914684057235718, -0.2856254577636719, 47.77605056762695, 33.00560760498047, 1.6415778398513794, 0.0
27.49611735343933, 0.8914684057235718, -0.24016499519348145, 47.339385986328125, 24.267578125, 1.6415778398513794, 0.0
27.506101369857788, 0.8875339031219482, -0.25206804275512695, 46.881080627441406, 5.517578125, 1.6415778398513794, 0.0
27.51607394218445, 0.8823233246803284, -0.33797821402549744, 46.328025817871094, 0.339508056640625, 1.6415778398513794, 0.0
27.526095151901245, 0.8798943758010864, -0.29393434524536133, 47.57012176513672, 13.674163818359375, 1.6318069696426392, 0.0
27.536128759384155, 0.8798943758010864, -0.26157498359680176, 47.09452819824219, 10.700225830078125, 1.6318069696426392, 0.0
27.546085119247437, 0.8768383860588074, -0.24120211601257324, 46.65597915649414, -8.196640014648438, 1.6318069696426392, 0.0
27.556114435195923, 0.8724368214607239, -0.31691789627075195, 46.137386322021484, -11.48054313659668, 1.6318069696426392, 0.0
27.56611728668213, 0.866570770740509, -0.35612452030181885, 47.226863861083984, 4.493289470672607, 1.6226097345352173, 0.0
27.57611322402954, 0.8604285717010498, -0.34717321395874023, 46.595638275146484, 1.7364501953125, 1.6226097345352173, 0.0
27.586143970489502, 0.8531290292739868, -0.3833889961242676, 45.89856719970703, -18.774795532226562, 1.6226097345352173, 0.0
27.59611678123474, 0.8432850241661072, -0.4818439483642578, 45.02248764038086, -23.1689453125, 1.6226097345352173, 0.0
27.606095552444458, 0.8342041373252869, -0.5925496220588684, 45.60696029663086, -14.15676498413086, 1.6140621900558472, 0.0
27.616106033325195, 0.8252140283584595, -0.5710959434509277, 44.568603515625, -17.594528198242188, 1.6140621900558472, 0.0
27.62610125541687, 0.8154355883598328, -0.6445884704589844, 43.39662551879883, -41.73469543457031, 1.6140621900558472, 0.0
27.636155366897583, 0.8095867037773132, -0.7811983227729797, 42.11830139160156, -55.2914924621582, 1.6140621900558472, 0.0
27.64609718322754, 0.8020439147949219, -0.8310543298721313, 42.205875396728516, -49.44525909423828, 1.6061010360717773, 0.0
27.656116247177124, 0.7963119149208069, -0.7612407207489014, 40.821800231933594, -53.15589904785156, 1.6061010360717773, 0.0
27.666083097457886, 0.7903028726577759, -0.8474256992340088, 39.43510437011719, -86.57540130615234, 1.6061010360717773, 0.0
27.676098585128784, 0.7852413654327393, -0.7518768310546875, 38.06805419921875, -85.27565002441406, 1.6061010360717773, 0.0
27.68609309196472, 0.7777548432350159, -0.8374850153923035, 38.20193862915039, -85.518310546875, 1.5978273153305054, 0.0
27.696112155914307, 0.7687039375305176, -0.7458090782165527, 36.845924377441406, -81.76612854003906, 1.5978273153305054, 0.0
27.70610785484314, 0.7583578824996948, -0.7584631443023682, 35.46689987182617, -101.40037536621094, 1.5978273153305054, 0.0
27.716136932373047, 0.7457610368728638, -0.8828043937683105, 34.022308349609375, -117.18114471435547, 1.5978273153305054, 0.0
27.726590156555176, 0.7457610368728638, -0.7741583585739136, 34.302581787109375, -101.04497528076172, 1.5893183946609497, 0.05000000074505806
27.736139059066772, 0.7344369292259216, -0.7515013217926025, 32.936214447021484, -91.82052612304688, 1.5893183946609497, 0.05000000074505806
27.746113061904907, 0.7226890325546265, -0.7935464382171631, 31.493404388427734, -107.12432861328125, 1.5893183946609497, 0.05000000074505806
27.756125450134277, 0.7226890325546265, -0.8180339932441711, 30.154802322387695, -118.522216796875, 1.5893183946609497, 0.05000000074505806
27.76611089706421, 0.7135083675384521, -0.7679522037506104, 28.758525848388672, -106.76651000976562, 1.580984354019165, 0.10000000149011612
27.776108741760254, 0.6988723278045654, -0.9596480131149292, 28.703472137451172, -104.05052947998047, 1.580984354019165, 0.10000000149011612
27.786102771759033, 0.6760344505310059, -1.0172009468078613, 26.85401725769043, -113.4796142578125, 1.580984354019165, 0.10000000149011612
27.796112060546875, 0.6760344505310059, -0.9266912937164307, 25.16912269592285, -116.76750183105469, 1.580984354019165, 0.10000000149011612
27.806105613708496, 0.6654995679855347, -1.0317630767822266, 23.480783462524414, -133.17913818359375, 1.5800976753234863, 0.15000000596046448
27.816060304641724, 0.6654995679855347, -0.8917914628982544, 22.182703018188477, -131.5511016845703, 1.5800976753234863, 0.15000000596046448
27.826075553894043, 0.6561046838760376, -0.9961922764778137, 20.552570343017578, -152.77777099609375, 1.5800976753234863, 0.15000000596046448
27.836079597473145, 0.6448630690574646, -0.9952651262283325, 18.923954010009766, -155.69178771972656, 1.5800976753234863, 0.15000000596046448
27.84606957435608, 0.6337136030197144, -0.988609254360199, 16.367273330688477, -168.06814575195312, 1.5852619409561157, 0.20000000298023224
27.856072902679443, 0.6197013258934021, -1.1443098783493042, 14.494766235351562, -174.00064086914062, 1.5852619409561157, 0.20000000298023224
27.86607027053833, 0.6197013258934021, -0.9380698204040527, 12.7891845703125, -159.6935272216797, 1.5852619409561157, 0.20000000298023224
27.876068830490112, 0.6077214479446411, -0.9115099906921387, 11.131893157958984, -175.71563720703125, 1.5852619409561157, 0.20000000298023224
27.88610291481018, 0.5974322557449341, -0.8733537197113037, 8.076472282409668, -208.6393585205078, 1.5942065715789795, 0.25
27.896080255508423, 0.5897429585456848, -0.8629202842712402, 6.507526874542236, -186.6161346435547, 1.5942065715789795, 0.25
27.906064748764038, 0.5823348760604858, -0.9240441918373108, 4.99545431137085, -205.3924102783203, 1.5942065715789795, 0.25
27.916102409362793, 0.5780355930328369, -0.874638557434082, 3.405202627182007, -187.77503967285156, 1.5942065715789795, 0.25
27.926090717315674, 0.5702540278434753, -0.9539061188697815, -0.3687576949596405, -232.45916748046875, 1.606378197669983, 0.30000001192092896
27.936078548431396, 0.560384213924408, -0.8447885513305664, -1.904736876487732, -208.28695678710938, 1.606378197669983, 0.30000001192092896
27.946128845214844, 0.5536354780197144, -0.889758288860321, -3.3607048988342285, -219.19981384277344, 1.606378197669983, 0.30000001192092896
27.956072330474854, 0.5498747229576111, -0.6982564926147461, -4.63026237487793, -191.25030517578125, 1.606378197669983, 0.30000001192092896
27.966051816940308, 0.5437213778495789, -0.8442269563674927, -8.287538528442383, -234.1857452392578, 1.618895173072815, 0.3499999940395355
27.976059913635254, 0.5344864726066589, -0.8137292265892029, -9.619094848632812, -230.56651306152344, 1.618895173072815, 0.3499999940395355
27.986079216003418, 0.5265960097312927, -0.7083594799041748, -10.907021522521973, -189.8349609375, 1.618895173072815, 0.3499999940395355
27.99607253074646, 0.5224997401237488, -0.7471442222595215, -12.129621505737305, -207.07943725585938, 1.618895173072815, 0.3499999940395355
28.006068229675293, 0.5156016945838928, -0.7414751648902893, -15.878135681152344, -231.92877197265625, 1.6328387260437012, 0.4000000059604645
28.016071557998657, 0.5156016945838928, -0.6243467330932617, -17.0133113861084, -204.18515014648438, 1.6328387260437012, 0.4000000059604645
28.0260751247406, 0.49539104104042053, -0.8318092823028564, -18.374454498291016, -200.06338500976562, 1.6328387260437012, 0.4000000059604645
28.036057233810425, 0.4921160638332367, -0.6826817989349365, -19.615694046020508, -177.10952758789062, 1.6328387260437012, 0.4000000059604645
28.046092987060547, 0.48745620250701904, -0.7353226542472839, -23.409778594970703, -222.7674102783203, 1.6470882892608643, 0.44999998807907104
28.05605149269104, 0.47748783230781555, -0.7238626480102539, -24.725893020629883, -200.9562530517578, 1.6470882892608643, 0.44999998807907104
28.066060543060303, 0.47415027022361755, -0.6957173347473145, -25.990833282470703, -177.03305053710938, 1.6470882892608643, 0.44999998807907104
28.07606029510498, 0.47153112292289734, -0.6995035409927368, -27.135475158691406, -194.62628173828125, 1.6470882892608643, 0.44999998807907104
28.08606743812561, 0.4684184491634369, -0.581774115562439, -31.125751495361328, -202.18734741210938, 1.6632170677185059, 0.5
28.096076011657715, 0.4684184491634369, -0.600907564163208, -32.10905456542969, -221.99375915527344, 1.6632170677185059, 0.5
28.10608696937561, 0.46139174699783325, -0.6023281216621399, -33.09468078613281, -191.29498291015625, 1.6632170677185059, 0.5
28.11608099937439, 0.45990562438964844, -0.5569666624069214, -34.10734939575195, -170.94039916992188, 1.6632170677185059, 0.5
28.126079082489014, 0.45697376132011414, -0.42685866355895996, -38.055686950683594, -218.68048095703125, 1.6810911893844604, 0.550000011920929
28.1360821723938, 0.4599747359752655, -0.3214120864868164, -38.640071868896484, -190.24371337890625, 1.6810911893844604, 0.550000011920929
28.146087408065796, 0.4942885637283325, 0.07591313868761063, -38.51585006713867, -167.84498596191406, 1.6810911893844604, 0.550000011920929
28.15610647201538, 0.5071929097175598, 0.297054648399353, -37.97574996948242, -132.49855041503906, 1.6810911893844604, 0.550000011920929
28.16606640815735, 0.5338088274002075, 0.6628732085227966, -40.45872116088867, -160.75389099121094, 1.7007133960723877, 0.6000000238418579
28.17607569694519, 0.5541725158691406, 0.8264154195785522, -38.95615005493164, -118.20716857910156, 1.7007133960723877, 0.6000000238418579
28.186108350753784, 0.5763247013092041, 1.1989606618881226, -36.99421310424805, -65.20504760742188, 1.7007133960723877, 0.6000000238418579
28.19607710838318, 0.5763247013092041, 1.079055666923523, -35.03229522705078, -29.232406616210938, 1.7007133960723877, 0.6000000238418579
28.206068515777588, 0.6084209084510803, 1.6336573362350464, -36.317176818847656, -35.80559539794922, 1.7224831581115723, 0.6499999761581421
28.21612524986267, 0.6249078512191772, 1.6500234603881836, -33.31713104248047, 7.9021453857421875, 1.7224831581115723, 0.6499999761581421
28.226112365722656, 0.6373043656349182, 2.003676414489746, -30.038389205932617, 89.080810546875, 1.7224831581115723, 0.6499999761581421
28.2361056804657, 0.6572714447975159, 2.192185878753662, -26.451175689697266, 135.43234252929688, 1.7224831581115723, 0.6499999761581421
28.24608588218689, 0.671757161617279, 1.9718739986419678, -27.284395217895508, 124.79400634765625, 1.7448127269744873, 0.0
28.25606393814087, 0.6801098585128784, 1.7291665077209473, -24.14045524597168, 138.35296630859375, 1.7448127269744873, 0.0
28.266093492507935, 0.6906777024269104, 1.7429921627044678, -21.288286209106445, 213.004638671875, 1.7448127269744873, 0.0
28.276094436645508, 0.6906777024269104, 1.3650476932525635, -18.806381225585938, 201.49765014648438, 1.7448127269744873, 0.0
28.286078691482544, 0.7136615514755249, 1.373368501663208, -19.88352394104004, 171.1071014404297, 1.7644706964492798, 0.0
28.296067714691162, 0.7229552268981934, 1.6292333602905273, -17.217506408691406, 197.9420928955078, 1.7644706964492798, 0.0
28.30605983734131, 0.7292714715003967, 1.3427801132202148, -15.02022933959961, 236.63265991210938, 1.7644706964492798, 0.0
28.31606388092041, 0.7362774610519409, 1.1136949062347412, -12.995329856872559, 203.21807861328125, 1.7644706964492798, 0.0
28.326124668121338, 0.7362774610519409, 0.9897351264953613, -11.461474418640137, 185.76907348632812, 1.7659318447113037, 0.0
28.33610463142395, 0.7445417046546936, 0.9696615934371948, -9.874755859375, 184.18247985839844, 1.7659318447113037, 0.0
28.34608244895935, 0.7539370059967041, 0.9131166934967041, -8.38056468963623, 210.0425262451172, 1.7659318447113037, 0.0
28.356126070022583, 0.7655961513519287, 0.9498463869094849, -6.826270580291748, 192.37985229492188, 1.7659318447113037, 0.0
28.36614990234375, 0.7696466445922852, 0.7896900177001953, -4.2137451171875, 170.74546813964844, 1.7594598531723022, 0.0
28.376150608062744, 0.775090217590332, 0.8441269397735596, -2.678968667984009, 161.27413940429688, 1.7594598531723022, 0.0
28.386110067367554, 0.7808685898780823, 0.746746838092804, -1.457019329071045, 204.73883056640625, 1.7594598531723022, 0.0
28.39609670639038, 0.7884330749511719, 0.6547749042510986, -0.2665194571018219, 169.5099334716797, 1.7594598531723022, 0.0
28.40608859062195, 0.791774570941925, 0.6944735646247864, 3.535606622695923, 206.1759033203125, 1.7447984218597412, 0.0
28.416125297546387, 0.791774570941925, 0.5549788475036621, 4.54465913772583, 175.3998565673828, 1.7447984218597412, 0.0
28.42609214782715, 0.7935364842414856, 0.6362133622169495, 5.585735321044922, 189.4134979248047, 1.7447984218597412, 0.0
28.436111211776733, 0.794628918170929, 0.5008697509765625, 6.496407985687256, 163.71160888671875, 1.7447984218597412, 0.0
28.44609308242798, 0.797502875328064, 0.48406919836997986, 10.250265121459961, 207.00921630859375, 1.7285088300704956, 0.0
28.456098079681396, 0.8028956651687622, 0.33907997608184814, 10.928424835205078, 161.4063262939453, 1.7285088300704956, 0.0
28.46609354019165, 0.8064116835594177, 0.45956671237945557, 11.596885681152344, 197.63287353515625, 1.7285088300704956, 0.0
28.47610640525818, 0.8085441589355469, 0.371701180934906, 12.205123901367188, 165.3788299560547, 1.7285088300704956, 0.0
28.48608088493347, 0.8093992471694946, 0.3170106112957001, 15.581640243530273, 189.31845092773438, 1.712791085243225, 0.0
28.49611473083496, 0.8103764653205872, 0.21943449974060059, 15.980611801147461, 162.4713897705078, 1.712791085243225, 0.0
28.506097078323364, 0.8128030300140381, 0.23365020751953125, 16.36294937133789, 142.52587890625, 1.712791085243225, 0.0
28.516083002090454, 0.8175805807113647, 0.25805234909057617, 16.832134246826172, 122.87492370605469, 1.712791085243225, 0.0
28.52634024620056, 0.8220742344856262, 0.3170967102050781, 19.56475830078125, 155.3223876953125, 1.7006155252456665, 0.0
28.536097764968872, 0.8257156014442444, 0.31087398529052734, 20.12998390197754, 136.33575439453125, 1.7006155252456665, 0.0
28.546103477478027, 0.830147922039032, 0.3627207577228546, 20.723527908325195, 116.36967468261719, 1.7006155252456665, 0.0
28.5561101436615, 0.8327038884162903, 0.29807090759277344, 21.265474319458008, 103.37057495117188, 1.7006155252456665, 0.0
28.566096782684326, 0.8327038884162903, 0.29214224219322205, 23.331283569335938, 130.38211059570312, 1.691882848739624, 0.0
28.5761661529541, 0.8342511653900146, 0.25707483291625977, 23.79869270324707, 115.93551635742188, 1.691882848739624, 0.0
28.586116075515747, 0.8356694579124451, 0.2918839454650879, 24.276321411132812, 96.60763549804688, 1.691882848739624, 0.0
28.596104860305786, 0.8356694579124451, 0.25293827056884766, 24.736209869384766, 87.5558853149414, 1.691882848739624, 0.0
28.60612201690674, 0.8377504944801331, 0.27718809247016907, 25.189790725708008, 98.07608032226562, 1.6862655878067017, 0.0
28.616281032562256, 0.8407730460166931, 0.23191571235656738, 26.632774353027344, 98.0062484741211, 1.6862655878067017, 0.0
28.62612533569336, 0.8445123434066772, 0.24931961297988892, 27.040752410888672, 83.06672668457031, 1.6862655878067017, 0.0
28.636098384857178, 0.8467510938644409, 0.21035075187683105, 27.423208236694336, 72.93224334716797, 1.6862655878067017, 0.0
28.64609146118164, 0.849464476108551, 0.19317865371704102, 28.628934860229492, 79.05387878417969, 1.6815658807754517, 0.0
28.656102180480957, 0.8520528674125671, 0.21498070657253265, 28.98072052001953, 85.72493743896484, 1.6815658807754517, 0.0
28.666149854660034, 0.8541674613952637, 0.2384781837463379, 29.37095832824707, 67.10794067382812, 1.6815658807754517, 0.0
28.676118850708008, 0.8547068238258362, 0.20456314086914062, 29.742891311645508, 59.442138671875, 1.6815658807754517, 0.0
28.686128854751587, 0.855319619178772, 0.21833181381225586, 30.9769344329834, 74.45101928710938, 1.6767436265945435, 0.0
28.696178913116455, 0.8553677797317505, 0.19698143005371094, 31.3350830078125, 65.98834991455078, 1.6767436265945435, 0.0
28.70608925819397, 0.8552469611167908, 0.1749575138092041, 31.653186798095703, 64.63451385498047, 1.6767436265945435, 0.0
28.716077089309692, 0.854358971118927, 0.1358628273010254, 31.900211334228516, 52.674102783203125, 1.6767436265945435, 0.0
28.726099491119385, 0.8530329465866089, 0.09467867016792297, 33.273414611816406, 69.2515869140625, 1.6700431108474731, 0.0
28.736133813858032, 0.8510638475418091, 0.043135881423950195, 33.351844787597656, 59.2864990234375, 1.6700431108474731, 0.0
28.746175050735474, 0.8479481935501099, -0.015163421630859375, 33.324275970458984, 46.953392028808594, 1.6700431108474731, 0.0
28.75622248649597, 0.8448634147644043, -0.0798967182636261, 33.19353485107422, 46.809303283691406, 1.6700431108474731, 0.0
28.76608443260193, 0.8423022627830505, -0.13183222711086273, 34.53596115112305, 57.388519287109375, 1.661473274230957, 0.0
28.77611207962036, 0.8387248516082764, -0.15981793403625488, 34.245384216308594, 45.02525329589844, 1.661473274230957, 0.0
28.786084175109863, 0.8350856900215149, -0.20233988761901855, 33.87749099731445, 29.00543212890625, 1.661473274230957, 0.0
28.79616069793701, 0.831211507320404, -0.24156570434570312, 33.43828201293945, 21.032333374023438, 1.661473274230957, 0.0
28.806079626083374, 0.8279575109481812, -0.27288198471069336, 34.680419921875, 30.272293090820312, 1.6519126892089844, 0.0
28.81613802909851, 0.8238046765327454, -0.33950144052505493, 34.124874114990234, 24.717966079711914, 1.6519126892089844, 0.0
28.826103448867798, 0.8199718594551086, -0.3673434257507324, 33.523765563964844, 2.78176212310791, 1.6519126892089844, 0.0
28.836082935333252, 0.8153453469276428, -0.3968676030635834, 32.87434387207031, -5.304972171783447, 1.6519126892089844, 0.0
28.84603786468506, 0.8101349472999573, -0.42014652490615845, 34.02092361450195, 7.740444660186768, 1.6418251991271973, 0.0
28.856074810028076, 0.8053600192070007, -0.3950357437133789, 33.302677154541016, 1.0913848876953125, 1.6418251991271973, 0.0
28.866096019744873, 0.8004685044288635, -0.46482351422309875, 32.542057037353516, -22.15491485595703, 1.6418251991271973, 0.0
28.876134872436523, 0.7956575155258179, -0.4306793212890625, 31.759002685546875, -24.863815307617188, 1.6418251991271973, 0.0
28.88607954978943, 0.7910677790641785, -0.4890892207622528, 32.753273010253906, -12.491437911987305, 1.6319549083709717, 0.0
28.896127939224243, 0.7860679030418396, -0.45143961906433105, 31.93247413635254, -15.058135986328125, 1.6319549083709717, 0.0
28.906075954437256, 0.7811259031295776, -0.4683077335357666, 31.081005096435547, -35.99433898925781, 1.6319549083709717, 0.0
28.916078567504883, 0.7743943333625793, -0.5489985346794128, 30.18264389038086, -43.80247497558594, 1.6319549083709717, 0.0
28.926093816757202, 0.7695504426956177, -0.5602439045906067, 30.919572830200195, -28.93490219116211, 1.6228595972061157, 0.0
28.936119079589844, 0.7630503177642822, -0.5229473114013672, 29.968759536743164, -29.0557861328125, 1.6228595972061157, 0.0
28.94612407684326, 0.7547041177749634, -0.5543112754821777, 28.960922241210938, -50.60005187988281, 1.6228595972061157, 0.0
28.956112384796143, 0.7456977963447571, -0.6629096269607544, 27.87615966796875, -60.294681549072266, 1.6228595972061157, 0.0
28.966102838516235, 0.7365143299102783, -0.7105933427810669, 28.260448455810547, -47.57351303100586, 1.61435067653656, 0.0
28.97619915008545, 0.730574905872345, -0.6508350372314453, 27.077112197875977, -46.81873321533203, 1.61435067653656, 0.0
28.986083507537842, 0.7235750555992126, -0.6749272346496582, 25.849971771240234, -69.03324127197266, 1.61435067653656, 0.0
28.996103286743164, 0.7166761159896851, -0.7710059285163879, 24.58832550048828, -81.60166931152344, 1.61435067653656, 0.0
29.006088733673096, 0.7125266194343567, -0.7622241973876953, 24.769977569580078, -70.1221923828125, 1.6064915657043457, 0.0
29.016083240509033, 0.7053102850914001, -0.6908416748046875, 23.51390266418457, -66.68758392333984, 1.6064915657043457, 0.0
29.026166439056396, 0.6978881359100342, -0.7962452173233032, 22.210956573486328, -96.7625503540039, 1.6064915657043457, 0.0
29.036070823669434, 0.6897150874137878, -0.7333517074584961, 20.877588272094727, -90.91167449951172, 1.6064915657043457, 0.0
29.046247243881226, 0.6811312437057495, -0.8174777030944824, 21.04176139831543, -87.9908676147461, 1.598231315612793, 0.0
29.056076765060425, 0.6718406677246094, -0.7385730743408203, 19.698902130126953, -81.77242279052734, 1.598231315612793, 0.0
29.0660879611969, 0.6628246903419495, -0.818782389163971, 18.35907554626465, -110.01544189453125, 1.598231315612793, 0.0
29.076136827468872, 0.6542269587516785, -0.8483065366744995, 16.970937728881836, -112.29070281982422, 1.598231315612793, 0.0
29.08607769012451, 0.646088719367981, -0.7748663425445557, 17.114238739013672, -87.3575210571289, 1.5896944999694824, 0.05000000074505806
29.096115827560425, 0.6351882219314575, -0.9054210186004639, 15.63263988494873, -99.5072250366211, 1.5896944999694824, 0.05000000074505806
29.10609269142151, 0.6260849237442017, -0.8644163608551025, 14.06097412109375, -107.08999633789062, 1.5896944999694824, 0.05000000074505806
29.116102933883667, 0.618162214756012, -0.9683105945587158, 12.476466178894043, -122.63806915283203, 1.5896944999694824, 0.05000000074505806
29.126123189926147, 0.6081841588020325, -0.996708869934082, 12.360724449157715, -109.447265625, 1.5813606977462769, 0.10000000149011612
29.136111974716187, 0.6081841588020325, -0.8153080940246582, 10.87834644317627, -99.99256134033203, 1.5813606977462769, 0.10000000149011612
29.14612913131714, 0.596267580986023, -0.9429256319999695, 9.335376739501953, -130.07078552246094, 1.5813606977462769, 0.10000000149011612
29.15612244606018, 0.5778610110282898, -0.9397983551025391, 7.626652717590332, -120.72257995605469, 1.5813606977462769, 0.10000000149011612
29.166093111038208, 0.5778610110282898, -0.9440515041351318, 6.251508712768555, -134.52825927734375, 1.5804275274276733, 0.15000000596046448
29.176116943359375, 0.5672675371170044, -0.8695900440216064, 4.670435905456543, -123.00520324707031, 1.5804275274276733, 0.15000000596046448
29.18612265586853, 0.5535584688186646, -1.028120517730713, 2.9880566596984863, -156.95741271972656, 1.5804275274276733, 0.15000000596046448
29.19615364074707, 0.5464866161346436, -0.985569417476654, 1.3753067255020142, -158.41494750976562, 1.5804275274276733, 0.15000000596046448
29.20609974861145, 0.540778398513794, -0.9478462934494019, -1.099564790725708, -168.45040893554688, 1.5855087041854858, 0.20000000298023224
29.216065168380737, 0.5362852215766907, -0.8187651634216309, -2.588228702545166, -150.6470184326172, 1.5855087041854858, 0.20000000298023224
29.226101636886597, 0.5237517356872559, -0.9381373524665833, -4.1233625411987305, -183.1565399169922, 1.5855087041854858, 0.20000000298023224
29.236117362976074, 0.5194306373596191, -0.8875370025634766, -5.737066268920898, -166.1541290283203, 1.5855087041854858, 0.20000000298023224
29.246092796325684, 0.5126835703849792, -0.9287132024765015, -8.909322738647461, -202.7188262939453, 1.5945976972579956, 0.25
29.25611186027527, 0.5071309208869934, -0.7073044776916504, -10.195331573486328, -178.2198486328125, 1.5945976972579956, 0.25
29.266093730926514, 0.5003097653388977, -0.861677885055542, -11.60534954071045, -198.40951538085938, 1.5945976972579956, 0.25
29.276125192642212, 0.4912804067134857, -0.7598638534545898, -12.986920356750488, -176.57359313964844, 1.5945976972579956, 0.25
29.286104440689087, 0.4912804067134857, -0.6919834613800049, -16.327056884765625, -214.6123809814453, 1.6067405939102173, 0.30000001192092896
29.296096801757812, 0.4844241440296173, -0.6206274032592773, -17.455469131469727, -188.30770874023438, 1.6067405939102173, 0.30000001192092896
29.306084394454956, 0.47549641132354736, -0.7253620624542236, -18.642425537109375, -194.92074584960938, 1.6067405939102173, 0.30000001192092896
29.31607413291931, 0.4695081412792206, -0.667765736579895, -19.856544494628906, -172.68313598632812, 1.6067405939102173, 0.30000001192092896
29.326088190078735, 0.46469324827194214, -0.6562073826789856, -23.2135009765625, -212.11264038085938, 1.619297981262207, 0.3499999940395355
29.336077451705933, 0.46033477783203125, -0.5909591913223267, -24.28797149658203, -185.5089111328125, 1.619297981262207, 0.3499999940395355
29.346094369888306, 0.4553477168083191, -0.6370577812194824, -25.330429077148438, -182.45675659179688, 1.619297981262207, 0.3499999940395355
29.35608172416687, 0.45009803771972656, -0.570330023765564, -26.367393493652344, -161.7206573486328, 1.619297981262207, 0.3499999940395355
29.366079092025757, 0.44551634788513184, -0.60881507396698, -27.363636016845703, -175.09205627441406, 1.633113980293274, 0.4000000059604645
29.376224756240845, 0.4419356882572174, -0.49345195293426514, -30.7728214263916, -177.85931396484375, 1.633113980293274, 0.4000000059604645
29.38609480857849, 0.43805769085884094, -0.5913575291633606, -31.740497589111328, -171.26040649414062, 1.633113980293274, 0.4000000059604645
29.39642834663391, 0.43805769085884094, -0.4636615514755249, -32.583518981933594, -151.2803955078125, 1.633113980293274, 0.4000000059604645
29.406089067459106, 0.43366819620132446, -0.46476390957832336, -35.92953872680664, -192.07911682128906, 1.6473342180252075, 0.44999998807907104
29.416120290756226, 0.43066278100013733, -0.3884553909301758, -36.63582229614258, -167.79251098632812, 1.6473342180252075, 0.44999998807907104
29.426125288009644, 0.43930476903915405, -0.28208890557289124, -37.09741973876953, -154.26571655273438, 1.6473342180252075, 0.44999998807907104
29.436121225357056, 0.43930476903915405, -0.21030008792877197, -37.47978591918945, -131.91851806640625, 1.6473342180252075, 0.44999998807907104
29.446096181869507, 0.46061235666275024, 0.05849533528089523, -37.38406753540039, -133.92935180664062, 1.6628494262695312, 0.5
29.456132650375366, 0.48536789417266846, 0.35269856452941895, -39.563743591308594, -131.96334838867188, 1.6628494262695312, 0.5
29.466110467910767, 0.48536789417266846, 0.4427896738052368, -38.839176177978516, -127.50582885742188, 1.6628494262695312, 0.5
29.476051330566406, 0.5068548321723938, 0.6491959095001221, -37.65882110595703, -68.85948181152344, 1.6628494262695312, 0.5
29.486087799072266, 0.5333070158958435, 1.0583235025405884, -39.24240493774414, -83.35494995117188, 1.6810840368270874, 0.550000011920929
29.49610733985901, 0.5479258298873901, 1.0986804962158203, -37.24480056762695, -46.61293029785156, 1.6810840368270874, 0.550000011920929
29.506089448928833, 0.5671170949935913, 1.334485411643982, -34.81846618652344, 11.111068725585938, 1.6810840368270874, 0.550000011920929
29.5161075592041, 0.5798259973526001, 1.6573734283447266, -32.10639953613281, 50.32687759399414, 1.6810840368270874, 0.550000011920929
29.526097059249878, 0.5939536094665527, 1.7183223962783813, -33.011871337890625, 45.3948974609375, 1.7015290260314941, 0.0
29.53609848022461, 0.6042994856834412, 1.6499459743499756, -30.0119686126709, 74.67842102050781, 1.7015290260314941, 0.0
29.546111822128296, 0.6137024164199829, 1.7010040283203125, -27.22850799560547, 112.8387451171875, 1.7015290260314941, 0.0
29.55610418319702, 0.6244232058525085, 1.5450516939163208, -24.700241088867188, 165.15011596679688, 1.7015290260314941, 0.0
29.566359043121338, 0.6244232058525085, 1.5450583696365356, -25.98299789428711, 142.84642028808594, 1.7224897146224976, 0.0
29.576127290725708, 0.6347560286521912, 1.2790143489837646, -23.657516479492188, 140.01312255859375, 1.7224897146224976, 0.0
29.586121320724487, 0.6469103097915649, 1.262254238128662, -21.592010498046875, 196.11570739746094, 1.7224897146224976, 0.0
29.596107482910156, 0.6560010313987732, 1.2008415460586548, -19.626996994018555, 195.75331115722656, 1.7224897146224976, 0.0
29.606082439422607, 0.6560010313987732, 0.9876025915145874, -18.2932071685791, 183.61367797851562, 1.724042296409607, 0.0
29.616114377975464, 0.6689546704292297, 0.8912861347198486, -16.672687530517578, 154.33731079101562, 1.724042296409607, 0.0
29.626108169555664, 0.6810623407363892, 0.9678734540939331, -15.08889389038086, 199.14414978027344, 1.724042296409607, 0.0
29.63611626625061, 0.6885609030723572, 0.9362366199493408, -13.556870460510254, 182.83441162109375, 1.724042296409607, 0.0
29.646101474761963, 0.6967898011207581, 0.9231964945793152, -10.492997169494629, 185.95018005371094, 1.715499758720398, 0.0
29.65612006187439, 0.6967898011207581, 0.7236599922180176, -9.177250862121582, 155.22994995117188, 1.715499758720398, 0.0
29.666126489639282, 0.7021410465240479, 0.8635388612747192, -7.764187812805176, 202.43115234375, 1.715499758720398, 0.0
