23.346205472946167, 1.3189035654067993, -0.7521973848342896, 145.41415405273438, 171.03915405273438, 1.5833650827407837, 0.0
23.356194734573364, 1.3072599172592163, -0.723874568939209, 138.03163146972656, 35.357666015625, 1.5833650827407837, 0.0
23.366220474243164, 1.2932287454605103, -0.8814070224761963, 136.58932495117188, -25.03289031982422, 1.5833650827407837, 0.0
23.37620711326599, 1.2832854986190796, -0.8285045623779297, 135.0829620361328, -103.50189208984375, 1.5833650827407837, 0.0
23.38620615005493, 1.2735096216201782, -0.9577538967132568, 133.51573181152344, -204.3507843017578, 1.5831763744354248, 0.0
23.396223545074463, 1.2616058588027954, -0.9810090065002441, 131.76638793945312, -193.17169189453125, 1.5831763744354248, 0.0
23.406198501586914, 1.2508718967437744, -0.9902596473693848, 129.96591186523438, -201.7547607421875, 1.5831763744354248, 0.0
23.416216611862183, 1.2395503520965576, -1.0035037994384766, 128.141357421875, -209.44976806640625, 1.5831763744354248, 0.0
23.42629075050354, 1.227246880531311, -1.1685822010040283, 126.22913360595703, -241.77212524414062, 1.583193063735962, 0.0
23.43620467185974, 1.2141560316085815, -1.0474801063537598, 124.32159423828125, -223.2330322265625, 1.583193063735962, 0.0
23.44618010520935, 1.201363444328308, -1.3059906959533691, 122.18451690673828, -258.10919189453125, 1.583193063735962, 0.0
23.456181526184082, 1.185916543006897, -1.2134313583374023, 119.97827911376953, -180.53131103515625, 1.583193063735962, 0.0
23.466225147247314, 1.185916543006897, -1.1923577785491943, 118.02714538574219, -206.24880981445312, 1.5832756757736206, 0.0
23.47625231742859, 1.1702347993850708, -1.130521297454834, 115.95663452148438, -191.26358032226562, 1.5832756757736206, 0.0
23.486186742782593, 1.1537377834320068, -1.1977076530456543, 113.77898406982422, -197.36785888671875, 1.5832756757736206, 0.0
23.496222257614136, 1.1397777795791626, -1.3536479473114014, 111.56391906738281, -224.47119140625, 1.5832756757736206, 0.0
23.506194829940796, 1.1225476264953613, -1.2832403182983398, 109.23075866699219, -207.35244750976562, 1.5832756757736206, 0.0
23.51622200012207, 1.1087888479232788, -1.4529228210449219, 106.8532485961914, -236.53411865234375, 1.5832756757736206, 0.0
23.526190996170044, 1.0914510488510132, -1.5088319778442383, 104.38424682617188, -242.720703125, 1.5832756757736206, 0.0
23.53622317314148, 1.0760570764541626, -1.3809919357299805, 101.87335205078125, -224.48272705078125, 1.5832756757736206, 0.0
23.546200275421143, 1.0578656196594238, -1.4349818229675293, 99.26429748535156, -229.19998168945312, 1.583234190940857, 0.0
23.556198596954346, 1.0428560972213745, -1.5895631313323975, 96.67073822021484, -258.9747009277344, 1.583234190940857, 0.0
23.566200256347656, 1.0276126861572266, -1.7589198350906372, 93.7925033569336, -269.2735595703125, 1.583234190940857, 0.0
23.57621479034424, 1.0276126861572266, -1.4262199401855469, 91.19937896728516, -247.5738525390625, 1.583234190940857, 0.0
23.586181640625, 0.9870831370353699, -1.8517175912857056, 88.16929626464844, -284.5509948730469, 1.583234190940857, 0.0
23.596195459365845, 0.9870831370353699, -1.526939868927002, 85.39303588867188, -261.7088317871094, 1.583234190940857, 0.0
23.606205940246582, 0.9736586213111877, -1.4888882637023926, 82.68596649169922, -265.4472351074219, 1.583234190940857, 0.0
23.616213083267212, 0.9538834691047668, -1.7211834192276, 79.8694839477539, -299.8182373046875, 1.583234190940857, 0.0
23.62620449066162, 0.9366217851638794, -1.7203357219696045, 77.05438995361328, -303.6668701171875, 1.5832756757736206, 0.0
23.63618302345276, 0.9193448424339294, -1.5671133995056152, 74.19755554199219, -276.7578125, 1.5832756757736206, 0.0
23.646223068237305, 0.9062924385070801, -1.684149146080017, 71.4416732788086, -309.1405334472656, 1.5832756757736206, 0.0
23.65619730949402, 0.8798507452011108, -1.6300559043884277, 68.47793579101562, -281.927490234375, 1.5832756757736206, 0.0
23.66619873046875, 0.8612789511680603, -1.848147988319397, 65.45368957519531, -314.8769836425781, 1.583234190940857, 0.0
23.676191806793213, 0.8434633612632751, -1.8414974212646484, 62.11305618286133, -290.863037109375, 1.583234190940857, 0.0
23.692117929458618, 0.8047165274620056, -1.823669672012329, 55.872352600097656, -295.2064514160156, 1.583234190940857, 0.0
23.69619083404541, 0.8047165274620056, -1.823669672012329, 55.872352600097656, -295.2064514160156, 1.583234190940857, 0.0
23.706230640411377, 0.8047165274620056, -1.877129077911377, 52.800689697265625, -332.0583801269531, 1.5831482410430908, 0.0
23.716217279434204, 0.7527568340301514, -1.5471256971359253, 49.15947341918945, -236.23069763183594, 1.5831482410430908, 0.0
23.726199865341187, 0.7527568340301514, -3.064404010772705, 45.81648635864258, -520.633056640625, 1.5831482410430908, 0.0
23.736205101013184, 0.7527568340301514, -1.6658902168273926, 42.787593841552734, -314.09912109375, 1.5831482410430908, 0.0
23.746204376220703, 0.7160393595695496, -2.1139185428619385, 39.32845687866211, -356.8136291503906, 1.583234190940857, 0.10000000149011612
23.756191968917847, 0.7046007513999939, -1.7525076866149902, 36.12644958496094, -323.51495361328125, 1.583234190940857, 0.10000000149011612
23.766237258911133, 0.6773309111595154, -2.04386305809021, 32.78194808959961, -363.0188903808594, 1.583234190940857, 0.10000000149011612
23.776198625564575, 0.6773309111595154, -1.6613245010375977, 29.7613582611084, -323.516845703125, 1.583234190940857, 0.10000000149011612
23.7863667011261, 0.6591037511825562, -1.8567509651184082, 26.723037719726562, -360.72369384765625, 1.5833154916763306, 0.20000000298023224
23.796394109725952, 0.6405583024024963, -1.6415774822235107, 23.723569869995117, -321.4874267578125, 1.5833154916763306, 0.20000000298023224
23.80620551109314, 0.6121099591255188, -2.1400716304779053, 20.221633911132812, -361.99017333984375, 1.5833154916763306, 0.20000000298023224
23.816207885742188, 0.5958631634712219, -1.5689373016357422, 17.369020462036133, -317.90447998046875, 1.5833154916763306, 0.20000000298023224
23.8261935710907, 0.5752756595611572, -1.9720064401626587, 14.142101287841797, -351.9376220703125, 1.5862889289855957, 0.30000001192092896
23.836219310760498, 0.5593736171722412, -1.933830976486206, 10.085420608520508, -327.02142333984375, 1.5862889289855957, 0.30000001192092896
23.84623146057129, 0.5593736171722412, -1.740740418434143, 7.236936092376709, -356.5724792480469, 1.5862889289855957, 0.30000001192092896
23.856196880340576, 0.5367447733879089, -1.6785621643066406, 4.185004711151123, -319.4145202636719, 1.5862889289855957, 0.30000001192092896
23.86619544029236, 0.5147984027862549, -1.8059147596359253, 1.229871392250061, -350.5787353515625, 1.5933668613433838, 0.4000000059604645
23.876192808151245, 0.4967219829559326, -1.8060863018035889, -3.3408186435699463, -331.0216064453125, 1.5933668613433838, 0.4000000059604645
23.886193990707397, 0.4821866452693939, -1.9657479524612427, -6.557497024536133, -369.7837219238281, 1.5933668613433838, 0.4000000059604645
23.89619493484497, 0.4683108627796173, -1.722472906112671, -9.689266204833984, -334.1283874511719, 1.5933668613433838, 0.4000000059604645
23.90620994567871, 0.45772585272789, -1.5438437461853027, -12.496254920959473, -327.178955078125, 1.605533242225647, 0.5
23.91621422767639, 0.443518728017807, -1.5234410762786865, -17.47821617126465, -348.4723815917969, 1.605533242225647, 0.5
23.926183938980103, 0.443518728017807, -1.3175725936889648, -19.873804092407227, -340.15899658203125, 1.605533242225647, 0.5
23.936195135116577, 0.4298965334892273, -1.438640832901001, -22.227943420410156, -359.037353515625, 1.605533242225647, 0.5
23.94626474380493, 0.4170333445072174, -1.5815563201904297, -24.81594467163086, -356.1430969238281, 1.6228934526443481, 0.6000000238418579
23.956202507019043, 0.40683573484420776, -1.299092173576355, -30.334331512451172, -345.1934814453125, 1.6228934526443481, 0.6000000238418579
23.966475248336792, 0.3991674482822418, -1.2847847938537598, -32.43670654296875, -374.07293701171875, 1.6228934526443481, 0.6000000238418579
23.97622060775757, 0.3965989053249359, -1.0012239217758179, -34.25711441040039, -309.1630859375, 1.6228934526443481, 0.6000000238418579
23.98622989654541, 0.3965989053249359, -0.8558779954910278, -35.813255310058594, -292.5573425292969, 1.6439350843429565, 0.699999988079071
23.996363162994385, 0.41006386280059814, -0.582471489906311, -40.69804763793945, -310.0881652832031, 1.6439350843429565, 0.699999988079071
24.006190538406372, 0.4307423233985901, -0.29982128739356995, -41.188663482666016, -318.8044128417969, 1.6439350843429565, 0.699999988079071
24.016196489334106, 0.4812890291213989, 0.4196663796901703, -40.50193405151367, -255.81910705566406, 1.6439350843429565, 0.699999988079071
24.026261806488037, 0.4812890291213989, 0.3777027130126953, -39.81520462036133, -199.4140625, 1.6694517135620117, 0.800000011920929
24.0361909866333, 0.5110746026039124, 0.8117824792861938, -42.97862243652344, -207.50694274902344, 1.6694517135620117, 0.800000011920929
24.046188354492188, 0.5451247096061707, 1.42323637008667, -40.649688720703125, -175.93002319335938, 1.6694517135620117, 0.800000011920929
24.05619716644287, 0.5720568299293518, 1.6522109508514404, -37.64567184448242, -73.11363220214844, 1.6694517135620117, 0.800000011920929
24.066197156906128, 0.5937539339065552, 2.1620757579803467, -34.10772705078125, -18.56655502319336, 1.6965413093566895, 0.8999999761581421
24.076200485229492, 0.6150549054145813, 2.1845638751983643, -35.06117630004883, -8.041000366210938, 1.6965413093566895, 0.8999999761581421
24.086214303970337, 0.6150549054145813, 2.1845638751983643, -31.08924102783203, 47.240447998046875, 1.6965413093566895, 0.8999999761581421
24.096261978149414, 0.6344109773635864, 2.492739200592041, -27.01021385192871, 152.08689880371094, 1.6965413093566895, 0.8999999761581421
24.106197118759155, 0.6611146330833435, 2.5596883296966553, -22.821632385253906, 204.07781982421875, 1.7219250202178955, 1.0
24.116217136383057, 0.6834913492202759, 2.022022008895874, -23.760448455810547, 167.4152374267578, 1.7219250202178955, 1.0
24.12620997428894, 0.7014704942703247, 2.4464592933654785, -19.757152557373047, 222.86732482910156, 1.7219250202178955, 1.0
24.136218547821045, 0.7273741960525513, 2.403332233428955, -15.824426651000977, 301.712890625, 1.7219250202178955, 1.0
24.14621114730835, 0.7273741960525513, 1.822495460510254, -12.510798454284668, 281.38885498046875, 1.7440290451049805, 1.100000023841858
24.156188488006592, 0.7542575597763062, 1.8220067024230957, -13.216972351074219, 244.28692626953125, 1.7440290451049805, 1.100000023841858
24.166216373443604, 0.777579128742218, 2.0425055027008057, -9.874691009521484, 269.2559509277344, 1.7440290451049805, 1.100000023841858
24.176243543624878, 0.8014291524887085, 1.8637418746948242, -6.486069202423096, 285.75115966796875, 1.7440290451049805, 1.100000023841858
24.186217784881592, 0.8014291524887085, 2.070830821990967, -3.0974366664886475, 311.02020263671875, 1.7622102499008179, 1.2000000476837158
24.196211576461792, 0.8247438669204712, 1.9033253192901611, -2.942518711090088, 240.6771697998047, 1.7622102499008179, 1.2000000476837158
24.20621943473816, 0.8247438669204712, 1.8181005716323853, 0.03255497291684151, 253.93528747558594, 1.7622102499008179, 1.2000000476837158
24.21621608734131, 0.8247438669204712, 1.412522792816162, 2.600778341293335, 263.6121826171875, 1.7622102499008179, 1.2000000476837158
24.22621202468872, 0.8862742185592651, 1.8480360507965088, 5.960843563079834, 257.1799621582031, 1.7764499187469482, 1.2999999523162842
24.236206531524658, 0.8862742185592651, 1.7655491828918457, 6.26089334487915, 245.3924560546875, 1.7764499187469482, 1.2999999523162842
24.246230363845825, 0.9190710783004761, 2.129971981048584, 9.746302604675293, 247.30113220214844, 1.7764499187469482, 1.2999999523162842
24.256203174591064, 0.9446640014648438, 1.904064416885376, 13.208237648010254, 264.2521057128906, 1.7764499187469482, 1.2999999523162842
24.266185522079468, 0.9723247289657593, 2.1638472080230713, 16.74907875061035, 295.8196716308594, 1.7877838611602783, 1.399999976158142
24.27620840072632, 0.9899429082870483, 1.8851399421691895, 18.115888595581055, 246.01956176757812, 1.7877838611602783, 1.399999976158142
24.28621816635132, 1.006800889968872, 2.053713798522949, 21.84991455078125, 249.47352600097656, 1.7877838611602783, 1.399999976158142
24.296208381652832, 1.023497223854065, 2.208371877670288, 25.463613510131836, 315.62371826171875, 1.7877838611602783, 1.399999976158142
24.30620551109314, 1.023497223854065, 1.987546682357788, 29.077335357666016, 290.4477233886719, 1.796357274055481, 1.5
24.31621241569519, 1.0424772500991821, 2.1773219108581543, 31.477298736572266, 288.76531982421875, 1.796357274055481, 1.5
24.326210975646973, 1.0679349899291992, 2.018451690673828, 34.78022003173828, 320.2152099609375, 1.796357274055481, 1.5
24.33620834350586, 1.0679349899291992, 1.8165946006774902, 38.0831184387207, 318.22222900390625, 1.796357274055481, 1.5
24.34619903564453, 1.0904372930526733, 1.9040637016296387, 41.19886016845703, 349.472900390625, 1.8030277490615845, 1.5
24.356199026107788, 1.1124820709228516, 1.6781926155090332, 43.03730773925781, 298.29083251953125, 1.8030277490615845, 1.5
24.36620593070984, 1.1281664371490479, 1.731581211090088, 45.87080383300781, 323.5744934082031, 1.8030277490615845, 1.5
24.376204013824463, 1.1435424089431763, 1.5359878540039062, 48.663509368896484, 305.47601318359375, 1.8030277490615845, 1.5
24.386213779449463, 1.1619330644607544, 1.7237000465393066, 51.484107971191406, 329.26898193359375, 1.8100923299789429, 1.5
24.39620041847229, 1.1796189546585083, 1.7346806526184082, 53.0382080078125, 306.3841857910156, 1.8100923299789429, 1.5
24.406203985214233, 1.1796189546585083, 1.5612125396728516, 55.876773834228516, 267.99468994140625, 1.8100923299789429, 1.5
24.41620111465454, 1.1999115943908691, 1.5743494033813477, 58.739227294921875, 272.61962890625, 1.8100923299789429, 1.5
24.426185607910156, 1.2173094749450684, 1.659711241722107, 61.45512008666992, 296.38714599609375, 1.8071669340133667, 1.5
24.43621325492859, 1.2173094749450684, 1.4937639236450195, 64.70294189453125, 266.1983642578125, 1.8071669340133667, 1.5
24.446218967437744, 1.2338757514953613, 1.5937354564666748, 67.31087493896484, 290.1331481933594, 1.8071669340133667, 1.5
24.45621156692505, 1.2338757514953613, 1.2139320373535156, 69.51802062988281, 264.8078918457031, 1.8071669340133667, 1.5
24.46621060371399, 1.2528713941574097, 1.3856092691421509, 71.78538513183594, 287.93927001953125, 1.8046659231185913, 1.5
24.476210832595825, 1.2528713941574097, 1.09330415725708, 74.22794342041016, 255.64498901367188, 1.8046659231185913, 1.5
24.486210584640503, 1.2732151746749878, 1.2364652156829834, 76.2512435913086, 275.1897277832031, 1.8046659231185913, 1.5
24.496197938919067, 1.295788288116455, 1.1616945266723633, 78.36341857910156, 253.25241088867188, 1.8046659231185913, 1.5
24.5061993598938, 1.295788288116455, 1.290771722793579, 80.47559356689453, 273.3196716308594, 1.7935913801193237, 1.5
24.516196489334106, 1.3054101467132568, 1.054990291595459, 84.40731048583984, 256.6802978515625, 1.7935913801193237, 1.5
24.526667594909668, 1.3149173259735107, 1.0845264196395874, 86.1819839477539, 274.74383544921875, 1.7935913801193237, 1.5
24.536184787750244, 1.322492241859436, 1.0518431663513184, 88.09442901611328, 233.91494750976562, 1.7935913801193237, 1.5
24.546195030212402, 1.3280669450759888, 1.0465515851974487, 89.80696868896484, 249.95591735839844, 1.7700538635253906, 0.0
24.556203603744507, 1.3280669450759888, 0.9419083595275879, 95.79907989501953, 262.8105163574219, 1.7700538635253906, 0.0
24.566238403320312, 1.3323334455490112, 0.8829302191734314, 97.2438735961914, 282.87335205078125, 1.7700538635253906, 0.0
24.576205730438232, 1.3357418775558472, 0.8286952972412109, 98.75059509277344, 245.22628784179688, 1.7700538635253906, 0.0
24.586203813552856, 1.336511492729187, 0.703281819820404, 99.90141296386719, 262.78009033203125, 1.7437613010406494, 0.0
24.59619450569153, 1.336511492729187, 0.40723085403442383, 105.42230224609375, 270.58868408203125, 1.7437613010406494, 0.0
