25.033149480819702, 1.0711407661437988, 0.7680124640464783, 119.30485534667969, 412.43658447265625, 1.4655909538269043, 0.0
25.043144702911377, 1.0711407661437988, 0.6911993026733398, 120.56157684326172, 383.7593078613281, 1.4655909538269043, 0.0
25.053203344345093, 1.057177186012268, -1.3535737991333008, 118.10053253173828, 324.51171875, 1.4655909538269043, 0.0
25.06319499015808, 1.0446810722351074, -1.3714909553527832, 115.60691833496094, 266.88232421875, 1.4655909538269043, 0.0
25.073251962661743, 1.0446810722351074, -1.3748804330825806, 113.35710906982422, 237.92181396484375, 1.465550184249878, 0.0
25.08316159248352, 1.0446810722351074, -1.1070966720581055, 111.35162353515625, 166.1895751953125, 1.465550184249878, 0.0
25.093168258666992, 1.0125203132629395, -1.3122029304504395, 109.20437622070312, 134.8164825439453, 1.465550184249878, 0.0
25.103129148483276, 0.9675638675689697, -1.6417503356933594, 106.51787567138672, 82.07787322998047, 1.465550184249878, 0.0
25.11313247680664, 0.9507380127906799, -1.4946222305297852, 103.80038452148438, 28.84368896484375, 1.4656319618225098, 0.0
25.12313675880432, 0.9347477555274963, -1.8383396863937378, 100.7773208618164, -21.37417221069336, 1.4656319618225098, 0.0
25.133129596710205, 0.9347477555274963, -1.3639450073242188, 98.29742431640625, -210.07308959960938, 1.4656319618225098, 0.0
25.143131017684937, 0.9152170419692993, -1.5592217445373535, 95.46247100830078, -250.9918212890625, 1.4656319618225098, 0.0
25.15312433242798, 0.8955195546150208, -1.6165852546691895, 92.52323150634766, -255.77392578125, 1.4656320810317993, 0.0
25.163136959075928, 0.8786750435829163, -1.844498872756958, 89.50493621826172, -290.0204162597656, 1.4656320810317993, 0.0
25.173126697540283, 0.861462414264679, -2.0357701778411865, 86.17367553710938, -302.0375671386719, 1.4656320810317993, 0.0
25.183139085769653, 0.8405798673629761, -2.0410120487213135, 82.4627456665039, -288.8893127441406, 1.4656320810317993, 0.0
25.193137168884277, 0.8246753811836243, -1.878446340560913, 79.0473861694336, -301.57012939453125, 1.4655295610427856, 0.0
25.2031352519989, 0.8049622178077698, -1.6260147094726562, 76.10963439941406, -304.083251953125, 1.4655295610427856, 0.0
25.213139533996582, 0.7868881225585938, -1.6385078430175781, 73.13053131103516, -306.6986083984375, 1.4655295610427856, 0.0
25.22313642501831, 0.7653551697731018, -1.882129192352295, 70.0506820678711, -341.40692138671875, 1.4655295610427856, 0.0
25.233137607574463, 0.747967541217804, -1.8678069114685059, 66.65467071533203, -316.4276123046875, 1.4655910730361938, 0.0
25.24315595626831, 0.7291364669799805, -2.06756591796875, 63.260196685791016, -357.802490234375, 1.4655910730361938, 0.0
25.253170490264893, 0.7109535932540894, -1.8456578254699707, 59.904457092285156, -326.1871337890625, 1.4655910730361938, 0.0
25.263139486312866, 0.694444477558136, -2.0470023155212402, 56.55481719970703, -366.11260986328125, 1.4655910730361938, 0.0
25.27314066886902, 0.6774312257766724, -2.044790267944336, 53.20879364013672, -366.2770690917969, 1.4655295610427856, 0.0
25.283137798309326, 0.6565747857093811, -2.044498920440674, 49.87443542480469, -362.0927734375, 1.4655295610427856, 0.0
25.29314398765564, 0.6430450677871704, -2.018127202987671, 46.572044372558594, -360.8368835449219, 1.4655295610427856, 0.0
25.303131341934204, 0.6230542063713074, -2.021200180053711, 43.264625549316406, -364.94488525390625, 1.4655295610427856, 0.0
25.31314778327942, 0.6069373488426208, -1.7994999885559082, 39.9928092956543, -331.37664794921875, 1.4655910730361938, 0.07000000029802322
25.323150396347046, 0.5937538743019104, -1.716017723083496, 36.86159133911133, -331.890869140625, 1.4655910730361938, 0.07000000029802322
25.33314037322998, 0.5764166116714478, -1.7155110836029053, 33.74248123168945, -329.12139892578125, 1.4655910730361938, 0.07000000029802322
25.343142986297607, 0.5637116432189941, -1.838054895401001, 30.734756469726562, -361.3942565917969, 1.4655910730361938, 0.07000000029802322
25.353184700012207, 0.5464181900024414, -1.645350456237793, 27.743209838867188, -321.612548828125, 1.4658132791519165, 0.14000000059604645
25.36314868927002, 0.5279092788696289, -1.665353775024414, 24.67489242553711, -318.7991943359375, 1.4658132791519165, 0.14000000059604645
25.373128175735474, 0.5149068832397461, -1.6252398490905762, 21.719911575317383, -314.88916015625, 1.4658132791519165, 0.14000000059604645
25.38314414024353, 0.49634623527526855, -1.7803179025650024, 18.806663513183594, -345.1974792480469, 1.4658132791519165, 0.14000000059604645
25.393171072006226, 0.48344242572784424, -1.7733573913574219, 15.904806137084961, -340.7465515136719, 1.468408465385437, 0.20999999344348907
25.403154850006104, 0.4691893756389618, -1.5386521816253662, 12.635404586791992, -306.292724609375, 1.468408465385437, 0.20999999344348907
25.413166761398315, 0.4554894268512726, -1.5144824981689453, 9.881799697875977, -301.1098937988281, 1.468408465385437, 0.20999999344348907
25.423142910003662, 0.44369277358055115, -1.5006065368652344, 7.153424263000488, -297.0817565917969, 1.468408465385437, 0.20999999344348907
25.433152675628662, 0.44369277358055115, -1.4747116565704346, 4.740259647369385, -322.2465515136719, 1.4739100933074951, 0.2800000011920929
25.443148612976074, 0.4271681308746338, -1.3654381036758423, 1.2573491334915161, -294.7740478515625, 1.4739100933074951, 0.2800000011920929
25.45313334465027, 0.40734216570854187, -1.5452901124954224, -1.2713074684143066, -322.3837890625, 1.4739100933074951, 0.2800000011920929
25.463169813156128, 0.39062613248825073, -1.3728290796279907, -3.7673604488372803, -284.4225769042969, 1.4739100933074951, 0.2800000011920929
25.473170518875122, 0.38114938139915466, -1.48619544506073, -6.199316501617432, -310.213623046875, 1.4829493761062622, 0.3499999940395355
25.48315739631653, 0.3691972494125366, -1.4127625226974487, -10.15461540222168, -321.7919616699219, 1.4829493761062622, 0.3499999940395355
25.49316167831421, 0.3661087155342102, -1.173335313796997, -12.287952423095703, -281.9275817871094, 1.4829493761062622, 0.3499999940395355
25.50313377380371, 0.3749028146266937, -1.0476311445236206, -14.00225830078125, -295.9740295410156, 1.4829493761062622, 0.3499999940395355
25.513179540634155, 0.3903592526912689, -0.6513029336929321, -15.186445236206055, -250.6824493408203, 1.494627594947815, 0.41999998688697815
25.523157358169556, 0.3903592526912689, -0.5333393812179565, -18.27946662902832, -254.32891845703125, 1.494627594947815, 0.41999998688697815
25.53318452835083, 0.40648576617240906, -0.4134078919887543, -18.955951690673828, -263.29119873046875, 1.494627594947815, 0.41999998688697815
25.543179035186768, 0.4375547468662262, 0.1038670539855957, -18.767101287841797, -200.24461364746094, 1.494627594947815, 0.41999998688697815
25.553159713745117, 0.4707847833633423, 0.7049209475517273, -17.613595962524414, -181.5808563232422, 1.5105748176574707, 0.49000000953674316
25.563157558441162, 0.4707847833633423, 0.8015871047973633, -19.0556583404541, -152.88314819335938, 1.5105748176574707, 0.49000000953674316
25.573155641555786, 0.49870941042900085, 1.306219220161438, -16.918209075927734, -119.09866333007812, 1.5105748176574707, 0.49000000953674316
25.583154439926147, 0.5286126136779785, 1.5941590070724487, -14.01973819732666, -38.651275634765625, 1.5105748176574707, 0.49000000953674316
25.59319543838501, 0.545550525188446, 1.993791937828064, -10.757169723510742, 17.00867462158203, 1.5295120477676392, 0.5600000023841858
25.603166818618774, 0.5654784440994263, 1.905757188796997, -10.735289573669434, 32.669639587402344, 1.5295120477676392, 0.5600000023841858
25.613147974014282, 0.5824862718582153, 2.13474702835083, -7.242067337036133, 88.2711410522461, 1.5295120477676392, 0.5600000023841858
25.62314772605896, 0.5824862718582153, 1.9212692975997925, -3.7488503456115723, 145.30592346191406, 1.5295120477676392, 0.5600000023841858
25.633150339126587, 0.6016286611557007, 2.16825795173645, -0.20079179108142853, 208.39076232910156, 1.5510799884796143, 0.5600000023841858
25.643715143203735, 0.6297998428344727, 2.136051654815674, -0.6268783211708069, 201.55812072753906, 1.5510799884796143, 0.5600000023841858
25.653149843215942, 0.6495177745819092, 1.787322759628296, 2.6227993965148926, 202.3639678955078, 1.5510799884796143, 0.5600000023841858
25.663169622421265, 0.6495177745819092, 1.9859340190887451, 5.872509479522705, 276.9796142578125, 1.5510799884796143, 0.5600000023841858
25.673161268234253, 0.6730291247367859, 1.7431914806365967, 9.041948318481445, 259.6015625, 1.574570894241333, 0.5600000023841858
25.683162689208984, 0.7103219628334045, 2.0190014839172363, 8.074695587158203, 245.49374389648438, 1.574570894241333, 0.5600000023841858
25.693175315856934, 0.7356207370758057, 1.9006967544555664, 11.530508041381836, 222.87673950195312, 1.574570894241333, 0.5600000023841858
25.70313835144043, 0.7554785013198853, 1.8999993801116943, 14.985052108764648, 257.2033996582031, 1.574570894241333, 0.5600000023841858
25.71314525604248, 0.7751978635787964, 2.1412439346313477, 18.48890495300293, 285.8997497558594, 1.5984008312225342, 0.5600000023841858
25.723147869110107, 0.7948223352432251, 2.3592844009399414, 18.016836166381836, 241.8409423828125, 1.5984008312225342, 0.5600000023841858
25.733181476593018, 0.8138362765312195, 2.1220743656158447, 21.875154495239258, 220.75949096679688, 1.5984008312225342, 0.5600000023841858
25.743131399154663, 0.8329142928123474, 2.2568304538726807, 25.56814956665039, 291.0558776855469, 1.5984008312225342, 0.5600000023841858
25.75314712524414, 0.8509731888771057, 2.2383928298950195, 29.230974197387695, 295.6464538574219, 1.6216239929199219, 0.5600000023841858
25.763157606124878, 0.8690587878227234, 2.195405960083008, 29.000228881835938, 231.27708435058594, 1.6216239929199219, 0.5600000023841858
25.773136138916016, 0.8836499452590942, 2.1062076091766357, 32.82969665527344, 237.87747192382812, 1.6216239929199219, 0.5600000023841858
25.783138036727905, 0.9059120416641235, 2.173225164413452, 36.38588333129883, 314.5686340332031, 1.6216239929199219, 0.5600000023841858
25.793152570724487, 0.9059120416641235, 1.7029166221618652, 39.482093811035156, 279.5160217285156, 1.643484115600586, 0.5600000023841858
25.803188800811768, 0.9253906607627869, 1.8879042863845825, 38.596824645996094, 262.3530578613281, 1.643484115600586, 0.5600000023841858
25.813175916671753, 0.9555369019508362, 2.0037755966186523, 41.875732421875, 259.85357666015625, 1.643484115600586, 0.5600000023841858
25.823145389556885, 0.9555369019508362, 1.6071438789367676, 44.79780960083008, 267.80987548828125, 1.643484115600586, 0.5600000023841858
25.833131074905396, 0.9833396673202515, 1.883367657661438, 47.87968444824219, 288.93914794921875, 1.6613845825195312, 0.5600000023841858
25.8431658744812, 1.0005191564559937, 1.8622742891311646, 47.67241287231445, 245.60292053222656, 1.6613845825195312, 0.5600000023841858
25.853123426437378, 1.024259328842163, 1.9254155158996582, 50.82309341430664, 239.9126739501953, 1.6613845825195312, 0.5600000023841858
25.863160371780396, 1.0433541536331177, 1.7429530620574951, 53.99209976196289, 249.91836547851562, 1.6613845825195312, 0.5600000023841858
25.873151779174805, 1.0518158674240112, 1.681661605834961, 57.04966354370117, 242.19970703125, 1.6543450355529785, 0.5600000023841858
25.883132696151733, 1.0651394128799438, 1.7691917419433594, 61.22462463378906, 275.98614501953125, 1.6543450355529785, 0.5600000023841858
25.893179893493652, 0.9126740097999573, 0.07512834668159485, 61.34756088256836, 242.9491729736328, 1.6543450355529785, 0.5600000023841858
25.903138399124146, 1.0915393829345703, 1.8461081981658936, 64.36846160888672, 286.3515319824219, 1.6543450355529785, 0.5600000023841858
25.91313886642456, 1.1065670251846313, 1.510298252105713, 67.11446380615234, 252.38800048828125, 1.638885259628296, 0.5600000023841858
25.923141717910767, 1.1151022911071777, 1.7729334831237793, 72.82649230957031, 311.4289245605469, 1.638885259628296, 0.5600000023841858
25.93315315246582, 1.1223857402801514, 1.3904690742492676, 75.35462188720703, 274.749755859375, 1.638885259628296, 0.5600000023841858
25.94316864013672, 1.1277278661727905, 1.4134248495101929, 77.66749572753906, 333.2786560058594, 1.638885259628296, 0.5600000023841858
25.953124284744263, 1.133760929107666, 1.2166764736175537, 79.6584243774414, 320.3930358886719, 1.613364577293396, 0.5600000023841858
25.963147163391113, 1.1391769647598267, 0.9582281112670898, 86.04077911376953, 320.4864501953125, 1.613364577293396, 0.5600000023841858
25.973138570785522, 1.142330288887024, 1.005729079246521, 87.68651580810547, 340.4091796875, 1.613364577293396, 0.5600000023841858
25.983166217803955, 0.9909409880638123, -0.7419824600219727, 86.33745574951172, 251.12838745117188, 1.613364577293396, 0.5600000023841858
25.993239164352417, 1.146693229675293, 2.3401975631713867, 90.59236145019531, 292.44842529296875, 1.5865508317947388, 0.5600000023841858
26.003169298171997, 1.1479313373565674, 0.6265640258789062, 96.49287414550781, 356.9369812011719, 1.5865508317947388, 0.5600000023841858
26.01315212249756, 1.1479313373565674, 0.4136323928833008, 97.24493408203125, 301.30462646484375, 1.5865508317947388, 0.5600000023841858
26.02314043045044, 1.1488099098205566, 0.33708810806274414, 97.85781860351562, 250.31356811523438, 1.5865508317947388, 0.5600000023841858
26.033146619796753, 1.15029776096344, 0.2791285514831543, 98.36532592773438, 230.10711669921875, 1.5613338947296143, 0.5600000023841858
26.04314088821411, 1.1536232233047485, 0.2877182364463806, 103.42103576660156, 286.1506042480469, 1.5613338947296143, 0.5600000023841858
26.0531587600708, 1.1573373079299927, 0.26195579767227173, 103.84969329833984, 268.79119873046875, 1.5613338947296143, 0.5600000023841858
26.063143253326416, 1.1626436710357666, 0.26073721051216125, 104.27635192871094, 202.61807250976562, 1.5613338947296143, 0.5600000023841858
26.073137521743774, 1.1665434837341309, 0.2421259880065918, 104.71658325195312, 170.30105590820312, 1.5418200492858887, 0.0
26.08315396308899, 1.169419288635254, 1.7847895622253418, 111.50962829589844, 251.72195434570312, 1.5418200492858887, 0.0
26.09316611289978, 1.1732070446014404, 0.2651333808898926, 111.99168395996094, 213.99307250976562, 1.5418200492858887, 0.0
26.103169679641724, 1.17595636844635, 0.3114143908023834, 112.50127410888672, 177.87001037597656, 1.5418200492858887, 0.0
26.113154411315918, 1.1794553995132446, 0.31523704528808594, 113.07443237304688, 158.29620361328125, 1.5286346673965454, 0.0
26.123138904571533, 1.183622121810913, 0.3868076503276825, 116.104736328125, 202.7435302734375, 1.5286346673965454, 0.0
26.133159160614014, 1.187354326248169, 0.3705620765686035, 116.77848052978516, 184.130859375, 1.5286346673965454, 0.0
26.143210649490356, 1.187354326248169, 0.3747807741165161, 117.39176177978516, 155.23104858398438, 1.5286346673965454, 0.0
26.153146266937256, 1.1912753582000732, 0.37708547711372375, 118.0088119506836, 157.3231964111328, 1.5224813222885132, 0.0
26.163133144378662, 1.1997711658477783, 0.3712654113769531, 119.80262756347656, 155.26275634765625, 1.5224813222885132, 0.0
26.173160314559937, 1.2028846740722656, 0.3634214401245117, 120.46339416503906, 157.4676513671875, 1.5224813222885132, 0.0
26.183144330978394, 1.2050409317016602, 0.3958013355731964, 121.11106872558594, 106.68267059326172, 1.5224813222885132, 0.0
26.19316005706787, 1.2068874835968018, 0.3742111921310425, 121.7234115600586, 108.13056182861328, 1.5153257846832275, 0.0
26.20315957069397, 1.2078626155853271, 0.3190755844116211, 123.60456085205078, 111.03363037109375, 1.5153257846832275, 0.0
26.213157176971436, 1.2078626155853271, 0.3156397044658661, 124.12105560302734, 122.74000549316406, 1.5153257846832275, 0.0
26.223141193389893, 1.2078028917312622, 0.2418041229248047, 124.56069946289062, 84.55810546875, 1.5153257846832275, 0.0
26.23313879966736, 1.2071751356124878, 0.2202325463294983, 124.92108154296875, 90.47444915771484, 1.5071897506713867, 0.0
26.243138313293457, 1.2065305709838867, 0.19176006317138672, 126.74901580810547, 93.57223510742188, 1.5071897506713867, 0.0
26.253137588500977, 1.2060481309890747, 0.14772415161132812, 127.01760864257812, 90.087890625, 1.5071897506713867, 0.0
26.263150930404663, 1.205209493637085, 0.054395198822021484, 127.11650848388672, 73.13919067382812, 1.5071897506713867, 0.0
26.273155689239502, 1.202990174293518, 0.0011656018905341625, 127.11841583251953, 73.944091796875, 1.496259093284607, 0.0
26.2831768989563, 1.202990174293518, -0.0227822195738554, 129.0685272216797, 88.41620635986328, 1.496259093284607, 0.0
26.29313611984253, 1.2004634141921997, -0.06424188613891602, 128.95172119140625, 72.283935546875, 1.496259093284607, 0.0
26.303149700164795, 1.1964467763900757, -0.11415481567382812, 128.74417114257812, 51.396942138671875, 1.496259093284607, 0.0
26.313167095184326, 1.1964467763900757, -0.1268651783466339, 128.5365753173828, 49.06124496459961, 1.482182264328003, 0.0
26.32318091392517, 1.1964467763900757, -0.11355876922607422, 130.8895263671875, 63.28887939453125, 1.482182264328003, 0.0
26.33316922187805, 1.1912001371383667, -0.17750263214111328, 130.59906005859375, 63.08831024169922, 1.482182264328003, 0.0
26.34318208694458, 1.1774985790252686, -0.3225671052932739, 130.07122802734375, 36.91440200805664, 1.482182264328003, 0.0
26.353145122528076, 1.1673189401626587, -0.3872871398925781, 132.0977020263672, 50.79803466796875, 1.4671638011932373, 0.0
26.36318826675415, 1.1606329679489136, -0.44575929641723633, 131.2872314453125, 41.7083740234375, 1.4671638011932373, 0.0
26.373146533966064, 1.1606329679489136, -0.4706382751464844, 130.51708984375, 37.76211166381836, 1.4671638011932373, 0.0
26.3831467628479, 1.1533528566360474, -0.49637556076049805, 129.61459350585938, 5.46112060546875, 1.4671638011932373, 0.0
26.393166542053223, 1.141261339187622, -0.5920290946960449, 128.53817749023438, -4.13360595703125, 1.455409049987793, 0.0
26.403132677078247, 1.1324801445007324, -0.710739016532898, 129.5123748779297, 8.53305435180664, 1.455409049987793, 0.0
26.413158893585205, 1.1261049509048462, -0.7034063339233398, 128.23345947265625, -3.03192138671875, 1.455409049987793, 0.0
26.4231436252594, 1.1197530031204224, -0.7669448852539062, 126.8390121459961, -40.50445556640625, 1.455409049987793, 0.0
26.433194875717163, 1.1142855882644653, -0.8546113967895508, 125.4405517578125, -57.31540298461914, 1.4573900699615479, 0.0
26.44316816329956, 1.1142855882644653, -0.6321310997009277, 123.93103790283203, -61.40289306640625, 1.4573900699615479, 0.0
26.45314860343933, 1.1098742485046387, -0.638286292552948, 122.8865737915039, -102.34578704833984, 1.4573900699615479, 0.0
26.463186264038086, 1.1053121089935303, -0.5531787872314453, 121.88079071044922, -94.06509399414062, 1.4573900699615479, 0.0
26.4731707572937, 1.098763108253479, -0.6187081336975098, 120.75586700439453, -97.61123657226562, 1.4622702598571777, 0.0
26.483184576034546, 1.098763108253479, -0.6065500974655151, 118.87602233886719, -119.31864166259766, 1.4622702598571777, 0.0
26.493186235427856, 1.0895668268203735, -0.5743901133537292, 117.93611145019531, -117.79869842529297, 1.4622702598571777, 0.0
26.503148317337036, 1.0783727169036865, -0.541079044342041, 116.95233154296875, -125.60195922851562, 1.4622702598571777, 0.0
26.513145208358765, 1.0664488077163696, -0.662830114364624, 115.8676986694336, -137.39691162109375, 1.4649780988693237, 0.0
26.523157119750977, 1.0563503503799438, -0.6340265274047852, 114.22259521484375, -126.16424560546875, 1.4649780988693237, 0.0
26.53315305709839, 1.0483471155166626, -0.599438488483429, 113.02371215820312, -112.88105010986328, 1.4649780988693237, 0.0
26.543237924575806, 1.040423035621643, -0.9232908487319946, 111.68074798583984, -153.12767028808594, 1.4649780988693237, 0.0
26.553184509277344, 1.0353559255599976, -0.8279879689216614, 110.32585906982422, -139.5628204345703, 1.4675402641296387, 0.0
26.56316304206848, 1.0353559255599976, -0.7772975564002991, 108.58806610107422, -147.69830322265625, 1.4675402641296387, 0.0
26.573153495788574, 1.0186251401901245, -0.801384449005127, 107.1310043334961, -136.248779296875, 1.4675402641296387, 0.0
26.58314871788025, 1.0038245916366577, -1.0548697710037231, 105.40485382080078, -149.6785430908203, 1.4675402641296387, 0.0
26.59321665763855, 0.9894430041313171, -1.112487554550171, 103.533203125, -160.0333251953125, 1.4678219556808472, 0.0
26.603144645690918, 0.9894430041313171, -0.889289379119873, 101.91631317138672, -150.360107421875, 1.4678219556808472, 0.0
26.613182067871094, 0.9631578922271729, -1.1476675271987915, 100.03831481933594, -175.88128662109375, 1.4678219556808472, 0.0
26.623169660568237, 0.9631578922271729, -1.0354783535003662, 98.3438949584961, -176.42974853515625, 1.4678219556808472, 0.0
26.633135557174683, 0.9524932503700256, -0.9585380554199219, 96.64912414550781, -163.7451171875, 1.4675577878952026, 0.0
26.64314866065979, 0.9253324270248413, -1.1509180068969727, 94.55654907226562, -171.24252319335938, 1.4675577878952026, 0.0
26.653125047683716, 0.9126520156860352, -1.3633701801300049, 92.32557678222656, -200.00457763671875, 1.4675577878952026, 0.0
26.663129329681396, 0.9032871127128601, -1.3206839561462402, 89.92433166503906, -186.6363525390625, 1.4675577878952026, 0.0
26.67320466041565, 0.8912354707717896, -1.4154447317123413, 87.608154296875, -216.92063903808594, 1.4668289422988892, 0.0
26.683122158050537, 0.8780709505081177, -1.2575328350067139, 85.4542465209961, -199.505615234375, 1.4668289422988892, 0.0
26.69312858581543, 0.8643466234207153, -1.3899604082107544, 83.17976379394531, -226.1505126953125, 1.4668289422988892, 0.0
26.70312190055847, 0.8516120910644531, -1.5314552783966064, 80.67375183105469, -236.0280303955078, 1.4668289422988892, 0.0
26.71312141418457, 0.8396045565605164, -1.2355387210845947, 78.42731475830078, -216.1102294921875, 1.4661141633987427, 0.0
26.72313666343689, 0.8266567587852478, -1.3650059700012207, 76.07544708251953, -222.68447875976562, 1.4661141633987427, 0.0
26.733134269714355, 0.8122784495353699, -1.5579462051391602, 73.52607727050781, -256.92156982421875, 1.4661141633987427, 0.0
26.743127822875977, 0.7971986532211304, -1.4237033128738403, 71.19638061523438, -259.55877685546875, 1.4661141633987427, 0.0
26.753124713897705, 0.7830342054367065, -1.2961804866790771, 68.94242858886719, -233.83102416992188, 1.465549111366272, 0.0
26.7631356716156, 0.7701841592788696, -1.3310253620147705, 66.52238464355469, -234.01870727539062, 1.465549111366272, 0.0
26.773144960403442, 0.7558748722076416, -1.5040040016174316, 64.06128692626953, -261.6322937011719, 1.465549111366272, 0.0
26.78312849998474, 0.7415872812271118, -1.5164812803268433, 61.579769134521484, -265.2723388671875, 1.465549111366272, 0.0
26.793139457702637, 0.7281055450439453, -1.5137923955917358, 59.10265350341797, -267.52301025390625, 1.4651411771774292, 0.0
26.803149700164795, 0.7140600681304932, -1.3755261898040771, 56.67586898803711, -239.97879028320312, 1.4651411771774292, 0.0
26.81312346458435, 0.6999244093894958, -1.396799087524414, 54.136234283447266, -242.9107666015625, 1.4651411771774292, 0.0
26.823140382766724, 0.6852986216545105, -1.5706486701965332, 51.56608200073242, -272.3265686035156, 1.4651411771774292, 0.0
26.83314299583435, 0.6720528602600098, -1.558065414428711, 49.016517639160156, -272.3282775878906, 1.4650887250900269, 0.0
26.843130826950073, 0.6577325463294983, -1.3946533203125, 46.49032211303711, -247.0611572265625, 1.4650887250900269, 0.0
26.85312008857727, 0.6426999568939209, -1.4033496379852295, 43.938777923583984, -250.03585815429688, 1.4650887250900269, 0.0
26.863126039505005, 0.6293951869010925, -1.564317226409912, 41.37898635864258, -279.3714599609375, 1.4650887250900269, 0.0
26.87313747406006, 0.6172619462013245, -1.3861358165740967, 38.85873794555664, -252.0252227783203, 1.4649691581726074, 0.07000000029802322
26.883164405822754, 0.6033848524093628, -1.5355745553970337, 36.36772155761719, -280.1335754394531, 1.4649691581726074, 0.07000000029802322
26.893152713775635, 0.587870717048645, -1.5581647157669067, 33.817996978759766, -280.9410095214844, 1.4649691581726074, 0.07000000029802322
26.90314221382141, 0.5746448636054993, -1.549058437347412, 31.283172607421875, -282.1405334472656, 1.4649691581726074, 0.07000000029802322
26.913159370422363, 0.5600754022598267, -1.3984918594360352, 28.740459442138672, -253.95851135253906, 1.4654498100280762, 0.14000000059604645
26.92315936088562, 0.5441878437995911, -1.4111042022705078, 26.087425231933594, -254.7863006591797, 1.4654498100280762, 0.14000000059604645
26.933172464370728, 0.529407799243927, -1.426452398300171, 23.49387550354004, -255.2265167236328, 1.4654498100280762, 0.14000000059604645
26.94315218925476, 0.5171588063240051, -1.5619264841079712, 20.93799591064453, -283.9147644042969, 1.4654498100280762, 0.14000000059604645
26.95315670967102, 0.5041218996047974, -1.3857841491699219, 18.41838836669922, -255.20362854003906, 1.4681611061096191, 0.20999999344348907
26.96312975883484, 0.4920857548713684, -1.5256603956222534, 15.428890228271484, -288.3341064453125, 1.4681611061096191, 0.20999999344348907
26.973148822784424, 0.48011791706085205, -1.371443271636963, 12.935357093811035, -259.2336730957031, 1.4681611061096191, 0.20999999344348907
26.983131170272827, 0.46716922521591187, -1.362156867980957, 10.458707809448242, -259.0904235839844, 1.4681611061096191, 0.20999999344348907
26.99314546585083, 0.4557693600654602, -1.3210058212280273, 8.056879043579102, -257.61126708984375, 1.4739049673080444, 0.2800000011920929
27.00313925743103, 0.44350674748420715, -1.4570951461791992, 4.62820291519165, -296.1661071777344, 1.4739049673080444, 0.2800000011920929
27.013151168823242, 0.4309699237346649, -1.2910544872283936, 2.2808313369750977, -264.5964660644531, 1.4739049673080444, 0.2800000011920929
27.023162126541138, 0.42029547691345215, -1.3765891790390015, 0.028230927884578705, -289.546875, 1.4739049673080444, 0.2800000011920929
27.033136129379272, 0.41069304943084717, -1.319047451019287, -2.1302103996276855, -284.7119445800781, 1.4830818176269531, 0.3499999940395355
27.043144464492798, 0.39972031116485596, -1.3048747777938843, -5.93397855758667, -298.5775146484375, 1.4830818176269531, 0.3499999940395355
27.053196668624878, 0.39334383606910706, -1.1077791452407837, -7.948122024536133, -263.6650695800781, 1.4830818176269531, 0.3499999940395355
27.063153505325317, 0.3865220248699188, -1.0556399822235107, -9.867467880249023, -252.96356201171875, 1.4830818176269531, 0.3499999940395355
27.073173999786377, 0.379765123128891, -1.1150274276733398, -11.692057609558105, -273.6379699707031, 1.4955769777297974, 0.41999998688697815
27.08315110206604, 0.38155680894851685, -0.8561223745346069, -15.520491600036621, -259.7920227050781, 1.4955769777297974, 0.41999998688697815
27.093151569366455, 0.39201122522354126, -0.6375819444656372, -16.679731369018555, -247.3660430908203, 1.4955769777297974, 0.41999998688697815
27.103153944015503, 0.4109611213207245, -0.3616180717945099, -17.271469116210938, -243.32974243164062, 1.4955769777297974, 0.41999998688697815
27.113162517547607, 0.4328824281692505, 0.019121170043945312, -17.236703872680664, -195.17526245117188, 1.5105443000793457, 0.49000000953674316
27.123130798339844, 0.45504117012023926, 0.34745633602142334, -19.326295852661133, -193.5452423095703, 1.5105443000793457, 0.49000000953674316
27.13325572013855, 0.4763215482234955, 0.6562888622283936, -18.133045196533203, -160.0283660888672, 1.5105443000793457, 0.49000000953674316
27.143146991729736, 0.497570276260376, 1.0872218608856201, -16.353954315185547, -115.77764892578125, 1.5105443000793457, 0.49000000953674316
27.153180599212646, 0.5161364674568176, 1.2279272079467773, -14.121358871459961, -61.73229217529297, 1.5296366214752197, 0.5600000023841858
27.16323447227478, 0.5161364674568176, 1.4401607513427734, -15.236063003540039, -59.65095138549805, 1.5296366214752197, 0.5600000023841858
27.173267602920532, 0.5161364674568176, 1.3637155294418335, -12.756580352783203, -10.645294189453125, 1.5296366214752197, 0.5600000023841858
27.18318748474121, 0.534591019153595, 1.700378179550171, -9.974143981933594, 61.62590408325195, 1.5296366214752197, 0.5600000023841858
27.193168878555298, 0.5730239152908325, 1.8101215362548828, -6.683013439178467, 99.9673843383789, 1.5510965585708618, 0.5600000023841858
27.203415155410767, 0.5730239152908325, 1.8006960153579712, -7.6382269859313965, 107.03595733642578, 1.5510965585708618, 0.5600000023841858
27.213170051574707, 0.5985957384109497, 1.6571342945098877, -4.625255584716797, 126.11456298828125, 1.5510965585708618, 0.5600000023841858
27.223176956176758, 0.6193759441375732, 1.8259485960006714, -1.6373395919799805, 196.5438995361328, 1.5510965585708618, 0.5600000023841858
27.23315978050232, 0.6383479833602905, 1.8002854585647583, -3.050771713256836, 167.580810546875, 1.575073003768921, 0.5600000023841858
27.2431743144989, 0.6553864479064941, 1.5781641006469727, -0.18138235807418823, 161.7257080078125, 1.575073003768921, 0.5600000023841858
27.253171920776367, 0.6728741526603699, 1.567375659942627, 2.668391466140747, 167.8974609375, 1.575073003768921, 0.5600000023841858
27.263206720352173, 0.694745659828186, 1.984549880027771, 5.915836811065674, 235.02108764648438, 1.575073003768921, 0.5600000023841858
27.273199319839478, 0.694745659828186, 1.7860889434814453, 9.163270950317383, 219.1985626220703, 1.598616361618042, 0.5600000023841858
27.283151149749756, 0.7131543755531311, 1.9840399026870728, 8.129271507263184, 201.14901733398438, 1.598616361618042, 0.5600000023841858
27.29315495491028, 0.7398878335952759, 1.6686439514160156, 11.163169860839844, 178.46182250976562, 1.598616361618042, 0.5600000023841858
27.30315327644348, 0.7589360475540161, 2.0656850337982178, 14.543381690979004, 246.4623565673828, 1.598616361618042, 0.5600000023841858
27.313201427459717, 0.7771085500717163, 1.983476996421814, 17.789072036743164, 249.0480194091797, 1.6218401193618774, 0.5600000023841858
27.323192834854126, 0.7977043390274048, 1.9814239740371704, 16.808900833129883, 204.9581756591797, 1.6218401193618774, 0.5600000023841858
27.33315682411194, 0.8119080066680908, 1.9284486770629883, 19.964542388916016, 255.7257537841797, 1.6218401193618774, 0.5600000023841858
27.34322500228882, 0.8285847902297974, 1.7319798469543457, 23.113597869873047, 232.9498291015625, 1.6218401193618774, 0.5600000023841858
27.353188514709473, 0.8438424468040466, 1.8996529579162598, 26.22212028503418, 261.7081604003906, 1.6434699296951294, 0.5600000023841858
27.363128900527954, 0.861724317073822, 1.6697824001312256, 25.325395584106445, 194.09542846679688, 1.6434699296951294, 0.5600000023841858
27.373146772384644, 0.8738812208175659, 1.9903978109359741, 28.58241081237793, 215.7683868408203, 1.6434699296951294, 0.5600000023841858
27.383159399032593, 0.8894640207290649, 1.7630994319915771, 31.78804588317871, 236.58770751953125, 1.6434699296951294, 0.5600000023841858
27.39313817024231, 0.9054258465766907, 1.6553759574890137, 34.797821044921875, 236.346435546875, 1.6612712144851685, 0.5600000023841858
27.403141260147095, 0.9238875508308411, 1.8328031301498413, 34.56035614013672, 222.4110565185547, 1.6612712144851685, 0.5600000023841858
27.413167238235474, 0.9379960298538208, 1.7876425981521606, 37.48558807373047, 218.85003662109375, 1.6612712144851685, 0.5600000023841858
27.423130750656128, 0.9519005417823792, 1.5419542789459229, 40.28914260864258, 234.80242919921875, 1.6612712144851685, 0.5600000023841858
27.43313765525818, 0.9660044312477112, 1.540970802307129, 43.09090805053711, 231.26373291015625, 1.6539604663848877, 0.5600000023841858
27.443142652511597, 0.9765820503234863, 1.6444060802459717, 47.11098098754883, 266.63800048828125, 1.6539604663848877, 0.5600000023841858
27.453137397766113, 0.9909639358520508, 1.4712035655975342, 49.78589630126953, 235.6372833251953, 1.6539604663848877, 0.5600000023841858
27.463152408599854, 1.0008561611175537, 1.5459192991256714, 52.315582275390625, 299.8911437988281, 1.6539604663848877, 0.5600000023841858
27.47312831878662, 1.0075671672821045, 1.3368606567382812, 54.746238708496094, 261.63787841796875, 1.638421893119812, 0.5600000023841858
27.48318648338318, 1.0147300958633423, 1.252669095993042, 59.84901428222656, 280.61029052734375, 1.638421893119812, 0.5600000023841858
27.49322485923767, 1.0237187147140503, 1.314368486404419, 61.99979782104492, 302.2435607910156, 1.638421893119812, 0.5600000023841858
27.503276586532593, 1.0237187147140503, 0.9983062744140625, 63.81489944458008, 292.54571533203125, 1.638421893119812, 0.5600000023841858
27.5131733417511, 1.0237187147140503, 0.8572161197662354, 65.37347412109375, 278.8787841796875, 1.6129628419876099, 0.5600000023841858
27.523226022720337, 1.0316895246505737, 0.8865528702735901, 71.45311737060547, 346.26641845703125, 1.6129628419876099, 0.5600000023841858
27.5331552028656, 1.0316895246505737, 0.6568431854248047, 72.64737701416016, 295.5654296875, 1.6129628419876099, 0.5600000023841858
27.54316282272339, 1.0404917001724243, 0.7101165056228638, 73.80938720703125, 296.6482238769531, 1.6129628419876099, 0.5600000023841858
27.55316472053528, 1.0432562828063965, 0.5229353904724121, 74.76017761230469, 249.74327087402344, 1.5864503383636475, 0.5600000023841858
27.563160181045532, 1.0428709983825684, 0.4668368101119995, 80.34454345703125, 311.4327392578125, 1.5864503383636475, 0.5600000023841858
27.573151350021362, 1.0408717393875122, 0.370025634765625, 80.95004272460938, 291.1529541015625, 1.5864503383636475, 0.5600000023841858
27.583165645599365, 1.0377228260040283, 0.25547873973846436, 81.36810302734375, 239.10098266601562, 1.5864503383636475, 0.5600000023841858
27.593156099319458, 1.0352089405059814, 0.11489391326904297, 81.57699584960938, 195.77102661132812, 1.5617845058441162, 0.5600000023841858
27.603147983551025, 1.0338443517684937, 0.11250707507133484, 86.24579620361328, 249.23281860351562, 1.5617845058441162, 0.5600000023841858
27.613130807876587, 1.0328443050384521, 0.09126663208007812, 86.41173553466797, 210.38360595703125, 1.5617845058441162, 0.5600000023841858
27.62312889099121, 1.0328443050384521, 0.011539459228515625, 86.4327163696289, 149.7955322265625, 1.5617845058441162, 0.5600000023841858
27.633148908615112, 1.034641146659851, 0.029516220092773438, 86.48638153076172, 138.39035034179688, 1.5424165725708008, 0.0
27.64313817024231, 1.0372178554534912, -0.03637208044528961, 89.94831085205078, 179.3204345703125, 1.5424165725708008, 0.0
27.6531343460083, 1.0401182174682617, -0.031375885009765625, 89.8912582397461, 151.31149291992188, 1.5424165725708008, 0.0
27.66314721107483, 1.0421162843704224, -0.007545948028564453, 89.8775405883789, 95.32928466796875, 1.5424165725708008, 0.0
27.67316198348999, 1.043752670288086, 0.028812885284423828, 89.92992401123047, 89.79949951171875, 1.5291202068328857, 0.0
27.683141231536865, 1.0449978113174438, 0.07274150848388672, 92.47970581054688, 111.11602783203125, 1.5291202068328857, 0.0
27.693145036697388, 1.0449978113174438, 0.10877185314893723, 92.65769958496094, 123.11892700195312, 1.5291202068328857, 0.0
27.703164100646973, 1.046709418296814, 0.12865066528320312, 92.89160919189453, 66.45889282226562, 1.5291202068328857, 0.0
27.7131609916687, 1.0486547946929932, 0.1756482720375061, 93.17903137207031, 75.19022369384766, 1.5224660634994507, 0.0
27.72315502166748, 1.0486547946929932, 0.15810728073120117, 94.67634582519531, 82.4371337890625, 1.5224660634994507, 0.0
27.733150005340576, 1.0518605709075928, 0.1722097396850586, 94.98944854736328, 85.02960205078125, 1.5224660634994507, 0.0
27.74317741394043, 1.0541973114013672, 0.1886553168296814, 95.29815673828125, 59.44315719604492, 1.5224660634994507, 0.0
27.75317144393921, 1.0557048320770264, 0.1731846034526825, 95.58155059814453, 63.22563934326172, 1.5150221586227417, 0.0
27.763164520263672, 1.0557048320770264, 0.13589859008789062, 97.18207550048828, 73.04534912109375, 1.5150221586227417, 0.0
27.77317500114441, 1.0409809350967407, -0.030795732513070107, 97.13168334960938, 80.0196304321289, 1.5150221586227417, 0.0
27.78316831588745, 1.0370489358901978, -0.07948875427246094, 96.9871597290039, 45.074462890625, 1.5150221586227417, 0.0
27.793163776397705, 1.0350830554962158, -0.11017587780952454, 96.80686950683594, 46.10273742675781, 1.5066536664962769, 0.0
27.803157091140747, 1.0311511754989624, -0.17287996411323547, 98.04552459716797, 57.2662353515625, 1.5066536664962769, 0.0
27.813140630722046, 1.029185175895691, -0.19469261169433594, 97.69153594970703, 45.12481689453125, 1.5066536664962769, 0.0
27.823179960250854, 1.0252532958984375, -0.26002195477485657, 97.26604461669922, 28.77383804321289, 1.5066536664962769, 0.0
27.83315682411194, 1.021321415901184, -0.33932262659072876, 96.7107925415039, 19.12604522705078, 1.4958934783935547, 0.0
27.84315586090088, 1.0193554162979126, -0.34841299057006836, 98.03370666503906, 27.355194091796875, 1.4958934783935547, 0.0
27.85315227508545, 1.0154235363006592, -0.4475513994693756, 97.30135345458984, 19.10909080505371, 1.4958934783935547, 0.0
27.863176822662354, 1.0114916563034058, -0.4421353340148926, 96.49746704101562, -6.845855712890625, 1.4958934783935547, 0.0
27.873138189315796, 1.0326827764511108, -0.09221500903367996, 96.34657287597656, -8.72378921508789, 1.4821516275405884, 0.0
27.883142232894897, 1.0262572765350342, -0.10792016983032227, 98.64887237548828, 16.6168212890625, 1.4821516275405884, 0.0
27.893146753311157, 1.016451120376587, -0.18631219863891602, 98.31012725830078, 15.032196044921875, 1.4821516275405884, 0.0
27.903127670288086, 1.0093737840652466, -0.2419816106557846, 97.91415405273438, -1.4589097499847412, 1.4821516275405884, 0.0
27.913129806518555, 1.0093737840652466, -0.19811391830444336, 97.55394744873047, -1.3763427734375, 1.4674110412597656, 0.0
27.923149347305298, 0.9908418655395508, -0.34410953521728516, 99.6083984375, 23.424530029296875, 1.4674110412597656, 0.0
27.93312644958496, 0.9852808713912964, -0.4004504978656769, 98.95311737060547, 24.91421127319336, 1.4674110412597656, 0.0
27.94313144683838, 0.9778810143470764, -0.41474103927612305, 98.19904327392578, 1.653289794921875, 1.4674110412597656, 0.0
27.95314073562622, 0.9704688787460327, -0.4995001554489136, 97.38167572021484, 0.8917914628982544, 1.4558742046356201, 0.0
27.963147163391113, 0.9645849466323853, -0.5211830139160156, 98.6264419555664, 23.65620994567871, 1.4558742046356201, 0.0
27.973146438598633, 0.9600675106048584, -0.7261455059051514, 97.3061752319336, 9.59625244140625, 1.4558742046356201, 0.0
27.983168125152588, 0.9576494693756104, -0.7623169422149658, 96.05874633789062, -28.77892303466797, 1.4558742046356201, 0.0
27.993164539337158, 0.9568985104560852, -0.6616976261138916, 94.97596740722656, -37.04749298095703, 1.4576091766357422, 0.0
28.003148317337036, 0.9568985104560852, -0.5247533321380615, 93.7064208984375, -42.07763671875, 1.4576091766357422, 0.0
28.01316499710083, 0.9558418393135071, -0.5353152751922607, 92.73312377929688, -48.207855224609375, 1.4576091766357422, 0.0
28.023190021514893, 0.9516952633857727, -0.43496158719062805, 92.02136993408203, -84.30056762695312, 1.4576091766357422, 0.0
28.03316307067871, 0.9516952633857727, -0.37317144870758057, 91.41072082519531, -83.80465698242188, 1.4624426364898682, 0.0
28.043163299560547, 0.9373970031738281, -0.4048347473144531, 89.79585266113281, -84.03091430664062, 1.4624426364898682, 0.0
28.053176403045654, 0.926447331905365, -0.48914220929145813, 88.99543762207031, -93.18118286132812, 1.4624426364898682, 0.0
28.06317138671875, 0.9172632098197937, -0.5257924199104309, 88.13504791259766, -116.57036590576172, 1.4624426364898682, 0.0
28.07315707206726, 0.9172632098197937, -0.42804479598999023, 86.8317642211914, -104.74395751953125, 1.4653302431106567, 0.0
28.083162784576416, 0.9115646481513977, -0.4608452320098877, 85.99386596679688, -100.64849853515625, 1.4653302431106567, 0.0
28.093189477920532, 0.9032678008079529, -0.5959073901176453, 85.01874542236328, -110.63554382324219, 1.4653302431106567, 0.0
28.103135347366333, 0.8918343186378479, -0.7229248881340027, 83.83577728271484, -109.67424011230469, 1.4653302431106567, 0.0
28.11316990852356, 0.8918343186378479, -0.6400823593139648, 82.67198944091797, -100.61187744140625, 1.4676239490509033, 0.0
28.1231791973114, 0.8918343186378479, -0.598597526550293, 81.16659545898438, -108.54721069335938, 1.4676239490509033, 0.0
28.133156299591064, 0.8768631815910339, -0.8314715623855591, 79.80599975585938, -128.94100952148438, 1.4676239490509033, 0.0
28.14336919784546, 0.8499597907066345, -0.8743822574615479, 78.21621704101562, -115.79742431640625, 1.4676239490509033, 0.0
28.153162479400635, 0.8424756526947021, -0.9330113530158997, 76.66621398925781, -136.99085998535156, 1.4677518606185913, 0.0
28.16317367553711, 0.8424756526947021, -0.8309682011604309, 75.30644989013672, -142.54083251953125, 1.4677518606185913, 0.0
28.17318081855774, 0.832442045211792, -0.8482098579406738, 73.76425170898438, -130.67398071289062, 1.4677518606185913, 0.0
28.18315315246582, 0.8164979219436646, -1.0563002824783325, 72.03575897216797, -155.09033203125, 1.4677518606185913, 0.0
28.19314980506897, 0.7931384444236755, -1.1012911796569824, 70.08399963378906, -149.34768676757812, 1.4674736261367798, 0.0
28.20314598083496, 0.7837820053100586, -1.0805249214172363, 68.1194076538086, -157.16323852539062, 1.4674736261367798, 0.0
28.213149070739746, 0.7772260308265686, -1.146078109741211, 66.03562927246094, -166.36428833007812, 1.4674736261367798, 0.0
28.22315239906311, 0.7692708969116211, -1.36182701587677, 63.80718231201172, -192.88211059570312, 1.4674736261367798, 0.0
28.233166694641113, 0.7535621523857117, -1.3700060844421387, 61.56535720825195, -202.67401123046875, 1.4668323993682861, 0.0
28.24318265914917, 0.7535621523857117, -0.963979959487915, 59.92925262451172, -182.86895751953125, 1.4668323993682861, 0.0
28.25316071510315, 0.738166332244873, -1.1589990854263306, 58.03270721435547, -207.03887939453125, 1.4668323993682861, 0.0
28.263148546218872, 0.7171688079833984, -1.3922916650772095, 55.75441360473633, -217.2453155517578, 1.4668323993682861, 0.0
28.273175954818726, 0.7171688079833984, -1.152735948562622, 53.65852737426758, -201.05743408203125, 1.4661283493041992, 0.0
28.28316640853882, 0.710867166519165, -1.0563015937805176, 51.865989685058594, -201.69754028320312, 1.4661283493041992, 0.0
28.293166160583496, 0.6983211636543274, -1.0535187721252441, 50.142051696777344, -221.57711791992188, 1.4661283493041992, 0.0
28.303171634674072, 0.6797318458557129, -1.040506362915039, 48.250221252441406, -198.69155883789062, 1.4661283493041992, 0.0
28.313523530960083, 0.6661960482597351, -1.1103034019470215, 46.23148727416992, -198.04115295410156, 1.4656546115875244, 0.07000000029802322
28.32313060760498, 0.6569709181785583, -1.2477768659591675, 44.27580261230469, -217.01600646972656, 1.4656546115875244, 0.07000000029802322
28.33315920829773, 0.6398565769195557, -1.1370539665222168, 42.20843505859375, -193.56918334960938, 1.4656546115875244, 0.07000000029802322
28.343146324157715, 0.627537727355957, -1.4002786874771118, 39.91706848144531, -222.35784912109375, 1.4656546115875244, 0.07000000029802322
28.353153944015503, 0.627537727355957, -1.1062800884246826, 37.9056510925293, -201.27105712890625, 1.4655234813690186, 0.14000000059604645
28.36313009262085, 0.6166486740112305, -1.0052025318145752, 36.10185241699219, -196.5251922607422, 1.4655234813690186, 0.14000000059604645
28.373127937316895, 0.6025035381317139, -1.2740559577941895, 34.017032623291016, -218.2384033203125, 1.4655234813690186, 0.14000000059604645
28.383141040802002, 0.5872960090637207, -1.2357056140899658, 31.770294189453125, -200.95672607421875, 1.4655234813690186, 0.14000000059604645
28.39314293861389, 0.575215756893158, -1.2310564517974854, 29.53200912475586, -206.10084533691406, 1.4682906866073608, 0.20999999344348907
28.403164863586426, 0.5707604885101318, -1.210795521736145, 27.04758071899414, -235.58468627929688, 1.4682906866073608, 0.20999999344348907
28.413156747817993, 0.557081401348114, -1.2123849391937256, 25.063676834106445, -235.1977081298828, 1.4682906866073608, 0.20999999344348907
28.42319631576538, 0.5416290163993835, -1.2815793752670288, 22.9665470123291, -236.7693634033203, 1.4682906866073608, 0.20999999344348907
28.433183670043945, 0.5312401056289673, -1.0861694812774658, 20.9916934967041, -212.16773986816406, 1.4739341735839844, 0.2800000011920929
28.4431414604187, 0.5260212421417236, -1.127964973449707, 18.119844436645508, -242.1915283203125, 1.4739341735839844, 0.2800000011920929
28.45318055152893, 0.5117056369781494, -1.1583149433135986, 16.013816833496094, -218.91822814941406, 1.4739341735839844, 0.2800000011920929
28.463152170181274, 0.501700758934021, -1.1494755744934082, 13.923861503601074, -221.78001403808594, 1.4739341735839844, 0.2800000011920929
28.47316336631775, 0.49782058596611023, -1.1631449460983276, 12.020533561706543, -244.40553283691406, 1.4833239316940308, 0.3499999940395355
28.48315668106079, 0.48824185132980347, -1.100599765777588, 8.512323379516602, -258.4217834472656, 1.4833239316940308, 0.3499999940395355
28.49316930770874, 0.47430911660194397, -1.009070873260498, 6.677649021148682, -228.54367065429688, 1.4833239316940308, 0.3499999940395355
28.50317931175232, 0.4671911895275116, -1.0356903076171875, 4.794576168060303, -222.5300750732422, 1.4833239316940308, 0.3499999940395355
28.513137340545654, 0.46197253465652466, -1.0567638874053955, 3.065325975418091, -244.4261932373047, 1.4962018728256226, 0.41999998688697815
28.523136854171753, 0.4503670632839203, -0.9126216173171997, -0.9354298710823059, -239.019775390625, 1.4962018728256226, 0.41999998688697815
28.533144235610962, 0.44317686557769775, -0.8806318044662476, -2.53657865524292, -235.28260803222656, 1.4962018728256226, 0.41999998688697815
28.543163061141968, 0.44156691431999207, -0.9383823871612549, -4.072113513946533, -246.57736206054688, 1.4962018728256226, 0.41999998688697815
28.553134441375732, 0.43231338262557983, -0.7939249277114868, -5.515613555908203, -215.2942352294922, 1.5120059251785278, 0.49000000953674316
28.56317162513733, 0.42809852957725525, -0.817798912525177, -9.727293968200684, -262.7906188964844, 1.5120059251785278, 0.49000000953674316
28.573115587234497, 0.4269292950630188, -0.7876753807067871, -11.016217231750488, -255.9639129638672, 1.5120059251785278, 0.49000000953674316
28.583131790161133, 0.42071041464805603, -0.6753146648406982, -12.244062423706055, -207.56387329101562, 1.5120059251785278, 0.49000000953674316
28.593162536621094, 0.4180907607078552, -0.6246566772460938, -13.266227722167969, -221.59864807128906, 1.5305447578430176, 0.5600000023841858
28.603119373321533, 0.4289773106575012, -0.3821372985839844, -17.33171844482422, -221.26287841796875, 1.5305447578430176, 0.5600000023841858
28.613147735595703, 0.442410409450531, -0.19562244415283203, -17.687397003173828, -207.5272979736328, 1.5305447578430176, 0.5600000023841858
28.62316584587097, 0.4612860381603241, 0.12132194638252258, -17.48887062072754, -183.927001953125, 1.5305447578430176, 0.5600000023841858
28.63315749168396, 0.486394464969635, 0.48019489645957947, -16.703096389770508, -157.40574645996094, 1.550788402557373, 0.6299999952316284
28.643134593963623, 0.5095840096473694, 0.6801724433898926, -19.14708137512207, -150.74978637695312, 1.550788402557373, 0.6299999952316284
28.653173446655273, 0.5095840096473694, 0.8585651516914368, -17.742156982421875, -135.85047912597656, 1.550788402557373, 0.6299999952316284
28.663208961486816, 0.5267494916915894, 0.9865105152130127, -15.948501586914062, -62.21208572387695, 1.550788402557373, 0.6299999952316284
28.673200845718384, 0.5267494916915894, 0.9981989860534668, -14.133594512939453, -31.17361068725586, 1.5744518041610718, 0.699999988079071
28.68319058418274, 0.5440064072608948, 1.2329578399658203, -16.194290161132812, -39.50233459472656, 1.5744518041610718, 0.699999988079071
28.693318128585815, 0.5440064072608948, 1.3990633487701416, -13.904912948608398, -7.096608638763428, 1.5744518041610718, 0.699999988079071
28.70318913459778, 0.5859842896461487, 1.5700727701187134, -11.0502347946167, 62.815093994140625, 1.5744518041610718, 0.699999988079071
28.713146686553955, 0.614558756351471, 1.9127594232559204, -7.920265197753906, 108.52347564697266, 1.5987060070037842, 0.699999988079071
28.723144054412842, 0.614558756351471, 1.9127594232559204, -7.920265197753906, 108.52347564697266, 1.5987060070037842, 0.699999988079071
28.733163118362427, 0.614558756351471, 1.9127594232559204, -7.920265197753906, 108.52347564697266, 1.5987060070037842, 0.699999988079071
28.7431583404541, 0.6563184857368469, 0.6725253462791443, -8.784077644348145, 30.016571044921875, 1.5987060070037842, 0.699999988079071
28.753169775009155, 0.6656326055526733, 1.9915368556976318, -5.525198936462402, 124.19869995117188, 1.6214364767074585, 0.699999988079071
28.7631676197052, 0.6825253963470459, 1.7294108867645264, -6.513628005981445, 126.3345718383789, 1.6214364767074585, 0.699999988079071
28.773165702819824, 0.6825253963470459, 1.7294108867645264, -3.3692445755004883, 143.72911071777344, 1.6214364767074585, 0.699999988079071
28.783156633377075, 0.7005336284637451, 1.9309388399124146, -0.20952658355236053, 174.8774871826172, 1.6214364767074585, 0.699999988079071
28.79342031478882, 0.7228808403015137, 1.9613206386566162, 3.356510877609253, 174.9010009765625, 1.6417688131332397, 0.699999988079071
28.803152561187744, 0.7418032884597778, 2.1977357864379883, 3.2560174465179443, 216.11451721191406, 1.6417688131332397, 0.699999988079071
28.813124418258667, 0.7626380324363708, 2.4292402267456055, 7.231137752532959, 234.84506225585938, 1.6417688131332397, 0.699999988079071
28.823140144348145, 0.7626380324363708, 1.7665386199951172, 10.443026542663574, 214.93260192871094, 1.6417688131332397, 0.699999988079071
28.83316469192505, 0.7934880256652832, 1.9880996942520142, 13.696280479431152, 240.183837890625, 1.660075068473816, 0.699999988079071
28.84317636489868, 0.7934880256652832, 1.371699571609497, 12.861869812011719, 216.45948791503906, 1.660075068473816, 0.699999988079071
28.85319972038269, 0.8043078184127808, 1.3867557048797607, 15.383243560791016, 209.08436584472656, 1.660075068473816, 0.699999988079071
28.863150596618652, 0.8263459801673889, 1.5980005264282227, 17.998153686523438, 272.3531799316406, 1.660075068473816, 0.699999988079071
28.873146533966064, 0.8449251055717468, 1.8044445514678955, 20.95088005065918, 270.2236328125, 1.6579698324203491, 0.699999988079071
28.88314461708069, 0.8449251055717468, 1.4439105987548828, 23.958942413330078, 241.68472290039062, 1.6579698324203491, 0.699999988079071
28.893149852752686, 0.8552731275558472, 1.4710161685943604, 26.366060256958008, 255.66165161132812, 1.6579698324203491, 0.699999988079071
28.90315079689026, 0.8639285564422607, 1.3569526672363281, 28.586528778076172, 281.4500732421875, 1.6579698324203491, 0.699999988079071
28.91315722465515, 0.8756933212280273, 1.1305510997772217, 30.64207649230957, 234.10931396484375, 1.6476689577102661, 0.699999988079071
28.923165321350098, 0.8878279328346252, 1.3910002708435059, 34.79114532470703, 270.53472900390625, 1.6476689577102661, 0.699999988079071
28.933165311813354, 0.8941807150840759, 1.1188056468963623, 36.621917724609375, 254.7293701171875, 1.6476689577102661, 0.699999988079071
28.94316291809082, 0.8961315155029297, 1.026451587677002, 38.48819351196289, 256.2631530761719, 1.6476689577102661, 0.699999988079071
28.953126668930054, 0.8975286483764648, 1.0357763767242432, 40.183101654052734, 275.55401611328125, 1.6271514892578125, 0.699999988079071
28.963345289230347, 0.9012629985809326, 0.8324053287506104, 45.275665283203125, 303.0832214355469, 1.6271514892578125, 0.699999988079071
28.973149061203003, 0.9012629985809326, 0.5633831024169922, 46.29999923706055, 253.4912109375, 1.6271514892578125, 0.699999988079071
28.9831485748291, 0.9056017994880676, 0.606769323348999, 47.40321731567383, 234.44290161132812, 1.6271514892578125, 0.699999988079071
28.993181943893433, 0.9073014259338379, 0.5202770233154297, 48.34917449951172, 219.83108520507812, 1.6035579442977905, 0.699999988079071
29.00315546989441, 0.9052632451057434, 0.4592802822589874, 53.39046096801758, 275.5995788574219, 1.6035579442977905, 0.699999988079071
29.01314640045166, 0.899685800075531, 0.23992061614990234, 53.82667922973633, 231.8462371826172, 1.6035579442977905, 0.699999988079071
29.023149013519287, 0.897225558757782, 0.10442071408033371, 53.99755096435547, 213.4043426513672, 1.6035579442977905, 0.699999988079071
29.03315258026123, 0.8975988626480103, 0.037988025695085526, 54.05971145629883, 193.75355529785156, 1.5800637006759644, 0.699999988079071
29.043156147003174, 0.8975988626480103, 0.014668703079223633, 58.358062744140625, 198.6988067626953, 1.5800637006759644, 0.699999988079071
29.053161144256592, 0.89693284034729, -0.0059604644775390625, 58.347225189208984, 181.640625, 1.5800637006759644, 0.699999988079071
29.06313991546631, 0.8956995010375977, -0.06182326376438141, 58.24605941772461, 144.11544799804688, 1.5800637006759644, 0.699999988079071
29.07314109802246, 0.894790768623352, -0.07191631197929382, 58.128379821777344, 131.42649841308594, 1.5589197874069214, 0.699999988079071
29.08313536643982, 0.8957757949829102, -0.10917583853006363, 61.79407501220703, 159.8989715576172, 1.5589197874069214, 0.699999988079071
29.09314250946045, 0.8985886573791504, -0.08711814880371094, 61.635677337646484, 132.8643798828125, 1.5589197874069214, 0.699999988079071
29.103134393692017, 0.9012097716331482, -0.040537118911743164, 61.561973571777344, 81.71501159667969, 1.5589197874069214, 0.699999988079071
29.113117456436157, 0.9063043594360352, 0.0735388845205307, 61.68231201171875, 87.28536224365234, 1.5433928966522217, 0.0
29.12311339378357, 0.9084659814834595, 0.11240839958190918, 64.70976257324219, 107.12203979492188, 1.5433928966522217, 0.0
29.13315224647522, 0.9100183248519897, 0.1379847526550293, 64.93555450439453, 120.84282684326172, 1.5433928966522217, 0.0
29.14313316345215, 0.9107080101966858, 0.14566713571548462, 65.17391967773438, 75.7319107055664, 1.5433928966522217, 0.0
29.15312623977661, 0.9108549952507019, 0.15468730032444, 65.42704010009766, 78.66414642333984, 1.531718134880066, 0.0
29.163122415542603, 0.9105778932571411, 0.14878511428833008, 67.82024383544922, 95.74203491210938, 1.531718134880066, 0.0
29.173125982284546, 0.9105778932571411, 0.17540985345840454, 68.1072769165039, 110.87629699707031, 1.531718134880066, 0.0
29.18313503265381, 0.9102450609207153, 0.14469027519226074, 68.37035369873047, 65.76309204101562, 1.531718134880066, 0.0
29.193135738372803, 0.9110351204872131, 0.13829602301120758, 68.5966567993164, 77.3442611694336, 1.525352120399475, 0.0
29.20312190055847, 0.9120156168937683, 0.10805726051330566, 69.95057678222656, 83.88595581054688, 1.525352120399475, 0.0
29.213130712509155, 0.9125078320503235, 0.06203651428222656, 70.0633773803711, 83.8104248046875, 1.525352120399475, 0.0
29.2231342792511, 0.9129953980445862, 0.050326187163591385, 70.1457290649414, 60.39937210083008, 1.525352120399475, 0.0
29.233124017715454, 0.9129524230957031, 0.03260374069213867, 70.19908142089844, 58.48354721069336, 1.5182890892028809, 0.0
29.243159294128418, 0.9125677943229675, 0.018596649169921875, 71.51707458496094, 63.43231201171875, 1.5182890892028809, 0.0
29.253382444381714, 0.9125677943229675, 0.019033750519156456, 71.54822540283203, 68.01266479492188, 1.5182890892028809, 0.0
29.263129711151123, 0.9116894006729126, 0.01235140673816204, 71.56843566894531, 41.64632034301758, 1.5182890892028809, 0.0
29.27314829826355, 0.9093329906463623, -0.012451410293579102, 73.11632537841797, 50.090789794921875, 1.5096511840820312, 0.0
29.283165454864502, 0.9093329906463623, -0.010146034881472588, 73.09972381591797, 52.54872512817383, 1.5096511840820312, 0.0
29.2936909198761, 0.9078139662742615, -0.03578265383839607, 73.04116821289062, 49.38337707519531, 1.5096511840820312, 0.0
29.303463220596313, 0.9078139662742615, -0.04200935363769531, 72.96479034423828, 30.1422119140625, 1.5096511840820312, 0.0
29.313196420669556, 0.9055017232894897, -0.07785028964281082, 72.83739471435547, 30.82275390625, 1.4991830587387085, 0.0
29.323167324066162, 0.9055017232894897, -0.07494091987609863, 74.60443878173828, 44.586944580078125, 1.4991830587387085, 0.0
29.333149433135986, 0.8995246887207031, -0.1491970419883728, 74.36029815673828, 46.23497772216797, 1.4991830587387085, 0.0
29.343152046203613, 0.893084704875946, -0.19483566284179688, 74.00605010986328, 24.89013671875, 1.4991830587387085, 0.0
29.35314440727234, 0.8887719511985779, -0.2643863260746002, 73.57341766357422, 22.50247573852539, 1.4861586093902588, 0.0
29.363139629364014, 0.8826397061347961, -0.3227790296077728, 75.41331481933594, 42.72121810913086, 1.4861586093902588, 0.0
29.37312388420105, 0.8771894574165344, -0.3571510314941406, 74.82888793945312, 19.0277099609375, 1.4861586093902588, 0.0
