31.90678310394287, 1.0457359552383423, -1.5872716903686523, 118.98285675048828, 374.84149169921875, 1.454615592956543, 0.0
31.91676926612854, 1.0166794061660767, -1.826948642730713, 115.98821258544922, 304.9808044433594, 1.4546436071395874, 0.0
31.926743984222412, 1.0166794061660767, -1.4153003692626953, 113.4149398803711, 219.98443603515625, 1.4546436071395874, 0.0
31.936740398406982, 0.9999255537986755, -1.5680922269821167, 110.83843231201172, 187.30332946777344, 1.454701542854309, 0.0
31.946730852127075, 0.9759611487388611, -1.4961957931518555, 108.12861633300781, 118.64395141601562, 1.4546436071395874, 0.0
31.957217931747437, 0.95246422290802, -1.744204044342041, 105.27955627441406, 78.05972290039062, 1.454615592956543, 0.0
31.966795921325684, 0.9351289868354797, -1.7677016258239746, 102.38694763183594, 26.88429069519043, 1.454615592956543, 0.0
31.97680974006653, 0.9351289868354797, -1.7677016258239746, 99.49434661865234, -24.28944969177246, 1.454615592956543, 0.0
31.98778796195984, 0.9173462390899658, -1.6193866729736328, 96.55001068115234, -65.72036743164062, 1.454615592956543, 0.0
31.996809244155884, 0.8929558992385864, -1.8711090087890625, 93.48819732666016, -119.43732452392578, 1.454615592956543, 0.0
32.00674772262573, 0.8759294748306274, -1.6980648040771484, 90.40080261230469, -285.821533203125, 1.454615592956543, 0.0
32.01675486564636, 0.8759294748306274, -1.563893437385559, 87.84170532226562, -312.73736572265625, 1.454615592956543, 0.0
32.026742696762085, 0.8425661325454712, -1.7411410808563232, 84.67599487304688, -287.39013671875, 1.454615592956543, 0.0
32.03673028945923, 0.8179302215576172, -1.8199503421783447, 81.36699676513672, -294.71435546875, 1.454615592956543, 0.0
32.0467324256897, 0.8000756502151489, -1.9542839527130127, 78.16907501220703, -332.884033203125, 1.454615592956543, 0.0
32.056724071502686, 0.7813618183135986, -1.7110228538513184, 75.05812072753906, -302.21405029296875, 1.454615592956543, 0.0
32.0667188167572, 0.7634535431861877, -1.9075075387954712, 71.9367446899414, -338.3356628417969, 1.454615592956543, 0.0
32.076756715774536, 0.7459109425544739, -2.1024279594421387, 68.49641418457031, -344.42138671875, 1.454615592956543, 0.0
32.08673572540283, 0.7276925444602966, -2.10726261138916, 65.04816436767578, -350.0205078125, 1.454615592956543, 0.0
32.09696698188782, 0.7093857526779175, -1.8356919288635254, 61.705448150634766, -317.8276062011719, 1.4546436071395874, 0.0
32.106992959976196, 0.6720789074897766, -2.264996290206909, 57.99909210205078, -360.0192565917969, 1.4546436071395874, 0.0
32.11698055267334, 0.6720789074897766, -2.265009641647339, 54.2927131652832, -372.76629638671875, 1.4546436071395874, 0.0
32.12700819969177, 0.6536478400230408, -1.8891870975494385, 50.862918853759766, -338.1309509277344, 1.454615592956543, 0.0
32.136903524398804, 0.6160935759544373, -2.242631435394287, 47.19315719604492, -379.7094421386719, 1.454615592956543, 0.009999999776482582
32.14691615104675, 0.5987909436225891, -2.012842893600464, 43.533443450927734, -346.356201171875, 1.454615592956543, 0.03999999910593033
32.15691924095154, 0.5987909436225891, -1.825714111328125, 40.21396255493164, -348.44171142578125, 1.454615592956543, 0.07000000029802322
32.166754484176636, 0.5807409286499023, -1.8271267414093018, 36.89191436767578, -350.4478454589844, 1.454615592956543, 0.10000000149011612
32.17673444747925, 0.5594782829284668, -2.0714733600616455, 33.50223159790039, -388.824462890625, 1.454615592956543, 0.12999999523162842
32.18672513961792, 0.7124114632606506, -0.15281438827514648, 33.215782165527344, -318.32427978515625, 1.4546629190444946, 0.1599999964237213
32.1967191696167, 0.5297272205352783, -1.9961992502212524, 29.899682998657227, -353.3969421386719, 1.4549356698989868, 0.1899999976158142
32.20672273635864, 0.5117838978767395, -1.6029536724090576, 26.87398910522461, -311.2510681152344, 1.4555474519729614, 0.2199999988079071
32.216723918914795, 0.4944062829017639, -1.7767250537872314, 23.487524032592773, -308.05169677734375, 1.456405758857727, 0.25
32.22672367095947, 0.4770442247390747, -1.9622644186019897, 20.06773567199707, -342.1686096191406, 1.4575542211532593, 0.2800000011920929
32.23672699928284, 0.45961886644363403, -1.7386078834533691, 16.94561195373535, -336.0839538574219, 1.4590784311294556, 0.3100000023841858
32.246721029281616, 0.43991732597351074, -1.588737964630127, 13.746748924255371, -297.8674011230469, 1.4607847929000854, 0.3400000035762787
32.256730794906616, 0.4280688464641571, -1.8969178199768066, 10.284553527832031, -332.54876708984375, 1.4627546072006226, 0.3700000047683716
32.266730546951294, 0.4023219645023346, -1.9824305772781372, 6.62167501449585, -336.3359375, 1.4650585651397705, 0.4000000059604645
32.276729345321655, 0.39274856448173523, -1.8525553941726685, 3.1034133434295654, -337.7647399902344, 1.467736005783081, 0.4300000071525574
32.286726236343384, 0.39274856448173523, -3.196626901626587, -3.2744245529174805, -364.902099609375, 1.4708478450775146, 0.46000000834465027
32.29672861099243, 0.38361337780952454, -1.6234748363494873, -6.579821586608887, -405.32769775390625, 1.4744162559509277, 0.49000000953674316
32.30673098564148, 0.37487560510635376, -1.5212066173553467, -9.790718078613281, -407.3856201171875, 1.478385329246521, 0.5199999809265137
32.31672811508179, 0.3698848485946655, -1.2452125549316406, -12.802703857421875, -362.9022216796875, 1.482499122619629, 0.550000011920929
32.32673001289368, 0.3719361126422882, -1.167870283126831, -15.503515243530273, -395.23626708984375, 1.4868427515029907, 0.5799999833106995
32.33674192428589, 0.38540908694267273, -0.7421016693115234, -17.712961196899414, -346.585693359375, 1.491573691368103, 0.6100000143051147
32.34673237800598, 0.40689677000045776, -0.3302037715911865, -19.273725509643555, -330.20477294921875, 1.4968558549880981, 0.6399999856948853
32.356754541397095, 0.4306067228317261, 0.02819962054491043, -20.266305923461914, -339.4539489746094, 1.5025688409805298, 0.6700000166893005
32.36674380302429, 0.4547896683216095, 0.5246788263320923, -20.432998657226562, -270.5467224121094, 1.5087324380874634, 0.699999988079071
32.376736879348755, 0.48830217123031616, 1.061704397201538, -19.878067016601562, -255.34979248046875, 1.5152356624603271, 0.7300000190734863
32.38674020767212, 0.48830217123031616, 0.9555399417877197, -19.380022048950195, -161.05584716796875, 1.5220518112182617, 0.7599999904632568
32.396721601486206, 0.5195075869560242, 1.5099313259124756, -18.173538208007812, -128.81915283203125, 1.529005527496338, 0.7900000214576721
32.40674710273743, 0.548870325088501, 1.7399489879608154, -16.288610458374023, -64.9789810180664, 1.5360379219055176, 0.8199999928474426
32.41675424575806, 0.576987087726593, 2.3011367321014404, -13.775874137878418, -10.812971115112305, 1.5429280996322632, 0.8500000238418579
32.42674231529236, 0.5997967720031738, 2.2786049842834473, -10.889378547668457, 46.14143371582031, 1.5498384237289429, 0.8600000143051147
32.43673801422119, 0.5997967720031738, 2.143871784210205, -8.238489151000977, 94.74449157714844, 1.5566972494125366, 0.8600000143051147
32.446759939193726, 0.6176573634147644, 2.1076083183288574, -5.613110065460205, 136.60621643066406, 1.5633337497711182, 0.8600000143051147
32.45674777030945, 0.6443033814430237, 2.374410629272461, -2.9007954597473145, 192.9501495361328, 1.569785714149475, 0.8600000143051147
32.46757984161377, 0.6443033814430237, 1.895129680633545, -0.5952228307723999, 198.3778076171875, 1.5760563611984253, 0.8600000143051147
32.47676110267639, 0.6672118306159973, 1.9878944158554077, 1.5422863960266113, 238.00393676757812, 1.5821911096572876, 0.8600000143051147
32.48672890663147, 0.6983190774917603, 2.333521842956543, 4.311713218688965, 263.24151611328125, 1.587960958480835, 0.8600000143051147
32.496742725372314, 0.727271318435669, 2.0776331424713135, 7.06868839263916, 252.4222869873047, 1.5935739278793335, 0.8600000143051147
32.50673794746399, 0.727271318435669, 1.621826171875, 9.338855743408203, 232.9769744873047, 1.5989280939102173, 0.8600000143051147
32.516730308532715, 0.7516704201698303, 2.183541774749756, 11.570280075073242, 316.826904296875, 1.604123592376709, 0.8600000143051147
32.52673387527466, 0.7842442989349365, 1.844465732574463, 13.977462768554688, 248.66839599609375, 1.6093287467956543, 0.8600000143051147
32.536741495132446, 0.80809086561203, 2.3143820762634277, 16.83176612854004, 278.558349609375, 1.61445951461792, 0.8600000143051147
32.54674506187439, 0.80809086561203, 1.9043445587158203, 19.37337303161621, 249.8648681640625, 1.6195241212844849, 0.8600000143051147
32.556723833084106, 0.8276183605194092, 2.0368363857269287, 21.77674102783203, 274.19482421875, 1.6246371269226074, 0.8600000143051147
32.566718339920044, 0.8538492918014526, 2.095460891723633, 24.648601531982422, 252.4383544921875, 1.6297965049743652, 0.8600000143051147
32.57672667503357, 0.8538492918014526, 2.0737383365631104, 27.117143630981445, 284.16485595703125, 1.634883165359497, 0.8600000143051147
32.58673882484436, 0.8940642476081848, 2.1749536991119385, 29.76097869873047, 282.7697448730469, 1.6399166584014893, 0.8600000143051147
32.59673237800598, 0.9133867025375366, 1.8611609935760498, 32.40498733520508, 253.363037109375, 1.6439862251281738, 0.8600000143051147
32.60673713684082, 0.9372398257255554, 2.3329854011535645, 35.76888656616211, 293.6668395996094, 1.6464816331863403, 0.8600000143051147
32.6167356967926, 0.9597692489624023, 2.0809829235076904, 39.47957992553711, 279.0927734375, 1.6468826532363892, 0.8600000143051147
32.626728534698486, 0.9738599061965942, 2.1068387031555176, 43.06641387939453, 323.2110290527344, 1.6461166143417358, 0.8600000143051147
32.63672733306885, 0.9908339381217957, 2.030485153198242, 46.6239128112793, 331.0239562988281, 1.644824743270874, 0.8600000143051147
32.646732807159424, 1.0076459646224976, 1.9955337047576904, 50.53069305419922, 311.5730285644531, 1.643292784690857, 0.8600000143051147
32.65672326087952, 1.0230315923690796, 1.9541263580322266, 54.37749099731445, 326.0078430175781, 1.641676664352417, 0.8600000143051147
32.66673016548157, 1.0394558906555176, 2.06230092048645, 58.143951416015625, 372.17034912109375, 1.639521837234497, 0.8600000143051147
32.6767361164093, 1.05166494846344, 2.197967529296875, 62.2923698425293, 390.8356628417969, 1.6364872455596924, 0.8600000143051147
32.68673086166382, 1.0632164478302002, 1.691514253616333, 66.07146453857422, 363.1050109863281, 1.6326173543930054, 0.8600000143051147
32.69672775268555, 1.0632164478302002, 1.4982938766479492, 69.639404296875, 372.34381103515625, 1.627976655960083, 0.8600000143051147
32.70672082901001, 1.0785363912582397, 1.5699598789215088, 73.1429214477539, 415.26751708984375, 1.622836947441101, 0.8600000143051147
32.71675157546997, 1.0910710096359253, 1.313018798828125, 76.5114517211914, 370.318603515625, 1.6174402236938477, 0.8600000143051147
32.726728677749634, 1.0983853340148926, 1.3836092948913574, 79.78506469726562, 407.9852600097656, 1.611887812614441, 0.8600000143051147
32.73671293258667, 1.108707308769226, 1.3097127676010132, 82.9780502319336, 403.9340515136719, 1.6061137914657593, 0.8600000143051147
32.74671936035156, 1.1139849424362183, 1.063394546508789, 85.96058654785156, 354.2991638183594, 1.6003438234329224, 0.8600000143051147
32.75672650337219, 1.1184358596801758, 1.0600486993789673, 88.77632904052734, 382.20892333984375, 1.5943976640701294, 0.8600000143051147
32.76671099662781, 1.1222707033157349, 0.8281469345092773, 91.36689758300781, 332.2296142578125, 1.5884310007095337, 0.8600000143051147
32.77672481536865, 1.125704288482666, 0.8226500749588013, 93.77960968017578, 349.8577575683594, 1.5825649499893188, 0.8600000143051147
32.78671312332153, 1.1295243501663208, 0.6630897521972656, 96.01768493652344, 299.4621276855469, 1.5768864154815674, 0.8600000143051147
32.79671502113342, 1.1337568759918213, 0.7837746143341064, 98.32781219482422, 318.7611999511719, 1.5712347030639648, 0.8600000143051147
32.806681632995605, 1.1383435726165771, 0.5980730056762695, 100.4584732055664, 273.1559753417969, 1.565496802330017, 0.8600000143051147
32.81672763824463, 1.1437913179397583, 0.5857812166213989, 102.4428482055664, 288.1266174316406, 1.5598547458648682, 0.8600000143051147
32.82676339149475, 1.1437913179397583, 0.4540681838989258, 104.23406982421875, 244.49005126953125, 1.5545437335968018, 0.8600000143051147
32.836713552474976, 1.1548268795013428, 0.5124409794807434, 105.96515655517578, 255.41262817382812, 1.5496346950531006, 0.8600000143051147
32.84671354293823, 1.159589409828186, 0.45604705810546875, 107.60801696777344, 216.473388671875, 1.5451594591140747, 0.8600000143051147
32.8567214012146, 1.1639134883880615, 0.5053017139434814, 109.17958068847656, 226.70237731933594, 1.5410635471343994, 0.8600000143051147
32.866737365722656, 1.1682597398757935, 0.4598855972290039, 110.71744537353516, 193.505859375, 1.5372041463851929, 0.8600000143051147
32.876723766326904, 1.1732686758041382, 0.5284945368766785, 112.2558364868164, 205.2908935546875, 1.5334994792938232, 0.0
32.88671946525574, 1.1784899234771729, 0.5440447330474854, 113.7602310180664, 197.14016723632812, 1.5301216840744019, 0.0
32.8967399597168, 1.1840475797653198, 0.5029201507568359, 115.24744415283203, 169.19631958007812, 1.5269712209701538, 0.0
32.9067177772522, 1.1891382932662964, 0.5643765330314636, 116.70355224609375, 180.5012969970703, 1.524042010307312, 0.0
32.916754484176636, 1.1891382932662964, 0.45348405838012695, 117.99968719482422, 155.56793212890625, 1.5214481353759766, 0.0
32.92672777175903, 1.1891382932662964, 0.4534721374511719, 119.1848373413086, 149.50790405273438, 1.5194644927978516, 0.0
32.9367196559906, 1.1992937326431274, 0.4940827786922455, 120.30408477783203, 159.32040405273438, 1.517755389213562, 0.0
32.94676351547241, 1.2033753395080566, 0.43785572052001953, 121.36428833007812, 137.56256103515625, 1.5163028240203857, 0.0
32.95671105384827, 1.2079641819000244, 0.48944684863090515, 122.426513671875, 147.18797302246094, 1.5148656368255615, 0.0
32.96673774719238, 1.210957646369934, 0.4744132459163666, 123.49143981933594, 141.93386840820312, 1.5132782459259033, 0.0
32.97672462463379, 1.2147650718688965, 0.41496753692626953, 124.5491943359375, 122.9339599609375, 1.5116102695465088, 0.0
32.98672866821289, 1.217165470123291, 0.42972299456596375, 125.59357452392578, 131.48329162597656, 1.5097336769104004, 0.0
32.9967246055603, 1.2193481922149658, 0.392225056886673, 126.5593032836914, 125.68579864501953, 1.5079522132873535, 0.0
33.006736040115356, 1.2212694883346558, 0.3213167190551758, 127.47406768798828, 107.70492553710938, 1.5061341524124146, 0.0
33.01673102378845, 1.2241984605789185, 0.38954946398735046, 128.4573974609375, 116.19737243652344, 1.5042318105697632, 0.0
33.02671813964844, 1.2251274585723877, 0.35990476608276367, 129.4534454345703, 102.685546875, 1.5023525953292847, 0.0
33.03672528266907, 1.2251274585723877, 0.2870294749736786, 130.2870330810547, 110.92122650146484, 1.500351071357727, 0.0
33.04676556587219, 1.2257635593414307, 0.22388696670532227, 131.10821533203125, 97.4395751953125, 1.4980734586715698, 0.0
33.05675911903381, 1.2260640859603882, 0.20109282433986664, 131.87640380859375, 104.99911499023438, 1.495658278465271, 0.0
33.06677174568176, 1.2257720232009888, 0.14815330505371094, 132.59927368164062, 91.07818603515625, 1.4931640625, 0.0
33.07672357559204, 1.2237025499343872, 0.09930133819580078, 133.23509216308594, 96.51014709472656, 1.49056077003479, 0.0
33.08671522140503, 1.2221342325210571, 0.049686431884765625, 133.82638549804688, 82.32879638671875, 1.4878054857254028, 0.0
33.09672236442566, 1.2199500799179077, 0.006715456489473581, 134.39756774902344, 87.09207916259766, 1.4847244024276733, 0.0
33.106727600097656, 1.2199500799179077, -0.013208389282226562, 134.94589233398438, 74.71771240234375, 1.4815765619277954, 0.0
33.116740465164185, 1.2165378332138062, -0.08512867987155914, 135.3827362060547, 76.94837951660156, 1.4784077405929565, 0.0
33.12674641609192, 1.2124160528182983, -0.12711286544799805, 135.7391815185547, 62.8570556640625, 1.475176215171814, 0.0
33.13674831390381, 1.208332896232605, -0.18660227954387665, 136.02149963378906, 63.71561813354492, 1.471943974494934, 0.0
33.14671850204468, 1.204963207244873, -0.20799636840820312, 136.25184631347656, 51.43585205078125, 1.468597173690796, 0.0
33.15673089027405, 1.1991232633590698, -0.2993212938308716, 136.3686065673828, 49.91319274902344, 1.4652611017227173, 0.0
33.1667423248291, 1.19378662109375, -0.31986236572265625, 136.4088897705078, 38.09814453125, 1.4618408679962158, 0.0
33.176737785339355, 1.1875566244125366, -0.40162932872772217, 136.3635711669922, 34.759521484375, 1.4584754705429077, 0.0
33.186763048172, 1.1822218894958496, -0.3991365432739258, 136.23129272460938, 24.04937744140625, 1.4552116394042969, 0.0
33.196770429611206, 1.1740365028381348, -0.5101495385169983, 135.96473693847656, 17.41197395324707, 1.452086329460144, 0.0
33.20674657821655, 1.1740365028381348, -0.459134578704834, 135.64413452148438, 6.982421875, 1.4492583274841309, 0.0
33.21675515174866, 1.1621352434158325, -0.6044705510139465, 135.01779174804688, -4.053751468658447, 1.4472630023956299, 0.0
33.226744174957275, 1.1621352434158325, -0.5586677193641663, 134.3103790283203, -15.874226570129395, 1.4461257457733154, 0.0
33.23694324493408, 1.1482521295547485, -0.6008028984069824, 133.25897216796875, -27.62603759765625, 1.4459004402160645, 0.0
33.246739625930786, 1.1387789249420166, -0.7353888750076294, 131.937744140625, -47.93633270263672, 1.4465487003326416, 0.0
33.25672793388367, 1.1334187984466553, -0.7300509214401245, 130.52960205078125, -64.87528228759766, 1.4477230310440063, 0.0
33.26672005653381, 1.1277674436569214, -0.6601810455322266, 129.0924530029297, -73.1658935546875, 1.4490255117416382, 0.0
33.27675175666809, 1.1217948198318481, -0.6576299667358398, 127.65296936035156, -87.1063232421875, 1.4503663778305054, 0.0
33.28673005104065, 1.1159226894378662, -0.7366471886634827, 126.22993469238281, -111.12467193603516, 1.4515632390975952, 0.0
33.296727657318115, 1.1159226894378662, -0.6457169651985168, 125.01410675048828, -121.673583984375, 1.4524388313293457, 0.0
33.30675148963928, 1.1073004007339478, -0.6673455238342285, 123.66340637207031, -119.80743408203125, 1.453194260597229, 0.0
33.31674766540527, 1.0968526601791382, -0.7253752946853638, 122.3760757446289, -140.46392822265625, 1.4537461996078491, 0.0
33.32675075531006, 1.085518717765808, -0.7661700248718262, 120.89178466796875, -134.18731689453125, 1.454248070716858, 0.0
33.33673930168152, 1.073662519454956, -0.7458806037902832, 119.430908203125, -138.27972412109375, 1.4548240900039673, 0.0
33.34676122665405, 1.064204216003418, -0.7457613945007324, 117.97306823730469, -139.64767456054688, 1.455384612083435, 0.0
33.35675835609436, 1.0533570051193237, -0.8895794749259949, 116.41352844238281, -156.84423828125, 1.4559558629989624, 0.0
33.36673450469971, 1.0443655252456665, -0.7581819295883179, 114.81321716308594, -129.81068420410156, 1.4564175605773926, 0.0
33.376731395721436, 1.0350613594055176, -1.0841935873031616, 113.16923522949219, -181.04840087890625, 1.4567859172821045, 0.0
33.38673996925354, 1.0350613594055176, -0.8984406590461731, 111.64229583740234, -162.08309936523438, 1.457098126411438, 0.0
33.39673900604248, 1.0091173648834229, -1.0680556297302246, 109.67705535888672, -153.3721923828125, 1.4572263956069946, 0.0
33.40672302246094, 1.0091173648834229, -1.0909371376037598, 107.89984130859375, -175.15139770507812, 1.4571826457977295, 0.0
33.41672158241272, 0.9869882464408875, -1.098644733428955, 105.92007446289062, -164.55917358398438, 1.4570848941802979, 0.0
33.42673707008362, 0.9773727059364319, -1.0814547538757324, 103.96892547607422, -169.2291259765625, 1.4570016860961914, 0.0
33.436755657196045, 0.9650252461433411, -1.2070868015289307, 102.01415252685547, -193.51873779296875, 1.4568891525268555, 0.0
33.44673299789429, 0.9544296264648438, -1.0977387428283691, 100.02808380126953, -179.44869995117188, 1.456835150718689, 0.0
33.45680332183838, 0.9333705306053162, -1.333183765411377, 97.86471557617188, -206.099609375, 1.4567350149154663, 0.0
33.466726541519165, 0.9333705306053162, -1.1099576950073242, 95.86182403564453, -189.51416015625, 1.4566513299942017, 0.0
33.47673988342285, 0.9235758781433105, -1.1148512363433838, 93.85734558105469, -193.1182861328125, 1.4565274715423584, 0.0
33.48674917221069, 0.9085031151771545, -1.265573501586914, 91.57431030273438, -200.6805419921875, 1.4564284086227417, 0.0
33.49674439430237, 0.894105851650238, -1.2779169082641602, 89.51900482177734, -223.9778289794922, 1.4562313556671143, 0.0
33.506744623184204, 0.8765418529510498, -1.3257503509521484, 87.12105560302734, -207.78732299804688, 1.4561625719070435, 0.0
33.51677370071411, 0.8625394701957703, -1.3827614784240723, 84.8919906616211, -233.64682006835938, 1.4559775590896606, 0.0
33.52674221992493, 0.8460515737533569, -1.3132214546203613, 82.52711486816406, -214.41726684570312, 1.4558521509170532, 0.0
33.536741495132446, 0.8322593569755554, -1.327657699584961, 80.13070678710938, -218.83468627929688, 1.4557558298110962, 0.0
33.54675269126892, 0.8145222663879395, -1.399064064025879, 77.59321594238281, -224.34844970703125, 1.455721378326416, 0.0
33.55673432350159, 0.8145222663879395, -1.3205475807189941, 75.44992065429688, -249.0531005859375, 1.4556245803833008, 0.0
33.566728591918945, 0.7978049516677856, -1.3556480407714844, 72.98963928222656, -228.72161865234375, 1.4555996656417847, 0.0
33.576735496520996, 0.7811281681060791, -1.5827549695968628, 70.40988159179688, -260.5277099609375, 1.4555435180664062, 0.0
33.5870258808136, 0.7596762180328369, -1.653631567955017, 67.72470092773438, -264.9942932128906, 1.4554293155670166, 0.0
33.59693503379822, 0.7596762180328369, -1.34429931640625, 65.29591369628906, -242.23175048828125, 1.4553446769714355, 0.0
33.60674786567688, 0.7415260076522827, -1.5001826286315918, 62.8574333190918, -269.5965270996094, 1.4552546739578247, 0.0
33.61673831939697, 0.7234275341033936, -1.3911128044128418, 60.333251953125, -245.587158203125, 1.4552265405654907, 0.0
33.62674307823181, 0.7028435468673706, -1.5911989212036133, 57.73465347290039, -275.4711608886719, 1.455198049545288, 0.0
33.63674330711365, 0.6855958104133606, -1.4666318893432617, 55.068050384521484, -250.62637329101562, 1.455198049545288, 0.0
33.646734952926636, 0.6716251373291016, -1.5877418518066406, 52.458740234375, -279.27227783203125, 1.4552595615386963, 0.0
33.65673518180847, 0.6564873456954956, -1.755946159362793, 49.567298889160156, -287.5845031738281, 1.4553589820861816, 0.009999999776482582
33.66671586036682, 0.643306314945221, -1.5449881553649902, 46.76848220825195, -262.21124267578125, 1.4553025960922241, 0.03999999910593033
33.67672371864319, 0.6281255483627319, -1.5300214290618896, 43.99141311645508, -264.1853332519531, 1.4552762508392334, 0.07000000029802322
33.686731815338135, 0.6142467856407166, -1.6158819198608398, 41.36293411254883, -292.9085693359375, 1.4551899433135986, 0.10000000149011612
33.69671082496643, 0.6054567694664001, -1.542198657989502, 38.56414031982422, -267.31719970703125, 1.4551613330841064, 0.12999999523162842
33.706928730010986, 0.5851719975471497, -1.5635371208190918, 35.715797424316406, -271.4164733886719, 1.4551918506622314, 0.1599999964237213
33.71731877326965, 0.5715072154998779, -1.6880102157592773, 32.915321350097656, -304.6438293457031, 1.4554023742675781, 0.1899999976158142
33.72672152519226, 0.5565922856330872, -1.4625132083892822, 30.157760620117188, -275.76904296875, 1.4559438228607178, 0.2199999988079071
33.73672008514404, 0.5417572855949402, -1.5981992483139038, 27.38102912902832, -307.63330078125, 1.4568320512771606, 0.25
33.746745109558105, 0.528246283531189, -1.4337897300720215, 24.573001861572266, -278.857421875, 1.457938313484192, 0.2800000011920929
33.75676608085632, 0.528246283531189, -1.4249019622802734, 21.97992706298828, -306.526611328125, 1.4593760967254639, 0.3100000023841858
33.76675796508789, 0.5141370892524719, -1.435213565826416, 19.31315040588379, -305.05963134765625, 1.461126446723938, 0.3400000035762787
33.77676033973694, 0.49309241771698, -1.350325345993042, 16.494295120239258, -274.97100830078125, 1.4631268978118896, 0.36000001430511475
33.786757946014404, 0.4794219434261322, -1.4980567693710327, 13.624526977539062, -308.2042236328125, 1.465428113937378, 0.4000000059604645
33.79676675796509, 0.4794219434261322, -1.2603521347045898, 10.851783752441406, -277.1236572265625, 1.4680746793746948, 0.4300000071525574
33.80675911903381, 0.46018150448799133, -1.3887815475463867, 8.018710136413574, -307.7453918457031, 1.4711575508117676, 0.46000000834465027
33.816734790802, 0.4470749497413635, -1.2443244457244873, 5.113200664520264, -278.02142333984375, 1.4746946096420288, 0.49000000953674316
33.82673263549805, 0.4386153519153595, -1.1797726154327393, 2.2434537410736084, -279.1428527832031, 1.4786804914474487, 0.5199999809265137
33.83673048019409, 0.4268627464771271, -1.2766056060791016, -0.6345727443695068, -311.28448486328125, 1.4830201864242554, 0.550000011920929
33.846734046936035, 0.4182206690311432, -1.1002570390701294, -3.4789767265319824, -280.5198669433594, 1.4876618385314941, 0.5799999833106995
33.856746196746826, 0.4113929569721222, -1.2983646392822266, -6.5085673332214355, -316.5386962890625, 1.4926393032073975, 0.6100000143051147
33.866740465164185, 0.4113929569721222, -1.0274410247802734, -9.357062339782715, -286.7021179199219, 1.4980316162109375, 0.6399999856948853
33.87689137458801, 0.40326422452926636, -0.9980930089950562, -12.022159576416016, -316.8494873046875, 1.5037068128585815, 0.6700000166893005
33.886735677719116, 0.399114727973938, -0.8030712604522705, -14.54422664642334, -281.68756103515625, 1.509547472000122, 0.699999988079071
33.89674401283264, 0.40737923979759216, -0.7204294204711914, -16.94655418395996, -277.98333740234375, 1.51555597782135, 0.7300000190734863
33.90673542022705, 0.429610013961792, -0.33968687057495117, -18.672866821289062, -296.5731506347656, 1.5219935178756714, 0.7599999904632568
33.916736125946045, 0.45433586835861206, 0.08067819476127625, -19.76814079284668, -276.4593200683594, 1.5287436246871948, 0.7900000214576721
33.92673468589783, 0.47875693440437317, 0.446018248796463, -20.322935104370117, -250.7377166748047, 1.5358091592788696, 0.8199999928474426
33.93672800064087, 0.5075957775115967, 0.8073300123214722, -20.140506744384766, -195.0592041015625, 1.5428791046142578, 0.8500000238418579
33.94675374031067, 0.532330334186554, 1.141098141670227, -19.33612060546875, -158.571533203125, 1.549865961074829, 0.8799999952316284
33.95671486854553, 0.5507765412330627, 1.393839716911316, -18.043073654174805, -115.3450927734375, 1.5566926002502441, 0.9100000262260437
33.966800928115845, 0.5717810988426208, 1.7820861339569092, -16.323945999145508, -77.40974426269531, 1.5632761716842651, 0.9399999976158142
33.976722240448, 0.5927870273590088, 2.1058056354522705, -14.033393859863281, -22.347131729125977, 1.5696303844451904, 0.9700000286102295
33.98674726486206, 0.6133386492729187, 2.1422386169433594, -11.279463768005371, 32.64751434326172, 1.5759061574935913, 0.9900000095367432
33.99672031402588, 0.628319263458252, 2.454890251159668, -8.383502006530762, 95.1451187133789, 1.582072377204895, 0.9900000095367432
34.00672268867493, 0.6495835185050964, 2.199733257293701, -5.468184471130371, 132.04698181152344, 1.5880354642868042, 0.9900000095367432
34.01677966117859, 0.6635839939117432, 2.3249785900115967, -2.693772315979004, 189.7152862548828, 1.5937010049819946, 0.9900000095367432
34.02675151824951, 0.6770173907279968, 2.202894926071167, -0.06689808517694473, 225.06703186035156, 1.5990792512893677, 0.9900000095367432
34.03675198554993, 0.70848149061203, 2.2320680618286133, 2.6588222980499268, 253.32577514648438, 1.60417640209198, 0.9900000095367432
34.046735763549805, 0.70848149061203, 1.7615079879760742, 5.007331848144531, 243.4345703125, 1.6088746786117554, 0.9900000095367432
34.05675768852234, 0.7242132425308228, 1.7343640327453613, 7.3685431480407715, 254.11610412597656, 1.6132316589355469, 0.9900000095367432
34.06693363189697, 0.7395044565200806, 1.8635988235473633, 9.649276733398438, 288.5913391113281, 1.617460012435913, 0.9900000095367432
34.077192068099976, 0.7555245161056519, 1.6273796558380127, 11.864585876464844, 258.9798583984375, 1.6215496063232422, 0.9900000095367432
34.08674478530884, 0.7908349633216858, 1.97217857837677, 14.347423553466797, 284.7431335449219, 1.6256436109542847, 0.9900000095367432
34.09672546386719, 0.7908349633216858, 1.6251564025878906, 16.534393310546875, 249.17898559570312, 1.6298668384552002, 0.9900000095367432
34.10672736167908, 0.8078677654266357, 1.5828430652618408, 18.657325744628906, 241.25514221191406, 1.634019136428833, 0.9900000095367432
34.11676597595215, 0.8400493264198303, 1.9607212543487549, 21.279876708984375, 266.37384033203125, 1.6372416019439697, 0.9900000095367432
34.12674641609192, 0.8400493264198303, 1.6303181648254395, 24.244091033935547, 243.10980224609375, 1.6386796236038208, 0.9900000095367432
34.13672184944153, 0.8618285059928894, 1.7038583755493164, 26.87317657470703, 269.0483703613281, 1.6381163597106934, 0.9900000095367432
34.146721601486206, 0.8811494708061218, 1.7266809940338135, 30.272624969482422, 252.6531219482422, 1.6366862058639526, 0.9900000095367432
34.15672707557678, 0.895886242389679, 1.9074745178222656, 33.70922088623047, 292.6741638183594, 1.634952187538147, 0.9900000095367432
34.166727781295776, 0.9076855778694153, 1.8686851263046265, 37.07987594604492, 304.78436279296875, 1.63323175907135, 0.9900000095367432
34.17673397064209, 0.9217585325241089, 1.8470419645309448, 40.378135681152344, 316.81695556640625, 1.6317147016525269, 0.9900000095367432
34.1867253780365, 0.9343783259391785, 1.4354348182678223, 43.354339599609375, 290.06939697265625, 1.629699945449829, 0.9900000095367432
34.196722984313965, 0.9457271099090576, 1.721024513244629, 46.67084884643555, 334.8492431640625, 1.626948356628418, 0.9900000095367432
34.20674228668213, 0.9559180736541748, 1.6450086832046509, 50.01323699951172, 348.3992614746094, 1.6233702898025513, 0.9900000095367432
34.21672320365906, 0.9637282490730286, 1.3742049932479858, 53.066165924072266, 353.1807861328125, 1.6189470291137695, 0.9900000095367432
34.22672462463379, 0.9744707345962524, 1.3442158699035645, 56.39674377441406, 321.527099609375, 1.614071011543274, 0.9900000095367432
34.23672413825989, 0.9817561507225037, 1.3325214385986328, 59.501129150390625, 362.5318603515625, 1.6089895963668823, 0.9900000095367432
34.24670672416687, 0.9879813194274902, 1.0683178901672363, 62.402488708496094, 321.29937744140625, 1.6037153005599976, 0.9900000095367432
34.256892681121826, 0.9940620064735413, 0.9817719459533691, 65.1679458618164, 314.58740234375, 1.5983229875564575, 0.9900000095367432
34.26693940162659, 1.003346562385559, 1.0628899335861206, 67.85686492919922, 341.965576171875, 1.5930999517440796, 0.9900000095367432
34.27683234214783, 1.003346562385559, 0.8158743381500244, 70.27388000488281, 298.95745849609375, 1.5879651308059692, 0.9900000095367432
34.28689002990723, 1.006964087486267, 0.8065170645713806, 72.58118438720703, 324.7430725097656, 1.582533597946167, 0.9900000095367432
34.2969696521759, 1.0110359191894531, 0.7256467938423157, 74.80897521972656, 312.64581298828125, 1.5768115520477295, 0.9900000095367432
34.306857109069824, 1.019883394241333, 0.6396472454071045, 77.01162719726562, 269.98406982421875, 1.5710934400558472, 0.9900000095367432
34.31698799133301, 1.019883394241333, 0.6239546537399292, 79.0026626586914, 288.18341064453125, 1.5657583475112915, 0.9900000095367432
34.32693266868591, 1.0292454957962036, 0.6086031794548035, 80.95507049560547, 272.8712158203125, 1.560497522354126, 0.9900000095367432
34.33690667152405, 1.0292454957962036, 0.47489404678344727, 82.75270080566406, 232.51419067382812, 1.5553594827651978, 0.9900000095367432
34.34672999382019, 1.038533329963684, 0.5617009401321411, 84.55269622802734, 246.11325073242188, 1.550514817237854, 0.9900000095367432
34.35672736167908, 1.038533329963684, 0.49410927295684814, 86.21007537841797, 233.80194091796875, 1.5458462238311768, 0.9900000095367432
34.36672306060791, 1.0435986518859863, 0.4472467601299286, 87.77845764160156, 221.35076904296875, 1.5412453413009644, 0.9900000095367432
34.376723527908325, 1.0485938787460327, 0.4524827003479004, 89.40772247314453, 191.339111328125, 1.5368092060089111, 0.0
34.38674330711365, 1.0529414415359497, 0.4597663879394531, 91.02836608886719, 184.47189331054688, 1.5324933528900146, 0.0
34.39673662185669, 1.0566117763519287, 0.4557609558105469, 92.5735092163086, 177.64511108398438, 1.5285526514053345, 0.0
34.406728982925415, 1.0604151487350464, 0.40532350540161133, 93.9817886352539, 169.70138549804688, 1.5248603820800781, 0.0
34.416725397109985, 1.062625765800476, 0.47491657733917236, 95.3411865234375, 181.5397491455078, 1.521657943725586, 0.0
34.426719665527344, 1.068988561630249, 0.3974318504333496, 96.52336883544922, 155.68313598632812, 1.5191302299499512, 0.0
34.43697166442871, 1.073086142539978, 0.48711565136909485, 97.71349334716797, 166.2301025390625, 1.5169686079025269, 0.0
34.446990966796875, 1.0775117874145508, 0.4331005811691284, 98.74872589111328, 157.73434448242188, 1.5151727199554443, 0.0
34.45697021484375, 1.082112431526184, 0.43578147888183594, 99.82332611083984, 136.13204956054688, 1.5136202573776245, 0.0
34.466923236846924, 1.0901628732681274, 0.5173815488815308, 100.9376449584961, 146.21310424804688, 1.5121479034423828, 0.0
34.47671127319336, 1.0901628732681274, 0.4157066345214844, 101.95931243896484, 125.51498413085938, 1.5106858015060425, 0.0
34.48671364784241, 1.0901628732681274, 0.4157066345214844, 101.95931243896484, 125.51498413085938, 1.5093339681625366, 0.0
34.49673318862915, 1.0970264673233032, 0.23201891779899597, 103.24337005615234, 64.2896957397461, 1.5080318450927734, 0.0
34.5067298412323, 1.0995596647262573, 0.4294753074645996, 104.24787139892578, 116.74346923828125, 1.5068018436431885, 0.0
34.51672887802124, 1.1022884845733643, 0.4652606248855591, 105.25265502929688, 125.23226928710938, 1.505462884902954, 0.0
34.52672290802002, 1.1052987575531006, 0.42672157287597656, 106.2720718383789, 109.30938720703125, 1.504123330116272, 0.0
34.53671956062317, 1.107520341873169, 0.38532018661499023, 107.20681762695312, 106.83441162109375, 1.5028353929519653, 0.0
34.54674220085144, 1.1092443466186523, 0.3615856170654297, 108.12384796142578, 104.10385131835938, 1.5014076232910156, 0.0
34.556748151779175, 1.110546350479126, 0.36704540252685547, 109.01412200927734, 114.06029510498047, 1.499814510345459, 0.0
34.566725969314575, 1.1114040613174438, 0.2929210662841797, 109.85478210449219, 100.31356811523438, 1.4981200695037842, 0.0
34.57672595977783, 1.1119716167449951, 0.2180933952331543, 110.62010955810547, 96.82464599609375, 1.4960917234420776, 0.0
34.586740493774414, 1.1116487979888916, 0.21486282348632812, 111.39403533935547, 94.34738159179688, 1.4939837455749512, 0.0
34.59674882888794, 1.1110351085662842, 0.155634343624115, 112.07012939453125, 98.07501983642578, 1.4916659593582153, 0.0
34.60673189163208, 1.1082210540771484, 0.09624163061380386, 112.65167236328125, 93.37531280517578, 1.4893336296081543, 0.0
34.616727113723755, 1.1082210540771484, 0.05933046340942383, 113.21416473388672, 79.61578369140625, 1.4868332147598267, 0.0
34.62673830986023, 1.1053801774978638, 0.0008106231689453125, 113.6650161743164, 73.92959594726562, 1.4843616485595703, 0.0
34.636738300323486, 1.1027780771255493, -0.05267725884914398, 114.05591583251953, 76.10151672363281, 1.4817376136779785, 0.0
34.64671850204468, 1.1000409126281738, -0.0920414924621582, 114.39099884033203, 62.671661376953125, 1.4789742231369019, 0.0
34.65672993659973, 1.0970314741134644, -0.1351475715637207, 114.65850830078125, 56.443023681640625, 1.476151466369629, 0.0
34.66679334640503, 1.0645722150802612, -0.5203485488891602, 114.3287124633789, 49.71144104003906, 1.4732822179794312, 0.0
34.676748514175415, 1.0606403350830078, -0.5133152008056641, 113.92389678955078, 33.038330078125, 1.4703755378723145, 0.0
34.68673825263977, 1.0586744546890259, -0.5886024832725525, 113.49259948730469, 23.31627655029297, 1.4674502611160278, 0.0
34.69674491882324, 1.0547425746917725, -0.6254779100418091, 113.00212860107422, 10.35478401184082, 1.4645185470581055, 0.0
34.70673155784607, 1.0508105754852295, -0.5741000175476074, 112.4850845336914, -1.665496826171875, 1.4616212844848633, 0.0
34.71674919128418, 1.0488446950912476, -0.6597439646720886, 111.91422271728516, -14.443291664123535, 1.458823323249817, 0.0
34.72673487663269, 1.0449128150939941, -0.6046772003173828, 111.31592559814453, -23.490142822265625, 1.4560672044754028, 0.0
34.73674535751343, 1.0390149354934692, -0.6376266479492188, 110.62384033203125, -34.32159423828125, 1.4534974098205566, 0.0
34.74675798416138, 1.0331170558929443, -0.7436010837554932, 109.82608795166016, -50.72106170654297, 1.4511926174163818, 0.0
34.75675582885742, 1.027219295501709, -0.7756816148757935, 108.87831115722656, -64.2242431640625, 1.4494242668151855, 0.0
34.76675248146057, 1.0193554162979126, -0.45217275619506836, 108.22801208496094, -61.008453369140625, 1.448479175567627, 0.0
34.77672600746155, 1.0114916563034058, -0.5460977554321289, 107.37792205810547, -72.73186492919922, 1.448239803314209, 0.0
34.78674125671387, 1.003627896308899, -0.5504727363586426, 106.27601623535156, -72.16567993164062, 1.4487955570220947, 0.0
34.79735732078552, 0.9957640767097473, -0.5897879600524902, 105.02864837646484, -79.73480224609375, 1.4497581720352173, 0.0
34.80680537223816, 0.9918321967124939, -0.5897760391235352, 103.75272369384766, -87.32452392578125, 1.4508780241012573, 0.0
34.81677842140198, 0.9879002571105957, -0.6771617531776428, 102.45890808105469, -105.0593032836914, 1.451899528503418, 0.0
34.82673645019531, 0.985934317111969, -0.5897760391235352, 101.2260513305664, -100.89797973632812, 1.4527825117111206, 0.0
34.83674430847168, 0.9820024371147156, -0.6334781646728516, 100.08118438720703, -117.14002990722656, 1.4533779621124268, 0.0
34.84674692153931, 0.9780705571174622, -0.550466775894165, 99.00293731689453, -108.23135375976562, 1.4538036584854126, 0.0
34.856746435165405, 0.9721726775169373, -0.550466775894165, 97.95258331298828, -109.25750732421875, 1.4540759325027466, 0.0
34.86675262451172, 0.9623429775238037, -0.5701303482055664, 96.87588500976562, -113.5223388671875, 1.4542964696884155, 0.0
34.87675738334656, 0.9525132179260254, -0.6553066968917847, 95.74671173095703, -129.23516845703125, 1.4546091556549072, 0.0
34.88674759864807, 0.9407175183296204, -0.6291031837463379, 94.52113342285156, -117.54913330078125, 1.4550588130950928, 0.0
34.896719217300415, 0.930887758731842, -0.7208519577980042, 93.26066589355469, -130.75595092773438, 1.4555037021636963, 0.0
34.90673089027405, 0.9230239987373352, -0.6880760192871094, 91.94572448730469, -118.0694580078125, 1.455855131149292, 0.0
34.916733264923096, 0.9151601791381836, -0.8082257509231567, 90.56649780273438, -132.13687133789062, 1.4561668634414673, 0.0
34.92673635482788, 0.9092623591423035, -0.7667064666748047, 89.13351440429688, -120.92514038085938, 1.4563812017440796, 0.0
34.93673753738403, 0.9013985395431519, -0.8956061601638794, 87.66814422607422, -137.92250061035156, 1.4563802480697632, 0.0
34.94674563407898, 0.8915688395500183, -0.8650243282318115, 86.10066223144531, -129.02297973632812, 1.4563511610031128, 0.0
34.956743240356445, 0.8797731399536133, -1.0266568660736084, 84.43839263916016, -150.15750122070312, 1.4562537670135498, 0.0
34.96673011779785, 0.869943380355835, -0.9240090847015381, 82.75366973876953, -141.22314453125, 1.4562796354293823, 0.0
34.97673797607422, 0.8620796203613281, -1.0048084259033203, 81.11715698242188, -162.55018615722656, 1.4562371969223022, 0.0
34.98675227165222, 0.8522498607635498, -0.9829733371734619, 79.49553680419922, -166.95065307617188, 1.4563093185424805, 0.0
34.99673557281494, 0.8424201011657715, -0.8846759796142578, 77.879150390625, -153.81546020507812, 1.456352710723877, 0.0
35.00673317909241, 0.8286584615707397, -0.9436547756195068, 76.17357635498047, -157.720947265625, 1.4562968015670776, 0.0
35.016730070114136, 0.8148968815803528, -1.114037275314331, 74.36358642578125, -180.0333709716797, 1.4562253952026367, 0.0
35.02673316001892, 0.8050671219825745, -1.0419487953186035, 72.47960662841797, -166.53900146484375, 1.4561678171157837, 0.0
35.03675675392151, 0.7952373623847961, -1.1795759201049805, 70.5750732421875, -189.92276000976562, 1.456026554107666, 0.0
35.04675102233887, 0.7854076027870178, -1.0616004467010498, 68.64488983154297, -174.5574951171875, 1.4559290409088135, 0.0
35.056764125823975, 0.7854076027870178, -1.0485119819641113, 66.9542007446289, -194.2689666748047, 1.4558887481689453, 0.0
35.06674242019653, 0.7578843832015991, -1.1205971240997314, 64.9345474243164, -178.19061279296875, 1.4557908773422241, 0.0
35.07673716545105, 0.7460886836051941, -1.1599063873291016, 62.8148307800293, -183.02383422851562, 1.4558502435684204, 0.0
35.0867395401001, 0.7362589240074158, -1.288791537284851, 60.71821212768555, -208.63766479492188, 1.4557825326919556, 0.0
35.096739768981934, 0.722497284412384, -1.1992275714874268, 58.539554595947266, -193.39599609375, 1.455772876739502, 0.0
35.10673904418945, 0.7087356448173523, -1.3324750661849976, 56.37405014038086, -219.9952850341797, 1.455690860748291, 0.0
35.116738080978394, 0.6949740052223206, -1.3324750661849976, 54.20408630371094, -223.9939422607422, 1.4556334018707275, 0.0
35.12673330307007, 0.6831783056259155, -1.2188851833343506, 51.99302291870117, -204.8656463623047, 1.455605387687683, 0.0
35.13673806190491, 0.6713826656341553, -1.2385547161102295, 49.749210357666016, -208.25881958007812, 1.4555608034133911, 0.019999999552965164
35.14670705795288, 0.6556550860404968, -1.4416906833648682, 47.3901481628418, -236.16323852539062, 1.4555604457855225, 0.05000000074505806
35.15671896934509, 0.6418934464454651, -1.4351427555084229, 44.78083801269531, -221.73385620117188, 1.4555602073669434, 0.07999999821186066
35.16672396659851, 0.6320636868476868, -1.3980070352554321, 42.49087142944336, -249.3743896484375, 1.4555729627609253, 0.10999999940395355
35.1767213344574, 0.6202679872512817, -1.3980070352554321, 40.184974670410156, -251.44281005859375, 1.455673336982727, 0.14000000059604645
35.18672585487366, 0.6045404076576233, -1.3171851634979248, 37.76024627685547, -229.5795440673828, 1.4558374881744385, 0.17000000178813934
35.196882247924805, 0.5907787680625916, -1.3171851634979248, 35.30625915527344, -232.33299255371094, 1.4561625719070435, 0.20000000298023224
35.206732988357544, 0.5789830684661865, -1.4416972398757935, 32.83579635620117, -261.53564453125, 1.4567748308181763, 0.23000000417232513
35.21673893928528, 0.5652214288711548, -1.297527551651001, 30.310457229614258, -238.93661499023438, 1.4576889276504517, 0.25999999046325684
35.22673797607422, 0.5494938492774963, -1.4853742122650146, 27.6727237701416, -270.22552490234375, 1.458828091621399, 0.28999999165534973
35.236740589141846, 0.5376981496810913, -1.3368487358093262, 24.962013244628906, -247.8717803955078, 1.4603685140609741, 0.3199999928474426
35.24672794342041, 0.5278684496879578, -1.419848918914795, 22.31454849243164, -278.61785888671875, 1.4621509313583374, 0.3499999940395355
35.256723165512085, 0.514106810092926, -1.2778699398040771, 19.620365142822266, -251.60484313964844, 1.4641902446746826, 0.3799999952316284
35.26671838760376, 0.5042770504951477, -1.419848918914795, 16.85451316833496, -284.84832763671875, 1.4666237831115723, 0.4099999964237213
35.276761054992676, 0.4944473206996918, -1.2582004070281982, 14.071269035339355, -261.13720703125, 1.4693496227264404, 0.4399999976158142
35.286731481552124, 0.48068568110466003, -1.2385547161102295, 11.225732803344727, -265.3450012207031, 1.4726145267486572, 0.4699999988079071
35.296733140945435, 0.468889981508255, -1.3543168306350708, 8.330951690673828, -299.7258605957031, 1.4763469696044922, 0.5
35.3067307472229, 0.4610261917114258, -1.3106333017349243, 5.450216293334961, -304.2842102050781, 1.4803953170776367, 0.5299999713897705
35.31678509712219, 0.44923052191734314, -1.1599063873291016, 2.5469281673431396, -277.6353759765625, 1.4847643375396729, 0.5600000023841858
35.32673406600952, 0.4394007623195648, -1.2232627868652344, -0.3036314845085144, -310.84814453125, 1.4894330501556396, 0.5899999737739563
35.336750984191895, 0.4354688823223114, -1.0222971439361572, -3.085315227508545, -280.47332763671875, 1.4945093393325806, 0.6200000047683716
35.34674119949341, 0.4276050925254822, -1.002630591392517, -5.903872489929199, -282.1841735839844, 1.4999850988388062, 0.6499999761581421
35.35672998428345, 0.42170724272727966, -0.923997163772583, -8.641166687011719, -282.6153869628906, 1.5058002471923828, 0.6800000071525574
35.366748094558716, 0.41974130272865295, -0.8453547954559326, -11.292587280273438, -281.470947265625, 1.5119295120239258, 0.7099999785423279
35.376741886138916, 0.41384345293045044, -0.8955962061882019, -13.941336631774902, -311.2511901855469, 1.5184372663497925, 0.7400000095367432
35.38671684265137, 0.41187751293182373, -0.764532208442688, -16.41952896118164, -307.1695861816406, 1.525186538696289, 0.7699999809265137
35.39672255516052, 0.41974130272865295, -0.4914909601211548, -18.529409408569336, -268.6036071777344, 1.5318759679794312, 0.800000011920929
35.406708002090454, 0.4335029423236847, -0.3058115541934967, -20.236053466796875, -285.4030456542969, 1.5385102033615112, 0.8299999833106995
35.41673827171326, 0.4590602517127991, 0.09829401969909668, -21.273141860961914, -238.20066833496094, 1.5451971292495728, 0.8600000143051147
35.426735639572144, 0.48854947090148926, 0.4914909601211548, -21.589452743530273, -212.8582000732422, 1.551851749420166, 0.8899999856948853
35.43675398826599, 0.514106810092926, 0.8737577199935913, -21.393007278442383, -203.41883850097656, 1.5586351156234741, 0.9200000166893005
35.4467453956604, 0.5376981496810913, 1.2232495546340942, -20.580665588378906, -163.0752410888672, 1.5651764869689941, 0.949999988079071
35.456727266311646, 0.5632554888725281, 1.5727579593658447, -19.1846981048584, -117.15062713623047, 1.5716534852981567, 0.9800000190734863
35.46672534942627, 0.5888128280639648, 1.6907155513763428, -17.231496810913086, -59.38873291015625, 1.5778180360794067, 1.0099999904632568
35.476712226867676, 0.6104382276535034, 2.1843910217285156, -14.752485275268555, -9.012858390808105, 1.5838429927825928, 1.0399999618530273
35.48684501647949, 0.6300977468490601, 2.182203531265259, -11.810324668884277, 46.09203338623047, 1.5894831418991089, 1.059999942779541
35.4967246055603, 0.6517231464385986, 2.5775763988494873, -8.586027145385742, 110.48189544677734, 1.5949476957321167, 1.059999942779541
35.506728172302246, 0.6713826656341553, 2.3787975311279297, -5.232366561889648, 150.03700256347656, 1.6002905368804932, 1.059999942779541
35.516738176345825, 0.6871102452278137, 2.533886194229126, -1.9857125282287598, 214.30450439453125, 1.605238914489746, 1.059999942779541
35.52675437927246, 0.7048037648200989, 2.162545919418335, 1.0754412412643433, 226.64889526367188, 1.6100280284881592, 1.059999942779541
35.536723136901855, 0.722497284412384, 2.3154549598693848, 4.054763317108154, 282.75299072265625, 1.6144808530807495, 1.059999942779541
35.54673528671265, 0.7382248640060425, 2.0052671432495117, 6.954691410064697, 275.3536376953125, 1.6185839176177979, 1.059999942779541
35.55674481391907, 0.7500205636024475, 1.8676459789276123, 9.655790328979492, 288.4049072265625, 1.6224043369293213, 1.059999942779541
35.566725730895996, 0.7618162631988525, 1.9222564697265625, 12.1317777633667, 326.25860595703125, 1.626086711883545, 1.059999942779541
35.57674288749695, 0.7755779027938843, 1.6513943672180176, 14.47103214263916, 292.2352294921875, 1.629734754562378, 1.059999942779541
35.58671545982361, 0.7873736023902893, 1.7475022077560425, 16.676773071289062, 316.5233154296875, 1.6333307027816772, 1.059999942779541
35.59674644470215, 0.7972033023834229, 1.6164515018463135, 18.839229583740234, 304.7250061035156, 1.635985255241394, 1.059999942779541
35.6067259311676, 0.8089990019798279, 1.376175880432129, 21.13563346862793, 263.6800842285156, 1.63711678981781, 1.059999942779541
35.61673402786255, 0.8227606415748596, 1.507215976715088, 23.755226135253906, 286.01043701171875, 1.636273980140686, 1.059999942779541
35.626959562301636, 0.8345563411712646, 1.2975335121154785, 26.45984649658203, 253.8440704345703, 1.6343739032745361, 1.059999942779541
35.636735916137695, 0.844386100769043, 1.3543102741241455, 29.090925216674805, 278.1795959472656, 1.632091760635376, 1.059999942779541
35.646723985672, 0.8542158007621765, 1.1599063873291016, 31.561830520629883, 246.0712432861328, 1.6301008462905884, 1.059999942779541
35.65673470497131, 0.8660115003585815, 1.2887980937957764, 33.94956970214844, 269.9309387207031, 1.6285674571990967, 1.059999942779541
35.666727781295776, 0.8797731399536133, 1.1795580387115479, 36.44534683227539, 243.13565063476562, 1.626636266708374, 1.059999942779541
35.67672085762024, 0.8856709599494934, 1.223259449005127, 38.939422607421875, 271.8709411621094, 1.623928189277649, 1.059999942779541
35.68672752380371, 0.8955007195472717, 1.0812759399414062, 41.53371810913086, 248.56967163085938, 1.6204723119735718, 1.059999942779541
35.69674372673035, 0.9033645391464233, 1.1795692443847656, 44.238590240478516, 282.21490478515625, 1.6162116527557373, 1.059999942779541
35.70674204826355, 0.9112282991409302, 1.0222971439361572, 46.96957778930664, 258.33929443359375, 1.6114141941070557, 1.059999942779541
35.71674180030823, 0.9190921187400818, 1.0703405141830444, 49.63893127441406, 287.5968017578125, 1.6063657999038696, 1.059999942779541
35.72672724723816, 0.9249899387359619, 0.9043395519256592, 52.22288131713867, 257.63055419921875, 1.6011974811553955, 1.059999942779541
35.736740827560425, 0.9269558787345886, 0.8257031440734863, 54.67081069946289, 255.79872131347656, 1.5959908962249756, 1.059999942779541
35.74675726890564, 0.930887758731842, 0.7667183876037598, 56.99034118652344, 254.28504943847656, 1.5909006595611572, 1.059999942779541
35.7567503452301, 0.9348196983337402, 0.7645156383514404, 59.156246185302734, 280.07421875, 1.5858688354492188, 1.059999942779541
35.76674437522888, 0.9387515783309937, 0.5897879600524902, 61.13143539428711, 246.86126708984375, 1.580903172492981, 1.059999942779541
35.77671265602112, 0.9426834583282471, 0.6334781646728516, 63.15335464477539, 269.04339599609375, 1.5754839181900024, 1.059999942779541
35.78672456741333, 0.9346622228622437, 0.3916144371032715, 64.8379135131836, 233.04176330566406, 1.5701349973678589, 1.059999942779541
35.79675245285034, 0.9426834583282471, 0.3931879997253418, 66.5064697265625, 222.6787567138672, 1.5648897886276245, 1.059999942779541
35.80673813819885, 0.9446493983268738, 0.3342270851135254, 68.04212951660156, 210.72540283203125, 1.5597859621047974, 1.059999942779541
35.81672954559326, 0.948581337928772, 0.3276599645614624, 69.471435546875, 220.36192321777344, 1.5548737049102783, 1.059999942779541
35.82673215866089, 0.9505472779273987, 0.28394991159439087, 70.77693939208984, 206.1555633544922, 1.5502489805221558, 1.059999942779541
35.836718797683716, 0.9525132179260254, 0.2555668354034424, 72.05855560302734, 173.87733459472656, 1.5457557439804077, 1.059999942779541
35.846728563308716, 0.9525132179260254, 0.240286186337471, 73.23402404785156, 180.48519897460938, 1.541453242301941, 1.059999942779541
35.856727600097656, 0.9474415183067322, 0.12622475624084473, 74.26099395751953, 151.04827880859375, 1.537067174911499, 1.059999942779541
35.86672306060791, 0.9544791579246521, 0.15728473663330078, 75.35655212402344, 142.25082397460938, 1.5326144695281982, 0.0
35.87672805786133, 0.9499624967575073, 0.08087025582790375, 76.2466812133789, 145.4823760986328, 1.5284465551376343, 0.0
35.88673639297485, 0.9515671730041504, 0.16904473304748535, 77.2708511352539, 124.32861328125, 1.5245040655136108, 0.0
35.896735191345215, 0.9584110379219055, 0.15728473663330078, 78.22407531738281, 117.17605590820312, 1.52083420753479, 0.0
35.906845569610596, 0.9584110379219055, 0.15290577709674835, 79.01529693603516, 121.92366027832031, 1.517858624458313, 0.0
35.91674280166626, 0.956600546836853, 0.08910232037305832, 79.62616729736328, 112.83026885986328, 1.5153007507324219, 0.0
35.92675065994263, 0.9571813941001892, 0.06633996963500977, 80.13057708740234, 93.536376953125, 1.5131899118423462, 0.0
35.93675422668457, 0.9579073190689087, 0.05994240567088127, 80.50052642822266, 93.80086517333984, 1.5116946697235107, 0.0
35.94671583175659, 0.958030104637146, 0.06128682196140289, 80.85809326171875, 84.71086120605469, 1.510279655456543, 0.0
35.95672011375427, 0.9586454033851624, 0.12450085580348969, 81.29390716552734, 78.14364624023438, 1.5090031623840332, 0.0
35.96673655509949, 0.9598937630653381, 0.06016095355153084, 81.61668395996094, 69.55718994140625, 1.5077693462371826, 0.0
35.976773738861084, 0.9602580666542053, 0.10294914245605469, 82.0007095336914, 57.5408935546875, 1.5066866874694824, 0.0
35.986722230911255, 0.9602542519569397, 0.08687376976013184, 82.32971954345703, 50.588226318359375, 1.5057458877563477, 0.0
35.99674963951111, 0.9590840935707092, 0.007477071601897478, 82.49458312988281, 47.44974899291992, 1.504906415939331, 0.0
36.006728649139404, 0.9575138092041016, -0.009967220947146416, 82.67974090576172, 40.71638488769531, 1.5037983655929565, 0.0
36.01672410964966, 0.9575138092041016, -0.009967220947146416, 82.67974090576172, 40.71638488769531, 1.502788782119751, 0.0
36.026742696762085, 0.9575138092041016, -0.009967220947146416, 82.67974090576172, 40.71638488769531, 1.50165593624115, 0.0
36.03672432899475, 0.9721726775169373, 0.05369556322693825, 83.5704574584961, 13.600842475891113, 1.5004565715789795, 0.0
36.0467414855957, 0.9662748575210571, 0.09093284606933594, 83.95231628417969, 38.217926025390625, 1.4992656707763672, 0.0
36.05672883987427, 0.9584110379219055, 0.005602836608886719, 84.22782135009766, 41.41404724121094, 1.4978008270263672, 0.0
36.06671738624573, 0.9554523825645447, -0.028649965301156044, 84.4892807006836, 40.34678268432617, 1.4961049556732178, 0.0
36.07671666145325, 0.9476195573806763, -0.11025667190551758, 84.6259994506836, 33.32061767578125, 1.4942504167556763, 0.0
36.086726903915405, 0.9396312236785889, -0.2026200294494629, 84.64026641845703, 30.23529052734375, 1.4921457767486572, 0.0
36.096745014190674, 0.9338852167129517, -0.26372671127319336, 84.55326080322266, 25.52642822265625, 1.4899870157241821, 0.0
36.106725215911865, 0.9293939471244812, -0.3428989052772522, 84.39625549316406, 22.96108627319336, 1.4877644777297974, 0.0
36.11674189567566, 0.9253138303756714, -0.3752311170101166, 84.21078491210938, 19.06924819946289, 1.4854074716567993, 0.0
36.1267294883728, 0.9253138303756714, -0.3752311170101166, 84.21078491210938, 19.06924819946289, 1.4830763339996338, 0.0
36.13679385185242, 0.9253138303756714, -0.3752311170101166, 84.21078491210938, 19.06924819946289, 1.480664610862732, 0.0
36.146766662597656, 0.9253138303756714, -0.3752311170101166, 84.21078491210938, 19.06924819946289, 1.4780417680740356, 0.0
36.15672492980957, 0.9253138303756714, -0.3752311170101166, 84.21078491210938, 19.06924819946289, 1.4753766059875488, 0.0
36.166759729385376, 0.9253138303756714, -0.3752311170101166, 84.21078491210938, 19.06924819946289, 1.4728410243988037, 0.0
36.17674398422241, 0.9253138303756714, -0.3752311170101166, 84.21078491210938, 19.06924819946289, 1.470253586769104, 0.0
36.18676996231079, 0.9253138303756714, -0.3752311170101166, 84.21078491210938, 19.06924819946289, 1.4676942825317383, 0.0
36.19673013687134, 0.9253138303756714, -0.3752311170101166, 84.21078491210938, 19.06924819946289, 1.4651198387145996, 0.0
36.2067756652832, 0.9253138303756714, -0.3752311170101166, 84.21078491210938, 19.06924819946289, 1.4625637531280518, 0.0
36.216801404953, 0.9253138303756714, -0.3752311170101166, 84.21078491210938, 19.06924819946289, 1.4601637125015259, 0.0
36.22677206993103, 0.9253138303756714, -0.3752311170101166, 84.21078491210938, 19.06924819946289, 1.4578757286071777, 0.0
36.23681974411011, 0.9253138303756714, -0.3752311170101166, 84.21078491210938, 19.06924819946289, 1.4555792808532715, 0.0
36.246768951416016, 0.8758412599563599, -0.06282512843608856, 88.57289123535156, 4.533092975616455, 1.4532486200332642, 0.0
36.25676870346069, 0.8660115003585815, -1.1795560121536255, 86.9937515258789, 38.03761672973633, 1.4513179063796997, 0.0
36.266738414764404, 0.8561817407608032, -1.1009275913238525, 85.24684143066406, 12.945556640625, 1.4499166011810303, 0.0
36.276758909225464, 0.8483179807662964, -1.10093355178833, 83.36292266845703, -8.648681640625, 1.4492688179016113, 0.0
36.28675961494446, 0.8424201011657715, -1.2559162378311157, 81.2964096069336, -35.47753143310547, 1.4493314027786255, 0.0
36.29674983024597, 0.8404541611671448, -1.0716617107391357, 79.23180389404297, -53.94134521484375, 1.4499701261520386, 0.0
36.306758880615234, 0.8404541611671448, -0.9917616844177246, 77.23829650878906, -74.01962280273438, 1.4510167837142944, 0.0
36.31703281402588, 0.8384882211685181, -1.0599693059921265, 75.31714630126953, -102.62383270263672, 1.4520434141159058, 0.0
36.32675242424011, 0.8365222811698914, -0.928717851638794, 73.4619140625, -109.34371948242188, 1.4529600143432617, 0.0
36.336735010147095, 0.8325904011726379, -1.030266284942627, 71.66266632080078, -139.42294311523438, 1.4535834789276123, 0.0
36.346837759017944, 0.826692521572113, -0.4914820194244385, 70.69979095458984, -178.73077392578125, 1.4539644718170166, 0.0
36.356765270233154, 0.8188287615776062, -0.4718303680419922, 69.80784606933594, -171.8597412109375, 1.4541518688201904, 0.0
36.36676096916199, 0.8109649419784546, -0.5024075508117676, 68.95555114746094, -181.01332092285156, 1.4543178081512451, 0.0
36.37678670883179, 0.8050671219825745, -0.432509183883667, 68.14849090576172, -152.14462280273438, 1.4544315338134766, 0.0
36.38674283027649, 0.7972033023834229, -0.4521667957305908, 67.28656005859375, -140.09857177734375, 1.4546505212783813, 0.0
36.39674162864685, 0.7913054823875427, -0.5460977554321289, 66.3174057006836, -143.4927978515625, 1.4550659656524658, 0.0
36.40673351287842, 0.7834416627883911, -0.6334715485572815, 65.21173858642578, -133.62969970703125, 1.4554458856582642, 0.0
36.41673183441162, 0.7736119627952576, -0.7208519577980042, 63.97236633300781, -126.0528564453125, 1.4557747840881348, 0.0
36.426740407943726, 0.7618162631988525, -0.83006751537323, 62.57804870605469, -120.93099212646484, 1.4559729099273682, 0.0
36.43673753738403, 0.7519865036010742, -0.8060336112976074, 61.091552734375, -105.71136474609375, 1.4560883045196533, 0.0
36.44673490524292, 0.7421568036079407, -0.8453547954559326, 59.5726432800293, -111.27166748046875, 1.4559887647628784, 0.0
36.45675182342529, 0.7315570712089539, -0.9696881175041199, 58.0195198059082, -130.9814453125, 1.4558037519454956, 0.0
36.46673536300659, 0.7255856394767761, -0.8537888526916504, 56.503395080566406, -124.5208740234375, 1.4556045532226562, 0.0
36.47674250602722, 0.7244632244110107, -0.8955995440483093, 55.05067825317383, -145.53155517578125, 1.4555341005325317, 0.0
36.48673152923584, 0.7146335244178772, -0.9174545407295227, 53.557884216308594, -152.54168701171875, 1.4554873704910278, 0.0
36.49672889709473, 0.7028378248214722, -0.8846759796142578, 51.93566131591797, -143.81675720214844, 1.4555628299713135, 0.0
36.50672769546509, 0.6841058731079102, -1.1037191152572632, 50.10590744018555, -167.84329223632812, 1.455693006515503, 0.0
36.5167441368103, 0.6753469109535217, -1.0918312072753906, 48.29916000366211, -174.14601135253906, 1.455803632736206, 0.019999999552965164
36.526737689971924, 0.6792464256286621, -0.8257031440734863, 46.80044174194336, -157.77664184570312, 1.455789566040039, 0.05000000074505806
36.536733627319336, 0.6694167256355286, -0.9174413084983826, 45.30439758300781, -175.4129180908203, 1.4557608366012573, 0.07999999821186066
36.546756744384766, 0.6576210260391235, -0.8453607559204102, 43.78777313232422, -157.84835815429688, 1.45564866065979, 0.10999999940395355
36.5567352771759, 0.6458253264427185, -0.857311487197876, 42.24972152709961, -157.6976776123047, 1.455534815788269, 0.14000000059604645
36.56674027442932, 0.6379615068435669, -0.9736087322235107, 40.65498352050781, -176.09320068359375, 1.4555433988571167, 0.17000000178813934
36.57673788070679, 0.6203974485397339, -1.0406553745269775, 38.70301818847656, -163.4765625, 1.455872654914856, 0.20000000298023224
36.586806535720825, 0.6089888215065002, -1.1738274097442627, 36.68547821044922, -187.4716033935547, 1.456404685974121, 0.23000000417232513
36.59672546386719, 0.60650634765625, -1.0703537464141846, 34.770023345947266, -190.72935485839844, 1.4573065042495728, 0.25999999046325684
36.606849670410156, 0.5966765880584717, -0.8742868900299072, 32.959938049316406, -171.4599609375, 1.4585191011428833, 0.28999999165534973
36.61674904823303, 0.5810741186141968, -0.9427309036254883, 30.97356414794922, -173.25592041015625, 1.4600168466567993, 0.3199999928474426
36.62674164772034, 0.5721232295036316, -1.071232557296753, 28.70359230041504, -180.96847534179688, 1.4617893695831299, 0.3499999940395355
36.636956214904785, 0.5636879205703735, -1.0572969913482666, 26.409343719482422, -188.9507293701172, 1.4638347625732422, 0.3799999952316284
36.646830558776855, 0.5612895488739014, -1.0703405141830444, 24.218538284301758, -217.4356231689453, 1.4662511348724365, 0.4099999964237213
36.65672492980957, 0.5399705767631531, -1.1761717796325684, 21.78866195678711, -227.34494018554688, 1.4690299034118652, 0.4399999976158142
36.66671705245972, 0.5339609384536743, -1.0400056838989258, 19.30845832824707, -213.46493530273438, 1.4722709655761719, 0.4699999988079071
36.676719188690186, 0.525205135345459, -1.0576910972595215, 16.903963088989258, -242.2118682861328, 1.4759764671325684, 0.5
36.68673086166382, 0.514216423034668, -0.9477198123931885, 14.422210693359375, -222.6329803466797, 1.4801489114761353, 0.5299999713897705
36.696727991104126, 0.5070616602897644, -0.9944498538970947, 11.804277420043945, -229.65756225585938, 1.4846030473709106, 0.5600000023841858
36.70671510696411, 0.5021465420722961, -0.9452939033508301, 9.2269287109375, -237.33004760742188, 1.4893255233764648, 0.5899999737739563
36.71671676635742, 0.5082089304924011, -0.7286548614501953, 6.96394681930542, -240.09628295898438, 1.4944853782653809, 0.6200000047683716
36.726746797561646, 0.4874138832092285, -0.847095251083374, 4.423304080963135, -242.80271911621094, 1.4999879598617554, 0.6499999761581421
36.736738443374634, 0.4811888635158539, -0.9166598320007324, 1.8667091131210327, -272.6959533691406, 1.5057992935180664, 0.6800000071525574
36.74673390388489, 0.48014116287231445, -0.901646077632904, -0.7325519323348999, -277.2344970703125, 1.511980414390564, 0.7099999785423279
36.75674319267273, 0.47549930214881897, -0.6447076797485352, -3.0705060958862305, -248.59161376953125, 1.5183920860290527, 0.7400000095367432
36.76672983169556, 0.47549930214881897, -0.5846202373504639, -5.370866298675537, -246.79312133789062, 1.5251978635787964, 0.7699999809265137
36.77673363685608, 0.47181349992752075, -0.5339145660400391, -7.610223293304443, -245.1418914794922, 1.5321751832962036, 0.800000011920929
36.7867431640625, 0.473023384809494, -0.45769745111465454, -9.6466646194458, -267.4319763183594, 1.5392563343048096, 0.8299999833106995
36.79674458503723, 0.47675377130508423, -0.33675962686538696, -11.460759162902832, -258.50042724609375, 1.5462030172348022, 0.8600000143051147
36.806729316711426, 0.4787197411060333, -0.23426413536071777, -13.11780071258545, -223.44728088378906, 1.5529741048812866, 0.8899999856948853
36.81671762466431, 0.46662986278533936, -0.4157900810241699, -15.075932502746582, -220.3988037109375, 1.5595859289169312, 0.9200000166893005
36.826722860336304, 0.4688262939453125, -0.20653340220451355, -16.564851760864258, -233.20166015625, 1.5659161806106567, 0.949999988079071
36.83672547340393, 0.47289660573005676, -0.09213553369045258, -17.824026107788086, -218.78602600097656, 1.5720124244689941, 0.9800000190734863
36.8467321395874, 0.4919070303440094, 0.1176595687866211, -18.675180435180664, -179.4261932373047, 1.5778703689575195, 1.0099999904632568
36.85672330856323, 0.5140829086303711, 0.38583874702453613, -19.029850006103516, -159.5935821533203, 1.583679437637329, 1.0399999618530273
36.86671757698059, 0.5342337489128113, 0.6525980234146118, -18.99962615966797, -151.43055725097656, 1.5893865823745728, 1.0700000524520874
36.87673902511597, 0.5545715689659119, 0.9195374250411987, -18.48497200012207, -120.83042907714844, 1.5948318243026733, 1.100000023841858
36.886733531951904, 0.5780465602874756, 1.1669198274612427, -17.53035545349121, -87.59657287597656, 1.6000837087631226, 1.1299999952316284
