20.748083353042603, 1.086557149887085, -1.4034112691879272, 128.81272888183594, -21.29618263244629, 1.433428406715393, 0.0
20.758076667785645, 1.0594266653060913, -1.5890730619430542, 126.2124252319336, -27.02924919128418, 1.433428406715393, 0.0
20.76806354522705, 1.0594266653060913, -1.2993812561035156, 123.84991455078125, -26.755523681640625, 1.433428406715393, 0.0
20.77804660797119, 1.0333255529403687, -1.58998703956604, 121.24811553955078, -34.46028137207031, 1.433428406715393, 0.0
20.78804874420166, 1.014310359954834, -1.655393123626709, 118.53929138183594, -40.22895050048828, 1.433428406715393, 0.0
20.798044681549072, 0.9948980212211609, -1.429904580116272, 115.67948150634766, -37.171104431152344, 1.433428406715393, 0.0
20.808064937591553, 0.9750095009803772, -1.9532591104507446, 112.83837890625, -54.86774444580078, 1.433428406715393, 0.0
20.818071603775024, 0.9750095009803772, -1.4079689979553223, 110.27843475341797, -44.139862060546875, 1.433428406715393, 0.0
20.828080654144287, 0.9551156163215637, -1.61891508102417, 107.62930297851562, -50.65070343017578, 1.433428406715393, 0.0
20.838061571121216, 0.9236635565757751, -1.771533489227295, 104.40833282470703, -55.059814453125, 1.433428406715393, 0.0
20.84806203842163, 0.9236635565757751, -1.8099347352981567, 101.44661712646484, -304.06781005859375, 1.433428406715393, 0.0
20.85806632041931, 0.90157550573349, -1.7538931369781494, 98.57661437988281, -307.066162109375, 1.433428406715393, 0.0
20.868058681488037, 0.8737973570823669, -1.8562912940979004, 95.2015380859375, -286.4830017089844, 1.433428406715393, 0.0
20.87807846069336, 0.859853982925415, -1.9274685382843018, 92.04749298095703, -324.4510192871094, 1.433428406715393, 0.0
20.888062238693237, 0.8428157567977905, -1.905494213104248, 88.92941284179688, -328.9998474121094, 1.433428406715393, 0.0
20.898061752319336, 0.8173438310623169, -1.7755389213562012, 85.70116424560547, -299.7825622558594, 1.433428406715393, 0.0
20.908063173294067, 0.7996794581413269, -1.948104977607727, 82.51335144042969, -336.944580078125, 1.433428406715393, 0.0
20.91808247566223, 0.7740277647972107, -2.0098209381103516, 78.859130859375, -314.1929626464844, 1.433428406715393, 0.0
20.92803978919983, 0.7740277647972107, -1.8108844757080078, 75.56661987304688, -320.6268310546875, 1.433428406715393, 0.0
20.93804359436035, 0.7601782083511353, -1.6348481178283691, 72.59416198730469, -318.1419372558594, 1.433428406715393, 0.0
20.948044538497925, 0.7355743050575256, -1.880890130996704, 69.17436218261719, -322.7210998535156, 1.433428406715393, 0.0
20.95808982849121, 0.7130724787712097, -1.8850386142730713, 65.74702453613281, -328.2966613769531, 1.433428406715393, 0.0
20.968040466308594, 0.7022550702095032, -1.7154157161712646, 62.62808609008789, -325.7347106933594, 1.433428406715393, 0.0
20.978057861328125, 0.6761451363563538, -2.0412139892578125, 59.28791809082031, -363.9958801269531, 1.433428406715393, 0.0
20.988062143325806, 0.6572550535202026, -1.8555998802185059, 55.91409683227539, -330.1521301269531, 1.433428406715393, 0.0
20.99807620048523, 0.6394660472869873, -1.9764304161071777, 52.67993927001953, -366.9026794433594, 1.433428406715393, 0.0
21.00805687904358, 0.6179085969924927, -1.8177032470703125, 49.375022888183594, -331.38427734375, 1.433428406715393, 0.0
21.018110275268555, 0.6036493182182312, -1.8930964469909668, 46.27722930908203, -362.02069091796875, 1.433428406715393, 0.0
21.028095722198486, 0.5795419216156006, -1.9448578357696533, 42.7486457824707, -328.1795654296875, 1.433387041091919, 0.0
21.03808879852295, 0.5655477643013, -2.162562370300293, 39.20990753173828, -370.9364929199219, 1.433387041091919, 0.0
21.048083066940308, 0.5484968423843384, -1.8707692623138428, 35.808509826660156, -333.6585998535156, 1.433387041091919, 0.0
21.058074712753296, 0.5318963527679443, -2.0130739212036133, 32.51438903808594, -369.2516784667969, 1.433387041091919, 0.0
21.068153142929077, 0.5113021731376648, -2.1216936111450195, 29.042526245117188, -373.1723327636719, 1.433387041091919, 0.0
21.078094482421875, 0.49485018849372864, -1.8129527568817139, 25.746248245239258, -335.41717529296875, 1.433387041091919, 0.0
21.088069677352905, 0.478484570980072, -1.7877042293548584, 22.48835563659668, -334.25714111328125, 1.433428406715393, 0.0
21.098109006881714, 0.46201372146606445, -1.9716885089874268, 19.26195526123047, -371.3111877441406, 1.433428406715393, 0.0
21.10808825492859, 0.44376006722450256, -1.7414867877960205, 16.095617294311523, -332.79400634765625, 1.433428406715393, 0.0
21.118070363998413, 0.44376006722450256, -1.7765495777130127, 13.211705207824707, -367.39434814453125, 1.4333009719848633, 0.0
21.12806510925293, 0.43158504366874695, -1.643968939781189, 10.521574020385742, -358.0786437988281, 1.4333009719848633, 0.0
21.13808035850525, 0.4062533676624298, -1.592940092086792, 7.625319957733154, -315.84625244140625, 1.4333009719848633, 0.0
21.14806580543518, 0.3930663466453552, -1.726998209953308, 4.799322605133057, -344.5464172363281, 1.4333009719848633, 0.0
21.15807271003723, 0.3930663466453552, -1.3883024454116821, 2.2751364707946777, -302.39239501953125, 1.4333009719848633, 0.0
21.168092489242554, 0.3784743547439575, -1.3282805681228638, -0.13480402529239655, -291.77313232421875, 1.4332728385925293, 0.0
21.178109169006348, 0.3617708683013916, -1.4786587953567505, -2.5544273853302, -314.45196533203125, 1.4332728385925293, 0.0
21.188061714172363, 0.362893670797348, -1.2843443155288696, -4.6197123527526855, -301.2008056640625, 1.433072805404663, 0.0
21.19809126853943, 0.362893670797348, -0.9912043809890747, -6.365223407745361, -256.2718505859375, 1.4327610731124878, 0.0
21.208053588867188, 0.377562552690506, -0.661972165107727, -7.527779579162598, -236.2339324951172, 1.4325354099273682, 0.0
21.218061208724976, 0.39861342310905457, -0.5016293525695801, -8.336554527282715, -239.42514038085938, 1.4324690103530884, 0.0
21.228065252304077, 0.41973987221717834, -0.13161036372184753, -8.55191707611084, -211.92767333984375, 1.4324690103530884, 0.0
21.238067150115967, 0.44040408730506897, 0.34150779247283936, -7.967536926269531, -155.9285888671875, 1.432669997215271, 0.0
21.248048543930054, 0.4571746289730072, 0.6410807371139526, -6.838565349578857, -116.37887573242188, 1.4328714609146118, 0.0
21.25805687904358, 0.46890541911125183, 0.7583886384963989, -5.523660182952881, -77.98796081542969, 1.4332233667373657, 0.0
21.268080711364746, 0.483340322971344, 1.165184736251831, -3.6169941425323486, -38.69099044799805, 1.4332233667373657, 0.0
21.27807903289795, 0.4970397651195526, 1.5029774904251099, -1.1749376058578491, 15.327665328979492, 1.433318853378296, 0.0
21.288081169128418, 0.5095306634902954, 1.4663755893707275, 1.49174165725708, 61.11454772949219, 1.4333158731460571, 0.0
21.29809880256653, 0.5231173634529114, 1.7802616357803345, 4.40047550201416, 119.61884307861328, 1.4333401918411255, 0.0
21.3080894947052, 0.5231173634529114, 1.4555484056472778, 7.047555446624756, 145.75335693359375, 1.4333367347717285, 0.0
21.318073987960815, 0.5361247658729553, 1.5279054641723633, 9.545402526855469, 198.68836975097656, 1.4333497285842896, 0.0
21.328080415725708, 0.5495113730430603, 1.4419026374816895, 11.907241821289062, 227.32398986816406, 1.4333367347717285, 0.0
21.338085412979126, 0.5633503794670105, 1.2294590473175049, 14.137484550476074, 221.0502471923828, 1.433364987373352, 0.0
21.348085403442383, 0.5633503794670105, 1.1797282695770264, 16.080564498901367, 254.6570281982422, 1.4332956075668335, 0.0
21.358068466186523, 0.5758543014526367, 1.0694921016693115, 18.022104263305664, 235.45761108398438, 1.4333120584487915, 0.0
21.36804699897766, 0.5955718159675598, 1.1223196983337402, 20.08576774597168, 237.02769470214844, 1.43318510055542, 0.0
21.378069400787354, 0.6123896241188049, 1.2816720008850098, 22.201040267944336, 259.7330017089844, 1.4330861568450928, 0.0
21.388068675994873, 0.626354455947876, 1.1682331562042236, 24.348270416259766, 228.5653076171875, 1.432958722114563, 0.0
21.398049354553223, 0.6405568718910217, 1.3048781156539917, 26.483524322509766, 245.36715698242188, 1.432958722114563, 0.0
21.40805435180664, 0.6405568718910217, 1.174396276473999, 28.60613250732422, 215.58590698242188, 1.4330283403396606, 0.0
21.41808819770813, 0.66025310754776, 1.3791985511779785, 30.847375869750977, 236.68861389160156, 1.4331142902374268, 0.0
21.428067922592163, 0.6778122186660767, 1.4255709648132324, 33.16215896606445, 236.1655731201172, 1.4332131147384644, 0.0
21.43805694580078, 0.6778122186660767, 1.1446177959442139, 35.22018051147461, 210.82687377929688, 1.4333401918411255, 0.0
21.44807481765747, 0.6919943690299988, 1.2864351272583008, 37.54352569580078, 214.62974548339844, 1.4334261417388916, 0.0
21.45806074142456, 0.6919943690299988, 1.2904472351074219, 39.64764404296875, 240.28396606445312, 1.4334675073623657, 0.0
21.468060731887817, 0.7221158742904663, 1.2654423713684082, 41.95354080200195, 218.67752075195312, 1.4334394931793213, 0.0
21.4780855178833, 0.7362149357795715, 1.3758341073989868, 44.22055435180664, 244.6615447998047, 1.4333534240722656, 0.0
21.489331245422363, 0.7507811784744263, 1.244276762008667, 46.500911712646484, 221.52633666992188, 1.4332542419433594, 0.0
21.49807620048523, 0.7507811784744263, 1.2247098684310913, 48.51245880126953, 244.76580810546875, 1.4332131147384644, 0.0
21.50806212425232, 0.7678862810134888, 1.4147758483886719, 50.85063171386719, 247.1610107421875, 1.4330861568450928, 0.0
21.51807427406311, 0.7818328738212585, 1.2157917022705078, 53.06867980957031, 222.2126007080078, 1.4330447912216187, 0.0
21.528077363967896, 0.7976937890052795, 1.3320181369781494, 55.24021911621094, 245.31259155273438, 1.4330894947052002, 0.0
21.538077116012573, 0.7976937890052795, 1.198810338973999, 57.42741775512695, 222.0722198486328, 1.4330480098724365, 0.0
21.54808211326599, 0.811100959777832, 1.1910676956176758, 59.592994689941406, 220.4944610595703, 1.4330480098724365, 0.0
21.55820941925049, 0.8266221284866333, 1.4958646297454834, 62.040771484375, 248.81277465820312, 1.4330480098724365, 0.0
21.568047285079956, 0.8397567868232727, 1.1764109134674072, 64.17725372314453, 222.2370147705078, 1.4330614805221558, 0.0
21.578063488006592, 0.8397567868232727, 1.1504756212234497, 66.05985260009766, 242.65882873535156, 1.4330614805221558, 0.0
21.58808660507202, 0.8526060581207275, 1.0182440280914307, 67.89862823486328, 213.97705078125, 1.4331306219100952, 0.0
21.598060607910156, 0.869052529335022, 1.3141300678253174, 70.0414810180664, 239.21160888671875, 1.4331721067428589, 0.0
21.608065843582153, 0.8804503679275513, 1.125645637512207, 72.06501007080078, 212.14370727539062, 1.43329918384552, 0.0
21.61806344985962, 0.8907859325408936, 1.2105703353881836, 74.04593658447266, 233.08055114746094, 1.43329918384552, 0.0
21.628071069717407, 0.9010090231895447, 1.1479390859603882, 75.92438507080078, 229.82449340820312, 1.43329918384552, 0.0
21.638074159622192, 0.9112470746040344, 1.1355400085449219, 77.98900604248047, 205.61599731445312, 1.43329918384552, 0.0
21.648062229156494, 0.9112470746040344, 1.0014593601226807, 79.81497955322266, 202.21939086914062, 1.4332709312438965, 0.0
21.658059120178223, 0.9198297262191772, 1.035650610923767, 81.52018737792969, 216.43829345703125, 1.4332131147384644, 0.0
21.66806721687317, 0.9302428364753723, 0.9048581123352051, 83.17284393310547, 189.95590209960938, 1.4331721067428589, 0.0
21.678075790405273, 0.9417667984962463, 1.0201036930084229, 85.02757263183594, 189.67742919921875, 1.4331721067428589, 0.0
21.68804931640625, 0.9509549140930176, 1.0927650928497314, 86.82328033447266, 210.27374267578125, 1.4331306219100952, 0.0
21.69804573059082, 0.9579589366912842, 0.8890628814697266, 88.43975830078125, 183.98284912109375, 1.4331306219100952, 0.0
21.708078861236572, 0.9645995497703552, 0.8414924144744873, 89.96974182128906, 179.04739379882812, 1.4331306219100952, 0.0
21.71808099746704, 0.9645995497703552, 0.7381319999694824, 91.31179809570312, 172.65777587890625, 1.4331306219100952, 0.0
21.728070974349976, 0.9714051485061646, 0.7821851372718811, 92.59174346923828, 185.19253540039062, 1.4331306219100952, 0.0
21.738083124160767, 0.9827963709831238, 0.7154941558837891, 93.89263916015625, 159.03701782226562, 1.4331306219100952, 0.0
21.748074054718018, 0.9827963709831238, 0.7154941558837891, 95.19353485107422, 153.78494262695312, 1.4331306219100952, 0.0
21.75806498527527, 0.9922820925712585, 0.8050203323364258, 96.50330352783203, 166.4793243408203, 1.4331721067428589, 0.0
21.768060445785522, 0.9987165331840515, 0.6847262382507324, 97.74826049804688, 145.7550048828125, 1.4331721067428589, 0.0
21.778072595596313, 1.004967451095581, 0.7022420763969421, 98.89738464355469, 154.1078338623047, 1.4331721067428589, 0.0
21.788073778152466, 1.0108824968338013, 0.6658567190170288, 99.9869613647461, 146.26312255859375, 1.4331721067428589, 0.0
21.79806637763977, 1.0151060819625854, 0.5714714527130127, 101.0260009765625, 125.8636474609375, 1.4331721067428589, 0.0
21.808056116104126, 1.0151060819625854, 0.5611843466758728, 101.94430541992188, 133.04986572265625, 1.4331721067428589, 0.0
21.81806707382202, 1.018708348274231, 0.5410969257354736, 102.92811584472656, 116.162109375, 1.4331721067428589, 0.0
21.82809042930603, 1.0242555141448975, 0.5872117280960083, 103.88900756835938, 125.52642822265625, 1.4331721067428589, 0.0
21.838065147399902, 1.0279183387756348, 0.5013678073883057, 104.70942687988281, 120.18754577636719, 1.4331721067428589, 0.0
21.848033905029297, 1.0309950113296509, 0.5355411171913147, 105.59331512451172, 115.5522689819336, 1.4331306219100952, 0.0
21.8580424785614, 1.0335005521774292, 0.41218996047973633, 106.3427505493164, 98.394775390625, 1.4331306219100952, 0.0
21.868061542510986, 1.0354260206222534, 0.4078812003135681, 107.01019287109375, 102.90951538085938, 1.4331306219100952, 0.0
21.878052711486816, 1.0366464853286743, 0.35198530554771423, 107.58616638183594, 96.5423583984375, 1.4331306219100952, 0.0
21.88808274269104, 1.0377618074417114, 0.29865899682044983, 108.07488250732422, 89.86663818359375, 1.4331306219100952, 0.0
21.898058652877808, 1.0386505126953125, 0.23543834686279297, 108.49540710449219, 74.69406127929688, 1.4331721067428589, 0.0
21.908055782318115, 1.0390748977661133, 0.26632678508758545, 108.93121337890625, 77.63247680664062, 1.4331721067428589, 0.0
21.918067455291748, 1.0392085313796997, 0.22776921093463898, 109.3039321899414, 70.84146881103516, 1.4331721067428589, 0.0
21.928076028823853, 1.0391478538513184, 0.1654757410287857, 109.57470703125, 63.17562484741211, 1.4331721067428589, 0.0
21.938061952590942, 1.0386605262756348, 0.10741949081420898, 109.77001953125, 50.605010986328125, 1.4331721067428589, 0.0
21.948081254959106, 1.0377682447433472, 0.0677347183227539, 109.89317321777344, 42.998504638671875, 1.4331721067428589, 0.0
21.958080291748047, 1.0360536575317383, 0.028371810913085938, 109.9395980834961, 39.96531295776367, 1.4331721067428589, 0.0
21.96805453300476, 1.034244418144226, -0.011813640594482422, 109.91812133789062, 29.07867431640625, 1.4331721067428589, 0.0
21.978058099746704, 1.0318493843078613, -0.05331304296851158, 109.83087921142578, 24.94133758544922, 1.4331721067428589, 0.0
21.988049507141113, 1.0289825201034546, -0.08779764175415039, 109.67124938964844, 15.962982177734375, 1.4331721067428589, 0.0
21.998070001602173, 1.0258594751358032, -0.14211072027683258, 109.4386978149414, 10.48109245300293, 1.4331721067428589, 0.0
22.00805377960205, 1.0251398086547852, -0.1393437385559082, 109.18534851074219, 2.5421142578125, 1.4331721067428589, 0.0
22.018056869506836, 1.0194838047027588, -0.2191728949546814, 108.83424377441406, -5.217658042907715, 1.4331306219100952, 0.0
22.028053522109985, 1.0164477825164795, -0.25222036242485046, 108.41397857666016, -12.89706802368164, 1.4331721067428589, 0.0
22.038058757781982, 1.0123624801635742, -0.26297569274902344, 107.93583679199219, -18.34259033203125, 1.4331721067428589, 0.0
22.048068284988403, 1.004349708557129, -0.37132370471954346, 107.32821655273438, -28.49917984008789, 1.4331721067428589, 0.0
22.058061838150024, 1.004349708557129, -0.31703710556030273, 106.75178527832031, -31.878662109375, 1.4331721067428589, 0.0
22.068066120147705, 1.000307321548462, -0.33937692642211914, 106.1347427368164, -37.83416748046875, 1.4331721067428589, 0.0
22.078078985214233, 0.9959806203842163, -0.3985431492328644, 105.48257446289062, -48.31271743774414, 1.4331721067428589, 0.0
22.088059663772583, 0.9918354749679565, -0.37146806716918945, 104.80718231201172, -48.6419677734375, 1.4331721067428589, 0.0
22.09806776046753, 0.987477719783783, -0.42647784948349, 104.10930633544922, -59.21427536010742, 1.4331721067428589, 0.0
22.108062267303467, 0.9810537099838257, -0.4898442029953003, 103.30774688720703, -65.30677032470703, 1.4331721067428589, 0.0
22.11805295944214, 0.9748878479003906, -0.4459500312805176, 102.4969253540039, -63.373565673828125, 1.4331721067428589, 0.0
22.12804865837097, 0.9695371389389038, -0.521236002445221, 101.64399719238281, -75.22158813476562, 1.4331721067428589, 0.0
22.138120651245117, 0.9620605111122131, -0.5030035972595215, 100.72944641113281, -72.064208984375, 1.4331721067428589, 0.0
22.148037910461426, 0.9548293352127075, -0.5502303242683411, 99.82906341552734, -83.32485961914062, 1.4331721067428589, 0.0
22.15806531906128, 0.9455104470252991, -0.5883872509002686, 98.75926971435547, -79.925537109375, 1.4331721067428589, 0.0
22.16804528236389, 0.9327194690704346, -0.7509853839874268, 97.53038787841797, -95.60394287109375, 1.4331721067428589, 0.0
22.178078413009644, 0.9265579581260681, -0.6942391395568848, 96.26813507080078, -92.14401245117188, 1.4331721067428589, 0.0
22.18807029724121, 0.9265579581260681, -0.7253090739250183, 95.08126068115234, -108.06613159179688, 1.4331721067428589, 0.0
22.19806718826294, 0.9191755652427673, -0.7588995695114136, 93.83943176269531, -114.10946655273438, 1.4331721067428589, 0.0
22.208067893981934, 0.9017505645751953, -0.7930278778076172, 92.3975601196289, -109.10186767578125, 1.4331721067428589, 0.0
22.218066215515137, 0.9017505645751953, -0.8126298785209656, 91.06780242919922, -126.98957824707031, 1.4331721067428589, 0.0
22.228086471557617, 0.8916342258453369, -0.779038667678833, 89.6513671875, -119.92645263671875, 1.4331721067428589, 0.0
22.23806381225586, 0.8826094269752502, -0.7945060729980469, 88.2068099975586, -125.22659301757812, 1.4331721067428589, 0.0
22.24805760383606, 0.8742254972457886, -0.8060455322265625, 86.74127197265625, -130.877685546875, 1.4331721067428589, 0.0
22.258054733276367, 0.868028998374939, -0.8609030246734619, 85.33252716064453, -149.18687438964844, 1.4331721067428589, 0.0
22.26807713508606, 0.8577927350997925, -0.8325245380401611, 83.97020721435547, -150.66867065429688, 1.4331721067428589, 0.0
22.27807879447937, 0.848192572593689, -0.8707244992256165, 82.5453872680664, -152.47430419921875, 1.4331721067428589, 0.0
22.288058757781982, 0.837577760219574, -0.9886556267738342, 80.9275894165039, -157.2621612548828, 1.4331721067428589, 0.0
22.298122882843018, 0.8266286253929138, -0.9254693984985352, 79.24491882324219, -145.94497680664062, 1.4331721067428589, 0.0
22.308116674423218, 0.8167006969451904, -0.9449985027313232, 77.69855499267578, -163.32244873046875, 1.4331721067428589, 0.0
22.318113803863525, 0.8167006969451904, -0.8504986763000488, 76.15219116210938, -149.15695190429688, 1.4331721067428589, 0.0
22.328134536743164, 0.8167006969451904, -0.8325841426849365, 74.78978729248047, -165.12806701660156, 1.4331721067428589, 0.0
22.338100910186768, 0.8007751703262329, -0.8183479309082031, 73.3018798828125, -149.04937744140625, 1.4331721067428589, 0.0
22.348102569580078, 0.7765360474586487, -0.9768962860107422, 71.52570343017578, -152.15606689453125, 1.4331721067428589, 0.0
22.358057022094727, 0.7765360474586487, -1.0165903568267822, 69.86219024658203, -171.89280700683594, 1.4331721067428589, 0.0
22.36806631088257, 0.7424906492233276, -1.281142234802246, 67.77332305908203, -179.96554565429688, 1.4331306219100952, 0.0
22.378068923950195, 0.7424906492233276, -1.0570168495178223, 65.85147094726562, -166.93954467773438, 1.4331306219100952, 0.0
22.389690160751343, 0.7309153079986572, -1.1851390600204468, 63.91215515136719, -189.05894470214844, 1.4331306219100952, 0.0
22.39806604385376, 0.7179808020591736, -1.2071993350982666, 61.936737060546875, -192.31414794921875, 1.4331306219100952, 0.0
22.40805745124817, 0.7064384818077087, -1.1026203632354736, 59.93197250366211, -177.66571044921875, 1.4331306219100952, 0.0
22.418060064315796, 0.6909542083740234, -1.3971792459487915, 57.64567947387695, -205.62744140625, 1.4331306219100952, 0.0
22.42808222770691, 0.6783987283706665, -1.25729501247406, 55.1235466003418, -178.78445434570312, 1.4331721067428589, 0.0
22.438090324401855, 0.6653355360031128, -1.6929954290390015, 52.661006927490234, -258.0099182128906, 1.4331721067428589, 0.0
22.44813823699951, 0.6452024579048157, -1.4592608213424683, 50.27312469482422, -236.14035034179688, 1.4331721067428589, 0.0
22.458149671554565, 0.6452024579048157, -1.3133347034454346, 47.88524627685547, -219.769287109375, 1.4331721067428589, 0.0
22.46811008453369, 0.6337209343910217, -1.0876953601837158, 45.907615661621094, -218.6573028564453, 1.4331721067428589, 0.0
22.478108406066895, 0.6213041543960571, -1.2118637561798096, 43.711769104003906, -221.39663696289062, 1.4331306219100952, 0.0
22.48810863494873, 0.6213041543960571, -1.2179083824157715, 41.71883010864258, -246.59262084960938, 1.4331306219100952, 0.0
22.49806261062622, 0.6027014851570129, -1.1527955532073975, 39.62283706665039, -223.13880920410156, 1.4331306219100952, 0.0
22.508052349090576, 0.5853370428085327, -1.3455681800842285, 37.420997619628906, -250.1220703125, 1.4331306219100952, 0.0
22.51804494857788, 0.568597137928009, -1.2235701084136963, 35.18878173828125, -224.56893920898438, 1.4331721067428589, 0.0
22.528175115585327, 0.556800901889801, -1.3510849475860596, 32.9779167175293, -246.063232421875, 1.4331721067428589, 0.0
22.53815722465515, 0.5450180768966675, -1.2031733989715576, 30.790328979492188, -218.70651245117188, 1.4331721067428589, 0.0
22.5480854511261, 0.5450180768966675, -1.0018467903137207, 28.97633171081543, -212.9680633544922, 1.4331306219100952, 0.0
22.55809450149536, 0.5271304845809937, -1.1807143688201904, 26.829578399658203, -210.55679321289062, 1.4331306219100952, 0.0
22.568078756332397, 0.5134833455085754, -1.3359785079956055, 24.6434326171875, -236.2683563232422, 1.4331306219100952, 0.0
22.578062534332275, 0.4944460093975067, -1.4095373153686523, 22.336915969848633, -237.49838256835938, 1.4331306219100952, 0.0
22.58806014060974, 0.47849172353744507, -1.4281213283538818, 19.740331649780273, -219.78512573242188, 1.4331306219100952, 0.0
22.598061323165894, 0.4662899374961853, -1.5156865119934082, 17.26011848449707, -248.47433471679688, 1.4331306219100952, 0.0
22.608082056045532, 0.4662899374961853, -1.1904716491699219, 15.095623970031738, -223.25381469726562, 1.4331306219100952, 0.0
22.61805772781372, 0.4509495794773102, -1.3071961402893066, 12.956576347351074, -247.0245361328125, 1.4331306219100952, 0.0
22.62804889678955, 0.433866411447525, -1.3659331798553467, 10.71387004852295, -247.37844848632812, 1.4331721067428589, 0.0
22.638063430786133, 0.4258490800857544, -1.1916935443878174, 8.55226993560791, -222.3802490234375, 1.433143973350525, 0.0
22.648047924041748, 0.41467663645744324, -1.303410530090332, 6.189953327178955, -227.8638916015625, 1.4331026077270508, 0.0
22.6580913066864, 0.4043580889701843, -1.3641417026519775, 3.95772123336792, -254.13185119628906, 1.4331026077270508, 0.0
22.668078422546387, 0.39340928196907043, -1.3341572284698486, 1.7694613933563232, -254.15525817871094, 1.4331306219100952, 0.0
22.67807364463806, 0.3834395110607147, -1.1100679636001587, -0.2488439679145813, -225.8575439453125, 1.4331306219100952, 0.0
22.68806028366089, 0.3834395110607147, -0.9505182504653931, -1.9719438552856445, -217.12269592285156, 1.4331024885177612, 0.0
22.698052883148193, 0.36715269088745117, -0.9913712739944458, -3.7744369506835938, -210.34559631347656, 1.4331024885177612, 0.0
22.70810580253601, 0.3645138740539551, -1.1308424472808838, -5.5936737060546875, -229.88104248046875, 1.4329307079315186, 0.0
22.718082904815674, 0.3645138740539551, -0.8643597364425659, -7.121801376342773, -200.78382873535156, 1.4326918125152588, 0.0
22.728073120117188, 0.3710094392299652, -0.6984140872955322, -8.218147277832031, -210.355712890625, 1.4324359893798828, 0.0
22.738076210021973, 0.3975308835506439, -0.28318166732788086, -8.726174354553223, -172.78443908691406, 1.4323983192443848, 0.0
22.748047590255737, 0.41491153836250305, 0.0026093588676303625, -8.721904754638672, -165.68731689453125, 1.4323983192443848, 0.0
22.75806498527527, 0.41491153836250305, 0.10553598403930664, -8.571353912353516, -125.2907485961914, 1.432625651359558, 0.0
22.768104076385498, 0.4381771385669708, 0.4476785659790039, -7.8042311668396, -95.73693084716797, 1.4328832626342773, 0.0
22.778051614761353, 0.46356457471847534, 0.8902814388275146, -6.396564483642578, -68.3079833984375, 1.4331536293029785, 0.0
22.78804898262024, 0.47431033849716187, 0.9087055921554565, -4.790040493011475, -28.180932998657227, 1.433404803276062, 0.0
22.798056840896606, 0.48502323031425476, 1.1787086725234985, -2.6469337940216064, 11.274957656860352, 1.433404803276062, 0.0
22.80806040763855, 0.4942306876182556, 1.4412965774536133, -0.29529765248298645, 58.870845794677734, 1.43344247341156, 0.0
22.818066835403442, 0.5019826889038086, 1.5274319648742676, 2.2151904106140137, 103.74440002441406, 1.4333816766738892, 0.0
22.828054428100586, 0.5019826889038086, 1.3097286224365234, 4.592093467712402, 128.10240173339844, 1.4334059953689575, 0.0
22.838075160980225, 0.5088661909103394, 1.2370645999908447, 6.624487400054932, 170.56285095214844, 1.4333614110946655, 0.0
22.84807538986206, 0.5185597538948059, 1.1516444683074951, 8.506027221679688, 191.42147827148438, 1.433377742767334, 0.0
22.858062982559204, 0.5271400809288025, 1.1222898960113525, 10.548872947692871, 191.20228576660156, 1.433364987373352, 0.0
22.868082284927368, 0.5328800678253174, 1.052247166633606, 12.255126953125, 222.88174438476562, 1.4334508180618286, 0.0
22.878061771392822, 0.5328800678253174, 0.6931483745574951, 13.535510063171387, 199.32073974609375, 1.4333401918411255, 0.0
22.888057708740234, 0.5404238104820251, 0.7346007823944092, 14.750177383422852, 217.1136016845703, 1.4332709312438965, 0.0
22.898053884506226, 0.551508367061615, 0.7387333512306213, 15.987493515014648, 207.0492706298828, 1.4331142902374268, 0.0
22.908071994781494, 0.5667723417282104, 0.7254123687744141, 17.329574584960938, 176.24864196777344, 1.4329869747161865, 0.0
22.918052673339844, 0.5743685364723206, 0.7238566875457764, 18.650814056396484, 164.35623168945312, 1.432958722114563, 0.0
22.92804217338562, 0.5863828659057617, 0.9377797245979309, 20.185361862182617, 173.2584686279297, 1.432958722114563, 0.0
22.938032865524292, 0.598433792591095, 0.8956789970397949, 21.801212310791016, 151.7672576904297, 1.4330283403396606, 0.0
22.948054313659668, 0.6073571443557739, 0.986635684967041, 23.40007972717285, 165.4896240234375, 1.4331142902374268, 0.0
22.95803928375244, 0.6170305013656616, 0.8989036083221436, 25.000831604003906, 144.51942443847656, 1.43329918384552, 0.0
22.968111991882324, 0.6236135363578796, 1.0081462860107422, 26.630434036254883, 159.72561645507812, 1.4334096908569336, 0.0
22.978043794631958, 0.6322377324104309, 0.993579626083374, 28.41895294189453, 148.83460998535156, 1.4335086345672607, 0.0
22.988086700439453, 0.6393258571624756, 0.9890139102935791, 30.20970344543457, 154.59518432617188, 1.4335496425628662, 0.0
22.998072862625122, 0.6464568972587585, 1.054988980293274, 31.9516544342041, 177.37960815429688, 1.4334638118743896, 0.0
23.008063554763794, 0.6464568972587585, 0.7968425750732422, 33.40045928955078, 160.70880126953125, 1.4334638118743896, 0.0
23.018046379089355, 0.6594507694244385, 0.8508205413818359, 34.95792007446289, 163.07106018066406, 1.4334059953689575, 0.0
23.028147220611572, 0.6707592606544495, 0.9375148415565491, 36.49951171875, 181.2682647705078, 1.4333648681640625, 0.0
23.038081645965576, 0.6707592606544495, 0.7232546806335449, 37.827091217041016, 160.2586669921875, 1.433295726776123, 0.0
23.04807186126709, 0.6790478825569153, 0.7965697050094604, 39.13811111450195, 174.8669891357422, 1.4332542419433594, 0.0
23.059539794921875, 0.6935575604438782, 0.7652759552001953, 40.5369987487793, 155.3619384765625, 1.4332131147384644, 0.0
23.068054914474487, 0.6935575604438782, 0.7771584987640381, 41.808712005615234, 168.6473388671875, 1.4332131147384644, 0.0
23.078079223632812, 0.7025772333145142, 0.7033944129943848, 43.095069885253906, 146.7609405517578, 1.4331721067428589, 0.0
23.0880765914917, 0.713519275188446, 0.8243653774261475, 44.44403076171875, 158.1594696044922, 1.4331721067428589, 0.0
23.09804892539978, 0.7211904525756836, 0.7473289966583252, 45.80281066894531, 138.5112762451172, 1.4331721067428589, 0.0
23.108052015304565, 0.7211904525756836, 0.7473349571228027, 47.154144287109375, 137.53700256347656, 1.4332131147384644, 0.0
23.11805748939514, 0.7283836007118225, 0.7659196853637695, 48.39999008178711, 149.35684204101562, 1.4332542419433594, 0.0
23.12805700302124, 0.7356281876564026, 0.6486892700195312, 49.566768646240234, 130.67245483398438, 1.433323860168457, 0.0
23.138049840927124, 0.7428077459335327, 0.7204949855804443, 50.869300842285156, 130.4218292236328, 1.4333648681640625, 0.0
23.148033380508423, 0.7495604157447815, 0.7834699153900146, 52.151344299316406, 144.5914306640625, 1.4333648681640625, 0.0
23.15804624557495, 0.7547522783279419, 0.6119489669799805, 53.24598693847656, 127.09007263183594, 1.4334638118743896, 0.0
23.168076276779175, 0.7584563493728638, 0.6489813327789307, 54.42595672607422, 126.17225646972656, 1.4334638118743896, 0.0
23.1781063079834, 0.7633156776428223, 0.6073832511901855, 55.53776550292969, 124.42741394042969, 1.4334226846694946, 0.0
23.188084363937378, 0.7664389610290527, 0.5879998207092285, 56.49994659423828, 133.9547882080078, 1.4334226846694946, 0.0
23.19808006286621, 0.7664389610290527, 0.4524827003479004, 57.33009719848633, 115.27214050292969, 1.4333816766738892, 0.0
23.208101749420166, 0.7729367613792419, 0.5749596357345581, 58.281455993652344, 123.63687896728516, 1.433323860168457, 0.0
23.21809697151184, 0.7792605757713318, 0.5653036832809448, 59.219154357910156, 120.2134017944336, 1.4332542419433594, 0.0
23.228073835372925, 0.7792605757713318, 0.48480430245399475, 60.01247024536133, 116.0630111694336, 1.4332542419433594, 0.0
23.238073587417603, 0.783103346824646, 0.40296316146850586, 60.75260925292969, 98.83308410644531, 1.4332131147384644, 0.0
23.248066902160645, 0.7868724465370178, 0.37311315536499023, 61.43099594116211, 92.79670715332031, 1.4332131147384644, 0.0
23.258055210113525, 0.7913711071014404, 0.40687453746795654, 62.0967903137207, 98.34204864501953, 1.4332131147384644, 0.0
23.26806616783142, 0.7947724461555481, 0.40351682901382446, 62.74961471557617, 92.48521423339844, 1.4332542419433594, 0.0
23.278231382369995, 0.7947724461555481, 0.3145754337310791, 63.32156753540039, 77.83851623535156, 1.4332542419433594, 0.0
23.288063526153564, 0.7990191578865051, 0.32579898834228516, 63.90127182006836, 74.01237487792969, 1.433323860168457, 0.0
23.298086166381836, 0.7990191578865051, 0.36199888586997986, 64.49363708496094, 79.59535217285156, 1.433323860168457, 0.0
23.308080673217773, 0.800015389919281, 0.3008776307106018, 64.98597717285156, 74.49425506591797, 1.433323860168457, 0.0
23.318064212799072, 0.8010544776916504, 0.24214717745780945, 65.37476348876953, 68.39582824707031, 1.4333648681640625, 0.0
23.32805609703064, 0.8020232319831848, 0.2276301383972168, 65.78863525390625, 57.76176452636719, 1.4333648681640625, 0.0
23.33806610107422, 0.8025168776512146, 0.19413232803344727, 66.1416015625, 53.890228271484375, 1.4333648681640625, 0.0
23.348058938980103, 0.8025168776512146, 0.1738203912973404, 66.4334945678711, 55.58268356323242, 1.433323860168457, 0.0
23.358062982559204, 0.8011593818664551, 0.09789466857910156, 66.61148834228516, 45.147705078125, 1.433323860168457, 0.0
23.368062257766724, 0.8011593818664551, 0.07096263766288757, 66.72760772705078, 44.19962692260742, 1.433323860168457, 0.0
23.378084659576416, 0.8011593818664551, 0.07096263766288757, 66.85127258300781, 39.21847915649414, 1.4332823753356934, 0.0
23.388068675994873, 0.799151599407196, 0.0014702478656545281, 66.8587875366211, 32.86064910888672, 1.4332542419433594, 0.0
23.39805507659912, 0.799151599407196, 0.0013172626495361328, 66.8611831665039, 23.676300048828125, 1.4332542419433594, 0.0
23.408061265945435, 0.799151599407196, -0.008636713027954102, 66.8454818725586, 18.5943603515625, 1.4332542419433594, 0.0
23.41807246208191, 0.799151599407196, -0.021139780059456825, 66.8108901977539, 15.95730209350586, 1.4332542419433594, 0.0
23.42804479598999, 0.799151599407196, -0.03190835192799568, 66.75867462158203, 10.77863883972168, 1.4332542419433594, 0.0
23.438052654266357, 0.797143816947937, -0.05970398709177971, 66.66098022460938, 5.770365238189697, 1.4332542419433594, 0.0
23.448041677474976, 0.797143816947937, -0.05372762680053711, 66.5506362915039, 1.171875, 1.433323860168457, 0.0
23.458049535751343, 0.793128252029419, -0.08922815322875977, 66.40462493896484, -2.298143148422241, 1.433323860168457, 0.0
23.468052864074707, 0.7911204695701599, -0.11154016107320786, 66.22210693359375, -5.617777347564697, 1.433323860168457, 0.0
23.47806477546692, 0.7871049046516418, -0.1405477523803711, 65.96656036376953, -8.8470458984375, 1.433323860168457, 0.0
23.488076210021973, 0.7830893993377686, -0.16062259674072266, 65.67452239990234, -11.84234619140625, 1.433323860168457, 0.0
23.498074293136597, 0.7770660519599915, -0.22085309028625488, 65.2729721069336, -15.882110595703125, 1.433323860168457, 0.0
23.508067846298218, 0.7710427045822144, -0.3123283386230469, 64.76188659667969, -23.15097427368164, 1.433323860168457, 0.0
23.51806879043579, 0.765019416809082, -0.3413200378417969, 64.14644622802734, -26.6448974609375, 1.4332956075668335, 0.0
23.528059244155884, 0.7589960694313049, -0.4461672604084015, 63.416351318359375, -37.13650131225586, 1.4332956075668335, 0.0
23.53804850578308, 0.7549805045127869, -0.46848589181900024, 62.657257080078125, -44.48530578613281, 1.4332542419433594, 0.0
23.54805898666382, 0.7509649395942688, -0.5130966305732727, 61.81764602661133, -52.58941650390625, 1.4332542419433594, 0.0
23.55808448791504, 0.7469493746757507, -0.5131032466888428, 60.978023529052734, -60.29425811767578, 1.4332542419433594, 0.0
23.568071365356445, 0.7449415922164917, -0.5130966305732727, 60.13329315185547, -67.65365600585938, 1.4332823753356934, 0.0
23.57805347442627, 0.7409260869026184, -0.46178698539733887, 59.29368209838867, -66.72935485839844, 1.4332823753356934, 0.0
23.588058948516846, 0.7369105219841003, -0.5131032466888428, 58.45917510986328, -80.17010498046875, 1.4332542419433594, 0.0
23.59805202484131, 0.7308871746063232, -0.5130966305732727, 57.61956024169922, -85.03850555419922, 1.4332542419433594, 0.0
23.608078241348267, 0.7228561043739319, -0.48186779022216797, 56.73078155517578, -80.31120300292969, 1.433323860168457, 0.0
23.618051528930664, 0.7148249745368958, -0.5019426345825195, 55.81815719604492, -83.282470703125, 1.433323860168457, 0.0
23.628053188323975, 0.7067938446998596, -0.5800260305404663, 54.869022369384766, -94.970703125, 1.433323860168457, 0.0
23.638076066970825, 0.6987627744674683, -0.5621671676635742, 53.846900939941406, -88.10310363769531, 1.433323860168457, 0.0
23.64805006980896, 0.6947472095489502, -0.6246500611305237, 52.824745178222656, -99.92133331298828, 1.433323860168457, 0.0
23.658071041107178, 0.6887238621711731, -0.5822479724884033, 51.7712516784668, -92.0684814453125, 1.4332956075668335, 0.0
23.66845464706421, 0.6887238621711731, -0.6246434450149536, 50.749107360839844, -104.26881408691406, 1.4332956075668335, 0.0
23.678101778030396, 0.6706538796424866, -0.780807614326477, 49.47142028808594, -109.1355209350586, 1.4332956075668335, 0.0
23.68805193901062, 0.6646305322647095, -0.7227957248687744, 48.16476821899414, -102.94380187988281, 1.4332542419433594, 0.0
23.69805335998535, 0.6565994620323181, -0.742882490158081, 46.8089599609375, -108.10661315917969, 1.4332823753356934, 0.0
23.70805263519287, 0.648568332195282, -0.742882490158081, 45.4582633972168, -112.72506713867188, 1.4332823753356934, 0.0
23.718059301376343, 0.6425449848175049, -0.8031063675880432, 44.14920425415039, -129.65478515625, 1.4332542419433594, 0.0
23.728057146072388, 0.6385294795036316, -0.6826400756835938, 42.90803909301758, -119.60945129394531, 1.4332542419433594, 0.0
23.738062143325806, 0.6304983496665955, -0.758495569229126, 41.666866302490234, -135.33444213867188, 1.4332542419433594, 0.0
23.74807858467102, 0.6204594373703003, -0.8254183530807495, 40.311065673828125, -139.0402069091797, 1.4332823753356934, 0.0
23.75806164741516, 0.6104205846786499, -0.7830321788787842, 38.88737106323242, -128.839111328125, 1.4332823753356934, 0.0
23.768083095550537, 0.6023894548416138, -0.9592705368995667, 37.31011199951172, -149.32208251953125, 1.433323860168457, 0.0
23.77803349494934, 0.5943583846092224, -0.7629573345184326, 35.922916412353516, -135.48507690429688, 1.433323860168457, 0.0
23.7880802154541, 0.5883350372314453, -0.7629513740539551, 34.53573226928711, -136.2903594970703, 1.433323860168457, 0.0
23.79807734489441, 0.5782961249351501, -0.7830381393432617, 33.11202621459961, -136.96937561035156, 1.433323860168457, 0.0
23.808069229125977, 0.5682572722434998, -0.892341136932373, 31.65696907043457, -153.34744262695312, 1.4332956075668335, 0.0
23.818079471588135, 0.5582183599472046, -0.9369651675224304, 30.123754501342773, -155.83843994140625, 1.4332956075668335, 0.0
23.828083515167236, 0.5521950721740723, -0.8633434772491455, 28.554039001464844, -143.53981018066406, 1.4332956075668335, 0.0
23.838072299957275, 0.5461717247962952, -0.9369651675224304, 27.028343200683594, -162.65020751953125, 1.4332542419433594, 0.0
23.848096132278442, 0.5361328125, -0.8432626724243164, 25.49513816833496, -148.15940856933594, 1.4332542419433594, 0.0
23.85805869102478, 0.5260939598083496, -0.843268632888794, 23.961923599243164, -149.25460815429688, 1.4332542419433594, 0.0
23.868058919906616, 0.5180628299713135, -0.9369585514068604, 22.423603057861328, -165.40570068359375, 1.4332823753356934, 0.0
23.87897825241089, 0.5100317597389221, -0.843268632888794, 20.89038848876953, -150.3251953125, 1.4332823753356934, 0.0
23.8880774974823, 0.502000629901886, -0.8633434772491455, 19.3206729888916, -152.15054321289062, 1.4332823753356934, 0.0
23.898091316223145, 0.4919617474079132, -0.9592705368995667, 17.7434139251709, -170.76258850097656, 1.433323860168457, 0.0
23.908060312271118, 0.4799150824546814, -0.8834242820739746, 16.137187957763672, -155.19752502441406, 1.433323860168457, 0.0
23.918084144592285, 0.4698761999607086, -0.9815759062767029, 14.536109924316406, -173.1963653564453, 1.4332956075668335, 0.0
23.928082704544067, 0.4638528823852539, -0.981589138507843, 12.9298734664917, -173.60179138183594, 1.4332956075668335, 0.0
23.938058376312256, 0.45381399989128113, -1.0261932611465454, 11.25064754486084, -175.30801391601562, 1.4332956075668335, 0.0
23.948078155517578, 0.44377511739730835, -1.0261965990066528, 9.571416854858398, -176.93011474609375, 1.4332956075668335, 0.0
23.958073377609253, 0.4357440173625946, -0.9035021066665649, 7.936206817626953, -160.25704956054688, 1.4332542419433594, 0.0
23.968055963516235, 0.4297206699848175, -0.9815726280212402, 6.3299970626831055, -178.8177490234375, 1.4332542419433594, 0.0
23.978053092956543, 0.42168956995010376, -0.8834213018417358, 4.723776340484619, -161.66619873046875, 1.4332542419433594, 0.0
23.98808002471924, 0.40964290499687195, -1.0262032747268677, 3.044534921646118, -180.8459014892578, 1.4332542419433594, 0.0
23.998088359832764, 0.4016118049621582, -1.0038845539093018, 1.401814579963684, -181.57322692871094, 1.4332542419433594, 0.0
24.008055686950684, 0.3955884575843811, -0.9369651675224304, -0.1314011514186859, -180.76219177246094, 1.4332542419433594, 0.0
24.018081665039062, 0.38755735754966736, -0.8231878280639648, -1.6281062364578247, -161.6421661376953, 1.4332542419433594, 0.0
24.028058290481567, 0.3795262575149536, -0.936961829662323, -3.1613166332244873, -178.79100036621094, 1.4332542419433594, 0.0
24.038063526153564, 0.37149515748023987, -0.8231878280639648, -4.658021926879883, -159.0867462158203, 1.4332542419433594, 0.0
24.048059701919556, 0.36948737502098083, -0.7428795099258423, -6.008711814880371, -155.80125427246094, 1.4332542419433594, 0.0
24.0580735206604, 0.3674795925617218, -0.7584922909736633, -7.208721160888672, -168.27699279785156, 1.4330278635025024, 0.0
24.06805920600891, 0.3735029101371765, -0.6246434450149536, -8.230865478515625, -161.78736877441406, 1.4330278635025024, 0.0
24.078075647354126, 0.3835417926311493, -0.38147270679473877, -8.87297534942627, -135.96751403808594, 1.4327447414398193, 0.0
24.088090896606445, 0.4016118049621582, -0.08031129837036133, -8.998578071594238, -120.43111419677734, 1.4326324462890625, 0.0
24.09805679321289, 0.41566622257232666, 0.14054477214813232, -8.746011734008789, -101.47824096679688, 1.432648777961731, 0.0
24.108049154281616, 0.42771288752555847, 0.3569391071796417, -8.187678337097168, -89.51415252685547, 1.4327903985977173, 0.0
24.118054389953613, 0.43775177001953125, 0.55771404504776, -7.316800594329834, -63.207786560058594, 1.433019995689392, 0.0
24.12806987762451, 0.44779065251350403, 0.6826430559158325, -6.104501724243164, -29.431819915771484, 1.4331787824630737, 0.0
24.138083457946777, 0.4578295350074768, 0.8633434772491455, -4.573453426361084, 0.8456230163574219, 1.4333914518356323, 0.0
24.148077964782715, 0.4678684175014496, 1.0931227207183838, -2.807248830795288, 35.5717887878418, 1.4335154294967651, 0.0
24.158077716827393, 0.4738917648792267, 1.182354211807251, -0.8718154430389404, 70.41020202636719, 1.433511734008789, 0.0
24.168055534362793, 0.4799150824546814, 1.1823607683181763, 1.0635203123092651, 103.2708511352539, 1.4335086345672607, 0.0
24.178082704544067, 0.48393064737319946, 1.003885269165039, 2.902334451675415, 117.753173828125, 1.433434009552002, 0.0
24.188051462173462, 0.4899539649486542, 0.8834272623062134, 4.513659477233887, 135.12237548828125, 1.4334059953689575, 0.0
24.198055505752563, 0.4959773123264313, 0.892341136932373, 5.97899055480957, 163.61106872558594, 1.433377742767334, 0.0
24.208074808120728, 0.4979850947856903, 0.7027208805084229, 7.251528263092041, 154.39205932617188, 1.4334059953689575, 0.0
24.218093395233154, 0.4979850947856903, 0.60233473777771, 8.349044799804688, 156.658447265625, 1.4333930015563965, 0.0
24.228071451187134, 0.502000629901886, 0.60233473777771, 9.339170455932617, 171.59637451171875, 1.4333683252334595, 0.0
24.23808741569519, 0.506016194820404, 0.5354086756706238, 10.227864265441895, 164.45907592773438, 1.43329918384552, 0.0
24.24806547164917, 0.5120395421981812, 0.49078795313835144, 11.0540771484375, 154.01473999023438, 1.4331721067428589, 0.0
24.258068561553955, 0.5200706124305725, 0.46178996562957764, 11.909322738647461, 127.81134033203125, 1.4330861568450928, 0.0
24.268057346343994, 0.5260939598083496, 0.46178698539733887, 12.764562606811523, 117.01054382324219, 1.4330002069473267, 0.0
24.278047561645508, 0.5321173071861267, 0.48186779022216797, 13.65119743347168, 107.48863220214844, 1.4329423904418945, 0.0
24.288063764572144, 0.538140594959259, 0.48186779022216797, 14.527320861816406, 100.13656616210938, 1.4329423904418945, 0.0
24.298074960708618, 0.5461717247962952, 0.55771404504776, 15.424294471740723, 104.94783020019531, 1.4330284595489502, 0.0
24.3080632686615, 0.5542028546333313, 0.5621790885925293, 16.412864685058594, 91.61338806152344, 1.4332131147384644, 0.0
24.31809639930725, 0.5542028546333313, 0.6246434450149536, 17.406787872314453, 100.64157104492188, 1.4333683252334595, 0.0
24.328096628189087, 0.5682572722434998, 0.7361835837364197, 18.58828353881836, 102.7679443359375, 1.4334957599639893, 0.0
24.338061571121216, 0.5722728371620178, 0.6625652313232422, 19.78546905517578, 95.5759048461914, 1.4335368871688843, 0.0
24.348045825958252, 0.5762884020805359, 0.7138649821281433, 20.946155548095703, 109.91191864013672, 1.4335778951644897, 0.0
24.359104871749878, 0.5803039073944092, 0.6023406982421875, 22.046457290649414, 101.37157440185547, 1.4335496425628662, 0.0
24.36808490753174, 0.5823116898536682, 0.6246368288993835, 23.07665252685547, 114.5788803100586, 1.4335052967071533, 0.0
24.3780677318573, 0.5883350372314453, 0.5621850490570068, 24.116863250732422, 104.65660095214844, 1.4334059953689575, 0.0
24.3880615234375, 0.5923506021499634, 0.6023313999176025, 25.107633590698242, 117.55921936035156, 1.433377742767334, 0.0
24.398049116134644, 0.5975496172904968, 0.5708601474761963, 26.049222946166992, 118.05449676513672, 1.4333367347717285, 0.0
24.40805721282959, 0.5995699167251587, 0.5040764808654785, 26.889074325561523, 116.40230560302734, 1.4332542419433594, 0.0
24.418039560317993, 0.5995699167251587, 0.45366883277893066, 27.71626853942871, 103.09467315673828, 1.433241367340088, 0.0
24.428074598312378, 0.614436149597168, 0.5131032466888428, 28.563369750976562, 110.83433532714844, 1.4332002401351929, 0.0
24.438082456588745, 0.618451714515686, 0.4617929458618164, 29.40810775756836, 96.22631072998047, 1.4331721067428589, 0.0
24.448049068450928, 0.6224672198295593, 0.46178698539733887, 30.24772071838379, 93.01586151123047, 1.4331721067428589, 0.0
24.45803737640381, 0.6136981248855591, 0.37103891372680664, 30.854875564575195, 97.87156677246094, 1.4331721067428589, 0.0
24.468082427978516, 0.6284905672073364, 0.4617929458618164, 31.687042236328125, 86.10382080078125, 1.4332131147384644, 0.0
24.47804594039917, 0.6284905672073364, 0.4461672604084015, 32.404541015625, 92.08509826660156, 1.4332823753356934, 0.0
24.488036155700684, 0.6284905672073364, 0.3614068031311035, 33.05410385131836, 79.4647216796875, 1.433323860168457, 0.0
24.498047590255737, 0.6196228861808777, 0.2452598661184311, 33.44798278808594, 82.20820617675781, 1.4333648681640625, 0.0
24.508041620254517, 0.6203413605690002, 0.20771026611328125, 33.80255126953125, 69.13509368896484, 1.433491826057434, 0.0
24.5180447101593, 0.6211017370223999, 0.2153158187866211, 34.194034576416016, 64.77718353271484, 1.433491826057434, 0.0
24.528056383132935, 0.6221762895584106, 0.086002878844738, 34.33476638793945, 64.12718200683594, 1.433491826057434, 0.0
24.53804087638855, 0.6235157251358032, 0.050646066665649414, 34.43194580078125, 50.23841857910156, 1.4334638118743896, 0.0
24.54805850982666, 0.6249598860740662, 0.02492070198059082, 34.48473358154297, 42.37022399902344, 1.4334226846694946, 0.0
24.55808663368225, 0.6249598860740662, 0.12513664364814758, 34.70746994018555, 42.80598831176758, 1.433323860168457, 0.0
24.568053483963013, 0.626433789730072, -0.020569562911987305, 34.6776123046875, 29.90570068359375, 1.4332823753356934, 0.0
24.578055143356323, 0.627413809299469, -0.010770559310913086, 34.670623779296875, 22.66082763671875, 1.4332131147384644, 0.0
24.58805227279663, 0.6281515955924988, -0.0033855438232421875, 34.664466857910156, 16.1041259765625, 1.4332131147384644, 0.0
24.598082065582275, 0.6286938190460205, 0.10078483074903488, 34.83684539794922, 15.43129825592041, 1.4331721067428589, 0.0
24.608057022094727, 0.6289958953857422, 0.08654594421386719, 34.99420166015625, 11.916732788085938, 1.4331721067428589, 0.0
24.618106603622437, 0.6289958953857422, 0.07894635200500488, 35.13028335571289, 9.362411499023438, 1.4332131147384644, 0.0
24.628072500228882, 0.6298985481262207, 0.08580419421195984, 35.27069091796875, 10.399288177490234, 1.4332131147384644, 0.0
24.638061046600342, 0.6308164596557617, 0.08111529797315598, 35.39594650268555, 10.710822105407715, 1.4332542419433594, 0.0
24.648057460784912, 0.6316571831703186, 0.07441309094429016, 35.50505828857422, 11.3372802734375, 1.433323860168457, 0.0
24.65806269645691, 0.6316571831703186, 0.0669717788696289, 35.62682342529297, 9.19342041015625, 1.433323860168457, 0.0
24.66805672645569, 0.6324766874313354, 0.06714794039726257, 35.729244232177734, 11.68484115600586, 1.4333648681640625, 0.0
24.678087949752808, 0.6284905672073364, 0.010764598846435547, 35.748817443847656, 10.7818603515625, 1.4333648681640625, 0.0
24.68806219100952, 0.6264827847480774, -0.016683340072631836, 35.718482971191406, 10.540008544921875, 1.4333648681640625, 0.0
24.6980619430542, 0.6264827847480774, -0.022113323211669922, 35.678279876708984, 8.414459228515625, 1.4333648681640625, 0.0
24.708064079284668, 0.6244750022888184, -0.0502268485724926, 35.59608840942383, 6.687588214874268, 1.4333648681640625, 0.0
24.718073844909668, 0.6224672198295593, -0.05935538932681084, 35.484832763671875, 3.223419189453125, 1.433323860168457, 0.0
24.72803282737732, 0.6204594373703003, -0.11799484491348267, 35.31320571899414, 0.5311965942382812, 1.433323860168457, 0.0
24.738062381744385, 0.616443932056427, -0.1306588053703308, 35.05942916870117, -3.0590403079986572, 1.4332823753356934, 0.0
24.748044967651367, 0.614436149597168, -0.21525472402572632, 34.746334075927734, -9.484291076660156, 1.4332823753356934, 0.0
24.758068561553955, 0.6104205846786499, -0.21236538887023926, 34.36532974243164, -12.615203857421875, 1.4332542419433594, 0.0
24.76806402206421, 0.6084128022193909, -0.2673732042312622, 33.92781066894531, -20.015716552734375, 1.4332542419433594, 0.0
24.778085947036743, 0.6043972373008728, -0.267717570066452, 33.48972702026367, -25.101131439208984, 1.4332542419433594, 0.0
24.788073539733887, 0.6023894548416138, -0.24092793464660645, 33.051673889160156, -26.66778564453125, 1.4332542419433594, 0.0
24.79807424545288, 0.5983738899230957, -0.3123217225074768, 32.53548812866211, -34.920162200927734, 1.4332823753356934, 0.0
24.80807876586914, 0.5963661670684814, -0.3123217225074768, 32.024417877197266, -39.685142517089844, 1.4332823753356934, 0.0
24.81810188293457, 0.5943583846092224, -0.2810835838317871, 31.50581169128418, -39.79034423828125, 1.433323860168457, 0.0
24.82805037498474, 0.5923506021499634, -0.3123217225074768, 30.994739532470703, -47.9825325012207, 1.433323860168457, 0.0
24.83806848526001, 0.5883350372314453, -0.28108954429626465, 30.48366928100586, -45.75767517089844, 1.433323860168457, 0.0
24.848058462142944, 0.5843194723129272, -0.3346337080001831, 29.936086654663086, -53.44729995727539, 1.433323860168457, 0.0
24.8580482006073, 0.5823116898536682, -0.2810835838317871, 29.425025939941406, -49.40299987792969, 1.433323860168457, 0.0
24.868072986602783, 0.5762884020805359, -0.3569391071796417, 28.8409423828125, -56.52109909057617, 1.433323860168457, 0.0
24.878061771392822, 0.5722728371620178, -0.3569391071796417, 28.256860733032227, -58.14276885986328, 1.433323860168457, 0.0
24.88809561729431, 0.5682572722434998, -0.3413200378417969, 27.63627815246582, -54.15363311767578, 1.433323860168457, 0.0
24.898090362548828, 0.5622339248657227, -0.361400842666626, 26.97918701171875, -55.56316375732422, 1.433323860168457, 0.0
24.90805196762085, 0.5562105774879456, -0.44617387652397156, 26.25662612915039, -64.0869140625, 1.4332823753356934, 0.0
24.918064832687378, 0.5521950721740723, -0.42163729667663574, 25.495128631591797, -60.106658935546875, 1.4332542419433594, 0.0
24.928045511245728, 0.5481795072555542, -0.4907846450805664, 24.692026138305664, -70.03021240234375, 1.4332542419433594, 0.0
24.938040494918823, 0.5441639423370361, -0.4417121410369873, 23.888912200927734, -65.9475326538086, 1.4332542419433594, 0.0
24.948068857192993, 0.5401483774185181, -0.44171810150146484, 23.08578872680664, -68.5028076171875, 1.4332542419433594, 0.0
24.958070755004883, 0.5361328125, -0.5130966305732727, 22.24106216430664, -79.82169342041016, 1.4332823753356934, 0.0
24.968071460723877, 0.5321173071861267, -0.49077802896499634, 21.437969207763672, -82.2554702758789, 1.4332823753356934, 0.0
24.978107452392578, 0.5260939598083496, -0.4617929458618164, 20.598346710205078, -76.58519744873047, 1.4332823753356934, 0.0
24.98804211616516, 0.5200706124305725, -0.5354086756706238, 19.714679718017578, -88.01799011230469, 1.433323860168457, 0.0
24.998038053512573, 0.5140473246574402, -0.48186779022216797, 18.838558197021484, -81.40621185302734, 1.433323860168457, 0.0
25.008087396621704, 0.5080239772796631, -0.48186779022216797, 17.962434768676758, -82.94181823730469, 1.433323860168457, 0.0
25.0180766582489, 0.502000629901886, -0.501936674118042, 17.049821853637695, -84.45301055908203, 1.433323860168457, 0.0
25.02810263633728, 0.4979850947856903, -0.5019485950469971, 16.137187957763672, -85.54840087890625, 1.433323860168457, 0.0
25.038071393966675, 0.4919617474079132, -0.5800194144248962, 15.193202018737793, -96.61907958984375, 1.4332956075668335, 0.0
25.04808735847473, 0.48794621229171753, -0.5220234394073486, 14.24406909942627, -88.41724395751953, 1.4332956075668335, 0.0
25.058054208755493, 0.48192286491394043, -0.5420982837677002, 13.260841369628906, -89.80216979980469, 1.4332823753356934, 0.0
25.06810188293457, 0.4758995473384857, -0.6246434450149536, 12.23869800567627, -102.2139663696289, 1.4332823753356934, 0.0
25.078075408935547, 0.4698761999607086, -0.5621731281280518, 11.216564178466797, -93.8179931640625, 1.4332823753356934, 0.0
25.088050365447998, 0.4638528823852539, -0.5621820688247681, 10.194415092468262, -95.20244598388672, 1.4332823753356934, 0.0
25.09806799888611, 0.4626959264278412, -0.5705720782279968, 9.260751724243164, -106.42008972167969, 1.4332823753356934, 0.0
25.108052968978882, 0.44979843497276306, -0.6469488143920898, 8.207223892211914, -108.3913345336914, 1.4332542419433594, 0.0
25.118069410324097, 0.4457828998565674, -0.6246401071548462, 7.1775641441345215, -109.69183349609375, 1.4332956075668335, 0.0
25.128072261810303, 0.4397595524787903, -0.5822598934173584, 6.11890983581543, -100.18272399902344, 1.4332956075668335, 0.0
25.138070821762085, 0.44067466259002686, -0.5128711462020874, 5.181280136108398, -100.11920928955078, 1.433323860168457, 0.0
25.14806056022644, 0.4297206699848175, -0.6469488143920898, 4.122636318206787, -112.46024322509766, 1.433323860168457, 0.0
25.1580548286438, 0.4236973524093628, -0.5822509527206421, 3.0639984607696533, -101.96857452392578, 1.433323860168457, 0.0
25.168112754821777, 0.4176740050315857, -0.6469554305076599, 2.0053441524505615, -113.70394134521484, 1.433323860168457, 0.0
25.17811632156372, 0.40964290499687195, -0.6023377180099487, 0.9101846218109131, -103.06377410888672, 1.433323860168457, 0.0
25.188077211380005, 0.40361958742141724, -0.6692541837692261, -0.18495863676071167, -115.32635498046875, 1.433323860168457, 0.0
25.198086977005005, 0.39759624004364014, -0.6509929895401001, -1.3685822486877441, -106.29334259033203, 1.433323860168457, 0.0
25.208083868026733, 0.39650648832321167, -0.5921357274055481, -2.33239483833313, -117.1068344116211, 1.4332956075668335, 0.0
25.218086004257202, 0.3855495750904083, -0.6692575216293335, -3.4275434017181396, -117.83452606201172, 1.4332956075668335, 0.0
25.22808003425598, 0.3850310146808624, -0.6080965399742126, -4.422610282897949, -117.12799835205078, 1.4332956075668335, 0.0
25.23809313774109, 0.37987256050109863, -0.6080180406570435, -5.5205769538879395, -107.01856994628906, 1.4332542419433594, 0.0
25.248168468475342, 0.37534698843955994, -0.6041592955589294, -6.514316082000732, -118.1883773803711, 1.4332823753356934, 0.0
25.25808024406433, 0.3689352571964264, -0.6084640622138977, -7.509984970092773, -117.48870086669922, 1.4332823753356934, 0.0
25.268080234527588, 0.36346402764320374, -0.542101263999939, -8.490508079528809, -104.95851135253906, 1.4332542419433594, 0.0
25.278077363967896, 0.3614562749862671, -0.5354053378105164, -9.350998878479004, -114.01319885253906, 1.4331682920455933, 0.0
25.28811502456665, 0.3654111921787262, -0.4245340824127197, -10.024970054626465, -109.33346557617188, 1.4330543279647827, 0.0
25.298057079315186, 0.37238818407058716, -0.25207996368408203, -10.4398832321167, -90.71292877197266, 1.4328155517578125, 0.0
25.308124780654907, 0.3806809186935425, -0.1582622528076172, -10.743173599243164, -84.10782623291016, 1.4329010248184204, 0.0
25.318122148513794, 0.3897720277309418, 0.04691547900438309, -10.682029724121094, -80.60545349121094, 1.4329869747161865, 0.0
25.3281033039093, 0.3897720277309418, 0.052680570632219315, -10.5958251953125, -68.59122467041016, 1.4329869747161865, 0.0
25.338123083114624, 0.4037504196166992, 0.23877620697021484, -10.192919731140137, -46.72346115112305, 1.4331587553024292, 0.0
25.34809923171997, 0.4037504196166992, 0.2840369939804077, -9.738304138183594, -32.23981857299805, 1.433498740196228, 0.0
25.358103275299072, 0.42023053765296936, 0.5699495673179626, -8.805659294128418, -14.396455764770508, 1.433498740196228, 0.0
25.36807632446289, 0.42023053765296936, 0.630739688873291, -7.7909016609191895, 7.773505210876465, 1.4335942268371582, 0.0
25.37806272506714, 0.429706871509552, 0.6825089454650879, -6.541869640350342, 28.09123992919922, 1.4335496425628662, 0.0
25.38807964324951, 0.43536052107810974, 0.777214765548706, -5.274550437927246, 52.7824821472168, 1.4335743188858032, 0.0
25.39806890487671, 0.4377336800098419, 0.653451681137085, -4.083487033843994, 63.56391906738281, 1.4335579872131348, 0.0
25.40808415412903, 0.43957674503326416, 0.6543960571289062, -3.007563591003418, 85.951171875, 1.4335299730300903, 0.0
25.418076276779175, 0.4415050148963928, 0.5173295736312866, -2.0594217777252197, 86.22608184814453, 1.4334884881973267, 0.0
25.42804479598999, 0.4441291093826294, 0.6039639115333557, -1.0687546730041504, 105.85631561279297, 1.4334754943847656, 0.0
25.438069581985474, 0.4441291093826294, 0.40378570556640625, -0.3375681936740875, 98.55351257324219, 1.433491826057434, 0.0
25.448056936264038, 0.44580793380737305, 0.42057931423187256, 0.4471486210823059, 101.85453796386719, 1.4333816766738892, 0.0
25.458087921142578, 0.44890886545181274, 0.2867847681045532, 0.9992231130599976, 98.04890441894531, 1.4332131147384644, 0.0
25.468091249465942, 0.45240750908851624, 0.35751527547836304, 1.6148524284362793, 104.50837707519531, 1.4330447912216187, 0.0
25.479116916656494, 0.45240750908851624, 0.2270132303237915, 2.045593500137329, 85.87459564208984, 1.4329458475112915, 0.0
25.488090991973877, 0.45703762769699097, 0.21677017211914062, 2.444836139678955, 77.1938705444336, 1.4329177141189575, 0.0
25.498076915740967, 0.46323370933532715, 0.2833372950553894, 2.9084789752960205, 77.68851470947266, 1.4329177141189575, 0.0
25.5080885887146, 0.46904659271240234, 0.29469430446624756, 3.43917179107666, 64.46734619140625, 1.4329458475112915, 0.0
25.518071174621582, 0.47350311279296875, 0.35553839802742004, 3.9897072315216064, 67.21255493164062, 1.4331177473068237, 0.0
25.52809429168701, 0.47688305377960205, 0.3639293909072876, 4.562144756317139, 62.5655403137207, 1.4332447052001953, 0.0
25.538063764572144, 0.4797471761703491, 0.3561824560165405, 5.202206611633301, 55.39775085449219, 1.433286190032959, 0.0
25.548089027404785, 0.4818175435066223, 0.4001094102859497, 5.838963031768799, 59.909053802490234, 1.4333850145339966, 0.0
25.558063983917236, 0.4818175435066223, 0.3290891647338867, 6.432170391082764, 54.329490661621094, 1.4334132671356201, 0.0
25.56806492805481, 0.4846617579460144, 0.3583696186542511, 7.016252517700195, 60.01551818847656, 1.4334261417388916, 0.0
25.578063488006592, 0.48648011684417725, 0.34072697162628174, 7.651383399963379, 56.057884216308594, 1.4333401918411255, 0.0
25.588074684143066, 0.4877389669418335, 0.3411306142807007, 8.225224494934082, 64.22652435302734, 1.4332542419433594, 0.0
25.59806251525879, 0.48954761028289795, 0.29237401485443115, 8.721644401550293, 64.5907211303711, 1.4331552982330322, 0.0
25.608076095581055, 0.4911641776561737, 0.24575325846672058, 9.131241798400879, 63.245243072509766, 1.4331142902374268, 0.0
25.61808705329895, 0.492730975151062, 0.2136429101228714, 9.480839729309082, 61.0125846862793, 1.4331142902374268, 0.0
25.62809419631958, 0.492730975151062, 0.15848278999328613, 9.760905265808105, 51.987648010253906, 1.4331587553024292, 0.0
25.638087034225464, 0.4937252402305603, 0.13977885246276855, 10.022504806518555, 48.2029914855957, 1.4331177473068237, 0.0
25.648109436035156, 0.49426162242889404, 0.13826622068881989, 10.248758316040039, 48.99766540527344, 1.4331177473068237, 0.0
25.658088445663452, 0.49426162242889404, 0.12444257736206055, 10.475017547607422, 40.42844772338867, 1.4331177473068237, 0.0
25.668067693710327, 0.49494293332099915, 0.10281503200531006, 10.667091369628906, 36.50836944580078, 1.4330894947052002, 0.0
25.678066968917847, 0.4956972599029541, 0.10240740329027176, 10.834667205810547, 35.36976623535156, 1.4330894947052002, 0.0
25.68808627128601, 0.4965731203556061, 0.09815560281276703, 10.987807273864746, 30.695491790771484, 1.4331306219100952, 0.0
25.698070287704468, 0.49847161769866943, 0.09915563464164734, 11.144947052001953, 26.925617218017578, 1.4331587553024292, 0.0
25.70806860923767, 0.49847161769866943, 0.0730752944946289, 11.270268440246582, 21.390342712402344, 1.4332002401351929, 0.0
25.718077182769775, 0.502000629901886, 0.09270012378692627, 11.438814163208008, 19.579601287841797, 1.4332002401351929, 0.0
25.72807502746582, 0.502000629901886, 0.0926971435546875, 11.607354164123535, 18.46456527709961, 1.4332002401351929, 0.0
25.738070964813232, 0.504008412361145, 0.11425217241048813, 11.794312477111816, 19.68669891357422, 1.4332002401351929, 0.0
25.74807596206665, 0.506016194820404, 0.11754333972930908, 12.008028030395508, 17.592620849609375, 1.4332002401351929, 0.0
25.758071422576904, 0.506016194820404, 0.1306070238351822, 12.221748352050781, 19.408226013183594, 1.4332002401351929, 0.0
25.768070459365845, 0.5080239772796631, 0.145342618227005, 12.45958137512207, 19.916534423828125, 1.4332002401351929, 0.0
25.77806782722473, 0.5080239772796631, 0.12327432632446289, 12.696374893188477, 18.616962432861328, 1.4331306219100952, 0.0
25.788060426712036, 0.5080239772796631, 0.12722942233085632, 12.90456771850586, 21.297454833984375, 1.4331306219100952, 0.0
25.79805612564087, 0.506016194820404, 0.07544159889221191, 13.036619186401367, 18.916702270507812, 1.4331587553024292, 0.0
25.808085441589355, 0.506016194820404, 0.07544755935668945, 13.173796653747559, 19.03533935546875, 1.4331587553024292, 0.0
25.818057775497437, 0.504008412361145, 0.022305382415652275, 13.210296630859375, 19.683202743530273, 1.4331587553024292, 0.0
25.828061819076538, 0.49999284744262695, -0.022305382415652275, 13.173796653747559, 17.404874801635742, 1.4331587553024292, 0.0
25.838056564331055, 0.4959773123264313, -0.08922815322875977, 13.027787208557129, 13.705253601074219, 1.4331587553024292, 0.0
25.848058462142944, 0.4919617474079132, -0.15615755319595337, 12.764714241027832, 8.4075927734375, 1.4332002401351929, 0.0
25.858060836791992, 0.48794621229171753, -0.18070340156555176, 12.436161994934082, 2.144145965576172, 1.4332002401351929, 0.0
25.86804485321045, 0.48393064737319946, -0.24093687534332275, 11.998095512390137, -4.614830017089844, 1.4332002401351929, 0.0
25.878052473068237, 0.4749493896961212, -0.3674924373626709, 11.396743774414062, -14.440324783325195, 1.4332002401351929, 0.0
25.888066053390503, 0.4749493896961212, -0.33074915409088135, 10.795381546020508, -21.091842651367188, 1.4332002401351929, 0.0
25.89806604385376, 0.47348520159721375, -0.3614591360092163, 10.203903198242188, -31.47464370727539, 1.4332002401351929, 0.0
25.908063411712646, 0.47015777230262756, -0.39843055605888367, 9.559469223022461, -40.159332275390625, 1.4331587553024292, 0.0
25.918068647384644, 0.4648765027523041, -0.434796005487442, 8.847984313964844, -48.469966888427734, 1.4331587553024292, 0.0
25.92806577682495, 0.4601038098335266, -0.39888322353363037, 8.12274169921875, -50.510597229003906, 1.4331587553024292, 0.0
25.9380521774292, 0.45368731021881104, -0.469896525144577, 7.35382080078125, -63.04401779174805, 1.4331587553024292, 0.0
25.948050022125244, 0.45035070180892944, -0.4161059856414795, 6.602379322052002, -61.623382568359375, 1.4331306219100952, 0.0
25.958059787750244, 0.44779154658317566, -0.4461672604084015, 5.872287750244141, -72.93192291259766, 1.4331306219100952, 0.0
25.968072175979614, 0.44637054204940796, -0.375598669052124, 5.189380645751953, -68.08719635009766, 1.4331306219100952, 0.0
25.97805619239807, 0.44637054204940796, -0.31754374504089355, 4.664648532867432, -74.80101776123047, 1.4331587553024292, 0.0
25.988059759140015, 0.4446984827518463, -0.33612051606178284, 4.114633083343506, -74.2305679321289, 1.4331587553024292, 0.0
25.998064279556274, 0.44107866287231445, -0.3240644931793213, 3.5254251956939697, -66.78475952148438, 1.4331587553024292, 0.0
26.008067846298218, 0.4361438751220703, -0.3779298663139343, 2.899451732635498, -74.00019836425781, 1.4332002401351929, 0.0
