7.739352464675903, 1.5056250095367432, 0.0, 173.74998474121094, 0.0, 1.4331587553024292, 0.0
7.748969078063965, 1.5056250095367432, 0.0, 194.99383544921875, 236.04159545898438, 1.4331587553024292, 0.0
7.758970499038696, 1.5056250095367432, 0.0, 194.99383544921875, 212.43896484375, 1.4331587553024292, 0.0
7.768953800201416, 1.5056250095367432, 0.0, 194.99383544921875, 212.43896484375, 1.4331587553024292, 0.0
7.778985261917114, 1.5056250095367432, 0.0, 194.99383544921875, 236.0432891845703, 1.4331587553024292, 0.0
7.788959741592407, 1.5056250095367432, 0.0, 194.99383544921875, 212.43896484375, 1.4331587553024292, 0.0
7.798980951309204, 1.5056250095367432, 0.0, 194.99383544921875, 236.0432891845703, 1.4331587553024292, 0.0
7.809162378311157, 1.5056250095367432, 0.0, 194.99383544921875, 212.43896484375, 1.4331587553024292, 0.0
7.818969011306763, 1.5056250095367432, 0.0, 194.99383544921875, 236.0432891845703, 1.4331587553024292, 0.0
7.828969955444336, 1.5056250095367432, 0.0, 194.99383544921875, 236.0432891845703, 1.4331587553024292, 0.0
7.838958263397217, 1.5056250095367432, 0.0, 194.99383544921875, 236.04159545898438, 1.4331587553024292, 0.0
7.849189043045044, 1.5056250095367432, 0.0, 194.99383544921875, 0.0, 1.4331587553024292, 0.0
7.858970642089844, 1.5056250095367432, 0.0, 194.99383544921875, 0.0, 1.4331587553024292, 0.0
7.8689799308776855, 1.5056250095367432, 0.0, 194.99383544921875, 0.0, 1.4331587553024292, 0.0
7.878964900970459, 1.5056250095367432, 0.0, 194.99383544921875, 0.0, 1.4331587553024292, 0.0
7.88896918296814, 1.5056250095367432, 0.0, 194.99383544921875, 0.0, 1.4331587553024292, 0.0
7.898954153060913, 1.5056250095367432, 0.0, 194.99383544921875, 0.0, 1.4331587553024292, 0.0
7.908970594406128, 1.5056250095367432, 0.0, 194.99383544921875, 0.0, 1.4331587553024292, 0.0
7.918979167938232, 1.5056250095367432, 0.0, 194.99383544921875, 0.0, 1.4331587553024292, 0.0
7.928969383239746, 1.5056250095367432, 0.0, 194.99383544921875, 0.0, 1.4331587553024292, 0.0
7.938957214355469, 1.5056250095367432, 0.0, 194.99383544921875, 0.0, 1.4331587553024292, 0.0
7.948981761932373, 1.5056250095367432, 0.0, 194.99383544921875, 0.0, 1.4331587553024292, 0.0
7.958985090255737, 1.5056250095367432, 0.0, 194.99383544921875, 0.0, 1.4331587553024292, 0.0
7.968978404998779, 1.5056250095367432, 0.0, 194.99383544921875, 0.0, 1.4331587553024292, 0.0
7.978965520858765, 1.5056250095367432, 0.0, 194.99383544921875, 0.0, 1.4331587553024292, 0.0
7.988970518112183, 1.5056250095367432, 0.0, 194.99383544921875, 0.0, 1.4331587553024292, 0.0
7.998966932296753, 1.5056250095367432, 0.0, 194.99383544921875, 0.0, 1.4331587553024292, 0.0
8.008975744247437, 1.5056250095367432, 0.0, 194.99383544921875, 0.0, 1.4331587553024292, 0.0
8.018968343734741, 1.5056250095367432, 0.0, 194.99383544921875, 0.0, 1.4331587553024292, 0.0
8.028959274291992, 1.5056250095367432, 0.0, 194.99383544921875, 0.0, 1.4331587553024292, 0.0
8.039017677307129, 1.5056250095367432, 0.0, 194.99383544921875, 0.0, 1.4331587553024292, 0.0
8.048991203308105, 1.5056250095367432, 0.0, 194.99383544921875, 0.0, 1.4331587553024292, 0.0
8.058977127075195, 1.5056250095367432, 0.0, 194.99383544921875, 0.0, 1.4331587553024292, 0.0
8.068978071212769, 1.5056250095367432, 0.0, 194.99383544921875, 0.0, 1.4331587553024292, 0.0
8.07899260520935, 1.5056250095367432, 0.0, 194.99383544921875, 0.0, 1.4331587553024292, 0.0
8.088968992233276, 1.5056250095367432, 0.0, 194.99383544921875, 0.0, 1.4331587553024292, 0.0
8.098973274230957, 1.5056250095367432, 0.0, 194.99383544921875, 0.0, 1.4331587553024292, 0.0
8.109184265136719, 1.5056250095367432, 0.0, 194.99383544921875, 0.0, 1.4331587553024292, 0.0
8.118995428085327, 1.5056250095367432, 0.0, 194.99383544921875, 0.0, 1.4331587553024292, 0.0
8.128987550735474, 1.5056250095367432, 0.0, 194.99383544921875, 0.0, 1.4331587553024292, 0.0
8.138975381851196, 1.5056250095367432, 0.0, 194.99383544921875, 0.0, 1.4331587553024292, 0.0
8.149005651473999, 1.5056250095367432, 0.0, 194.99383544921875, 0.0, 1.4331587553024292, 0.0
8.159119606018066, 1.5056250095367432, 0.0, 194.99383544921875, 0.0, 1.4331587553024292, 0.0
8.168983459472656, 1.5056250095367432, 0.0, 194.99383544921875, 0.0, 1.4331587553024292, 0.0
8.178997993469238, 1.5056250095367432, 0.0, 194.99383544921875, 0.0, 1.4331587553024292, 0.0
8.188998222351074, 1.5056250095367432, 0.0, 194.99383544921875, 0.0, 1.4331587553024292, 0.0
8.199020385742188, 1.5056250095367432, 0.0, 194.99383544921875, 0.0, 1.4331587553024292, 0.0
8.208971977233887, 1.5056250095367432, 0.0, 194.99383544921875, 0.0, 1.4331587553024292, 0.0
8.21896743774414, 1.5056250095367432, 0.0, 194.99383544921875, 0.0, 1.4331587553024292, 0.0
8.228973627090454, 1.5056250095367432, 0.0, 194.99383544921875, 0.0, 1.4331587553024292, 0.0
8.238914728164673, 1.5056250095367432, 0.0, 194.99383544921875, 0.0, 1.4331587553024292, 0.0
8.248958826065063, 1.5056250095367432, 0.0, 194.99383544921875, 0.0, 1.4331587553024292, 0.0
8.258972883224487, 1.5056250095367432, 0.0, 194.99383544921875, 0.0, 1.4331587553024292, 0.0
8.268996477127075, 1.5056250095367432, 0.0, 194.99383544921875, 0.0, 1.4331587553024292, 0.0
8.278986692428589, 1.5056250095367432, 0.0, 194.99383544921875, 0.0, 1.4331587553024292, 0.0
8.288984775543213, 1.5056250095367432, 0.0, 194.99383544921875, 0.0, 1.4331587553024292, 0.0
8.298978090286255, 1.5056250095367432, 0.0, 194.99383544921875, 0.0, 1.4331587553024292, 0.0
8.308975219726562, 1.5056250095367432, 0.0, 194.99383544921875, 0.0, 1.4331587553024292, 0.0
8.318965673446655, 1.5056250095367432, 0.0, 194.99383544921875, 0.0, 1.4331587553024292, 0.0
8.32898497581482, 1.5056250095367432, 0.0, 194.99383544921875, 0.0, 1.4331587553024292, 0.0
8.338980436325073, 1.5056250095367432, 0.0, 194.99383544921875, 0.0, 1.4331587553024292, 0.0
8.348998546600342, 1.5056250095367432, 0.0, 194.99383544921875, 0.0, 1.4331587553024292, 0.0
8.359001398086548, 1.5056250095367432, 0.0, 194.99383544921875, 0.0, 1.4331587553024292, 0.0
8.369072675704956, 1.5056250095367432, 0.0, 194.99383544921875, 0.0, 1.4331587553024292, 0.0
8.378985404968262, 1.5056250095367432, 0.0, 194.99383544921875, 0.0, 1.4331587553024292, 0.0
8.389001846313477, 1.5056250095367432, 0.0, 194.99383544921875, 0.0, 1.4331587553024292, 0.0
8.398982763290405, 1.5056250095367432, 0.0, 194.99383544921875, 0.0, 1.4331587553024292, 0.0
8.40898084640503, 1.5056250095367432, 0.0, 194.99383544921875, 0.0, 1.4331587553024292, 0.0
8.41898488998413, 1.5056250095367432, 0.0, 194.99383544921875, 0.0, 1.4331587553024292, 0.0
8.428968667984009, 1.5056250095367432, 0.0, 194.99383544921875, 0.0, 1.4331587553024292, 0.0
8.438966512680054, 1.5056250095367432, 0.0, 194.99383544921875, 0.0, 1.4331587553024292, 0.0
8.44896149635315, 1.5056250095367432, 0.0, 194.99383544921875, 0.0, 1.4331587553024292, 0.0
8.461773872375488, 1.5056250095367432, 0.0, 194.99383544921875, 0.0, 1.4331587553024292, 0.0
8.468987703323364, 1.5056250095367432, 0.0, 194.99383544921875, 0.0, 1.4331587553024292, 0.0
8.478952884674072, 1.5056250095367432, 0.0, 194.99383544921875, 0.0, 1.4331587553024292, 0.0
8.488962650299072, 1.5056250095367432, 0.0, 194.99383544921875, 0.0, 1.4331587553024292, 0.0
8.499046087265015, 1.5056250095367432, 0.0, 194.99383544921875, 0.0, 1.4331587553024292, 0.0
8.508993148803711, 1.5056250095367432, 0.0, 194.99383544921875, 0.0, 1.4331587553024292, 0.0
8.518973588943481, 1.5056250095367432, 0.0, 194.99383544921875, 0.0, 1.4331587553024292, 0.0
8.528957843780518, 1.5056250095367432, 0.0, 194.99383544921875, 0.0, 1.4331587553024292, 0.0
8.538959980010986, 1.5056250095367432, 0.0, 194.99383544921875, 0.0, 1.4331587553024292, 0.0
8.550664186477661, 1.5056250095367432, 0.0, 194.99383544921875, 0.0, 1.4331587553024292, 0.0
8.558992624282837, 1.5056250095367432, 0.0, 194.99383544921875, 0.0, 1.4331587553024292, 0.0
8.56903624534607, 1.5056250095367432, 0.0, 194.99383544921875, 0.0, 1.4331587553024292, 0.0
8.57901644706726, 1.5056250095367432, 0.0, 194.99383544921875, 0.0, 1.4331587553024292, 0.0
8.588927268981934, 1.5056250095367432, 0.0, 194.99383544921875, 0.0, 1.4331587553024292, 0.0
