7.370612859725952, 1.5499999523162842, 0.0, 203.0620574951172, 212.43896484375, 1.4331587553024292, 0.0
7.380619287490845, 1.5499999523162842, 0.0, 203.0620574951172, 236.04159545898438, 1.4331587553024292, 0.0
7.390620708465576, 1.5499999523162842, 0.0, 203.0620574951172, 212.43743896484375, 1.4331587553024292, 0.0
7.400619745254517, 1.5499999523162842, 0.0, 203.0620574951172, 236.04159545898438, 1.4331587553024292, 0.0
7.410615921020508, 1.5499999523162842, 0.0, 203.0620574951172, 236.04159545898438, 1.4331587553024292, 0.0
7.420618295669556, 1.5499999523162842, 0.0, 203.0620574951172, 212.43896484375, 1.4331587553024292, 0.0
7.430605888366699, 1.5499999523162842, 0.0, 203.0620574951172, 212.43896484375, 1.4331587553024292, 0.0
7.440615177154541, 1.5499999523162842, 0.0, 203.0620574951172, 236.0432891845703, 1.4331587553024292, 0.0
7.450629711151123, 1.5499999523162842, 0.0, 203.0620574951172, 212.43896484375, 1.4331587553024292, 0.0
7.460606098175049, 1.5499999523162842, 0.0, 203.0620574951172, 236.0432891845703, 1.4331587553024292, 0.0
7.4706130027771, 1.5499999523162842, 0.0, 203.0620574951172, 0.0, 1.4331587553024292, 0.0
7.480623483657837, 1.5499999523162842, 0.0, 203.0620574951172, 0.0, 1.4331587553024292, 0.0
7.49061131477356, 1.5499999523162842, 0.0, 203.0620574951172, 0.0, 1.4331587553024292, 0.0
7.500611782073975, 1.5499999523162842, 0.0, 203.0620574951172, 0.0, 1.4331587553024292, 0.0
7.510595321655273, 1.5499999523162842, 0.0, 203.0620574951172, 0.0, 1.4331587553024292, 0.0
7.520617246627808, 1.5499999523162842, 0.0, 203.0620574951172, 0.0, 1.4331587553024292, 0.0
7.530623435974121, 1.5499999523162842, 0.0, 203.0620574951172, 0.0, 1.4331587553024292, 0.0
7.540604829788208, 1.5499999523162842, 0.0, 203.0620574951172, 0.0, 1.4331587553024292, 0.0
7.551753520965576, 1.5499999523162842, 0.0, 203.0620574951172, 0.0, 1.4331587553024292, 0.0
7.560689449310303, 1.5499999523162842, 0.0, 203.0620574951172, 0.0, 1.4331587553024292, 0.0
7.571894645690918, 1.5499999523162842, 0.0, 203.0620574951172, 0.0, 1.4331587553024292, 0.0
7.580806255340576, 1.5499999523162842, 0.0, 203.0620574951172, 0.0, 1.4331587553024292, 0.0
7.5906195640563965, 1.5499999523162842, 0.0, 203.0620574951172, 0.0, 1.4331587553024292, 0.0
7.600622653961182, 1.5499999523162842, 0.0, 203.0620574951172, 0.0, 1.4331587553024292, 0.0
7.610681056976318, 1.5499999523162842, 0.0, 203.0620574951172, 0.0, 1.4331587553024292, 0.0
7.621559381484985, 1.5499999523162842, 0.0, 203.0620574951172, 0.0, 1.4331587553024292, 0.0
7.63068699836731, 1.5499999523162842, 0.0, 203.0620574951172, 0.0, 1.4331587553024292, 0.0
7.6406145095825195, 1.5499999523162842, 0.0, 203.0620574951172, 0.0, 1.4331587553024292, 0.0
7.650633096694946, 1.5499999523162842, 0.0, 203.0620574951172, 0.0, 1.4331587553024292, 0.0
7.660604000091553, 1.5499999523162842, 0.0, 203.0620574951172, 0.0, 1.4331587553024292, 0.0
7.6705992221832275, 1.5499999523162842, 0.0, 203.0620574951172, 0.0, 1.4331587553024292, 0.0
7.681534051895142, 1.5499999523162842, 0.0, 203.0620574951172, 0.0, 1.4331587553024292, 0.0
7.690614938735962, 1.5499999523162842, 0.0, 203.0620574951172, 0.0, 1.4331587553024292, 0.0
7.700620174407959, 1.5499999523162842, 0.0, 203.0620574951172, 0.0, 1.4331587553024292, 0.0
7.710602760314941, 1.5499999523162842, 0.0, 203.0620574951172, 0.0, 1.4331587553024292, 0.0
7.720601320266724, 1.5499999523162842, 0.0, 203.0620574951172, 0.0, 1.4331587553024292, 0.0
7.730618476867676, 1.5499999523162842, 0.0, 203.0620574951172, 0.0, 1.4331587553024292, 0.0
7.740611553192139, 1.5499999523162842, 0.0, 203.0620574951172, 0.0, 1.4331587553024292, 0.0
7.7506115436553955, 1.5499999523162842, 0.0, 203.0620574951172, 0.0, 1.4331587553024292, 0.0
7.760625600814819, 1.5499999523162842, 0.0, 203.0620574951172, 0.0, 1.4331587553024292, 0.0
7.770601511001587, 1.5499999523162842, 0.0, 203.0620574951172, 0.0, 1.4331587553024292, 0.0
7.780605316162109, 1.5499999523162842, 0.0, 203.0620574951172, 0.0, 1.4331587553024292, 0.0
7.790602684020996, 1.5499999523162842, 0.0, 203.0620574951172, 0.0, 1.4331587553024292, 0.0
7.80061674118042, 1.5499999523162842, 0.0, 203.0620574951172, 0.0, 1.4331587553024292, 0.0
7.810612678527832, 1.5499999523162842, 0.0, 203.0620574951172, 0.0, 1.4331587553024292, 0.0
7.820607423782349, 1.5499999523162842, 0.0, 203.0620574951172, 0.0, 1.4331587553024292, 0.0
7.830620050430298, 1.5499999523162842, 0.0, 203.0620574951172, 0.0, 1.4331587553024292, 0.0
7.840607643127441, 1.5499999523162842, 0.0, 203.0620574951172, 0.0, 1.4331587553024292, 0.0
7.850645542144775, 1.5499999523162842, 0.0, 203.0620574951172, 0.0, 1.4331587553024292, 0.0
7.860621452331543, 1.5499999523162842, 0.0, 203.0620574951172, 0.0, 1.4331587553024292, 0.0
7.870603322982788, 1.5499999523162842, 0.0, 203.0620574951172, 0.0, 1.4331587553024292, 0.0
7.880602121353149, 1.5499999523162842, 0.0, 203.0620574951172, 0.0, 1.4331587553024292, 0.0
7.89059591293335, 1.5499999523162842, 0.0, 203.0620574951172, 0.0, 1.4331587553024292, 0.0
7.900594234466553, 1.5499999523162842, 0.0, 203.0620574951172, 0.0, 1.4331587553024292, 0.0
7.91059684753418, 1.5499999523162842, 0.0, 203.0620574951172, 0.0, 1.4331587553024292, 0.0
7.92060399055481, 1.5499999523162842, 0.0, 203.0620574951172, 0.0, 1.4331587553024292, 0.0
7.930608034133911, 1.5499999523162842, 0.0, 203.0620574951172, 0.0, 1.4331587553024292, 0.0
7.940607070922852, 1.5499999523162842, 0.0, 203.0620574951172, 0.0, 1.4331587553024292, 0.0
7.9505956172943115, 1.5499999523162842, 0.0, 203.0620574951172, 0.0, 1.4331587553024292, 0.0
7.960596323013306, 1.5499999523162842, 0.0, 203.0620574951172, 0.0, 1.4331587553024292, 0.0
7.970604419708252, 1.5499999523162842, 0.0, 203.0620574951172, 0.0, 1.4331587553024292, 0.0
7.980615854263306, 1.5499999523162842, 0.0, 203.0620574951172, 0.0, 1.4331587553024292, 0.0
7.990610599517822, 1.5499999523162842, 0.0, 203.0620574951172, 0.0, 1.4331587553024292, 0.0
8.00060749053955, 1.5499999523162842, 0.0, 203.0620574951172, 0.0, 1.4331587553024292, 0.0
8.010613441467285, 1.5499999523162842, 0.0, 203.0620574951172, 0.0, 1.4331587553024292, 0.0
8.020612955093384, 1.5499999523162842, 0.0, 203.0620574951172, 0.0, 1.4331587553024292, 0.0
8.030604124069214, 1.5499999523162842, 0.0, 203.0620574951172, 0.0, 1.4331587553024292, 0.0
8.040597438812256, 1.5499999523162842, 0.0, 203.0620574951172, 0.0, 1.4331587553024292, 0.0
8.050611019134521, 1.5499999523162842, 0.0, 203.0620574951172, 0.0, 1.4331587553024292, 0.0
8.060596704483032, 1.5499999523162842, 0.0, 203.0620574951172, 0.0, 1.4331587553024292, 0.0
8.0706045627594, 1.5499999523162842, 0.0, 203.0620574951172, 0.0, 1.4331587553024292, 0.0
8.08060622215271, 1.5499999523162842, 0.0, 203.0620574951172, 0.0, 1.4331587553024292, 0.0
8.09061336517334, 1.5499999523162842, 0.0, 203.0620574951172, 0.0, 1.4331587553024292, 0.0
8.100610494613647, 1.5499999523162842, 0.0, 203.0620574951172, 0.0, 1.4331587553024292, 0.0
8.110602617263794, 1.5499999523162842, 0.0, 203.0620574951172, 0.0, 1.4331587553024292, 0.0
8.120611190795898, 1.5499999523162842, 0.0, 203.0620574951172, 0.0, 1.4331587553024292, 0.0
8.130600214004517, 1.5499999523162842, 0.0, 203.0620574951172, 0.0, 1.4331587553024292, 0.0
8.140582799911499, 1.5499999523162842, 0.0, 203.0620574951172, 0.0, 1.4331587553024292, 0.0
8.150611400604248, 1.5499999523162842, 0.0, 203.0620574951172, 0.0, 1.4331587553024292, 0.0
8.160655736923218, 1.5499999523162842, 0.0, 203.0620574951172, 0.0, 1.4331587553024292, 0.0
8.170615196228027, 1.5499999523162842, 0.0, 203.0620574951172, 0.0, 1.4331587553024292, 0.0
8.180613994598389, 1.5499999523162842, 0.0, 203.0620574951172, 0.0, 1.4331587553024292, 0.0
8.190616846084595, 1.5499999523162842, 0.0, 203.0620574951172, 0.0, 1.4331587553024292, 0.0
8.200609922409058, 1.5499999523162842, 0.0, 203.0620574951172, 0.0, 1.4331587553024292, 0.0
8.210612535476685, 1.5499999523162842, 0.0, 203.0620574951172, 0.0, 1.4331587553024292, 0.0
8.220613241195679, 1.5499999523162842, 0.0, 203.0620574951172, 0.0, 1.4331587553024292, 0.0
8.230611562728882, 1.5499999523162842, 0.0, 203.0620574951172, 0.0, 1.4331587553024292, 0.0
8.240630388259888, 1.5499999523162842, 0.0, 203.0620574951172, 0.0, 1.4331587553024292, 0.0
8.250606536865234, 1.5499999523162842, 0.0, 203.0620574951172, 0.0, 1.4331587553024292, 0.0
8.260616302490234, 1.5499999523162842, 0.0, 203.0620574951172, 0.0, 1.4331587553024292, 0.0
8.270610570907593, 1.5499999523162842, 0.0, 203.0620574951172, 0.0, 1.4331587553024292, 0.0
8.28060007095337, 1.5499999523162842, 0.0, 203.0620574951172, 0.0, 1.4331587553024292, 0.0
8.290602684020996, 1.5499999523162842, 0.0, 203.0620574951172, 0.0, 1.4331587553024292, 0.0
8.300633907318115, 1.5499999523162842, 0.0, 203.0620574951172, 0.0, 1.4331587553024292, 0.0
8.310622215270996, 1.5499999523162842, 0.0, 203.0620574951172, 0.0, 1.4331587553024292, 0.0
8.320620775222778, 1.5499999523162842, 0.0, 203.0620574951172, 0.0, 1.4331587553024292, 0.0
8.330612897872925, 1.5499999523162842, 0.0, 203.0620574951172, 0.0, 1.4331587553024292, 0.0
8.340630769729614, 1.5499999523162842, 0.0, 203.0620574951172, 0.0, 1.4331587553024292, 0.0
8.350645303726196, 1.5499999523162842, 0.0, 203.0620574951172, 0.0, 1.4331587553024292, 0.0
8.360626220703125, 1.5499999523162842, 0.0, 203.0620574951172, 0.0, 1.4331587553024292, 0.0
8.370605707168579, 1.5499999523162842, 0.0, 203.0620574951172, 0.0, 1.4331587553024292, 0.0
8.380600690841675, 1.5499999523162842, 0.0, 203.0620574951172, 0.0, 1.4331587553024292, 0.0
8.390617847442627, 1.5499999523162842, 0.0, 203.0620574951172, 0.0, 1.4331587553024292, 0.0
8.400643110275269, 1.5499999523162842, 0.0, 203.0620574951172, 0.0, 1.4331587553024292, 0.0
8.410629272460938, 1.5499999523162842, 0.0, 203.0620574951172, 0.0, 1.4331587553024292, 0.0
8.420632123947144, 1.5499999523162842, 0.0, 203.0620574951172, 0.0, 1.4331587553024292, 0.0
8.430641412734985, 1.5499999523162842, 0.0, 203.0620574951172, 0.0, 1.4331587553024292, 0.0
8.440621614456177, 1.5499999523162842, 0.0, 203.0620574951172, 0.0, 1.4331587553024292, 0.0
8.450610876083374, 1.5499999523162842, 0.0, 203.0620574951172, 0.0, 1.4331587553024292, 0.0
8.46062183380127, 1.5499999523162842, 0.0, 203.0620574951172, 0.0, 1.4331587553024292, 0.0
8.470609426498413, 1.5499999523162842, 0.0, 203.0620574951172, 0.0, 1.4331587553024292, 0.0
8.480620861053467, 1.5499999523162842, 0.0, 203.0620574951172, 0.0, 1.4331587553024292, 0.0
8.490615367889404, 1.5499999523162842, 0.0, 203.0620574951172, 0.0, 1.4331587553024292, 0.0
8.50060248374939, 1.5499999523162842, 0.0, 203.0620574951172, 0.0, 1.4331587553024292, 0.0
8.510607481002808, 1.5499999523162842, 0.0, 203.0620574951172, 0.0, 1.4331587553024292, 0.0
8.520609855651855, 1.5499999523162842, 0.0, 203.0620574951172, 0.0, 1.4331587553024292, 0.0
8.530627727508545, 1.5499999523162842, 0.0, 203.0620574951172, 0.0, 1.4331587553024292, 0.0
8.54076862335205, 1.5499999523162842, 0.0, 203.0620574951172, 0.0, 1.4331587553024292, 0.0
8.550614833831787, 1.5499999523162842, 0.0, 203.0620574951172, 0.0, 1.4331587553024292, 0.0
8.560614824295044, 1.5499999523162842, 0.0, 203.0620574951172, 0.0, 1.4331587553024292, 0.0
8.570590019226074, 1.5499999523162842, 0.0, 203.0620574951172, 0.0, 1.4331587553024292, 0.0
8.580626487731934, 1.5499999523162842, 0.0, 203.0620574951172, 0.0, 1.4331587553024292, 0.0
8.590603113174438, 1.5499999523162842, 0.0, 203.0620574951172, 0.0, 1.4331587553024292, 0.0
8.600612163543701, 1.5499999523162842, 0.0, 203.0620574951172, 0.0, 1.4331587553024292, 0.0
8.61060905456543, 1.5499999523162842, 0.0, 203.0620574951172, 0.0, 1.4331587553024292, 0.0
8.620622396469116, 1.5499999523162842, 0.0, 203.0620574951172, 0.0, 1.4331587553024292, 0.0
8.630626201629639, 1.5499999523162842, 0.0, 203.0620574951172, 0.0, 1.4331587553024292, 0.0
8.640607357025146, 1.5499999523162842, 0.0, 203.0620574951172, 0.0, 1.4331587553024292, 0.0
8.650635004043579, 1.5499999523162842, 0.0, 203.0620574951172, 0.0, 1.4331587553024292, 0.0
8.660616159439087, 1.5499999523162842, 0.0, 203.0620574951172, 0.0, 1.4331587553024292, 0.0
8.670624494552612, 1.5499999523162842, 0.0, 203.0620574951172, 0.0, 1.4331587553024292, 0.0
8.680641174316406, 1.5499999523162842, 0.0, 203.0620574951172, 0.0, 1.4331587553024292, 0.0
8.690619707107544, 1.5036791563034058, -0.514679491519928, 202.2198486328125, -9.358723640441895, 1.4331587553024292, 0.0
8.700610637664795, 1.5036791563034058, -0.5146662592887878, 201.37767028808594, -18.71405792236328, 1.4331587553024292, 0.0
8.710614442825317, 1.5036791563034058, -0.4632115364074707, 200.5354766845703, -25.2655029296875, 1.4331587553024292, 0.0
8.72061800956726, 1.5036791563034058, -0.514679491519928, 199.69326782226562, -37.4298095703125, 1.4331587553024292, 0.0
8.730618953704834, 1.5036791563034058, -0.4632115364074707, 198.85105895996094, -42.10968017578125, 1.4331587553024292, 0.0
8.740609169006348, 1.5036791563034058, -0.4632115364074707, 198.0088653564453, -50.53253173828125, 1.4331587553024292, 0.0
8.750598907470703, 1.5036791563034058, -0.5146662592887878, 197.16668701171875, -65.50428771972656, 1.4331587553024292, 0.0
8.760607242584229, 1.5036791563034058, -0.4632115364074707, 196.32447814941406, -67.37518310546875, 1.4331587553024292, 0.0
8.770649909973145, 1.5036791563034058, -0.4632115364074707, 195.48226928710938, -75.7965087890625, 1.4331587553024292, 0.0
8.780644416809082, 1.5036791563034058, -0.514679491519928, 194.64007568359375, -93.57876586914062, 1.4331587553024292, 0.0
8.790615558624268, 1.5036791563034058, 0.0, 194.64007568359375, -84.22003936767578, 1.4331587553024292, 0.0
8.800594806671143, 1.5036791563034058, 0.0, 194.64007568359375, -67.37518310546875, 1.4331587553024292, 0.0
8.810604572296143, 1.5036791563034058, 0.0, 194.64007568359375, -58.95233154296875, 1.4331587553024292, 0.0
8.820590019226074, 1.5036791563034058, 0.0, 194.64007568359375, -56.14725875854492, 1.4331587553024292, 0.0
8.830640077590942, 1.5036791563034058, 0.0, 194.64007568359375, -42.10968017578125, 1.4331587553024292, 0.0
8.840612888336182, 1.5036791563034058, 0.0, 194.64007568359375, -37.43150329589844, 1.4331587553024292, 0.0
8.850608110427856, 1.5036791563034058, 0.0, 194.64007568359375, -28.07447624206543, 1.4331587553024292, 0.0
8.86061716079712, 1.5036791563034058, 0.0, 194.64007568359375, -16.8426513671875, 1.4331587553024292, 0.0
8.870631217956543, 1.5036791563034058, 0.0, 194.64007568359375, -8.4228515625, 1.4331587553024292, 0.0
8.88059663772583, 1.5036791563034058, 0.0, 194.64007568359375, 0.0, 1.4331587553024292, 0.0
8.890606164932251, 1.5036791563034058, 0.0, 194.64007568359375, 0.0, 1.4331587553024292, 0.0
8.900604724884033, 1.5036791563034058, 0.0, 194.64007568359375, 0.0, 1.4331587553024292, 0.0
8.910613775253296, 1.5036791563034058, 0.0, 194.64007568359375, 0.0, 1.4331587553024292, 0.0
8.92060661315918, 1.5036791563034058, 0.0, 194.64007568359375, 0.0, 1.4331587553024292, 0.0
8.930607557296753, 1.5036791563034058, 0.0, 194.64007568359375, 0.0, 1.4331587553024292, 0.0
8.940607070922852, 1.5036791563034058, 0.0, 194.64007568359375, 0.0, 1.4331587553024292, 0.0
8.950628995895386, 1.5036791563034058, 0.0, 194.64007568359375, 0.0, 1.4331587553024292, 0.0
8.960611820220947, 1.5036791563034058, 0.0, 194.64007568359375, 0.0, 1.4331587553024292, 0.0
8.970614433288574, 1.5036791563034058, 0.0, 194.64007568359375, 0.0, 1.4331587553024292, 0.0
8.980623722076416, 1.5036791563034058, 0.0, 194.64007568359375, 0.0, 1.4331587553024292, 0.0
8.990639448165894, 1.5036791563034058, 0.0, 194.64007568359375, 0.0, 1.4331587553024292, 0.0
9.000652551651001, 1.5036791563034058, 0.0, 194.64007568359375, 0.0, 1.4331587553024292, 0.0
9.010644674301147, 1.5036791563034058, 0.0, 194.64007568359375, 0.0, 1.4331587553024292, 0.0
9.02066946029663, 1.5036791563034058, 0.0, 194.64007568359375, 0.0, 1.4331587553024292, 0.0
9.030603408813477, 1.5036791563034058, 0.0, 194.64007568359375, 0.0, 1.4331587553024292, 0.0
9.040642499923706, 1.5036791563034058, 0.0, 194.64007568359375, 0.0, 1.4331587553024292, 0.0
9.050607204437256, 1.5036791563034058, 0.0, 194.64007568359375, 0.0, 1.4331587553024292, 0.0
9.060637712478638, 1.5036791563034058, 0.0, 194.64007568359375, 0.0, 1.4331587553024292, 0.0
9.070607423782349, 1.5036791563034058, 0.0, 194.64007568359375, 0.0, 1.4331587553024292, 0.0
9.080615758895874, 1.5036791563034058, 0.0, 194.64007568359375, 0.0, 1.4331587553024292, 0.0
9.090604066848755, 1.5036791563034058, 0.0, 194.64007568359375, 0.0, 1.4331587553024292, 0.0
9.100603818893433, 1.5036791563034058, 0.0, 194.64007568359375, 0.0, 1.4331587553024292, 0.0
9.110604286193848, 1.5036791563034058, 0.0, 194.64007568359375, 0.0, 1.4331587553024292, 0.0
9.120617389678955, 1.5036791563034058, 0.0, 194.64007568359375, 0.0, 1.4331587553024292, 0.0
9.130614042282104, 1.5036791563034058, 0.0, 194.64007568359375, 0.0, 1.4331587553024292, 0.0
9.140618801116943, 1.5036791563034058, 0.0, 194.64007568359375, 0.0, 1.4331587553024292, 0.0
9.150627613067627, 1.5036791563034058, 0.0, 194.64007568359375, 0.0, 1.4331587553024292, 0.0
9.160614252090454, 1.5036791563034058, 0.0, 194.64007568359375, 0.0, 1.4331587553024292, 0.0
9.170605897903442, 1.5036791563034058, 0.0, 194.64007568359375, 0.0, 1.4331587553024292, 0.0
9.180588722229004, 1.5036791563034058, 0.0, 194.64007568359375, 0.0, 1.4331587553024292, 0.0
9.190602779388428, 1.5036791563034058, 0.0, 194.64007568359375, 0.0, 1.4331587553024292, 0.0
9.2006196975708, 1.5036791563034058, 0.0, 194.64007568359375, 0.0, 1.4331587553024292, 0.0
9.210611343383789, 1.5036791563034058, 0.0, 194.64007568359375, 0.0, 1.4331587553024292, 0.0
9.220604181289673, 1.5036791563034058, 0.0, 194.64007568359375, 0.0, 1.4331587553024292, 0.0
9.230632781982422, 1.5036791563034058, 0.0, 194.64007568359375, 0.0, 1.4331587553024292, 0.0
9.240620613098145, 1.5036791563034058, 0.0, 194.64007568359375, 0.0, 1.4331587553024292, 0.0
9.250615119934082, 1.5036791563034058, 0.0, 194.64007568359375, 0.0, 1.4331587553024292, 0.0
9.260608196258545, 1.5036791563034058, 0.0, 194.64007568359375, 0.0, 1.4331587553024292, 0.0
9.270616292953491, 1.5036791563034058, 0.0, 194.64007568359375, 0.0, 1.4331587553024292, 0.0
9.280616044998169, 1.5036791563034058, 0.0, 194.64007568359375, 0.0, 1.4331587553024292, 0.0
9.29062008857727, 1.5036791563034058, 0.0, 194.64007568359375, 0.0, 1.4331587553024292, 0.0
9.30062460899353, 1.5036791563034058, 0.0, 194.64007568359375, 0.0, 1.4331587553024292, 0.0
9.310614109039307, 1.5036791563034058, 0.0, 194.64007568359375, 0.0, 1.4331587553024292, 0.0
9.320615291595459, 1.5036791563034058, 0.0, 194.64007568359375, 0.0, 1.4331587553024292, 0.0
9.330609321594238, 1.5036791563034058, 0.0, 194.64007568359375, 0.0, 1.4331587553024292, 0.0
9.340606451034546, 1.5036791563034058, 0.0, 194.64007568359375, 0.0, 1.4331587553024292, 0.0
9.350767374038696, 1.5036791563034058, 0.0, 194.64007568359375, 0.0, 1.4331587553024292, 0.0
9.360607385635376, 1.5036791563034058, 0.0, 194.64007568359375, 0.0, 1.4331587553024292, 0.0
9.37061071395874, 1.5036791563034058, 0.0, 194.64007568359375, 0.0, 1.4331587553024292, 0.0
9.380638360977173, 1.5036791563034058, 0.0, 194.64007568359375, 0.0, 1.4331587553024292, 0.0
9.39059567451477, 1.5036791563034058, 0.0, 194.64007568359375, 0.0, 1.4331587553024292, 0.0
9.400589942932129, 1.5036791563034058, 0.0, 194.64007568359375, 0.0, 1.4331587553024292, 0.0
9.410618305206299, 1.5036791563034058, 0.0, 194.64007568359375, 0.0, 1.4331587553024292, 0.0
9.420604944229126, 1.5036791563034058, 0.0, 194.64007568359375, 0.0, 1.4331587553024292, 0.0
9.430634021759033, 1.5036791563034058, 0.0, 194.64007568359375, 0.0, 1.4331587553024292, 0.0
9.440617084503174, 1.5036791563034058, 0.0, 194.64007568359375, 0.0, 1.4331587553024292, 0.0
9.450600624084473, 1.5036791563034058, 0.0, 194.64007568359375, 0.0, 1.4331587553024292, 0.0
9.460611343383789, 1.5036791563034058, 0.0, 194.64007568359375, 0.0, 1.4331587553024292, 0.0
9.47063660621643, 1.5036791563034058, 0.0, 194.64007568359375, 0.0, 1.4331587553024292, 0.0
9.480609893798828, 1.5036791563034058, 0.0, 194.64007568359375, 0.0, 1.4331587553024292, 0.0
9.490605354309082, 1.5036791563034058, 0.0, 194.64007568359375, 0.0, 1.4331587553024292, 0.0
9.500605344772339, 1.5036791563034058, 0.0, 194.64007568359375, 0.0, 1.4331587553024292, 0.0
9.510594129562378, 1.5036791563034058, 0.0, 194.64007568359375, 0.0, 1.4331587553024292, 0.0
9.52059268951416, 1.5036791563034058, 0.0, 194.64007568359375, 0.0, 1.4331587553024292, 0.0
9.530592203140259, 1.5036791563034058, 0.0, 194.64007568359375, 0.0, 1.4331587553024292, 0.0
9.54063105583191, 1.5036791563034058, 0.0, 194.64007568359375, 0.0, 1.4331587553024292, 0.0
9.550604343414307, 1.5036791563034058, 0.0, 194.64007568359375, 0.0, 1.4331587553024292, 0.0
9.56064510345459, 1.5036791563034058, 0.0, 194.64007568359375, 0.0, 1.4331587553024292, 0.0
9.570601224899292, 1.5036791563034058, 0.0, 194.64007568359375, 0.0, 1.4331587553024292, 0.0
9.58060622215271, 1.5036791563034058, 0.0, 194.64007568359375, 0.0, 1.4331587553024292, 0.0
9.590623140335083, 1.5036791563034058, 0.0, 194.64007568359375, 0.0, 1.4331587553024292, 0.0
9.600630044937134, 1.5036791563034058, 0.0, 194.64007568359375, 0.0, 1.4331587553024292, 0.0
9.610604286193848, 1.5036791563034058, 0.0, 194.64007568359375, 0.0, 1.4331587553024292, 0.0
9.62062931060791, 1.5036791563034058, 0.0, 194.64007568359375, 0.0, 1.4331587553024292, 0.0
9.630611896514893, 1.5036791563034058, 0.0, 194.64007568359375, 0.0, 1.4331587553024292, 0.0
9.640657424926758, 1.5036791563034058, 0.0, 194.64007568359375, 0.0, 1.4331587553024292, 0.0
9.650619745254517, 1.5036791563034058, 0.0, 194.64007568359375, 0.0, 1.4331587553024292, 0.0
9.66060471534729, 1.5036791563034058, 0.0, 194.64007568359375, 0.0, 1.4331587553024292, 0.0
9.670596837997437, 1.5036791563034058, 0.0, 194.64007568359375, 0.0, 1.4331587553024292, 0.0
9.680599451065063, 1.5036791563034058, 0.0, 194.64007568359375, 0.0, 1.4331587553024292, 0.0
9.690606117248535, 1.5036791563034058, 0.0, 194.64007568359375, 0.0, 1.4331587553024292, 0.0
9.700601577758789, 1.5036791563034058, 0.0, 194.64007568359375, 0.0, 1.4331587553024292, 0.0
9.710588932037354, 1.5036791563034058, 0.0, 194.64007568359375, 0.0, 1.4331587553024292, 0.0
9.72063660621643, 1.5036791563034058, 0.0, 194.64007568359375, 0.0, 1.4331587553024292, 0.0
9.73061728477478, 1.5036791563034058, 0.0, 194.64007568359375, 0.0, 1.4331587553024292, 0.0
9.740599632263184, 1.5036791563034058, 0.0, 194.64007568359375, 0.0, 1.4331587553024292, 0.0
9.7506103515625, 1.5036791563034058, 0.0, 194.64007568359375, 0.0, 1.4331587553024292, 0.0
9.760645389556885, 1.5036791563034058, 0.0, 194.64007568359375, 0.0, 1.4331587553024292, 0.0
9.770617723464966, 1.5036791563034058, 0.0, 194.64007568359375, 0.0, 1.4331587553024292, 0.0
9.780674695968628, 1.5036791563034058, 0.0, 194.64007568359375, 0.0, 1.4331587553024292, 0.0
9.790613651275635, 1.5036791563034058, 0.0, 194.64007568359375, 0.0, 1.4331587553024292, 0.0
9.800591707229614, 1.5036791563034058, 0.0, 194.64007568359375, 0.0, 1.4331587553024292, 0.0
9.810613632202148, 1.5036791563034058, 0.0, 194.64007568359375, 0.0, 1.4331587553024292, 0.0
9.820613384246826, 1.5036791563034058, 0.0, 194.64007568359375, 0.0, 1.4331587553024292, 0.0
9.830607414245605, 1.5036791563034058, 0.0, 194.64007568359375, 0.0, 1.4331587553024292, 0.0
9.84060788154602, 1.5036791563034058, 0.0, 194.64007568359375, 0.0, 1.4331587553024292, 0.0
9.850598812103271, 1.5036791563034058, 0.0, 194.64007568359375, 0.0, 1.4331587553024292, 0.0
9.86059308052063, 1.5036791563034058, 0.0, 194.64007568359375, 0.0, 1.4331587553024292, 0.0
9.870605707168579, 1.5036791563034058, 0.0, 194.64007568359375, 0.0, 1.4331587553024292, 0.0
9.880632638931274, 1.5036791563034058, 0.0, 194.64007568359375, 0.0, 1.4331587553024292, 0.0
9.890612125396729, 1.5036791563034058, 0.0, 194.64007568359375, 0.0, 1.4331587553024292, 0.0
9.900623798370361, 1.5036791563034058, 0.0, 194.64007568359375, 0.0, 1.4331587553024292, 0.0
9.910611867904663, 1.5036791563034058, 0.0, 194.64007568359375, 0.0, 1.4331587553024292, 0.0
9.920604705810547, 1.5036791563034058, 0.0, 194.64007568359375, 0.0, 1.4331587553024292, 0.0
9.930620431900024, 1.5036791563034058, 0.0, 194.64007568359375, 0.0, 1.4331587553024292, 0.0
9.940613985061646, 1.5036791563034058, 0.0, 194.64007568359375, 0.0, 1.4331587553024292, 0.0
9.950611591339111, 1.5036791563034058, 0.0, 194.64007568359375, 0.0, 1.4331587553024292, 0.0
9.960630655288696, 1.5036791563034058, 0.0, 194.64007568359375, 0.0, 1.4331587553024292, 0.0
9.970643997192383, 1.5036791563034058, 0.0, 194.64007568359375, 0.0, 1.4331587553024292, 0.0
9.980656623840332, 1.5036791563034058, 0.0, 194.64007568359375, 0.0, 1.4331587553024292, 0.0
9.990621089935303, 1.5036791563034058, 0.0, 194.64007568359375, 0.0, 1.4331587553024292, 0.0
10.000608682632446, 1.5036791563034058, 0.0, 194.64007568359375, 0.0, 1.4331587553024292, 0.0
10.010605335235596, 1.5036791563034058, 0.0, 194.64007568359375, 0.0, 1.4331587553024292, 0.0
10.020606517791748, 1.5036791563034058, 0.0, 194.64007568359375, 0.0, 1.4331587553024292, 0.0
10.030645847320557, 1.5036791563034058, 0.0, 194.64007568359375, 0.0, 1.4331587553024292, 0.0
10.040603637695312, 1.5036791563034058, 0.0, 194.64007568359375, 0.0, 1.4331587553024292, 0.0
10.050596475601196, 1.5036791563034058, 0.0, 194.64007568359375, 0.0, 1.4331587553024292, 0.0
10.060620307922363, 1.5036791563034058, 0.0, 194.64007568359375, 0.0, 1.4331587553024292, 0.0
10.070615291595459, 1.5036791563034058, 0.0, 194.64007568359375, 0.0, 1.4331587553024292, 0.0
10.080601453781128, 1.5036791563034058, 0.0, 194.64007568359375, 0.0, 1.4331587553024292, 0.0
10.090621709823608, 1.5036791563034058, 0.0, 194.64007568359375, 0.0, 1.4331587553024292, 0.0
10.100616216659546, 1.5036791563034058, 0.0, 194.64007568359375, 0.0, 1.4331587553024292, 0.0
10.110605716705322, 1.5036791563034058, 0.0, 194.64007568359375, 0.0, 1.4331587553024292, 0.0
10.120620727539062, 1.5036791563034058, 0.0, 194.64007568359375, 0.0, 1.4331587553024292, 0.0
10.130612134933472, 1.5036791563034058, 0.0, 194.64007568359375, 0.0, 1.4331587553024292, 0.0
10.140625238418579, 1.5036791563034058, 0.0, 194.64007568359375, 0.0, 1.4331587553024292, 0.0
10.150619268417358, 1.5036791563034058, 0.0, 194.64007568359375, 0.0, 1.4331587553024292, 0.0
10.160611867904663, 1.5036791563034058, 0.0, 194.64007568359375, 0.0, 1.4331587553024292, 0.0
10.170621871948242, 1.5036791563034058, 0.0, 194.64007568359375, 0.0, 1.4331587553024292, 0.0
10.180611610412598, 1.5036791563034058, 0.0, 194.64007568359375, 0.0, 1.4331587553024292, 0.0
10.190627098083496, 1.5036791563034058, 0.0, 194.64007568359375, 0.0, 1.4331587553024292, 0.0
10.200738191604614, 1.5036791563034058, 0.0, 194.64007568359375, 0.0, 1.4331587553024292, 0.0
10.210618495941162, 1.5036791563034058, 0.0, 194.64007568359375, 0.0, 1.4331587553024292, 0.0
10.220614671707153, 1.5036791563034058, 0.0, 194.64007568359375, 0.0, 1.4331587553024292, 0.0
10.230623722076416, 1.5036791563034058, 0.0, 194.64007568359375, 0.0, 1.4331587553024292, 0.0
10.240606546401978, 1.5036791563034058, 0.0, 194.64007568359375, 0.0, 1.4331587553024292, 0.0
10.250627517700195, 1.5036791563034058, 0.0, 194.64007568359375, 0.0, 1.4331587553024292, 0.0
10.260607481002808, 1.5036791563034058, 0.0, 194.64007568359375, 0.0, 1.4331587553024292, 0.0
10.270624876022339, 1.5036791563034058, 0.0, 194.64007568359375, 0.0, 1.4331587553024292, 0.0
10.280606031417847, 1.5036791563034058, 0.0, 194.64007568359375, 0.0, 1.4331587553024292, 0.0
10.29061245918274, 1.5036791563034058, 0.0, 194.64007568359375, 0.0, 1.4331587553024292, 0.0
10.30061650276184, 1.5036791563034058, 0.0, 194.64007568359375, 0.0, 1.4331587553024292, 0.0
10.310886859893799, 1.5036791563034058, 0.0, 194.64007568359375, 0.0, 1.4331587553024292, 0.0
10.320608615875244, 1.5036791563034058, 0.0, 194.64007568359375, 0.0, 1.4331587553024292, 0.0
10.330629110336304, 1.5036791563034058, 0.0, 194.64007568359375, 0.0, 1.4331587553024292, 0.0
10.340614557266235, 1.5036791563034058, 0.0, 194.64007568359375, 0.0, 1.4331587553024292, 0.0
10.350608587265015, 1.5036791563034058, 0.0, 194.64007568359375, 0.0, 1.4331587553024292, 0.0
10.360606908798218, 1.5036791563034058, 0.0, 194.64007568359375, 0.0, 1.4331587553024292, 0.0
10.370634078979492, 1.5036791563034058, 0.0, 194.64007568359375, 0.0, 1.4331587553024292, 0.0
10.380606412887573, 1.5036791563034058, 0.0, 194.64007568359375, 0.0, 1.4331587553024292, 0.0
10.390615224838257, 1.5036791563034058, 0.0, 194.64007568359375, 0.0, 1.4331587553024292, 0.0
10.40060043334961, 1.5036791563034058, 0.0, 194.64007568359375, 0.0, 1.4331587553024292, 0.0
10.410603761672974, 1.5036791563034058, 0.0, 194.64007568359375, 0.0, 1.4331587553024292, 0.0
10.420619487762451, 1.5036791563034058, 0.0, 194.64007568359375, 0.0, 1.4331587553024292, 0.0
10.430603265762329, 1.5036791563034058, 0.0, 194.64007568359375, 0.0, 1.4331587553024292, 0.0
10.440602779388428, 1.5036791563034058, 0.0, 194.64007568359375, 0.0, 1.4331587553024292, 0.0
10.45060682296753, 1.5036791563034058, 0.0, 194.64007568359375, 0.0, 1.4331587553024292, 0.0
10.460616111755371, 1.5036791563034058, 0.0, 194.64007568359375, 0.0, 1.4331587553024292, 0.0
10.470613956451416, 1.5036791563034058, 0.0, 194.64007568359375, 0.0, 1.4331587553024292, 0.0
10.480602264404297, 1.5036791563034058, 0.0, 194.64007568359375, 0.0, 1.4331587553024292, 0.0
10.490618705749512, 1.5036791563034058, 0.0, 194.64007568359375, 0.0, 1.4331587553024292, 0.0
10.500602006912231, 1.5036791563034058, 0.0, 194.64007568359375, 0.0, 1.4331587553024292, 0.0
10.510597467422485, 1.5036791563034058, 0.0, 194.64007568359375, 0.0, 1.4331587553024292, 0.0
10.520601034164429, 1.5036791563034058, 0.0, 194.64007568359375, 0.0, 1.4331587553024292, 0.0
10.530620574951172, 1.5036791563034058, 0.0, 194.64007568359375, 0.0, 1.4331587553024292, 0.0
10.540627717971802, 1.5036791563034058, 0.0, 194.64007568359375, 0.0, 1.4331587553024292, 0.0
10.550620555877686, 1.5036791563034058, 0.0, 194.64007568359375, 0.0, 1.4331587553024292, 0.0
10.560606956481934, 1.5036791563034058, 0.0, 194.64007568359375, 0.0, 1.4331587553024292, 0.0
10.570616245269775, 1.5036791563034058, 0.0, 194.64007568359375, 0.0, 1.4331587553024292, 0.0
10.580599546432495, 1.5036791563034058, 0.0, 194.64007568359375, 0.0, 1.4331587553024292, 0.0
10.590600490570068, 1.5036791563034058, 0.0, 194.64007568359375, 0.0, 1.4331587553024292, 0.0
10.600594520568848, 1.5036791563034058, 0.0, 194.64007568359375, 0.0, 1.4331587553024292, 0.0
10.610597133636475, 1.5036791563034058, 0.0, 194.64007568359375, 0.0, 1.4331587553024292, 0.0
10.62061357498169, 1.5036791563034058, 0.0, 194.64007568359375, 0.0, 1.4331587553024292, 0.0
10.63060998916626, 1.5036791563034058, 0.0, 194.64007568359375, 0.0, 1.4331587553024292, 0.0
10.640599489212036, 1.5036791563034058, 0.0, 194.64007568359375, 0.0, 1.4331587553024292, 0.0
10.650607347488403, 1.5036791563034058, 0.0, 194.64007568359375, 0.0, 1.4331587553024292, 0.0
10.660615682601929, 1.5036791563034058, 0.0, 194.64007568359375, 0.0, 1.4331587553024292, 0.0
10.670609712600708, 1.5036791563034058, 0.0, 194.64007568359375, 0.0, 1.4331587553024292, 0.0
10.680595636367798, 1.5036791563034058, 0.0, 194.64007568359375, 0.0, 1.4331587553024292, 0.0
10.690585374832153, 1.5036791563034058, 0.0, 194.64007568359375, 0.0, 1.4331587553024292, 0.0
10.700605154037476, 1.5036791563034058, 0.0, 194.64007568359375, 0.0, 1.4331587553024292, 0.0
10.71060299873352, 1.5036791563034058, 0.0, 194.64007568359375, 0.0, 1.4331587553024292, 0.0
10.72060489654541, 1.5036791563034058, 0.0, 194.64007568359375, 0.0, 1.4331587553024292, 0.0
10.730616092681885, 1.5036791563034058, 0.0, 194.64007568359375, 0.0, 1.4331587553024292, 0.0
10.740601539611816, 1.5036791563034058, 0.0, 194.64007568359375, 0.0, 1.4331587553024292, 0.0
10.750608682632446, 1.5036791563034058, 0.0, 194.64007568359375, 0.0, 1.4331587553024292, 0.0
10.76062273979187, 1.5036791563034058, 0.0, 194.64007568359375, 0.0, 1.4331587553024292, 0.0
10.770602226257324, 1.5036791563034058, 0.0, 194.64007568359375, 0.0, 1.4331587553024292, 0.0
10.780606031417847, 1.5036791563034058, 0.0, 194.64007568359375, 0.0, 1.4331587553024292, 0.0
10.790610790252686, 1.5036791563034058, 0.0, 194.64007568359375, 0.0, 1.4331587553024292, 0.0
10.800620794296265, 1.5036791563034058, 0.0, 194.64007568359375, 0.0, 1.4331587553024292, 0.0
10.81059741973877, 1.5036791563034058, 0.0, 194.64007568359375, 0.0, 1.4331587553024292, 0.0
10.820623636245728, 1.5036791563034058, 0.0, 194.64007568359375, 0.0, 1.4331587553024292, 0.0
10.830611228942871, 1.5036791563034058, 0.0, 194.64007568359375, 0.0, 1.4331587553024292, 0.0
10.84062123298645, 1.5036791563034058, 0.0, 194.64007568359375, 0.0, 1.4331587553024292, 0.0
10.850605726242065, 1.5036791563034058, 0.0, 194.64007568359375, 0.0, 1.4331587553024292, 0.0
10.860611200332642, 1.5036791563034058, 0.0, 194.64007568359375, 0.0, 1.4331587553024292, 0.0
10.870613098144531, 1.5036791563034058, 0.0, 194.64007568359375, 0.0, 1.4331587553024292, 0.0
10.880599737167358, 1.5036791563034058, 0.0, 194.64007568359375, 0.0, 1.4331587553024292, 0.0
10.890597105026245, 1.5036791563034058, 0.0, 194.64007568359375, 0.0, 1.4331587553024292, 0.0
10.90060567855835, 1.5036791563034058, 0.0, 194.64007568359375, 0.0, 1.4331587553024292, 0.0
10.910610675811768, 1.5036791563034058, 0.0, 194.64007568359375, 0.0, 1.4331587553024292, 0.0
10.920602798461914, 1.5036791563034058, 0.0, 194.64007568359375, 0.0, 1.4331587553024292, 0.0
10.930604457855225, 1.5036791563034058, 0.0, 194.64007568359375, 0.0, 1.4331587553024292, 0.0
10.940592288970947, 1.5036791563034058, 0.0, 194.64007568359375, 0.0, 1.4331587553024292, 0.0
10.95059585571289, 1.5036791563034058, 0.0, 194.64007568359375, 0.0, 1.4331587553024292, 0.0
10.960593938827515, 1.5036791563034058, 0.0, 194.64007568359375, 0.0, 1.4331587553024292, 0.0
10.970609188079834, 1.5036791563034058, 0.0, 194.64007568359375, 0.0, 1.4331587553024292, 0.0
10.98059606552124, 1.5036791563034058, 0.0, 194.64007568359375, 0.0, 1.4331587553024292, 0.0
10.990750074386597, 1.5036791563034058, 0.0, 194.64007568359375, 0.0, 1.4331587553024292, 0.0
11.000600337982178, 1.5036791563034058, 0.0, 194.64007568359375, 0.0, 1.4331587553024292, 0.0
11.01061201095581, 1.5036791563034058, 0.0, 194.64007568359375, 0.0, 1.4331587553024292, 0.0
11.020600080490112, 1.5036791563034058, 0.0, 194.64007568359375, 0.0, 1.4331587553024292, 0.0
11.030606508255005, 1.5036791563034058, 0.0, 194.64007568359375, 0.0, 1.4331587553024292, 0.0
11.040602207183838, 1.5036791563034058, 0.0, 194.64007568359375, 0.0, 1.4331587553024292, 0.0
11.050593852996826, 1.5036791563034058, 0.0, 194.64007568359375, 0.0, 1.4331587553024292, 0.0
11.06061601638794, 1.5036791563034058, 0.0, 194.64007568359375, 0.0, 1.4331587553024292, 0.0
11.07060694694519, 1.5036791563034058, 0.0, 194.64007568359375, 0.0, 1.4331587553024292, 0.0
11.0806245803833, 1.5036791563034058, 0.0, 194.64007568359375, 0.0, 1.4331587553024292, 0.0
11.090599298477173, 1.5036791563034058, 0.0, 194.64007568359375, 0.0, 1.4331587553024292, 0.0
11.10059404373169, 1.5036791563034058, 0.0, 194.64007568359375, 0.0, 1.4331587553024292, 0.0
11.110614776611328, 1.5036791563034058, 0.0, 194.64007568359375, 0.0, 1.4331587553024292, 0.0
11.120623588562012, 1.5036791563034058, 0.0, 194.64007568359375, 0.0, 1.4331587553024292, 0.0
11.130619525909424, 1.5036791563034058, 0.0, 194.64007568359375, 0.0, 1.4331587553024292, 0.0
11.140618324279785, 1.5036791563034058, 0.0, 194.64007568359375, 0.0, 1.4331587553024292, 0.0
11.150603771209717, 1.5036791563034058, 0.0, 194.64007568359375, 0.0, 1.4331587553024292, 0.0
11.160614013671875, 1.5036791563034058, 0.0, 194.64007568359375, 0.0, 1.4331587553024292, 0.0
11.170609951019287, 1.5036791563034058, 0.0, 194.64007568359375, 0.0, 1.4331587553024292, 0.0
11.180607080459595, 1.5036791563034058, 0.0, 194.64007568359375, 0.0, 1.4331587553024292, 0.0
11.190605878829956, 1.5036791563034058, 0.0, 194.64007568359375, 0.0, 1.4331587553024292, 0.0
11.200601577758789, 1.5036791563034058, 0.0, 194.64007568359375, 0.0, 1.4331587553024292, 0.0
11.210590362548828, 1.5036791563034058, 0.0, 194.64007568359375, 0.0, 1.4331587553024292, 0.0
11.220650911331177, 1.5036791563034058, 0.0, 194.64007568359375, 0.0, 1.4331587553024292, 0.0
11.23060393333435, 1.5036791563034058, 0.0, 194.64007568359375, 0.0, 1.4331587553024292, 0.0
11.240612268447876, 1.5036791563034058, 0.0, 194.64007568359375, 0.0, 1.4331587553024292, 0.0
11.250619411468506, 1.5036791563034058, 0.0, 194.64007568359375, 0.0, 1.4331587553024292, 0.0
11.260632514953613, 1.5036791563034058, 0.0, 194.64007568359375, 0.0, 1.4331587553024292, 0.0
11.270623683929443, 1.5036791563034058, 0.0, 194.64007568359375, 0.0, 1.4331587553024292, 0.0
11.280606746673584, 1.5036791563034058, 0.0, 194.64007568359375, 0.0, 1.4331587553024292, 0.0
11.290630578994751, 1.5036791563034058, 0.0, 194.64007568359375, 0.0, 1.4331587553024292, 0.0
11.300602674484253, 1.5036791563034058, 0.0, 194.64007568359375, 0.0, 1.4331587553024292, 0.0
11.310609579086304, 1.5036791563034058, 0.0, 194.64007568359375, 0.0, 1.4331587553024292, 0.0
11.320605516433716, 1.5036791563034058, 0.0, 194.64007568359375, 0.0, 1.4331587553024292, 0.0
11.330625295639038, 1.5036791563034058, 0.0, 194.64007568359375, 0.0, 1.4331587553024292, 0.0
11.340613603591919, 1.5036791563034058, 0.0, 194.64007568359375, 0.0, 1.4331587553024292, 0.0
11.35061502456665, 1.5036791563034058, 0.0, 194.64007568359375, 0.0, 1.4331587553024292, 0.0
11.360605478286743, 1.5036791563034058, 0.0, 194.64007568359375, 0.0, 1.4331587553024292, 0.0
11.370622634887695, 1.5036791563034058, 0.0, 194.64007568359375, 0.0, 1.4331587553024292, 0.0
11.380606412887573, 1.5036791563034058, 0.0, 194.64007568359375, 0.0, 1.4331587553024292, 0.0
11.390613317489624, 1.5036791563034058, 0.0, 194.64007568359375, 0.0, 1.4331587553024292, 0.0
11.400623798370361, 1.5036791563034058, 0.0, 194.64007568359375, 0.0, 1.4331587553024292, 0.0
11.410642147064209, 1.5036791563034058, 0.0, 194.64007568359375, 0.0, 1.4331587553024292, 0.0
11.420597553253174, 1.5036791563034058, 0.0, 194.64007568359375, 0.0, 1.4331587553024292, 0.0
11.430635452270508, 1.5036791563034058, 0.0, 194.64007568359375, 0.0, 1.4331587553024292, 0.0
11.440603494644165, 1.5036791563034058, 0.0, 194.64007568359375, 0.0, 1.4331587553024292, 0.0
11.450599431991577, 1.5036791563034058, 0.0, 194.64007568359375, 0.0, 1.4331587553024292, 0.0
11.460610389709473, 1.5036791563034058, 0.0, 194.64007568359375, 0.0, 1.4331587553024292, 0.0
11.4706289768219, 1.5036791563034058, 0.0, 194.64007568359375, 0.0, 1.4331587553024292, 0.0
11.48061227798462, 1.5036791563034058, 0.0, 194.64007568359375, 0.0, 1.4331587553024292, 0.0
11.490602731704712, 1.5036791563034058, 0.0, 194.64007568359375, 0.0, 1.4331587553024292, 0.0
11.500598907470703, 1.5036791563034058, 0.0, 194.64007568359375, 0.0, 1.4331587553024292, 0.0
11.510607957839966, 1.5036791563034058, 0.0, 194.64007568359375, 0.0, 1.4331587553024292, 0.0
11.52062463760376, 1.5036791563034058, 0.0, 194.64007568359375, 0.0, 1.4331587553024292, 0.0
11.530598163604736, 1.5036791563034058, 0.0, 194.64007568359375, 0.0, 1.4331587553024292, 0.0
11.540602922439575, 1.5036791563034058, 0.0, 194.64007568359375, 0.0, 1.4331587553024292, 0.0
11.550613403320312, 1.5036791563034058, 0.0, 194.64007568359375, 0.0, 1.4331587553024292, 0.0
11.56061840057373, 1.5036791563034058, 0.0, 194.64007568359375, 0.0, 1.4331587553024292, 0.0
11.570633888244629, 1.5036791563034058, 0.0, 194.64007568359375, 0.0, 1.4331587553024292, 0.0
11.58061170578003, 1.5036791563034058, 0.0, 194.64007568359375, 0.0, 1.4331587553024292, 0.0
11.590633869171143, 1.5036791563034058, 0.0, 194.64007568359375, 0.0, 1.4331587553024292, 0.0
11.600605010986328, 1.5036791563034058, 0.0, 194.64007568359375, 0.0, 1.4331587553024292, 0.0
11.610604047775269, 1.5036791563034058, 0.0, 194.64007568359375, 0.0, 1.4331587553024292, 0.0
11.62071704864502, 1.5036791563034058, 0.0, 194.64007568359375, 0.0, 1.4331587553024292, 0.0
11.630629777908325, 1.5036791563034058, 0.0, 194.64007568359375, 0.0, 1.4331587553024292, 0.0
11.640594482421875, 1.5036791563034058, 0.0, 194.64007568359375, 0.0, 1.4331587553024292, 0.0
11.650615930557251, 1.5036791563034058, 0.0, 194.64007568359375, 0.0, 1.4331587553024292, 0.0
11.660596132278442, 1.5036791563034058, 0.0, 194.64007568359375, 0.0, 1.4331587553024292, 0.0
11.670618295669556, 1.5036791563034058, 0.0, 194.64007568359375, 0.0, 1.4331587553024292, 0.0
11.680617809295654, 1.5036791563034058, 0.0, 194.64007568359375, 0.0, 1.4331587553024292, 0.0
11.69062852859497, 1.5036791563034058, 0.0, 194.64007568359375, 0.0, 1.4331587553024292, 0.0
11.70060133934021, 1.5036791563034058, 0.0, 194.64007568359375, 0.0, 1.4331587553024292, 0.0
11.71060061454773, 1.5036791563034058, 0.0, 194.64007568359375, 0.0, 1.4331587553024292, 0.0
11.720772504806519, 1.5036791563034058, 0.0, 194.64007568359375, 0.0, 1.4331587553024292, 0.0
11.730616807937622, 1.5036791563034058, 0.0, 194.64007568359375, 0.0, 1.4331587553024292, 0.0
11.740607023239136, 1.5036791563034058, 0.0, 194.64007568359375, 0.0, 1.4331587553024292, 0.0
11.750635862350464, 1.5036791563034058, 0.0, 194.64007568359375, 0.0, 1.4331587553024292, 0.0
11.760623693466187, 1.5036791563034058, 0.0, 194.64007568359375, 0.0, 1.4331587553024292, 0.0
11.770609855651855, 1.5036791563034058, 0.0, 194.64007568359375, 0.0, 1.4331587553024292, 0.0
11.780599355697632, 1.5036791563034058, 0.0, 194.64007568359375, 0.0, 1.4331587553024292, 0.0
11.790600061416626, 1.5036791563034058, 0.0, 194.64007568359375, 0.0, 1.4331587553024292, 0.0
11.80060863494873, 1.5036791563034058, 0.0, 194.64007568359375, 0.0, 1.4331587553024292, 0.0
11.810603141784668, 1.5036791563034058, 0.0, 194.64007568359375, 0.0, 1.4331587553024292, 0.0
11.820616722106934, 1.5036791563034058, 0.0, 194.64007568359375, 0.0, 1.4331587553024292, 0.0
11.830745935440063, 1.5036791563034058, 0.0, 194.64007568359375, 0.0, 1.4331587553024292, 0.0
11.840647220611572, 1.5036791563034058, 0.0, 194.64007568359375, 0.0, 1.4331587553024292, 0.0
11.850609064102173, 1.5036791563034058, 0.0, 194.64007568359375, 0.0, 1.4331587553024292, 0.0
11.860628604888916, 1.5036791563034058, 0.0, 194.64007568359375, 0.0, 1.4331587553024292, 0.0
11.870603799819946, 1.5036791563034058, 0.0, 194.64007568359375, 0.0, 1.4331587553024292, 0.0
11.880613088607788, 1.5036791563034058, 0.0, 194.64007568359375, 0.0, 1.4331587553024292, 0.0
11.890601634979248, 1.5036791563034058, 0.0, 194.64007568359375, 0.0, 1.4331587553024292, 0.0
11.900641918182373, 1.5036791563034058, 0.0, 194.64007568359375, 0.0, 1.4331587553024292, 0.0
11.910603284835815, 1.5036791563034058, 0.0, 194.64007568359375, 0.0, 1.4331587553024292, 0.0
11.920603275299072, 1.5036791563034058, 0.0, 194.64007568359375, 0.0, 1.4331587553024292, 0.0
11.930608987808228, 1.5036791563034058, 0.0, 194.64007568359375, 0.0, 1.4331587553024292, 0.0
11.940599203109741, 1.5036791563034058, 0.0, 194.64007568359375, 0.0, 1.4331587553024292, 0.0
11.950627565383911, 1.5036791563034058, 0.0, 194.64007568359375, 0.0, 1.4331587553024292, 0.0
11.960611343383789, 1.5036791563034058, 0.0, 194.64007568359375, 0.0, 1.4331587553024292, 0.0
11.970611095428467, 1.5036791563034058, 0.0, 194.64007568359375, 0.0, 1.4331587553024292, 0.0
11.980635643005371, 1.5036791563034058, 0.0, 194.64007568359375, 0.0, 1.4331587553024292, 0.0
11.990616083145142, 1.5036791563034058, 0.0, 194.64007568359375, 0.0, 1.4331587553024292, 0.0
12.00068736076355, 1.5036791563034058, 0.0, 194.64007568359375, 0.0, 1.4331587553024292, 0.0
12.010600090026855, 1.5036791563034058, 0.0, 194.64007568359375, 0.0, 1.4331587553024292, 0.0
12.020615577697754, 1.5036791563034058, 0.0, 194.64007568359375, 0.0, 1.4331587553024292, 0.0
12.03061842918396, 1.5036791563034058, 0.0, 194.64007568359375, 0.0, 1.4331587553024292, 0.0
12.040897130966187, 1.5036791563034058, 0.0, 194.64007568359375, 0.0, 1.4331587553024292, 0.0
12.050615787506104, 1.5036791563034058, 0.0, 194.64007568359375, 0.0, 1.4331587553024292, 0.0
12.060603380203247, 1.5036791563034058, 0.0, 194.64007568359375, 0.0, 1.4331587553024292, 0.0
12.070597887039185, 1.5036791563034058, 0.0, 194.64007568359375, 0.0, 1.4331587553024292, 0.0
12.080604314804077, 1.5036791563034058, 0.0, 194.64007568359375, 0.0, 1.4331587553024292, 0.0
12.090614795684814, 1.5036791563034058, 0.0, 194.64007568359375, 0.0, 1.4331587553024292, 0.0
12.10060167312622, 1.5036791563034058, 0.0, 194.64007568359375, 0.0, 1.4331587553024292, 0.0
12.110626459121704, 1.5036791563034058, 0.0, 194.64007568359375, 0.0, 1.4331587553024292, 0.0
12.12060832977295, 1.5036791563034058, 0.0, 194.64007568359375, 0.0, 1.4331587553024292, 0.0
12.130614757537842, 1.5036791563034058, 0.0, 194.64007568359375, 0.0, 1.4331587553024292, 0.0
12.140625476837158, 1.5036791563034058, 0.0, 194.64007568359375, 0.0, 1.4331587553024292, 0.0
12.150614261627197, 1.5036791563034058, 0.0, 194.64007568359375, 0.0, 1.4331587553024292, 0.0
12.160615682601929, 1.5036791563034058, 0.0, 194.64007568359375, 0.0, 1.4331587553024292, 0.0
12.170596361160278, 1.5036791563034058, 0.0, 194.64007568359375, 0.0, 1.4331587553024292, 0.0
12.18060302734375, 1.5036791563034058, 0.0, 194.64007568359375, 0.0, 1.4331587553024292, 0.0
12.19059133529663, 1.5036791563034058, 0.0, 194.64007568359375, 0.0, 1.4331587553024292, 0.0
12.200599670410156, 1.5036791563034058, 0.0, 194.64007568359375, 0.0, 1.4331587553024292, 0.0
12.210599660873413, 1.5036791563034058, 0.0, 194.64007568359375, 0.0, 1.4331587553024292, 0.0
12.220616817474365, 1.5036791563034058, 0.0, 194.64007568359375, 0.0, 1.4331587553024292, 0.0
12.230615854263306, 1.5036791563034058, 0.0, 194.64007568359375, 0.0, 1.4331587553024292, 0.0
12.240617036819458, 1.5036791563034058, 0.0, 194.64007568359375, 0.0, 1.4331587553024292, 0.0
12.250607013702393, 1.5036791563034058, 0.0, 194.64007568359375, 0.0, 1.4331587553024292, 0.0
12.260607719421387, 1.5036791563034058, 0.0, 194.64007568359375, 0.0, 1.4331587553024292, 0.0
12.270608186721802, 1.5036791563034058, 0.0, 194.64007568359375, 0.0, 1.4331587553024292, 0.0
12.280631303787231, 1.5036791563034058, 0.0, 194.64007568359375, 0.0, 1.4331587553024292, 0.0
12.290601253509521, 1.5036791563034058, 0.0, 194.64007568359375, 0.0, 1.4331587553024292, 0.0
12.300595998764038, 1.5036791563034058, 0.0, 194.64007568359375, 0.0, 1.4331587553024292, 0.0
12.310784101486206, 1.5036791563034058, 0.0, 194.64007568359375, 0.0, 1.4331587553024292, 0.0
12.320606231689453, 1.5036791563034058, 0.0, 194.64007568359375, 0.0, 1.4331587553024292, 0.0
12.330612659454346, 1.5036791563034058, 0.0, 194.64007568359375, 0.0, 1.4331587553024292, 0.0
12.3405921459198, 1.5036791563034058, 0.0, 194.64007568359375, 0.0, 1.4331587553024292, 0.0
12.350591659545898, 1.5036791563034058, 0.0, 194.64007568359375, 0.0, 1.4331587553024292, 0.0
12.360628604888916, 1.5036791563034058, 0.0, 194.64007568359375, 0.0, 1.4331587553024292, 0.0
12.370624303817749, 1.5036791563034058, 0.0, 194.64007568359375, 0.0, 1.4331587553024292, 0.0
12.380600214004517, 1.5036791563034058, 0.0, 194.64007568359375, 0.0, 1.4331587553024292, 0.0
12.390604972839355, 1.5036791563034058, 0.0, 194.64007568359375, 0.0, 1.4331587553024292, 0.0
12.400633096694946, 1.5036791563034058, 0.0, 194.64007568359375, 0.0, 1.4331587553024292, 0.0
12.410642623901367, 1.5036791563034058, 0.0, 194.64007568359375, 0.0, 1.4331587553024292, 0.0
12.42061448097229, 1.5036791563034058, 0.0, 194.64007568359375, 0.0, 1.4331587553024292, 0.0
12.430609703063965, 1.5036791563034058, 0.0, 194.64007568359375, 0.0, 1.4331587553024292, 0.0
12.440611839294434, 1.5036791563034058, 0.0, 194.64007568359375, 0.0, 1.4331587553024292, 0.0
12.450608968734741, 1.5036791563034058, 0.0, 194.64007568359375, 0.0, 1.4331587553024292, 0.0
12.460614919662476, 1.5036791563034058, 0.0, 194.64007568359375, 0.0, 1.4331587553024292, 0.0
12.470602750778198, 1.5036791563034058, 0.0, 194.64007568359375, 0.0, 1.4331587553024292, 0.0
12.480603456497192, 1.5036791563034058, 0.0, 194.64007568359375, 0.0, 1.4331587553024292, 0.0
12.490598678588867, 1.5036791563034058, 0.0, 194.64007568359375, 0.0, 1.4331587553024292, 0.0
12.500602722167969, 1.5036791563034058, 0.0, 194.64007568359375, 0.0, 1.4331587553024292, 0.0
12.5106041431427, 1.5036791563034058, 0.0, 194.64007568359375, 0.0, 1.4331587553024292, 0.0
12.520591735839844, 1.5036791563034058, 0.0, 194.64007568359375, 0.0, 1.4331587553024292, 0.0
12.530600309371948, 1.5036791563034058, 0.0, 194.64007568359375, 0.0, 1.4331587553024292, 0.0
12.540581941604614, 1.5036791563034058, 0.0, 194.64007568359375, 0.0, 1.4331587553024292, 0.0
12.550594568252563, 1.5036791563034058, 0.0, 194.64007568359375, 0.0, 1.4331587553024292, 0.0
12.560610294342041, 1.5036791563034058, 0.0, 194.64007568359375, 0.0, 1.4331587553024292, 0.0
