5.356578826904297, 1.5499999523162842, 0.0, 181.8181915283203, 0.0, 1.432308316230774, 0.0
5.36658787727356, 1.5499999523162842, 0.0, 203.21669006347656, 237.76075744628906, 1.432308316230774, 0.0
5.376561641693115, 1.5499999523162842, 0.0, 203.21669006347656, 213.98468017578125, 1.432308316230774, 0.0
5.386547565460205, 1.5499999523162842, 0.0, 203.21669006347656, 237.76075744628906, 1.432308316230774, 0.0
5.3965559005737305, 1.5499999523162842, 0.0, 203.21669006347656, 213.98468017578125, 1.432308316230774, 0.0
5.406563758850098, 1.5499999523162842, 0.0, 203.21669006347656, 237.75906372070312, 1.432308316230774, 0.0
5.416598558425903, 1.5499999523162842, 0.0, 203.21669006347656, 213.9862060546875, 1.432308316230774, 0.0
5.42656397819519, 1.5499999523162842, 0.0, 203.21669006347656, 213.98468017578125, 1.432308316230774, 0.0
5.436559438705444, 1.5499999523162842, 0.0, 203.21669006347656, 237.76075744628906, 1.432308316230774, 0.0
5.446560859680176, 1.5499999523162842, 0.0, 203.21669006347656, 213.98468017578125, 1.432308316230774, 0.0
5.456563949584961, 1.5499999523162842, 0.0, 203.21669006347656, 237.762451171875, 1.432308316230774, 0.0
5.466550827026367, 1.5499999523162842, 0.0, 203.21669006347656, 0.0, 1.432308316230774, 0.0
5.476566791534424, 1.5499999523162842, 0.0, 203.21669006347656, 0.0, 1.432308316230774, 0.0
5.486569881439209, 1.5499999523162842, 0.0, 203.21669006347656, 0.0, 1.4323081970214844, 0.0
5.496565103530884, 1.5499999523162842, 0.0, 203.21670532226562, 0.0, 1.432308316230774, 0.0
5.506603002548218, 1.5499999523162842, 0.0, 203.21669006347656, 0.0, 1.432308316230774, 0.0
5.516556024551392, 1.5499999523162842, 0.0, 203.21669006347656, 0.0, 1.432308316230774, 0.0
5.526557207107544, 1.5499999523162842, 0.0, 203.21669006347656, 0.0, 1.432308316230774, 0.0
5.536564350128174, 1.5499999523162842, 0.0, 203.21669006347656, 0.0, 1.432308316230774, 0.0
5.546571493148804, 1.5499999523162842, 0.0, 203.21669006347656, 0.0, 1.432308316230774, 0.0
5.556570768356323, 1.5499999523162842, 0.0, 203.21669006347656, 0.0, 1.432308316230774, 0.0
5.566567659378052, 1.5499999523162842, 0.0, 203.21669006347656, 0.0, 1.432308316230774, 0.0
5.576570510864258, 1.5499999523162842, 0.0, 203.21669006347656, 0.0, 1.432308316230774, 0.0
5.586553335189819, 1.5499999523162842, 0.0, 203.21669006347656, 0.0, 1.432308316230774, 0.0
5.596572160720825, 1.5499999523162842, 0.0, 203.21669006347656, 0.0, 1.432308316230774, 0.0
5.606560945510864, 1.5499999523162842, 0.0, 203.21669006347656, 0.0, 1.432308316230774, 0.0
5.616550445556641, 1.5499999523162842, 0.0, 203.21669006347656, 0.0, 1.432308316230774, 0.0
5.626558780670166, 1.5499999523162842, 0.0, 203.21669006347656, 0.0, 1.432308316230774, 0.0
5.636568307876587, 1.5499999523162842, 0.0, 203.21669006347656, 0.0, 1.432308316230774, 0.0
5.646577596664429, 1.5499999523162842, 0.0, 203.21669006347656, 0.0, 1.432308316230774, 0.0
5.65657114982605, 1.5499999523162842, 0.0, 203.21669006347656, 0.0, 1.432308316230774, 0.0
5.66657280921936, 1.5499999523162842, 0.0, 203.21669006347656, 0.0, 1.432308316230774, 0.0
5.676578044891357, 1.5499999523162842, 0.0, 203.21669006347656, 0.0, 1.432308316230774, 0.0
5.686556100845337, 1.5499999523162842, 0.0, 203.21669006347656, 0.0, 1.432308316230774, 0.0
5.696568489074707, 1.5499999523162842, 0.0, 203.21669006347656, 0.0, 1.432308316230774, 0.0
5.708812952041626, 1.5499999523162842, 0.0, 203.21669006347656, 0.0, 1.432308316230774, 0.0
5.716603755950928, 1.5499999523162842, 0.0, 203.21669006347656, 0.0, 1.432308316230774, 0.0
5.7265753746032715, 1.5499999523162842, 0.0, 203.21669006347656, 0.0, 1.432308316230774, 0.0
5.736582279205322, 1.5499999523162842, 0.0, 203.21669006347656, 0.0, 1.432308316230774, 0.0
5.746572256088257, 1.5499999523162842, 0.0, 203.21669006347656, 0.0, 1.432308316230774, 0.0
5.75658106803894, 1.5499999523162842, 0.0, 203.21669006347656, 0.0, 1.432308316230774, 0.0
5.766577959060669, 1.5499999523162842, 0.0, 203.21669006347656, 0.0, 1.432308316230774, 0.0
5.776583671569824, 1.5499999523162842, 0.0, 203.21669006347656, 0.0, 1.432308316230774, 0.0
5.786577463150024, 1.5499999523162842, 0.0, 203.21669006347656, 0.0, 1.432308316230774, 0.0
5.79656720161438, 1.5499999523162842, 0.0, 203.21669006347656, 0.0, 1.432308316230774, 0.0
5.806575775146484, 1.5499999523162842, 0.0, 203.21669006347656, 0.0, 1.432308316230774, 0.0
5.81658148765564, 1.5499999523162842, 0.0, 203.21669006347656, 0.0, 1.432308316230774, 0.0
5.8266730308532715, 1.5499999523162842, 0.0, 203.21669006347656, 0.0, 1.432308316230774, 0.0
5.83692479133606, 1.5499999523162842, 0.0, 203.21669006347656, 0.0, 1.432308316230774, 0.0
5.846565008163452, 1.5499999523162842, 0.0, 203.21669006347656, 0.0, 1.432308316230774, 0.0
5.856597661972046, 1.5499999523162842, 0.0, 203.21669006347656, 0.0, 1.432308316230774, 0.0
5.866568326950073, 1.5499999523162842, 0.0, 203.21669006347656, 0.0, 1.432308316230774, 0.0
5.876569986343384, 1.5499999523162842, 0.0, 203.21669006347656, 0.0, 1.432308316230774, 0.0
5.887430429458618, 1.5499999523162842, 0.0, 203.21669006347656, 0.0, 1.432308316230774, 0.0
5.896575689315796, 1.5499999523162842, 0.0, 203.21669006347656, 0.0, 1.432308316230774, 0.0
5.9065773487091064, 1.5499999523162842, 0.0, 203.21669006347656, 0.0, 1.432308316230774, 0.0
5.916575908660889, 1.5499999523162842, 0.0, 203.21669006347656, 0.0, 1.432308316230774, 0.0
5.9265711307525635, 1.5499999523162842, 0.0, 203.21669006347656, 0.0, 1.432308316230774, 0.0
5.936639785766602, 1.5499999523162842, 0.0, 203.21669006347656, 0.0, 1.432308316230774, 0.0
5.946577787399292, 1.5499999523162842, 0.0, 203.21669006347656, 0.0, 1.432308316230774, 0.0
5.956582307815552, 1.5499999523162842, 0.0, 203.21669006347656, 0.0, 1.432308316230774, 0.0
5.966582536697388, 1.5499999523162842, 0.0, 203.21669006347656, 0.0, 1.432308316230774, 0.0
5.976583003997803, 1.5499999523162842, 0.0, 203.21669006347656, 0.0, 1.432308316230774, 0.0
5.986572027206421, 1.5499999523162842, 0.0, 203.21669006347656, 0.0, 1.432308316230774, 0.0
5.99657940864563, 1.5499999523162842, 0.0, 203.21669006347656, 0.0, 1.432308316230774, 0.0
6.00658106803894, 1.5499999523162842, 0.0, 203.21669006347656, 0.0, 1.432308316230774, 0.0
6.0165698528289795, 1.5499999523162842, 0.0, 203.21669006347656, 0.0, 1.432308316230774, 0.0
6.0265793800354, 1.5499999523162842, 0.0, 203.21669006347656, 0.0, 1.432308316230774, 0.0
6.0365822315216064, 1.5499999523162842, 0.0, 203.21669006347656, 0.0, 1.432308316230774, 0.0
6.0465781688690186, 1.5499999523162842, 0.0, 203.21669006347656, 0.0, 1.432308316230774, 0.0
6.056558847427368, 1.5499999523162842, 0.0, 203.21669006347656, 0.0, 1.432308316230774, 0.0
6.066569089889526, 1.5499999523162842, 0.0, 203.21669006347656, 0.0, 1.432308316230774, 0.0
6.076557159423828, 1.5499999523162842, 0.0, 203.21669006347656, 0.0, 1.432308316230774, 0.0
6.086563587188721, 1.5499999523162842, 0.0, 203.21669006347656, 0.0, 1.432308316230774, 0.0
6.096560955047607, 1.5499999523162842, 0.0, 203.21669006347656, 0.0, 1.432308316230774, 0.0
6.106576919555664, 1.5499999523162842, 0.0, 203.21669006347656, 0.0, 1.432308316230774, 0.0
6.116575717926025, 1.5499999523162842, 0.0, 203.21669006347656, 0.0, 1.432308316230774, 0.0
6.126582145690918, 1.5499999523162842, 0.0, 203.21669006347656, 0.0, 1.432308316230774, 0.0
6.136597156524658, 1.5499999523162842, 0.0, 203.21669006347656, 0.0, 1.432308316230774, 0.0
6.146607398986816, 1.5499999523162842, 0.0, 203.21669006347656, 0.0, 1.432308316230774, 0.0
6.156576633453369, 1.5499999523162842, 0.0, 203.21669006347656, 0.0, 1.432308316230774, 0.0
6.166577339172363, 1.5499999523162842, 0.0, 203.21669006347656, 0.0, 1.432308316230774, 0.0
6.176591396331787, 1.5499999523162842, 0.0, 203.21669006347656, 0.0, 1.432308316230774, 0.0
6.186607599258423, 1.5499999523162842, 0.0, 203.21669006347656, 0.0, 1.432308316230774, 0.0
6.196583032608032, 1.5499999523162842, 0.0, 203.21669006347656, 0.0, 1.432308316230774, 0.0
6.206578016281128, 1.5499999523162842, 0.0, 203.21669006347656, 0.0, 1.432308316230774, 0.0
6.21656608581543, 1.5499999523162842, 0.0, 203.21669006347656, 0.0, 1.432308316230774, 0.0
