10.257115364074707, 1.4344109296798706, -1.1558890342712402, 175.5133514404297, -63.04931640625, 1.4322773218154907, 0.0
10.266550064086914, 1.4344109296798706, -1.1558890342712402, 175.5133514404297, -63.04931640625, 1.4322773218154907, 0.0
10.276562213897705, 1.4344109296798706, -1.1558890342712402, 175.5133514404297, -63.04931640625, 1.4322773218154907, 0.0
10.286566495895386, 1.4344109296798706, -1.1558890342712402, 175.5133514404297, -63.04931640625, 1.4323188066482544, 0.0
10.29656171798706, 1.4344109296798706, -1.1558890342712402, 175.5133514404297, -63.04931640625, 1.4322760105133057, 0.0
10.306639194488525, 1.4344109296798706, -1.1558890342712402, 175.5133514404297, -63.04931640625, 1.4320731163024902, 0.0
10.316555738449097, 1.4344109296798706, -1.1558890342712402, 175.5133514404297, -63.04931640625, 1.4307057857513428, 0.0
10.326586723327637, 1.4344109296798706, -1.1558890342712402, 175.5133514404297, -63.04931640625, 1.4307057857513428, 0.0
10.33717393875122, 1.4344109296798706, -1.1558890342712402, 175.5133514404297, -63.04931640625, 1.4279882907867432, 0.0
10.346577167510986, 1.4344109296798706, -1.1558890342712402, 175.5133514404297, -63.04931640625, 1.4279882907867432, 0.0
10.356588125228882, 1.4344109296798706, -1.1558890342712402, 175.5133514404297, -63.04931640625, 1.4262115955352783, 0.0
10.366574764251709, 1.4344109296798706, -1.1558890342712402, 175.5133514404297, -63.04931640625, 1.424137830734253, 0.0
10.376580953598022, 1.4344109296798706, -1.1558890342712402, 175.5133514404297, -63.04931640625, 1.4218930006027222, 0.0
10.386557817459106, 1.4344109296798706, -1.1558890342712402, 175.5133514404297, -63.04931640625, 1.4194436073303223, 0.0
10.396560192108154, 1.4344109296798706, -1.1558890342712402, 175.5133514404297, -63.04931640625, 1.416890025138855, 0.0
10.4072585105896, 1.4344109296798706, -1.1558890342712402, 175.5133514404297, -63.04931640625, 1.4114238023757935, 0.0
10.41721773147583, 1.4344109296798706, -1.1558890342712402, 175.5133514404297, -63.04931640625, 1.4114238023757935, 0.0
10.426569700241089, 1.4344109296798706, -1.1558890342712402, 175.5133514404297, -63.04931640625, 1.4087488651275635, 0.0
10.436583042144775, 1.4344109296798706, -1.1558890342712402, 175.5133514404297, -63.04931640625, 1.4059861898422241, 0.0
10.446603536605835, 1.4344109296798706, -1.1558890342712402, 175.5133514404297, -63.04931640625, 1.4032135009765625, 0.0
11.777175188064575, 1.498262882232666, -0.0028133781161159277, 227.27268981933594, 2.4716997146606445, 1.4053553342819214, 0.5899999737739563
11.787153244018555, 1.498262882232666, -0.0028133781161159277, 227.27268981933594, 2.4716997146606445, 1.4110146760940552, 0.6000000238418579
11.796544790267944, 1.498262882232666, -0.0028133781161159277, 227.27268981933594, 2.4716997146606445, 1.4168148040771484, 0.6100000143051147
11.806552171707153, 1.498262882232666, -0.0028133781161159277, 227.27268981933594, 2.4716997146606445, 1.4168148040771484, 0.6100000143051147
11.816578149795532, 1.498262882232666, -0.0028133781161159277, 227.27268981933594, 2.4716997146606445, 1.4287302494049072, 0.6299999952316284
11.826591968536377, 1.498262882232666, -0.0028133781161159277, 227.27268981933594, 2.4716997146606445, 1.4287302494049072, 0.6299999952316284
11.836618900299072, 1.498262882232666, -0.0028133781161159277, 227.27268981933594, 2.4716997146606445, 1.4347389936447144, 0.6399999856948853
11.846556186676025, 1.498262882232666, -0.0028133781161159277, 227.27268981933594, 2.4716997146606445, 1.4408776760101318, 0.6499999761581421
11.857048511505127, 1.498262882232666, -0.0028133781161159277, 227.27268981933594, 2.4716997146606445, 1.4533097743988037, 0.6700000166893005
11.867104291915894, 1.498262882232666, -0.0028133781161159277, 227.27268981933594, 2.4716997146606445, 1.4597818851470947, 0.6800000071525574
11.876614093780518, 1.498262882232666, -0.0028133781161159277, 227.27268981933594, 2.4716997146606445, 1.4663324356079102, 0.6899999976158142
11.886665344238281, 1.498262882232666, -0.0028133781161159277, 227.27268981933594, 2.4716997146606445, 1.472967505455017, 0.699999988079071
11.896576404571533, 1.498262882232666, -0.0028133781161159277, 227.27268981933594, 2.4716997146606445, 1.472967505455017, 0.699999988079071
11.906569719314575, 1.498262882232666, -0.0028133781161159277, 227.27268981933594, 2.4716997146606445, 1.4795796871185303, 0.7099999785423279
11.916647672653198, 1.498262882232666, -0.0028133781161159277, 227.27268981933594, 2.4716997146606445, 1.493067741394043, 0.7300000190734863
11.926599979400635, 1.498262882232666, -0.0028133781161159277, 227.27268981933594, 2.4716997146606445, 1.493067741394043, 0.7300000190734863
11.937100172042847, 1.498262882232666, -0.0028133781161159277, 227.27268981933594, 2.4716997146606445, 1.4998244047164917, 0.7400000095367432
11.946578025817871, 1.498262882232666, -0.0028133781161159277, 227.27268981933594, 2.4716997146606445, 1.5065861940383911, 0.75
11.956592321395874, 1.498262882232666, -0.0028133781161159277, 227.27268981933594, 2.4716997146606445, 1.513274073600769, 0.7599999904632568
11.966617822647095, 1.498262882232666, -0.0028133781161159277, 227.27268981933594, 2.4716997146606445, 1.5265018939971924, 0.7799999713897705
11.976570844650269, 1.498262882232666, -0.0028133781161159277, 227.27268981933594, 2.4716997146606445, 1.5265018939971924, 0.7799999713897705
11.98809814453125, 1.498262882232666, -0.0028133781161159277, 227.27268981933594, 2.4716997146606445, 1.5392789840698242, 0.800000011920929
11.99657392501831, 1.498262882232666, -0.0028133781161159277, 227.27268981933594, 2.4716997146606445, 1.5392789840698242, 0.800000011920929
12.006551742553711, 1.498262882232666, -0.0028133781161159277, 227.27268981933594, 2.4716997146606445, 1.5453718900680542, 0.8100000023841858
12.016561031341553, 1.498262882232666, -0.0028133781161159277, 227.27268981933594, 2.4716997146606445, 1.5514034032821655, 0.8199999928474426
12.026598691940308, 1.498262882232666, -0.0028133781161159277, 227.27268981933594, 2.4716997146606445, 1.5572633743286133, 0.8299999833106995
12.036639213562012, 1.498262882232666, -0.0028133781161159277, 227.27268981933594, 2.4716997146606445, 1.5685298442840576, 0.8500000238418579
12.046589851379395, 1.498262882232666, -0.0028133781161159277, 227.27268981933594, 2.4716997146606445, 1.5685298442840576, 0.8500000238418579
12.056598424911499, 1.498262882232666, -0.0028133781161159277, 227.27268981933594, 2.4716997146606445, 1.5738219022750854, 0.8600000143051147
12.066575288772583, 1.498262882232666, -0.0028133781161159277, 227.27268981933594, 2.4716997146606445, 1.5789765119552612, 0.8700000047683716
12.076577425003052, 1.498262882232666, -0.0028133781161159277, 227.27268981933594, 2.4716997146606445, 1.5839811563491821, 0.8799999952316284
12.086570501327515, 1.498262882232666, -0.0028133781161159277, 227.27268981933594, 2.4716997146606445, 1.588742971420288, 0.8899999856948853
12.096555948257446, 1.498262882232666, -0.0028133781161159277, 227.27268981933594, 2.4716997146606445, 1.5978020429611206, 0.9100000262260437
12.106603145599365, 1.498262882232666, -0.0028133781161159277, 227.27268981933594, 2.4716997146606445, 1.6020864248275757, 0.9100000262260437
12.11657166481018, 1.498262882232666, -0.0028133781161159277, 227.27268981933594, 2.4716997146606445, 1.6020864248275757, 0.9100000262260437
12.126603126525879, 1.498262882232666, -0.0028133781161159277, 227.27268981933594, 2.4716997146606445, 1.610224723815918, 0.9100000262260437
12.13734769821167, 1.3320846557617188, -0.02944791689515114, 159.66061401367188, -2.994269371032715, 1.614188313484192, 0.9100000262260437
12.14656949043274, 1.3320846557617188, -0.02944791689515114, 159.66061401367188, -2.994269371032715, 1.614188313484192, 0.9100000262260437
12.15665316581726, 1.3320846557617188, -0.02944791689515114, 159.66061401367188, -2.994269371032715, 1.6172970533370972, 0.9100000262260437
12.166612148284912, 1.3320846557617188, -0.02944791689515114, 159.66061401367188, -2.994269371032715, 1.6189173460006714, 0.9100000262260437
12.176557302474976, 1.3320846557617188, -0.02944791689515114, 159.66061401367188, -2.994269371032715, 1.6178702116012573, 0.9100000262260437
12.186584949493408, 1.3320846557617188, -0.02944791689515114, 159.66061401367188, -2.994269371032715, 1.6178702116012573, 0.9100000262260437
12.197117567062378, 1.3320846557617188, -0.02944791689515114, 159.66061401367188, -2.994269371032715, 1.6165826320648193, 0.9100000262260437
12.206555604934692, 1.3320846557617188, -0.02944791689515114, 159.66061401367188, -2.994269371032715, 1.615463376045227, 0.9100000262260437
12.216567993164062, 1.3320846557617188, -0.02944791689515114, 159.66061401367188, -2.994269371032715, 1.6146149635314941, 0.9100000262260437
12.22655987739563, 1.3320846557617188, -0.02944791689515114, 159.66061401367188, -2.994269371032715, 1.6135555505752563, 0.9100000262260437
12.236626625061035, 1.3320846557617188, -0.02944791689515114, 159.66061401367188, -2.994269371032715, 1.611910104751587, 0.9100000262260437
12.246573686599731, 1.3320846557617188, -0.02944791689515114, 159.66061401367188, -2.994269371032715, 1.6099120378494263, 0.9100000262260437
12.257498025894165, 1.3320846557617188, -0.02944791689515114, 159.66061401367188, -2.994269371032715, 1.6044645309448242, 0.9100000262260437
12.266606569290161, 1.3320846557617188, -0.02944791689515114, 159.66061401367188, -2.994269371032715, 1.6044645309448242, 0.9100000262260437
12.276596069335938, 1.3320846557617188, -0.02944791689515114, 159.66061401367188, -2.994269371032715, 1.6011968851089478, 0.9100000262260437
12.286598920822144, 1.3320846557617188, -0.02944791689515114, 159.66061401367188, -2.994269371032715, 1.597783088684082, 0.9100000262260437
12.296584844589233, 1.3320846557617188, -0.02944791689515114, 159.66061401367188, -2.994269371032715, 1.5942662954330444, 0.9100000262260437
12.307219743728638, 1.3320846557617188, -0.02944791689515114, 159.66061401367188, -2.994269371032715, 1.5909576416015625, 0.9100000262260437
12.316559791564941, 1.3320846557617188, -0.02944791689515114, 159.66061401367188, -2.994269371032715, 1.5879579782485962, 0.9100000262260437
12.326629638671875, 1.3320846557617188, -0.02944791689515114, 159.66061401367188, -2.994269371032715, 1.581897258758545, 0.9100000262260437
12.337067365646362, 1.3320846557617188, -0.02944791689515114, 159.66061401367188, -2.994269371032715, 1.5787395238876343, 0.9100000262260437
12.346565008163452, 1.3320846557617188, -0.02944791689515114, 159.66061401367188, -2.994269371032715, 1.5787395238876343, 0.9100000262260437
12.35658073425293, 1.3320846557617188, -0.02944791689515114, 159.66061401367188, -2.994269371032715, 1.5756384134292603, 0.9100000262260437
12.36661434173584, 1.3320846557617188, -0.02944791689515114, 159.66061401367188, -2.994269371032715, 1.5725709199905396, 0.9100000262260437
12.37658166885376, 1.3320846557617188, -0.02944791689515114, 159.66061401367188, -2.994269371032715, 1.5696884393692017, 0.9100000262260437
12.38720989227295, 1.3320846557617188, -0.02944791689515114, 159.66061401367188, -2.994269371032715, 1.5644720792770386, 0.9100000262260437
12.396573066711426, 1.3320846557617188, -0.02944791689515114, 159.66061401367188, -2.994269371032715, 1.5644720792770386, 0.9100000262260437
12.40657091140747, 1.3320846557617188, -0.02944791689515114, 159.66061401367188, -2.994269371032715, 1.5620049238204956, 0.9100000262260437
12.416610717773438, 1.3320846557617188, -0.02944791689515114, 159.66061401367188, -2.994269371032715, 1.5573304891586304, 0.9100000262260437
12.426586866378784, 1.3320846557617188, -0.02944791689515114, 159.66061401367188, -2.994269371032715, 1.5551223754882812, 0.9100000262260437
12.436570644378662, 1.3320846557617188, -0.02944791689515114, 159.66061401367188, -2.994269371032715, 1.5551223754882812, 0.9100000262260437
12.446576595306396, 1.3320846557617188, -0.02944791689515114, 159.66061401367188, -2.994269371032715, 1.5530986785888672, 0.9100000262260437
12.456602096557617, 1.3320846557617188, -0.02944791689515114, 159.66061401367188, -2.994269371032715, 1.5511540174484253, 0.9100000262260437
12.466728687286377, 1.3320846557617188, -0.02944791689515114, 159.66061401367188, -2.994269371032715, 1.5478585958480835, 0.9100000262260437
12.476568460464478, 1.3320846557617188, -0.02944791689515114, 159.66061401367188, -2.994269371032715, 1.5478585958480835, 0.9100000262260437
12.486598491668701, 1.3320846557617188, -0.02944791689515114, 159.66061401367188, -2.994269371032715, 1.5464370250701904, 0.9100000262260437
12.497377395629883, 1.3320846557617188, -0.02944791689515114, 159.66061401367188, -2.994269371032715, 1.5433577299118042, 0.9100000262260437
12.506559371948242, 1.3320846557617188, -0.02944791689515114, 159.66061401367188, -2.994269371032715, 1.5433577299118042, 0.9100000262260437
12.516594648361206, 1.3320846557617188, -0.02944791689515114, 159.66061401367188, -2.994269371032715, 1.5418962240219116, 0.9100000262260437
12.526605367660522, 1.3320846557617188, -0.02944791689515114, 159.66061401367188, -2.994269371032715, 1.5404815673828125, 0.9100000262260437
12.536608934402466, 1.3320846557617188, -0.02944791689515114, 159.66061401367188, -2.994269371032715, 1.5390667915344238, 0.9100000262260437
12.546643733978271, 1.3320846557617188, -0.02944791689515114, 159.66061401367188, -2.994269371032715, 1.5375337600708008, 0.9100000262260437
12.556585311889648, 1.3320846557617188, -0.02944791689515114, 159.66061401367188, -2.994269371032715, 1.5359857082366943, 0.9100000262260437
12.566683530807495, 1.3320846557617188, -0.02944791689515114, 159.66061401367188, -2.994269371032715, 1.5327738523483276, 0.9100000262260437
12.57656216621399, 1.3320846557617188, -0.02944791689515114, 159.66061401367188, -2.994269371032715, 1.5327738523483276, 0.9100000262260437
12.586578369140625, 1.3320846557617188, -0.02944791689515114, 159.66061401367188, -2.994269371032715, 1.5310747623443604, 0.9100000262260437
12.59658694267273, 1.3320846557617188, -0.02944791689515114, 159.66061401367188, -2.994269371032715, 1.5292428731918335, 0.9100000262260437
12.606579780578613, 1.3320846557617188, -0.02944791689515114, 159.66061401367188, -2.994269371032715, 1.5273871421813965, 0.9100000262260437
12.616581439971924, 1.3320846557617188, -0.02944791689515114, 159.66061401367188, -2.994269371032715, 1.5255037546157837, 0.9100000262260437
12.626576900482178, 1.3320846557617188, -0.02944791689515114, 159.66061401367188, -2.994269371032715, 1.5235806703567505, 0.9100000262260437
12.636579275131226, 1.3320846557617188, -0.02944791689515114, 159.66061401367188, -2.994269371032715, 1.5216073989868164, 0.9100000262260437
12.647103548049927, 1.3320846557617188, -0.02944791689515114, 159.66061401367188, -2.994269371032715, 1.5175373554229736, 0.9100000262260437
12.656569957733154, 1.3320846557617188, -0.02944791689515114, 159.66061401367188, -2.994269371032715, 1.515391230583191, 0.0
12.666760921478271, 1.3320846557617188, -0.02944791689515114, 159.66061401367188, -2.994269371032715, 1.5132840871810913, 0.0
12.676568031311035, 1.3320846557617188, -0.02944791689515114, 159.66061401367188, -2.994269371032715, 1.5109853744506836, 0.0
12.686606645584106, 1.3320846557617188, -0.02944791689515114, 159.66061401367188, -2.994269371032715, 1.5087568759918213, 0.0
12.69657826423645, 1.3320846557617188, -0.02944791689515114, 159.66061401367188, -2.994269371032715, 1.5065001249313354, 0.0
12.706586599349976, 1.3320846557617188, -0.02944791689515114, 159.66061401367188, -2.994269371032715, 1.5042139291763306, 0.0
12.716558456420898, 1.3320846557617188, -0.02944791689515114, 159.66061401367188, -2.994269371032715, 1.5017677545547485, 0.0
12.726564645767212, 1.3320846557617188, -0.02944791689515114, 159.66061401367188, -2.994269371032715, 1.499175786972046, 0.0
12.73717451095581, 1.3320846557617188, -0.02944791689515114, 159.66061401367188, -2.994269371032715, 1.496585726737976, 0.0
12.747021675109863, 1.3320846557617188, -0.02944791689515114, 159.66061401367188, -2.994269371032715, 1.4939192533493042, 0.0
12.756549596786499, 1.3320846557617188, -0.02944791689515114, 159.66061401367188, -2.994269371032715, 1.4912210702896118, 0.0
12.766550064086914, 1.3320846557617188, -0.02944791689515114, 159.66061401367188, -2.994269371032715, 1.4884939193725586, 0.0
12.776557683944702, 1.3320846557617188, -0.02944791689515114, 159.66061401367188, -2.994269371032715, 1.4857208728790283, 0.0
12.787092208862305, 1.3320846557617188, -0.02944791689515114, 159.66061401367188, -2.994269371032715, 1.4828650951385498, 0.0
12.79653263092041, 1.3320846557617188, -0.02944791689515114, 159.66061401367188, -2.994269371032715, 1.4801849126815796, 0.0
12.806546211242676, 1.3320846557617188, -0.02944791689515114, 159.66061401367188, -2.994269371032715, 1.4773896932601929, 0.0
12.81653904914856, 1.3320846557617188, -0.02944791689515114, 159.66061401367188, -2.994269371032715, 1.4746079444885254, 0.0
12.828007221221924, 1.3320846557617188, -0.02944791689515114, 159.66061401367188, -2.994269371032715, 1.4717493057250977, 0.0
12.838053464889526, 1.3320846557617188, -0.02944791689515114, 159.66061401367188, -2.994269371032715, 1.4690351486206055, 0.0
12.846540927886963, 1.3320846557617188, -0.02944791689515114, 159.66061401367188, -2.994269371032715, 1.466399908065796, 0.0
12.856536865234375, 1.3320846557617188, -0.02944791689515114, 159.66061401367188, -2.994269371032715, 1.4637430906295776, 0.0
12.866570472717285, 1.3320846557617188, -0.02944791689515114, 159.66061401367188, -2.994269371032715, 1.4610261917114258, 0.0
12.876556634902954, 1.3320846557617188, -0.02944791689515114, 159.66061401367188, -2.994269371032715, 1.4584555625915527, 0.0
12.886624097824097, 1.3320846557617188, -0.02944791689515114, 159.66061401367188, -2.994269371032715, 1.4558252096176147, 0.0
12.896583080291748, 1.3320846557617188, -0.02944791689515114, 159.66061401367188, -2.994269371032715, 1.4532829523086548, 0.0
12.906639337539673, 1.3320846557617188, -0.02944791689515114, 159.66061401367188, -2.994269371032715, 1.450697898864746, 0.0
12.91659927368164, 1.3320846557617188, -0.02944791689515114, 159.66061401367188, -2.994269371032715, 1.450697898864746, 0.0
12.926692724227905, 1.3320846557617188, -0.02944791689515114, 159.66061401367188, -2.994269371032715, 1.4456502199172974, 0.0
12.937196016311646, 1.3320846557617188, -0.02944791689515114, 159.66061401367188, -2.994269371032715, 1.4431334733963013, 0.0
12.946566581726074, 1.3320846557617188, -0.02944791689515114, 159.66061401367188, -2.994269371032715, 1.4431334733963013, 0.0
12.956577062606812, 1.3320846557617188, -0.02944791689515114, 159.66061401367188, -2.994269371032715, 1.440609335899353, 0.0
12.966590404510498, 1.3320846557617188, -0.02944791689515114, 159.66061401367188, -2.994269371032715, 1.4382574558258057, 0.0
12.976752996444702, 1.3320846557617188, -0.02944791689515114, 159.66061401367188, -2.994269371032715, 1.4360884428024292, 0.0
12.987401962280273, 1.3320846557617188, -0.02944791689515114, 159.66061401367188, -2.994269371032715, 1.4319030046463013, 0.0
12.996562957763672, 1.3320846557617188, -0.02944791689515114, 159.66061401367188, -2.994269371032715, 1.4319030046463013, 0.0
13.006595849990845, 1.3320846557617188, -0.02944791689515114, 159.66061401367188, -2.994269371032715, 1.4299864768981934, 0.0
13.016830444335938, 1.3320846557617188, -0.02944791689515114, 159.66061401367188, -2.994269371032715, 1.4264941215515137, 0.0
13.026899576187134, 1.3320846557617188, -0.02944791689515114, 159.66061401367188, -2.994269371032715, 1.4247080087661743, 0.0
13.036592245101929, 1.3320846557617188, -0.02944791689515114, 159.66061401367188, -2.994269371032715, 1.4247080087661743, 0.0
13.046635627746582, 1.3320846557617188, -0.02944791689515114, 159.66061401367188, -2.994269371032715, 1.4210582971572876, 0.0
13.056618690490723, 1.3320846557617188, -0.02944791689515114, 159.66061401367188, -2.994269371032715, 1.4192829132080078, 0.0
13.066554307937622, 1.3320846557617188, -0.02944791689515114, 159.66061401367188, -2.994269371032715, 1.4192829132080078, 0.0
13.077192068099976, 1.3320846557617188, -0.02944791689515114, 159.66061401367188, -2.994269371032715, 1.4156179428100586, 0.0
13.086617946624756, 1.3320846557617188, -0.02944791689515114, 159.66061401367188, -2.994269371032715, 1.4138786792755127, 0.0
13.096573829650879, 1.3320846557617188, -0.02944791689515114, 159.66061401367188, -2.994269371032715, 1.4121818542480469, 0.0
13.106637477874756, 1.3320846557617188, -0.02944791689515114, 159.66061401367188, -2.994269371032715, 1.4104723930358887, 0.0
13.116560935974121, 1.3320846557617188, -0.02944791689515114, 159.66061401367188, -2.994269371032715, 1.4104723930358887, 0.0
13.12657642364502, 1.3320846557617188, -0.02944791689515114, 159.66061401367188, -2.994269371032715, 1.408661961555481, 0.0
13.136577844619751, 1.3320846557617188, -0.02944791689515114, 159.66061401367188, -2.994269371032715, 1.4066952466964722, 0.0
13.146675109863281, 1.3320846557617188, -0.02944791689515114, 159.66061401367188, -2.994269371032715, 1.4026529788970947, 0.0
13.156582355499268, 1.3320846557617188, -0.02944791689515114, 159.66061401367188, -2.994269371032715, 1.4026529788970947, 0.0
13.166564464569092, 1.3320846557617188, -0.02944791689515114, 159.66061401367188, -2.994269371032715, 1.4006476402282715, 0.0
14.486565589904785, 1.3320846557617188, -0.010895848274230957, 218.04287719726562, 1.8112335205078125, 1.400120735168457, 0.5799999833106995
14.496549367904663, 1.3320846557617188, -0.010895848274230957, 218.04287719726562, 1.8112335205078125, 1.4113935232162476, 0.6000000238418579
14.506577014923096, 1.3320846557617188, -0.010895848274230957, 218.04287719726562, 1.8112335205078125, 1.4113935232162476, 0.6000000238418579
14.516581058502197, 1.3320846557617188, -0.010895848274230957, 218.04287719726562, 1.8112335205078125, 1.4172656536102295, 0.6100000143051147
14.52660059928894, 1.3320846557617188, -0.010895848274230957, 218.04287719726562, 1.8112335205078125, 1.4231667518615723, 0.6200000047683716
14.536793947219849, 1.3320846557617188, -0.010895848274230957, 218.04287719726562, 1.8112335205078125, 1.4350929260253906, 0.6399999856948853
14.546562910079956, 1.3320846557617188, -0.010895848274230957, 218.04287719726562, 1.8112335205078125, 1.4350929260253906, 0.6399999856948853
14.556564331054688, 1.3320846557617188, -0.010895848274230957, 218.04287719726562, 1.8112335205078125, 1.4412442445755005, 0.6499999761581421
14.566646814346313, 1.3320846557617188, -0.010895848274230957, 218.04287719726562, 1.8112335205078125, 1.4536985158920288, 0.6700000166893005
14.576573610305786, 1.3320846557617188, -0.010895848274230957, 218.04287719726562, 1.8112335205078125, 1.4536985158920288, 0.6700000166893005
14.58657455444336, 1.3320846557617188, -0.010895848274230957, 218.04287719726562, 1.8112335205078125, 1.4601457118988037, 0.6800000071525574
14.596604108810425, 1.3320846557617188, -0.010895848274230957, 218.04287719726562, 1.8112335205078125, 1.473241925239563, 0.699999988079071
14.607002258300781, 1.3320846557617188, -0.010895848274230957, 218.04287719726562, 1.8112335205078125, 1.473241925239563, 0.699999988079071
14.617156505584717, 1.3320846557617188, -0.010895848274230957, 218.04287719726562, 1.8112335205078125, 1.4799062013626099, 0.7099999785423279
14.627033233642578, 1.3320846557617188, -0.010895848274230957, 218.04287719726562, 1.8112335205078125, 1.4932843446731567, 0.7300000190734863
14.636540412902832, 1.3320846557617188, -0.010895848274230957, 218.04287719726562, 1.8112335205078125, 1.4999791383743286, 0.7400000095367432
14.647204875946045, 1.3320846557617188, -0.010895848274230957, 218.04287719726562, 1.8112335205078125, 1.506731629371643, 0.75
14.656707525253296, 1.3320846557617188, -0.010895848274230957, 218.04287719726562, 1.8112335205078125, 1.5133670568466187, 0.7599999904632568
14.666587114334106, 1.3320846557617188, -0.010895848274230957, 218.04287719726562, 1.8112335205078125, 1.5133670568466187, 0.7599999904632568
14.677286386489868, 1.3320846557617188, -0.010895848274230957, 218.04287719726562, 1.8112335205078125, 1.5265603065490723, 0.7799999713897705
14.686576843261719, 1.3320846557617188, -0.010895848274230957, 218.04287719726562, 1.8112335205078125, 1.5265603065490723, 0.7799999713897705
14.696570873260498, 1.3320846557617188, -0.010895848274230957, 218.04287719726562, 1.8112335205078125, 1.5330618619918823, 0.7900000214576721
14.706591129302979, 1.3320846557617188, -0.010895848274230957, 218.04287719726562, 1.8112335205078125, 1.5393123626708984, 0.800000011920929
14.71670913696289, 1.3320846557617188, -0.010895848274230957, 218.04287719726562, 1.8112335205078125, 1.5514137744903564, 0.8199999928474426
14.727145910263062, 1.3320846557617188, -0.010895848274230957, 218.04287719726562, 1.8112335205078125, 1.5514137744903564, 0.8199999928474426
14.736571788787842, 1.3320846557617188, -0.010895848274230957, 218.04287719726562, 1.8112335205078125, 1.5573136806488037, 0.8299999833106995
14.747355699539185, 1.3320846557617188, -0.010895848274230957, 218.04287719726562, 1.8112335205078125, 1.5684949159622192, 0.8500000238418579
14.756948232650757, 1.3320846557617188, -0.010895848274230957, 218.04287719726562, 1.8112335205078125, 1.573805570602417, 0.8600000143051147
14.76657223701477, 1.3320846557617188, -0.010895848274230957, 218.04287719726562, 1.8112335205078125, 1.573805570602417, 0.8600000143051147
14.776572227478027, 1.3320846557617188, -0.010895848274230957, 218.04287719726562, 1.8112335205078125, 1.5790218114852905, 0.8700000047683716
14.786564588546753, 1.3320846557617188, -0.010895848274230957, 218.04287719726562, 1.8112335205078125, 1.588819146156311, 0.8899999856948853
14.796586036682129, 1.3320846557617188, -0.010895848274230957, 218.04287719726562, 1.8112335205078125, 1.588819146156311, 0.8899999856948853
14.80659008026123, 1.3320846557617188, -0.010895848274230957, 218.04287719726562, 1.8112335205078125, 1.5979019403457642, 0.9100000262260437
14.816624402999878, 1.3320846557617188, -0.010895848274230957, 218.04287719726562, 1.8112335205078125, 1.5979019403457642, 0.9100000262260437
14.826556921005249, 1.3320846557617188, -0.010895848274230957, 218.04287719726562, 1.8112335205078125, 1.6063401699066162, 0.9100000262260437
14.836539030075073, 1.3320846557617188, -0.010895848274230957, 218.04287719726562, 1.8112335205078125, 1.610344409942627, 0.9100000262260437
14.847100257873535, 1.3320846557617188, -0.010895848274230957, 218.04287719726562, 1.8112335205078125, 1.6143455505371094, 0.9100000262260437
14.85655665397644, 1.3320846557617188, -0.010895848274230957, 218.04287719726562, 1.8112335205078125, 1.6143455505371094, 0.9100000262260437
14.866567373275757, 1.3320846557617188, -0.010895848274230957, 218.04287719726562, 1.8112335205078125, 1.617489218711853, 0.9100000262260437
14.876839637756348, 1.3320846557617188, -0.010895848274230957, 218.04287719726562, 1.8112335205078125, 1.6191400289535522, 0.9100000262260437
14.88657832145691, 1.3320846557617188, -0.010895848274230957, 218.04287719726562, 1.8112335205078125, 1.6191400289535522, 0.9100000262260437
14.896968603134155, 1.3320846557617188, -0.010895848274230957, 218.04287719726562, 1.8112335205078125, 1.616947054862976, 0.9100000262260437
14.907105684280396, 1.3320846557617188, -0.010895848274230957, 218.04287719726562, 1.8112335205078125, 1.6159299612045288, 0.9100000262260437
14.916574954986572, 1.3320846557617188, -0.010895848274230957, 218.04287719726562, 1.8112335205078125, 1.6159299612045288, 0.9100000262260437
14.926600217819214, 1.3320846557617188, -0.010895848274230957, 218.04287719726562, 1.8112335205078125, 1.6151541471481323, 0.9100000262260437
14.936591386795044, 1.3320846557617188, -0.010895848274230957, 218.04287719726562, 1.8112335205078125, 1.6125717163085938, 0.9100000262260437
14.946562767028809, 1.3320846557617188, -0.010895848274230957, 218.04287719726562, 1.8112335205078125, 1.6125717163085938, 0.9100000262260437
14.95659327507019, 1.3320846557617188, -0.010895848274230957, 218.04287719726562, 1.8112335205078125, 1.6105421781539917, 0.9100000262260437
14.966562032699585, 1.3320846557617188, -0.010895848274230957, 218.04287719726562, 1.8112335205078125, 1.6080938577651978, 0.9100000262260437
14.976606845855713, 1.3320846557617188, -0.010895848274230957, 218.04287719726562, 1.8112335205078125, 1.6051486730575562, 0.9100000262260437
14.986565589904785, 1.3320846557617188, -0.010895848274230957, 218.04287719726562, 1.8112335205078125, 1.6019130945205688, 0.9100000262260437
14.996642589569092, 1.3320846557617188, -0.010895848274230957, 218.04287719726562, 1.8112335205078125, 1.595028042793274, 0.9100000262260437
15.006585121154785, 1.3320846557617188, -0.010895848274230957, 218.04287719726562, 1.8112335205078125, 1.595028042793274, 0.9100000262260437
15.016561031341553, 1.3320846557617188, -0.010895848274230957, 218.04287719726562, 1.8112335205078125, 1.5917648077011108, 0.9100000262260437
15.026559114456177, 1.3320846557617188, -0.02448478527367115, 155.64251708984375, -2.9410886764526367, 1.5887411832809448, 0.9100000262260437
15.036557674407959, 1.3320846557617188, -2.1791577339172363, 152.2132110595703, -296.051025390625, 1.5827021598815918, 0.9100000262260437
15.047964334487915, 1.3320846557617188, -2.1791577339172363, 152.2132110595703, -296.051025390625, 1.5794892311096191, 0.9100000262260437
15.057462215423584, 1.3320846557617188, -2.1791577339172363, 152.2132110595703, -296.051025390625, 1.5764343738555908, 0.9100000262260437
15.066592931747437, 1.3320846557617188, -2.1791577339172363, 152.2132110595703, -296.051025390625, 1.5764343738555908, 0.9100000262260437
15.076587200164795, 1.3320846557617188, -2.1791577339172363, 152.2132110595703, -296.051025390625, 1.5734001398086548, 0.9100000262260437
15.086735486984253, 1.3320846557617188, -2.1791577339172363, 152.2132110595703, -296.051025390625, 1.5676535367965698, 0.9100000262260437
15.096569776535034, 1.3320846557617188, -2.1791577339172363, 152.2132110595703, -296.051025390625, 1.5676535367965698, 0.9100000262260437
15.106613874435425, 1.3320846557617188, -2.1791577339172363, 152.2132110595703, -296.051025390625, 1.56509268283844, 0.9100000262260437
15.116584062576294, 1.3320846557617188, -2.1791577339172363, 152.2132110595703, -296.051025390625, 1.5626126527786255, 0.9100000262260437
15.12666940689087, 1.3320846557617188, -2.1791577339172363, 152.2132110595703, -296.051025390625, 1.557857632637024, 0.9100000262260437
15.13659954071045, 1.3320846557617188, -2.1791577339172363, 152.2132110595703, -296.051025390625, 1.5556291341781616, 0.9100000262260437
15.146553039550781, 1.3320846557617188, -2.1791577339172363, 152.2132110595703, -296.051025390625, 1.5556291341781616, 0.9100000262260437
15.1565682888031, 1.3320846557617188, -2.1791577339172363, 152.2132110595703, -296.051025390625, 1.5535633563995361, 0.9100000262260437
15.166586875915527, 1.3320846557617188, -2.1791577339172363, 152.2132110595703, -296.051025390625, 1.549831509590149, 0.9100000262260437
15.177226781845093, 1.3320846557617188, -2.1791577339172363, 152.2132110595703, -296.051025390625, 1.549831509590149, 0.9100000262260437
15.186556816101074, 1.3320846557617188, -2.1791577339172363, 152.2132110595703, -296.051025390625, 1.5483101606369019, 0.9100000262260437
15.196630954742432, 1.3320846557617188, -2.1791577339172363, 152.2132110595703, -296.051025390625, 1.5453076362609863, 0.9100000262260437
15.206562042236328, 1.3320846557617188, -2.1791577339172363, 152.2132110595703, -296.051025390625, 1.5453076362609863, 0.9100000262260437
15.216577053070068, 1.3320846557617188, -2.1791577339172363, 152.2132110595703, -296.051025390625, 1.5438121557235718, 0.9100000262260437
15.226648092269897, 1.3320846557617188, -2.1791577339172363, 152.2132110595703, -296.051025390625, 1.5408844947814941, 0.9100000262260437
15.23657512664795, 1.3320846557617188, -2.1791577339172363, 152.2132110595703, -296.051025390625, 1.5408844947814941, 0.9100000262260437
15.246623277664185, 1.3320846557617188, -2.1791577339172363, 152.2132110595703, -296.051025390625, 1.5394854545593262, 0.9100000262260437
15.256580352783203, 1.3320846557617188, -2.1791577339172363, 152.2132110595703, -296.051025390625, 1.5379389524459839, 0.9100000262260437
15.266652584075928, 1.3320846557617188, -2.1791577339172363, 152.2132110595703, -296.051025390625, 1.5364171266555786, 0.9100000262260437
15.276572465896606, 1.3320846557617188, -2.1791577339172363, 152.2132110595703, -296.051025390625, 1.5348557233810425, 0.9100000262260437
15.286580801010132, 1.3320846557617188, -2.1791577339172363, 152.2132110595703, -296.051025390625, 1.533280372619629, 0.9100000262260437
15.296573877334595, 1.3320846557617188, -2.1791577339172363, 152.2132110595703, -296.051025390625, 1.531585454940796, 0.9100000262260437
15.306580066680908, 1.3320846557617188, -2.1791577339172363, 152.2132110595703, -296.051025390625, 1.5298330783843994, 0.9100000262260437
15.31714677810669, 1.3320846557617188, -2.1791577339172363, 152.2132110595703, -296.051025390625, 1.5279669761657715, 0.9100000262260437
15.326573848724365, 1.3320846557617188, -2.1791577339172363, 152.2132110595703, -296.051025390625, 1.526142954826355, 0.9100000262260437
15.336572408676147, 1.3320846557617188, -2.1791577339172363, 152.2132110595703, -296.051025390625, 1.5241872072219849, 0.9100000262260437
15.34657597541809, 1.3320846557617188, -2.1791577339172363, 152.2132110595703, -296.051025390625, 1.5222322940826416, 0.9100000262260437
15.35658049583435, 1.3320846557617188, -2.1791577339172363, 152.2132110595703, -296.051025390625, 1.5202255249023438, 0.9100000262260437
15.366573095321655, 1.3320846557617188, -2.1791577339172363, 152.2132110595703, -296.051025390625, 1.5182421207427979, 0.9100000262260437
15.376594066619873, 1.3320846557617188, -2.1791577339172363, 152.2132110595703, -296.051025390625, 1.5139700174331665, 0.0
15.386570930480957, 1.3320846557617188, -2.1791577339172363, 152.2132110595703, -296.051025390625, 1.51173996925354, 0.0
15.396556854248047, 1.3320846557617188, -2.1791577339172363, 152.2132110595703, -296.051025390625, 1.5095325708389282, 0.0
15.406554222106934, 1.3320846557617188, -2.1791577339172363, 152.2132110595703, -296.051025390625, 1.507202386856079, 0.0
15.417152643203735, 1.3320846557617188, -2.1791577339172363, 152.2132110595703, -296.051025390625, 1.5048623085021973, 0.0
15.426552057266235, 1.3320846557617188, -2.1791577339172363, 152.2132110595703, -296.051025390625, 1.5024200677871704, 0.0
15.437113285064697, 1.3320846557617188, -2.1791577339172363, 152.2132110595703, -296.051025390625, 1.4999232292175293, 0.0
15.447183609008789, 1.3320846557617188, -2.1791577339172363, 152.2132110595703, -296.051025390625, 1.4972689151763916, 0.0
15.456552982330322, 1.3320846557617188, -2.1791577339172363, 152.2132110595703, -296.051025390625, 1.4946939945220947, 0.0
15.466552734375, 1.3320846557617188, -2.1791577339172363, 152.2132110595703, -296.051025390625, 1.4919625520706177, 0.0
15.476545810699463, 1.3320846557617188, -2.1791577339172363, 152.2132110595703, -296.051025390625, 1.4891390800476074, 0.0
15.486634254455566, 1.3320846557617188, -2.1791577339172363, 152.2132110595703, -296.051025390625, 1.486322045326233, 0.0
15.496586084365845, 1.3320846557617188, -2.1791577339172363, 152.2132110595703, -296.051025390625, 1.4834702014923096, 0.0
15.50657844543457, 1.3320846557617188, -2.1791577339172363, 152.2132110595703, -296.051025390625, 1.4806267023086548, 0.0
15.516611099243164, 1.3320846557617188, -2.1791577339172363, 152.2132110595703, -296.051025390625, 1.4779056310653687, 0.0
15.526574611663818, 1.3320846557617188, -2.1791577339172363, 152.2132110595703, -296.051025390625, 1.4750851392745972, 0.0
15.536593198776245, 1.3320846557617188, -2.1791577339172363, 152.2132110595703, -296.051025390625, 1.4722988605499268, 0.0
15.54656457901001, 1.3320846557617188, -2.1791577339172363, 152.2132110595703, -296.051025390625, 1.4695022106170654, 0.0
15.556550979614258, 1.3320846557617188, -2.1791577339172363, 152.2132110595703, -296.051025390625, 1.4667959213256836, 0.0
15.56653904914856, 1.3320846557617188, -2.1791577339172363, 152.2132110595703, -296.051025390625, 1.4641494750976562, 0.0
15.576575756072998, 1.3320846557617188, -2.1791577339172363, 152.2132110595703, -296.051025390625, 1.4613902568817139, 0.0
15.586549282073975, 1.3320846557617188, -2.1791577339172363, 152.2132110595703, -296.051025390625, 1.4586974382400513, 0.0
15.596573829650879, 1.3320846557617188, -2.1791577339172363, 152.2132110595703, -296.051025390625, 1.455993413925171, 0.0
15.606562852859497, 1.3320846557617188, -2.1791577339172363, 152.2132110595703, -296.051025390625, 1.4534279108047485, 0.0
15.616576194763184, 1.3320846557617188, -2.1791577339172363, 152.2132110595703, -296.051025390625, 1.4534279108047485, 0.0
15.626555919647217, 1.3320846557617188, -2.1791577339172363, 152.2132110595703, -296.051025390625, 1.4482522010803223, 0.0
15.636564016342163, 1.3320846557617188, -2.1791577339172363, 152.2132110595703, -296.051025390625, 1.4482522010803223, 0.0
15.646621465682983, 1.3320846557617188, -2.1791577339172363, 152.2132110595703, -296.051025390625, 1.445704698562622, 0.0
15.656584978103638, 1.3320846557617188, -2.1791577339172363, 152.2132110595703, -296.051025390625, 1.4431450366973877, 0.0
15.666583776473999, 1.3320846557617188, -2.1791577339172363, 152.2132110595703, -296.051025390625, 1.4406880140304565, 0.0
15.676825761795044, 1.3320846557617188, -2.1791577339172363, 152.2132110595703, -296.051025390625, 1.4360312223434448, 0.0
15.686692476272583, 1.3320846557617188, -2.1791577339172363, 152.2132110595703, -296.051025390625, 1.4360312223434448, 0.0
15.696561336517334, 1.3320846557617188, -2.1791577339172363, 152.2132110595703, -296.051025390625, 1.4338552951812744, 0.0
15.707369327545166, 1.3320846557617188, -2.1791577339172363, 152.2132110595703, -296.051025390625, 1.4298739433288574, 0.0
15.71656322479248, 1.3320846557617188, -2.1791577339172363, 152.2132110595703, -296.051025390625, 1.4298739433288574, 0.0
15.726620435714722, 1.3320846557617188, -2.1791577339172363, 152.2132110595703, -296.051025390625, 1.4281026124954224, 0.0
15.736588716506958, 1.3320846557617188, -2.1791577339172363, 152.2132110595703, -296.051025390625, 1.4263849258422852, 0.0
15.746576070785522, 1.3320846557617188, -2.1791577339172363, 152.2132110595703, -296.051025390625, 1.4246665239334106, 0.0
15.756572484970093, 1.3320846557617188, -2.1791577339172363, 152.2132110595703, -296.051025390625, 1.422823429107666, 0.0
15.766589641571045, 1.3320846557617188, -2.1791577339172363, 152.2132110595703, -296.051025390625, 1.420992374420166, 0.0
15.776581048965454, 1.3320846557617188, -2.1791577339172363, 152.2132110595703, -296.051025390625, 1.4191851615905762, 0.0
15.786576271057129, 1.3320846557617188, -2.1791577339172363, 152.2132110595703, -296.051025390625, 1.4155633449554443, 0.0
15.796600580215454, 1.3320846557617188, -2.1791577339172363, 152.2132110595703, -296.051025390625, 1.4138089418411255, 0.0
15.807086706161499, 1.3320846557617188, -2.1791577339172363, 152.2132110595703, -296.051025390625, 1.412125587463379, 0.0
15.816616773605347, 1.3320846557617188, -2.1791577339172363, 152.2132110595703, -296.051025390625, 1.412125587463379, 0.0
15.826647758483887, 1.3320846557617188, -2.1791577339172363, 152.2132110595703, -296.051025390625, 1.4086909294128418, 0.0
15.83655595779419, 1.3320846557617188, -2.1791577339172363, 152.2132110595703, -296.051025390625, 1.4086909294128418, 0.0
15.847082138061523, 1.3320846557617188, -2.1791577339172363, 152.2132110595703, -296.051025390625, 1.4047186374664307, 0.0
15.85712480545044, 1.3320846557617188, -2.1791577339172363, 152.2132110595703, -296.051025390625, 1.4027400016784668, 0.0
15.866573810577393, 1.3320846557617188, -2.1791577339172363, 152.2132110595703, -296.051025390625, 1.4027400016784668, 0.0
17.196556568145752, 1.3320846557617188, -2.1791577339172363, 152.2132110595703, -296.051025390625, 1.4058218002319336, 0.5899999737739563
17.207204580307007, 1.3320846557617188, -2.1791577339172363, 152.2132110595703, -296.051025390625, 1.4114688634872437, 0.6000000238418579
17.216572284698486, 1.3320846557617188, -2.1791577339172363, 152.2132110595703, -296.051025390625, 1.4114688634872437, 0.6000000238418579
17.226576566696167, 1.3320846557617188, -2.1791577339172363, 152.2132110595703, -296.051025390625, 1.4173405170440674, 0.6100000143051147
17.236599683761597, 1.3320846557617188, -2.1791577339172363, 152.2132110595703, -296.051025390625, 1.423258662223816, 0.6200000047683716
17.247198820114136, 1.3320846557617188, -2.1791577339172363, 152.2132110595703, -296.051025390625, 1.435197353363037, 0.6399999856948853
17.256574630737305, 1.3320846557617188, -2.1791577339172363, 152.2132110595703, -296.051025390625, 1.435197353363037, 0.6399999856948853
17.26660704612732, 1.3320846557617188, -2.1791577339172363, 152.2132110595703, -296.051025390625, 1.447589635848999, 0.6600000262260437
17.27660059928894, 1.3320846557617188, -2.1791577339172363, 152.2132110595703, -296.051025390625, 1.447589635848999, 0.6600000262260437
17.28656816482544, 1.3320846557617188, -2.1791577339172363, 152.2132110595703, -296.051025390625, 1.4537628889083862, 0.6700000166893005
17.296658754348755, 1.3320846557617188, -2.1791577339172363, 152.2132110595703, -296.051025390625, 1.4667656421661377, 0.6899999976158142
17.30655789375305, 1.3320846557617188, -2.1791577339172363, 152.2132110595703, -296.051025390625, 1.4667656421661377, 0.6899999976158142
17.31656575202942, 1.3320846557617188, -2.1791577339172363, 152.2132110595703, -296.051025390625, 1.4734246730804443, 0.699999988079071
17.326605081558228, 1.3320846557617188, -2.1791577339172363, 152.2132110595703, -296.051025390625, 1.4800572395324707, 0.7099999785423279
17.33665919303894, 1.3320846557617188, -2.1791577339172363, 152.2132110595703, -296.051025390625, 1.493523120880127, 0.7300000190734863
17.34709143638611, 1.3320846557617188, -2.1791577339172363, 152.2132110595703, -296.051025390625, 1.5003018379211426, 0.7400000095367432
17.356611728668213, 1.3320846557617188, -2.1791577339172363, 152.2132110595703, -296.051025390625, 1.5003018379211426, 0.7400000095367432
17.36658215522766, 1.3320846557617188, -2.1791577339172363, 152.2132110595703, -296.051025390625, 1.507010579109192, 0.75
17.376623392105103, 1.3320846557617188, -2.1791577339172363, 152.2132110595703, -296.051025390625, 1.520355224609375, 0.7699999809265137
17.386603355407715, 1.3320846557617188, -2.1791577339172363, 152.2132110595703, -296.051025390625, 1.520355224609375, 0.7699999809265137
17.39658236503601, 1.3320846557617188, -2.1791577339172363, 152.2132110595703, -296.051025390625, 1.5269211530685425, 0.7799999713897705
17.40665864944458, 1.3320846557617188, -2.1791577339172363, 152.2132110595703, -296.051025390625, 1.5334196090698242, 0.7900000214576721
17.417240381240845, 1.3320846557617188, -2.1791577339172363, 152.2132110595703, -296.051025390625, 1.545818567276001, 0.8100000023841858
17.42658257484436, 1.3320846557617188, -2.1791577339172363, 152.2132110595703, -296.051025390625, 1.545818567276001, 0.8100000023841858
17.436582565307617, 1.3320846557617188, -2.1791577339172363, 152.2132110595703, -296.051025390625, 1.551824927330017, 0.8199999928474426
17.4465913772583, 1.3320846557617188, -2.1791577339172363, 152.2132110595703, -296.051025390625, 1.557712435722351, 0.8299999833106995
17.45660710334778, 1.3320846557617188, -2.1791577339172363, 152.2132110595703, -296.051025390625, 1.563377857208252, 0.8399999737739563
17.466575622558594, 1.3320846557617188, -2.1791577339172363, 152.2132110595703, -296.051025390625, 1.5688506364822388, 0.8500000238418579
17.476584911346436, 1.3320846557617188, -2.1791577339172363, 152.2132110595703, -296.051025390625, 1.574238896369934, 0.8600000143051147
17.48659610748291, 1.3320846557617188, -2.1791577339172363, 152.2132110595703, -296.051025390625, 1.5793884992599487, 0.8700000047683716
17.496744394302368, 1.3320846557617188, -2.1791577339172363, 152.2132110595703, -296.051025390625, 1.5891554355621338, 0.8899999856948853
17.506576776504517, 1.3320846557617188, -2.1791577339172363, 152.2132110595703, -296.051025390625, 1.5891554355621338, 0.8899999856948853
17.51664686203003, 1.3320846557617188, -2.1791577339172363, 152.2132110595703, -296.051025390625, 1.5937970876693726, 0.8999999761581421
17.52655029296875, 1.3320846557617188, -2.1791577339172363, 152.2132110595703, -296.051025390625, 1.6025300025939941, 0.9100000262260437
17.536597967147827, 1.3320846557617188, -2.1791577339172363, 152.2132110595703, -296.051025390625, 1.6025300025939941, 0.9100000262260437
17.546597003936768, 1.3320846557617188, -2.1791577339172363, 152.2132110595703, -296.051025390625, 1.6106247901916504, 0.9100000262260437
17.556787729263306, 1.3320846557617188, -2.1791577339172363, 152.2132110595703, -296.051025390625, 1.614600419998169, 0.9100000262260437
17.56655740737915, 1.3320846557617188, -2.1791577339172363, 152.2132110595703, -296.051025390625, 1.6177462339401245, 0.9100000262260437
17.57659339904785, 1.3320846557617188, -2.1791577339172363, 152.2132110595703, -296.051025390625, 1.6193631887435913, 0.9100000262260437
17.587273597717285, 1.3320846557617188, -2.1791577339172363, 152.2132110595703, -296.051025390625, 1.6193324327468872, 0.9100000262260437
17.59705090522766, 1.3320846557617188, -2.1791577339172363, 152.2132110595703, -296.051025390625, 1.6182494163513184, 0.9100000262260437
17.606608867645264, 1.3320846557617188, -2.1791577339172363, 152.2132110595703, -296.051025390625, 1.6169798374176025, 0.9100000262260437
17.61666226387024, 1.3320846557617188, -2.1791577339172363, 152.2132110595703, -296.051025390625, 1.615857481956482, 0.9100000262260437
17.626559734344482, 1.3320846557617188, -2.1791577339172363, 152.2132110595703, -296.051025390625, 1.615857481956482, 0.9100000262260437
17.63667607307434, 1.3320846557617188, -2.1791577339172363, 152.2132110595703, -296.051025390625, 1.615128755569458, 0.9100000262260437
17.646554470062256, 1.3320846557617188, -2.1791577339172363, 152.2132110595703, -296.051025390625, 1.6140867471694946, 0.9100000262260437
17.656575918197632, 1.3320846557617188, -2.1791577339172363, 152.2132110595703, -296.051025390625, 1.6125062704086304, 0.9100000262260437
17.666552782058716, 1.3320846557617188, -2.1791577339172363, 152.2132110595703, -296.051025390625, 1.6104710102081299, 0.9100000262260437
17.67667865753174, 1.3320846557617188, -2.1791577339172363, 152.2132110595703, -296.051025390625, 1.6079661846160889, 0.9100000262260437
17.686588048934937, 1.3320846557617188, -2.1791577339172363, 152.2132110595703, -296.051025390625, 1.6050004959106445, 0.9100000262260437
17.696577310562134, 1.3320846557617188, -2.1791577339172363, 152.2132110595703, -296.051025390625, 1.6017675399780273, 0.9100000262260437
17.706602334976196, 1.3320846557617188, -2.1791577339172363, 152.2132110595703, -296.051025390625, 1.5983251333236694, 0.9100000262260437
17.71656322479248, 1.3320846557617188, -2.1791577339172363, 152.2132110595703, -296.051025390625, 1.594850778579712, 0.9100000262260437
17.72658681869507, 1.3320846557617188, -2.1791577339172363, 152.2132110595703, -296.051025390625, 1.5915331840515137, 0.9100000262260437
17.73658537864685, 1.3320846557617188, -2.1791577339172363, 152.2132110595703, -296.051025390625, 1.5885164737701416, 0.9100000262260437
17.746581554412842, 1.3320846557617188, -2.1791577339172363, 152.2132110595703, -296.051025390625, 1.5855613946914673, 0.9100000262260437
17.756582260131836, 1.3320846557617188, -2.1791577339172363, 152.2132110595703, -296.051025390625, 1.582481026649475, 0.9100000262260437
17.76659655570984, 1.3320846557617188, -2.1791577339172363, 152.2132110595703, -296.051025390625, 1.5793009996414185, 0.9100000262260437
17.7765691280365, 1.3320846557617188, -2.1791577339172363, 152.2132110595703, -296.051025390625, 1.5762689113616943, 0.9100000262260437
17.786560535430908, 1.3320846557617188, -2.1791577339172363, 152.2132110595703, -296.051025390625, 1.5732158422470093, 0.9100000262260437
17.797574520111084, 1.3320846557617188, -2.1791577339172363, 152.2132110595703, -296.051025390625, 1.5675456523895264, 0.9100000262260437
17.806566953659058, 1.3320846557617188, -2.1791577339172363, 152.2132110595703, -296.051025390625, 1.5675456523895264, 0.9100000262260437
17.816587924957275, 1.3320846557617188, -2.1791577339172363, 152.2132110595703, -296.051025390625, 1.564914584159851, 0.9100000262260437
17.826935529708862, 1.3320846557617188, -2.1791577339172363, 152.2132110595703, -296.051025390625, 1.5623869895935059, 0.9100000262260437
17.836600065231323, 1.3320846557617188, -2.1791577339172363, 152.2132110595703, -296.051025390625, 1.5577478408813477, 0.9100000262260437
17.84717631340027, 1.3320846557617188, -2.1791577339172363, 152.2132110595703, -296.051025390625, 1.555437684059143, 0.9100000262260437
17.85660171508789, 1.3320846557617188, -2.1791577339172363, 152.2132110595703, -296.051025390625, 1.5533661842346191, 0.9100000262260437
17.86658811569214, 1.3320846557617188, -2.1791577339172363, 152.2132110595703, -296.051025390625, 1.5533661842346191, 0.9100000262260437
17.876559734344482, 1.3320846557617188, -2.1791577339172363, 152.2132110595703, -296.051025390625, 1.551452875137329, 0.9100000262260437
17.887120485305786, 1.3320846557617188, -2.1791577339172363, 152.2132110595703, -296.051025390625, 1.5480873584747314, 0.9100000262260437
17.897252321243286, 1.3320846557617188, -2.1791577339172363, 152.2132110595703, -296.051025390625, 1.5466303825378418, 0.9100000262260437
17.906540870666504, 1.3320846557617188, -2.1791577339172363, 152.2132110595703, -296.051025390625, 1.54512619972229, 0.9100000262260437
17.916561126708984, 1.3320846557617188, -2.1791577339172363, 152.2132110595703, -296.051025390625, 1.54512619972229, 0.9100000262260437
17.92656898498535, 1.3320846557617188, -2.1791577339172363, 152.2132110595703, -296.051025390625, 1.5436387062072754, 0.9100000262260437
17.9370858669281, 1.3320846557617188, -2.1791577339172363, 152.2132110595703, -296.051025390625, 1.540825366973877, 0.9100000262260437
17.947108507156372, 1.3320846557617188, -2.1791577339172363, 152.2132110595703, -296.051025390625, 1.5393671989440918, 0.9100000262260437
17.956586122512817, 1.3320846557617188, -2.1791577339172363, 152.2132110595703, -296.051025390625, 1.5393671989440918, 0.9100000262260437
17.967288494110107, 1.3320846557617188, -2.1791577339172363, 152.2132110595703, -296.051025390625, 1.5364102125167847, 0.9100000262260437
17.97657346725464, 1.3320846557617188, -2.1791577339172363, 152.2132110595703, -296.051025390625, 1.5364102125167847, 0.9100000262260437
17.986587285995483, 1.3320846557617188, -2.1791577339172363, 152.2132110595703, -296.051025390625, 1.5348261594772339, 0.9100000262260437
17.996596574783325, 1.3320846557617188, -2.1791577339172363, 152.2132110595703, -296.051025390625, 1.5333244800567627, 0.9100000262260437
18.00664186477661, 1.3320846557617188, -2.1791577339172363, 152.2132110595703, -296.051025390625, 1.5316033363342285, 0.9100000262260437
18.016621828079224, 1.3320846557617188, -2.1791577339172363, 152.2132110595703, -296.051025390625, 1.5298677682876587, 0.9100000262260437
18.026570081710815, 1.3320846557617188, -2.1791577339172363, 152.2132110595703, -296.051025390625, 1.528024673461914, 0.9100000262260437
18.036566495895386, 1.3320846557617188, -2.1791577339172363, 152.2132110595703, -296.051025390625, 1.5260924100875854, 0.9100000262260437
18.046611547470093, 1.3320846557617188, -2.1791577339172363, 152.2132110595703, -296.051025390625, 1.5241785049438477, 0.9100000262260437
18.05713176727295, 1.3320846557617188, -2.1791577339172363, 152.2132110595703, -296.051025390625, 1.5201523303985596, 0.9100000262260437
18.066558122634888, 1.3320846557617188, -2.1791577339172363, 152.2132110595703, -296.051025390625, 1.5201523303985596, 0.9100000262260437
18.076560735702515, 1.3320846557617188, -2.1791577339172363, 152.2132110595703, -296.051025390625, 1.5160709619522095, 0.0
18.08721923828125, 1.3320846557617188, -2.1791577339172363, 152.2132110595703, -296.051025390625, 1.5139185190200806, 0.0
18.0970721244812, 1.3320846557617188, -2.1791577339172363, 152.2132110595703, -296.051025390625, 1.5116926431655884, 0.0
18.10703468322754, 1.3320846557617188, -2.1791577339172363, 152.2132110595703, -296.051025390625, 1.5094326734542847, 0.0
18.11655831336975, 1.3320846557617188, -2.1791577339172363, 152.2132110595703, -296.051025390625, 1.5071035623550415, 0.0
18.126580715179443, 1.3320846557617188, -2.1791577339172363, 152.2132110595703, -296.051025390625, 1.5047727823257446, 0.0
18.13656783103943, 1.3320846557617188, -2.1791577339172363, 152.2132110595703, -296.051025390625, 1.502236247062683, 0.0
18.146574020385742, 1.3320846557617188, -2.1791577339172363, 152.2132110595703, -296.051025390625, 1.4996777772903442, 0.0
18.156564712524414, 1.3320846557617188, -2.1791577339172363, 152.2132110595703, -296.051025390625, 1.497046947479248, 0.0
18.16655158996582, 1.3320846557617188, -2.1791577339172363, 152.2132110595703, -296.051025390625, 1.4944363832473755, 0.0
18.176568746566772, 1.3320846557617188, -2.1791577339172363, 152.2132110595703, -296.051025390625, 1.4916549921035767, 0.0
18.18655300140381, 1.3320846557617188, -2.1791577339172363, 152.2132110595703, -296.051025390625, 1.4889860153198242, 0.0
18.196544408798218, 1.3320846557617188, -2.1791577339172363, 152.2132110595703, -296.051025390625, 1.486180067062378, 0.0
18.207289457321167, 1.3320846557617188, -2.1791577339172363, 152.2132110595703, -296.051025390625, 1.4833276271820068, 0.0
18.21655535697937, 1.3320846557617188, -2.1791577339172363, 152.2132110595703, -296.051025390625, 1.4805428981781006, 0.0
18.227030992507935, 1.3320846557617188, -2.1791577339172363, 152.2132110595703, -296.051025390625, 1.4777686595916748, 0.0
18.236542224884033, 1.3320846557617188, -2.1791577339172363, 152.2132110595703, -296.051025390625, 1.4750052690505981, 0.0
18.246549367904663, 1.3320846557617188, -2.1791577339172363, 152.2132110595703, -296.051025390625, 1.47221040725708, 0.0
18.256547689437866, 1.3320846557617188, -2.1791577339172363, 152.2132110595703, -296.051025390625, 1.4694130420684814, 0.0
18.26713514328003, 1.3320846557617188, -2.1791577339172363, 152.2132110595703, -296.051025390625, 1.4667484760284424, 0.0
18.27656078338623, 1.3320846557617188, -2.1791577339172363, 152.2132110595703, -296.051025390625, 1.4641289710998535, 0.0
18.28657031059265, 1.3320846557617188, -2.1791577339172363, 152.2132110595703, -296.051025390625, 1.4614019393920898, 0.0
18.297497510910034, 1.3320846557617188, -2.1791577339172363, 152.2132110595703, -296.051025390625, 1.4587607383728027, 0.0
18.306551694869995, 1.3320846557617188, -2.1791577339172363, 152.2132110595703, -296.051025390625, 1.4560422897338867, 0.0
18.31654691696167, 1.3320846557617188, -2.1791577339172363, 152.2132110595703, -296.051025390625, 1.4560422897338867, 0.0
18.326545476913452, 1.3320846557617188, -2.1791577339172363, 152.2132110595703, -296.051025390625, 1.4508962631225586, 0.0
18.336544036865234, 1.3320846557617188, -2.1791577339172363, 152.2132110595703, -296.051025390625, 1.4483412504196167, 0.0
18.346571683883667, 1.3320846557617188, -2.1791577339172363, 152.2132110595703, -296.051025390625, 1.4483412504196167, 0.0
18.35662865638733, 1.3320846557617188, -2.1791577339172363, 152.2132110595703, -296.051025390625, 1.4432899951934814, 0.0
18.36659288406372, 1.3320846557617188, -2.1791577339172363, 152.2132110595703, -296.051025390625, 1.4432899951934814, 0.0
18.376574516296387, 1.3320846557617188, -2.1791577339172363, 152.2132110595703, -296.051025390625, 1.4408035278320312, 0.0
18.386574029922485, 1.3320846557617188, -2.1791577339172363, 152.2132110595703, -296.051025390625, 1.4384596347808838, 0.0
18.396566152572632, 1.3320846557617188, -2.1791577339172363, 152.2132110595703, -296.051025390625, 1.4362339973449707, 0.0
18.406562566757202, 1.3320846557617188, -2.1791577339172363, 152.2132110595703, -296.051025390625, 1.4341275691986084, 0.0
18.416574001312256, 1.3320846557617188, -2.1791577339172363, 152.2132110595703, -296.051025390625, 1.432051420211792, 0.0
18.42658543586731, 1.3320846557617188, -2.1791577339172363, 152.2132110595703, -296.051025390625, 1.4301457405090332, 0.0
18.43659234046936, 1.3320846557617188, -2.1791577339172363, 152.2132110595703, -296.051025390625, 1.428333044052124, 0.0
18.446567058563232, 1.3320846557617188, -2.1791577339172363, 152.2132110595703, -296.051025390625, 1.4266568422317505, 0.0
18.457197666168213, 1.3320846557617188, -2.1791577339172363, 152.2132110595703, -296.051025390625, 1.423152208328247, 0.0
18.46658182144165, 1.3320846557617188, -2.1791577339172363, 152.2132110595703, -296.051025390625, 1.423152208328247, 0.0
18.47666335105896, 1.3320846557617188, -2.1791577339172363, 152.2132110595703, -296.051025390625, 1.419460654258728, 0.0
18.48657512664795, 1.3320846557617188, -2.1791577339172363, 152.2132110595703, -296.051025390625, 1.419460654258728, 0.0
18.49658179283142, 1.3320846557617188, -2.1791577339172363, 152.2132110595703, -296.051025390625, 1.4176915884017944, 0.0
18.507177114486694, 1.3320846557617188, -2.1791577339172363, 152.2132110595703, -296.051025390625, 1.4141091108322144, 0.0
18.51660418510437, 1.3320846557617188, -2.1791577339172363, 152.2132110595703, -296.051025390625, 1.4123973846435547, 0.0
18.526598691940308, 1.3320846557617188, -2.1791577339172363, 152.2132110595703, -296.051025390625, 1.410703420639038, 0.0
18.536582708358765, 1.3320846557617188, -2.1791577339172363, 152.2132110595703, -296.051025390625, 1.410703420639038, 0.0
18.54656410217285, 1.3320846557617188, -2.1791577339172363, 152.2132110595703, -296.051025390625, 1.4088644981384277, 0.0
18.556590795516968, 1.3320846557617188, -2.1791577339172363, 152.2132110595703, -296.051025390625, 1.406927466392517, 0.0
18.56658911705017, 1.3320846557617188, -2.1791577339172363, 152.2132110595703, -296.051025390625, 1.4048919677734375, 0.0
18.577372312545776, 1.3320846557617188, -2.1791577339172363, 152.2132110595703, -296.051025390625, 1.400836706161499, 0.0
18.586594820022583, 1.3320846557617188, -2.1791577339172363, 152.2132110595703, -296.051025390625, 1.400836706161499, 0.0
19.91662836074829, 1.3320846557617188, -2.1791577339172363, 152.2132110595703, -296.051025390625, 1.3984788656234741, 0.5799999833106995
19.92668914794922, 1.3320846557617188, -2.1791577339172363, 152.2132110595703, -296.051025390625, 1.4097468852996826, 0.6000000238418579
19.936707973480225, 1.3320846557617188, -2.1791577339172363, 152.2132110595703, -296.051025390625, 1.4097468852996826, 0.6000000238418579
19.946707010269165, 1.3320846557617188, -2.1791577339172363, 152.2132110595703, -296.051025390625, 1.4155616760253906, 0.6100000143051147
19.956566333770752, 1.3320846557617188, -2.1791577339172363, 152.2132110595703, -296.051025390625, 1.421442985534668, 0.6200000047683716
19.966562032699585, 1.3320846557617188, -2.1791577339172363, 152.2132110595703, -296.051025390625, 1.427364706993103, 0.6299999952316284
19.97669219970703, 1.3320846557617188, -2.1791577339172363, 152.2132110595703, -296.051025390625, 1.4334362745285034, 0.6399999856948853
19.98658585548401, 1.3320846557617188, -2.1791577339172363, 152.2132110595703, -296.051025390625, 1.4395629167556763, 0.6499999761581421
19.996620893478394, 1.3320846557617188, -2.1791577339172363, 152.2132110595703, -296.051025390625, 1.4520549774169922, 0.6700000166893005
20.00661540031433, 1.3320846557617188, -2.1791577339172363, 152.2132110595703, -296.051025390625, 1.4584717750549316, 0.6800000071525574
20.016772031784058, 1.3320846557617188, -2.1791577339172363, 152.2132110595703, -296.051025390625, 1.4584717750549316, 0.6800000071525574
20.027185678482056, 1.3320846557617188, -2.1791577339172363, 152.2132110595703, -296.051025390625, 1.4650065898895264, 0.6899999976158142
20.037245273590088, 1.3320846557617188, -2.1791577339172363, 152.2132110595703, -296.051025390625, 1.478308081626892, 0.7099999785423279
20.04660415649414, 1.3320846557617188, -2.1791577339172363, 152.2132110595703, -296.051025390625, 1.4850162267684937, 0.7200000286102295
20.056586027145386, 1.3320846557617188, -2.1791577339172363, 152.2132110595703, -296.051025390625, 1.4850162267684937, 0.7200000286102295
20.06657886505127, 1.3320846557617188, -2.1791577339172363, 152.2132110595703, -296.051025390625, 1.491766333580017, 0.7300000190734863
20.076586484909058, 1.3320846557617188, -2.1791577339172363, 152.2132110595703, -296.051025390625, 1.498486042022705, 0.7400000095367432
20.086601972579956, 1.3320846557617188, -2.1791577339172363, 152.2132110595703, -296.051025390625, 1.505225419998169, 0.75
20.096580028533936, 1.3320846557617188, -2.1791577339172363, 152.2132110595703, -296.051025390625, 1.511953353881836, 0.7599999904632568
20.106586694717407, 1.3320846557617188, -2.1791577339172363, 152.2132110595703, -296.051025390625, 1.518612265586853, 0.7699999809265137
20.11658763885498, 1.3320846557617188, -2.1791577339172363, 152.2132110595703, -296.051025390625, 1.5252039432525635, 0.7799999713897705
20.12659215927124, 1.3320846557617188, -2.1791577339172363, 152.2132110595703, -296.051025390625, 1.5316981077194214, 0.7900000214576721
20.136571407318115, 1.3320846557617188, -2.1791577339172363, 152.2132110595703, -296.051025390625, 1.5380662679672241, 0.800000011920929
20.146564245224, 1.3320846557617188, -2.1791577339172363, 152.2132110595703, -296.051025390625, 1.5442264080047607, 0.8100000023841858
20.156741619110107, 1.3320846557617188, -2.1791577339172363, 152.2132110595703, -296.051025390625, 1.556127905845642, 0.8299999833106995
20.166656255722046, 1.3320846557617188, -2.1791577339172363, 152.2132110595703, -296.051025390625, 1.556127905845642, 0.8299999833106995
20.17655634880066, 1.3320846557617188, -2.1791577339172363, 152.2132110595703, -296.051025390625, 1.5618445873260498, 0.8399999737739563
20.18656826019287, 1.3320846557617188, -2.1791577339172363, 152.2132110595703, -296.051025390625, 1.5674560070037842, 0.8500000238418579
20.196579933166504, 1.3320846557617188, -2.1791577339172363, 152.2132110595703, -296.051025390625, 1.5728483200073242, 0.8600000143051147
20.206578493118286, 1.3320846557617188, -2.1791577339172363, 152.2132110595703, -296.051025390625, 1.5780589580535889, 0.8700000047683716
20.21659231185913, 1.3320846557617188, -2.1791577339172363, 152.2132110595703, -296.051025390625, 1.5831422805786133, 0.8799999952316284
20.226582050323486, 1.3320846557617188, -2.1791577339172363, 152.2132110595703, -296.051025390625, 1.587943434715271, 0.8899999856948853
20.236587524414062, 1.3320846557617188, -2.1791577339172363, 152.2132110595703, -296.051025390625, 1.5926488637924194, 0.8999999761581421
20.246576070785522, 1.3320846557617188, -2.1791577339172363, 152.2132110595703, -296.051025390625, 1.5970985889434814, 0.9100000262260437
20.256574869155884, 1.3320846557617188, -2.1791577339172363, 152.2132110595703, -296.051025390625, 1.6056544780731201, 0.9100000262260437
20.266557931900024, 1.3320846557617188, -2.1791577339172363, 152.2132110595703, -296.051025390625, 1.6056544780731201, 0.9100000262260437
20.276621103286743, 1.3320846557617188, -2.1791577339172363, 152.2132110595703, -296.051025390625, 1.6137197017669678, 0.9100000262260437
20.287064790725708, 1.3320846557617188, -2.1791577339172363, 152.2132110595703, -296.051025390625, 1.6137197017669678, 0.9100000262260437
20.297150135040283, 1.3320846557617188, -2.1791577339172363, 152.2132110595703, -296.051025390625, 1.6185548305511475, 0.9100000262260437
20.307443857192993, 1.3320846557617188, -2.1791577339172363, 152.2132110595703, -296.051025390625, 1.6185117959976196, 0.9100000262260437
20.316555738449097, 1.3320846557617188, -2.1791577339172363, 152.2132110595703, -296.051025390625, 1.6185117959976196, 0.9100000262260437
20.326581716537476, 1.3320846557617188, -2.1791577339172363, 152.2132110595703, -296.051025390625, 1.617493748664856, 0.9100000262260437
20.336580276489258, 1.3320846557617188, -2.1791577339172363, 152.2132110595703, -296.051025390625, 1.616274356842041, 0.9100000262260437
20.346558570861816, 1.3320846557617188, -2.1791577339172363, 152.2132110595703, -296.051025390625, 1.615164875984192, 0.9100000262260437
20.35657811164856, 1.3320846557617188, -2.1791577339172363, 152.2132110595703, -296.051025390625, 1.6143630743026733, 0.9100000262260437
20.36656355857849, 1.3320846557617188, -2.1791577339172363, 152.2132110595703, -296.051025390625, 1.6132818460464478, 0.9100000262260437
20.377158880233765, 1.3320846557617188, -2.1791577339172363, 152.2132110595703, -296.051025390625, 1.609623908996582, 0.9100000262260437
20.386584520339966, 1.3320846557617188, -2.1791577339172363, 152.2132110595703, -296.051025390625, 1.609623908996582, 0.9100000262260437
20.396575689315796, 1.3320846557617188, -2.1791577339172363, 152.2132110595703, -296.051025390625, 1.607107162475586, 0.9100000262260437
20.406564712524414, 1.3320846557617188, -2.1791577339172363, 152.2132110595703, -296.051025390625, 1.6040631532669067, 0.9100000262260437
20.416561365127563, 1.3320846557617188, -2.1791577339172363, 152.2132110595703, -296.051025390625, 1.597361445426941, 0.9100000262260437
20.426551580429077, 1.3320846557617188, -2.1791577339172363, 152.2132110595703, -296.051025390625, 1.5938422679901123, 0.9100000262260437
20.43656897544861, 1.3320846557617188, -2.1791577339172363, 152.2132110595703, -296.051025390625, 1.590602159500122, 0.9100000262260437
20.446558475494385, 1.3320846557617188, -2.1791577339172363, 152.2132110595703, -296.051025390625, 1.590602159500122, 0.9100000262260437
20.456566333770752, 1.3320846557617188, -2.1791577339172363, 152.2132110595703, -296.051025390625, 1.5875957012176514, 0.9100000262260437
20.467652559280396, 1.3320846557617188, -2.1791577339172363, 152.2132110595703, -296.051025390625, 1.5815370082855225, 0.9100000262260437
20.476571559906006, 1.3320846557617188, -2.1791577339172363, 152.2132110595703, -296.051025390625, 1.5815370082855225, 0.9100000262260437
20.486570358276367, 1.3320846557617188, -2.1791577339172363, 152.2132110595703, -296.051025390625, 1.5782926082611084, 0.9100000262260437
20.49665331840515, 1.3320846557617188, -2.1791577339172363, 152.2132110595703, -296.051025390625, 1.5751982927322388, 0.9100000262260437
20.507695198059082, 1.3320846557617188, -2.1791577339172363, 152.2132110595703, -296.051025390625, 1.5692037343978882, 0.9100000262260437
20.5166175365448, 1.3320846557617188, -2.1791577339172363, 152.2132110595703, -296.051025390625, 1.5692037343978882, 0.9100000262260437
20.526609182357788, 1.3320846557617188, -2.1791577339172363, 152.2132110595703, -296.051025390625, 1.5664271116256714, 0.9100000262260437
20.53658628463745, 1.3320846557617188, -2.1791577339172363, 152.2132110595703, -296.051025390625, 1.5639170408248901, 0.9100000262260437
20.54726505279541, 1.3320846557617188, -2.1791577339172363, 152.2132110595703, -296.051025390625, 1.5590462684631348, 0.9100000262260437
20.557339429855347, 1.3320846557617188, -2.1791577339172363, 152.2132110595703, -296.051025390625, 1.5566074848175049, 0.9100000262260437
20.566585540771484, 1.3320846557617188, -2.1791577339172363, 152.2132110595703, -296.051025390625, 1.5566074848175049, 0.9100000262260437
20.576590299606323, 1.3320846557617188, -2.1791577339172363, 152.2132110595703, -296.051025390625, 1.5543593168258667, 0.9100000262260437
20.586568117141724, 1.3320846557617188, -2.1791577339172363, 152.2132110595703, -296.051025390625, 1.5522381067276, 0.9100000262260437
20.596564769744873, 1.3320846557617188, -2.1791577339172363, 152.2132110595703, -296.051025390625, 1.5503219366073608, 0.9100000262260437
20.606578826904297, 1.3320846557617188, -2.1791577339172363, 152.2132110595703, -296.051025390625, 1.5485855340957642, 0.9100000262260437
20.61658763885498, 1.3320846557617188, -2.1791577339172363, 152.2132110595703, -296.051025390625, 1.5456469058990479, 0.9100000262260437
20.6265971660614, 1.3320846557617188, -2.1791577339172363, 152.2132110595703, -296.051025390625, 1.544141173362732, 0.9100000262260437
20.6365864276886, 1.3320846557617188, -2.1791577339172363, 152.2132110595703, -296.051025390625, 1.5426280498504639, 0.9100000262260437
20.6465802192688, 1.3320846557617188, -2.1791577339172363, 152.2132110595703, -296.051025390625, 1.5426280498504639, 0.9100000262260437
20.6570987701416, 1.3320846557617188, -2.1791577339172363, 152.2132110595703, -296.051025390625, 1.5397672653198242, 0.9100000262260437
20.666558980941772, 1.3320846557617188, -2.1791577339172363, 152.2132110595703, -296.051025390625, 1.5397672653198242, 0.9100000262260437
20.676589012145996, 1.3320846557617188, -2.1791577339172363, 152.2132110595703, -296.051025390625, 1.5382747650146484, 0.9100000262260437
20.686571836471558, 1.3320846557617188, -2.1791577339172363, 152.2132110595703, -296.051025390625, 1.5367779731750488, 0.9100000262260437
20.696613073349, 1.3320846557617188, -2.1791577339172363, 152.2132110595703, -296.051025390625, 1.533719778060913, 0.9100000262260437
20.7072172164917, 1.3320846557617188, -2.1791577339172363, 152.2132110595703, -296.051025390625, 1.5321924686431885, 0.9100000262260437
20.716569900512695, 1.3320846557617188, -2.1791577339172363, 152.2132110595703, -296.051025390625, 1.530575156211853, 0.9100000262260437
20.72659468650818, 1.3320846557617188, -2.1791577339172363, 152.2132110595703, -296.051025390625, 1.528801441192627, 0.9100000262260437
20.736640691757202, 1.3320846557617188, -2.1791577339172363, 152.2132110595703, -296.051025390625, 1.5269583463668823, 0.9100000262260437
20.74685025215149, 1.3320846557617188, -2.1791577339172363, 152.2132110595703, -296.051025390625, 1.5250935554504395, 0.9100000262260437
20.75657033920288, 1.3320846557617188, -2.1791577339172363, 152.2132110595703, -296.051025390625, 1.5250935554504395, 0.9100000262260437
20.76662516593933, 1.3320846557617188, -2.1791577339172363, 152.2132110595703, -296.051025390625, 1.5213322639465332, 0.9100000262260437
20.77655029296875, 1.3320846557617188, -2.1791577339172363, 152.2132110595703, -296.051025390625, 1.5213322639465332, 0.9100000262260437
20.78656816482544, 1.3320846557617188, -2.1791577339172363, 152.2132110595703, -296.051025390625, 1.51938796043396, 0.9100000262260437
20.796542644500732, 1.3320846557617188, -2.1791577339172363, 152.2132110595703, -296.051025390625, 1.5152435302734375, 0.0
20.806538820266724, 1.3320846557617188, -2.1791577339172363, 152.2132110595703, -296.051025390625, 1.5130667686462402, 0.0
20.81654977798462, 1.3320846557617188, -2.1791577339172363, 152.2132110595703, -296.051025390625, 1.5108143091201782, 0.0
20.826536417007446, 1.3320846557617188, -2.1791577339172363, 152.2132110595703, -296.051025390625, 1.5085322856903076, 0.0
20.83710789680481, 1.3320846557617188, -2.1791577339172363, 152.2132110595703, -296.051025390625, 1.5062867403030396, 0.0
20.846578121185303, 1.3320846557617188, -2.1791577339172363, 152.2132110595703, -296.051025390625, 1.5039470195770264, 0.0
20.856558561325073, 1.3320846557617188, -2.1791577339172363, 152.2132110595703, -296.051025390625, 1.501485824584961, 0.0
20.866552114486694, 1.3320846557617188, -2.1791577339172363, 152.2132110595703, -296.051025390625, 1.4988775253295898, 0.0
20.87654685974121, 1.3320846557617188, -2.1791577339172363, 152.2132110595703, -296.051025390625, 1.4962928295135498, 0.0
20.886552810668945, 1.3320846557617188, -2.1791577339172363, 152.2132110595703, -296.051025390625, 1.4936202764511108, 0.0
20.89657473564148, 1.3320846557617188, -2.1791577339172363, 152.2132110595703, -296.051025390625, 1.490825891494751, 0.0
20.906580209732056, 1.3320846557617188, -2.1791577339172363, 152.2132110595703, -296.051025390625, 1.4880034923553467, 0.0
20.91655206680298, 1.3320846557617188, -2.1791577339172363, 152.2132110595703, -296.051025390625, 1.485201358795166, 0.0
20.926568031311035, 1.3320846557617188, -2.1791577339172363, 152.2132110595703, -296.051025390625, 1.485201358795166, 0.0
20.936584949493408, 1.3320846557617188, -2.1791577339172363, 152.2132110595703, -296.051025390625, 1.479468822479248, 0.0
20.946593761444092, 1.3320846557617188, -2.1791577339172363, 152.2132110595703, -296.051025390625, 1.4766662120819092, 0.0
20.95656442642212, 1.3320846557617188, -2.1791577339172363, 152.2132110595703, -296.051025390625, 1.4738550186157227, 0.0
20.966559886932373, 1.3320846557617188, -2.1791577339172363, 152.2132110595703, -296.051025390625, 1.4710420370101929, 0.0
20.976617097854614, 1.3320846557617188, -2.1791577339172363, 152.2132110595703, -296.051025390625, 1.4710420370101929, 0.0
20.98655867576599, 1.3320846557617188, -2.1791577339172363, 152.2132110595703, -296.051025390625, 1.465678095817566, 0.0
20.99657416343689, 1.3320846557617188, -2.1791577339172363, 152.2132110595703, -296.051025390625, 1.463021993637085, 0.0
