7.037362337112427, 1.5499999523162842, 0.0, 203.21669006347656, 237.76075744628906, 1.432308316230774, 0.0
7.047288656234741, 1.5499999523162842, 0.0, 203.21669006347656, 237.76075744628906, 1.432308316230774, 0.0
7.057294845581055, 1.5499999523162842, 0.0, 203.21669006347656, 213.98468017578125, 1.432308316230774, 0.0
7.067277431488037, 1.5499999523162842, 0.0, 203.21669006347656, 237.76075744628906, 1.432308316230774, 0.0
7.077263832092285, 1.5499999523162842, 0.0, 203.21669006347656, 237.75906372070312, 1.432308316230774, 0.0
7.08728289604187, 1.5499999523162842, 0.0, 203.21669006347656, 213.9862060546875, 1.432308316230774, 0.0
7.097259521484375, 1.5499999523162842, 0.0, 203.21669006347656, 213.98468017578125, 1.432308316230774, 0.0
7.1072704792022705, 1.5499999523162842, 0.0, 203.21669006347656, 237.76075744628906, 1.432308316230774, 0.0
7.117268085479736, 1.5499999523162842, 0.0, 203.21669006347656, 237.76075744628906, 1.432308316230774, 0.0
7.127288579940796, 1.5499999523162842, 0.0, 203.21669006347656, 213.9862060546875, 1.432308316230774, 0.0
7.137263059616089, 1.5499999523162842, 0.0, 203.21669006347656, 0.0, 1.432308316230774, 0.0
7.147270917892456, 1.5499999523162842, 0.0, 203.21669006347656, 0.0, 1.432308316230774, 0.0
7.157262325286865, 1.5499999523162842, 0.0, 203.21670532226562, 0.0, 1.4323081970214844, 0.0
7.167262315750122, 1.5499999523162842, 0.0, 203.21670532226562, 0.0, 1.4323081970214844, 0.0
7.177276134490967, 1.5499999523162842, 0.0, 203.21669006347656, 0.0, 1.432308316230774, 0.0
7.187262535095215, 1.5499999523162842, 0.0, 203.21669006347656, 0.0, 1.432308316230774, 0.0
7.1972815990448, 1.5499999523162842, 0.0, 203.21669006347656, 0.0, 1.432308316230774, 0.0
7.207260847091675, 1.5499999523162842, 0.0, 203.21669006347656, 0.0, 1.432308316230774, 0.0
7.217268943786621, 1.5499999523162842, 0.0, 203.21669006347656, 0.0, 1.432308316230774, 0.0
7.227254867553711, 1.5499999523162842, 0.0, 203.21669006347656, 0.0, 1.432308316230774, 0.0
7.237271308898926, 1.5499999523162842, 0.0, 203.21669006347656, 0.0, 1.432308316230774, 0.0
7.247291564941406, 1.5499999523162842, 0.0, 203.21669006347656, 0.0, 1.432308316230774, 0.0
7.257307052612305, 1.5499999523162842, 0.0, 203.21669006347656, 0.0, 1.432308316230774, 0.0
7.267255783081055, 1.5499999523162842, 0.0, 203.21669006347656, 0.0, 1.432308316230774, 0.0
7.277275085449219, 1.5499999523162842, 0.0, 203.21669006347656, 0.0, 1.432308316230774, 0.0
7.28726601600647, 1.5499999523162842, 0.0, 203.21669006347656, 0.0, 1.432308316230774, 0.0
7.297269344329834, 1.5499999523162842, 0.0, 203.21669006347656, 0.0, 1.432308316230774, 0.0
7.307268857955933, 1.5499999523162842, 0.0, 203.21669006347656, 0.0, 1.432308316230774, 0.0
7.317275524139404, 1.5499999523162842, 0.0, 203.21669006347656, 0.0, 1.432308316230774, 0.0
7.327259302139282, 1.5499999523162842, 0.0, 203.21669006347656, 0.0, 1.432308316230774, 0.0
7.337283134460449, 1.5499999523162842, 0.0, 203.21669006347656, 0.0, 1.432308316230774, 0.0
7.347275257110596, 1.5499999523162842, 0.0, 203.21669006347656, 0.0, 1.432308316230774, 0.0
7.357364654541016, 1.5499999523162842, 0.0, 203.21669006347656, 0.0, 1.432308316230774, 0.0
7.367289781570435, 1.5499999523162842, 0.0, 203.21669006347656, 0.0, 1.432308316230774, 0.0
7.377283573150635, 1.5499999523162842, 0.0, 203.21669006347656, 0.0, 1.432308316230774, 0.0
7.387281656265259, 1.5499999523162842, 0.0, 203.21669006347656, 0.0, 1.432308316230774, 0.0
7.397286653518677, 1.5499999523162842, 0.0, 203.21669006347656, 0.0, 1.432308316230774, 0.0
7.407293796539307, 1.5499999523162842, 0.0, 203.21669006347656, 0.0, 1.432308316230774, 0.0
7.4172585010528564, 1.5499999523162842, 0.0, 203.21669006347656, 0.0, 1.432308316230774, 0.0
7.427262306213379, 1.5499999523162842, 0.0, 203.21669006347656, 0.0, 1.432308316230774, 0.0
7.437279462814331, 1.5499999523162842, 0.0, 203.21669006347656, 0.0, 1.432308316230774, 0.0
7.447281837463379, 1.5499999523162842, 0.0, 203.21669006347656, 0.0, 1.432308316230774, 0.0
7.457302093505859, 1.5499999523162842, 0.0, 203.21669006347656, 0.0, 1.432308316230774, 0.0
7.4672911167144775, 1.5499999523162842, 0.0, 203.21669006347656, 0.0, 1.432308316230774, 0.0
7.477293252944946, 1.5499999523162842, 0.0, 203.21669006347656, 0.0, 1.432308316230774, 0.0
7.487291574478149, 1.5499999523162842, 0.0, 203.21669006347656, 0.0, 1.432308316230774, 0.0
7.4972922801971436, 1.5499999523162842, 0.0, 203.21669006347656, 0.0, 1.432308316230774, 0.0
7.507298231124878, 1.5499999523162842, 0.0, 203.21669006347656, 0.0, 1.432308316230774, 0.0
7.517301082611084, 1.5499999523162842, 0.0, 203.21669006347656, 0.0, 1.432308316230774, 0.0
7.527276992797852, 1.5499999523162842, 0.0, 203.21669006347656, 0.0, 1.432308316230774, 0.0
7.537280321121216, 1.5499999523162842, 0.0, 203.21669006347656, 0.0, 1.432308316230774, 0.0
7.547277927398682, 1.5499999523162842, 0.0, 203.21669006347656, 0.0, 1.432308316230774, 0.0
7.557265758514404, 1.5499999523162842, 0.0, 203.21669006347656, 0.0, 1.432308316230774, 0.0
7.567281007766724, 1.5499999523162842, 0.0, 203.21669006347656, 0.0, 1.432308316230774, 0.0
7.577383041381836, 1.5499999523162842, 0.0, 203.21669006347656, 0.0, 1.432308316230774, 0.0
7.587284326553345, 1.5499999523162842, 0.0, 203.21669006347656, 0.0, 1.432308316230774, 0.0
7.597294569015503, 1.5499999523162842, 0.0, 203.21669006347656, 0.0, 1.432308316230774, 0.0
7.607288360595703, 1.5499999523162842, 0.0, 203.21669006347656, 0.0, 1.432308316230774, 0.0
7.61729621887207, 1.5499999523162842, 0.0, 203.21669006347656, 0.0, 1.432308316230774, 0.0
7.62728214263916, 1.5499999523162842, 0.0, 203.21669006347656, 0.0, 1.432308316230774, 0.0
7.6372902393341064, 1.5499999523162842, 0.0, 203.21669006347656, 0.0, 1.432308316230774, 0.0
7.647294282913208, 1.5499999523162842, 0.0, 203.21669006347656, 0.0, 1.432308316230774, 0.0
7.657291650772095, 1.5499999523162842, 0.0, 203.21669006347656, 0.0, 1.432308316230774, 0.0
7.667288064956665, 1.5499999523162842, 0.0, 203.21669006347656, 0.0, 1.432308316230774, 0.0
7.677281141281128, 1.5499999523162842, 0.0, 203.21669006347656, 0.0, 1.432308316230774, 0.0
7.687292098999023, 1.5499999523162842, 0.0, 203.21669006347656, 0.0, 1.432308316230774, 0.0
7.697261810302734, 1.5499999523162842, 0.0, 203.21669006347656, 0.0, 1.432308316230774, 0.0
7.707273483276367, 1.5499999523162842, 0.0, 203.21669006347656, 0.0, 1.432308316230774, 0.0
7.7172558307647705, 1.5499999523162842, 0.0, 203.21669006347656, 0.0, 1.432308316230774, 0.0
7.727251291275024, 1.5499999523162842, 0.0, 203.21669006347656, 0.0, 1.432308316230774, 0.0
7.737245082855225, 1.5499999523162842, 0.0, 203.21669006347656, 0.0, 1.432308316230774, 0.0
7.747244119644165, 1.5499999523162842, 0.0, 203.21669006347656, 0.0, 1.432308316230774, 0.0
7.757291078567505, 1.5499999523162842, 0.0, 203.21669006347656, 0.0, 1.432308316230774, 0.0
7.7672789096832275, 1.5499999523162842, 0.0, 203.21669006347656, 0.0, 1.432308316230774, 0.0
7.777247428894043, 1.5499999523162842, 0.0, 203.21669006347656, 0.0, 1.432308316230774, 0.0
7.787275552749634, 1.5499999523162842, 0.0, 203.21669006347656, 0.0, 1.432308316230774, 0.0
7.7972822189331055, 1.5499999523162842, 0.0, 203.21669006347656, 0.0, 1.432308316230774, 0.0
7.807262659072876, 1.5499999523162842, 0.0, 203.21669006347656, 0.0, 1.432308316230774, 0.0
7.8172523975372314, 1.5499999523162842, 0.0, 203.21669006347656, 0.0, 1.432308316230774, 0.0
7.827250003814697, 1.5499999523162842, 0.0, 203.21669006347656, 0.0, 1.432308316230774, 0.0
7.837266683578491, 1.5499999523162842, 0.0, 203.21669006347656, 0.0, 1.432308316230774, 0.0
7.847269773483276, 1.5499999523162842, 0.0, 203.21669006347656, 0.0, 1.432308316230774, 0.0
7.857270956039429, 1.5499999523162842, 0.0, 203.21669006347656, 0.0, 1.432308316230774, 0.0
7.867256164550781, 1.5499999523162842, 0.0, 203.21669006347656, 0.0, 1.432308316230774, 0.0
7.877260446548462, 1.5499999523162842, 0.0, 203.21669006347656, 0.0, 1.432308316230774, 0.0
7.887250661849976, 1.5499999523162842, 0.0, 203.21669006347656, 0.0, 1.432308316230774, 0.0
7.8972601890563965, 1.5499999523162842, 0.0, 203.21669006347656, 0.0, 1.432308316230774, 0.0
7.90728235244751, 1.5499999523162842, 0.0, 203.21669006347656, 0.0, 1.432308316230774, 0.0
7.917320251464844, 1.5499999523162842, 0.0, 203.21669006347656, 0.0, 1.432308316230774, 0.0
7.9272544384002686, 1.5499999523162842, 0.0, 203.21669006347656, 0.0, 1.432308316230774, 0.0
7.937282085418701, 1.5499999523162842, 0.0, 203.21669006347656, 0.0, 1.432308316230774, 0.0
7.947263479232788, 1.5499999523162842, 0.0, 203.21669006347656, 0.0, 1.432308316230774, 0.0
7.957265138626099, 1.5499999523162842, 0.0, 203.21669006347656, 0.0, 1.432308316230774, 0.0
7.967304944992065, 1.5499999523162842, 0.0, 203.21669006347656, 0.0, 1.432308316230774, 0.0
7.977305173873901, 1.5499999523162842, 0.0, 203.21669006347656, 0.0, 1.432308316230774, 0.0
7.98729395866394, 1.5499999523162842, 0.0, 203.21669006347656, 0.0, 1.432308316230774, 0.0
7.997292995452881, 1.5499999523162842, 0.0, 203.21669006347656, 0.0, 1.432308316230774, 0.0
8.00728964805603, 1.5499999523162842, 0.0, 203.21669006347656, 0.0, 1.432308316230774, 0.0
8.017287731170654, 1.5499999523162842, 0.0, 203.21669006347656, 0.0, 1.432308316230774, 0.0
8.027260065078735, 1.5499999523162842, 0.0, 203.21669006347656, 0.0, 1.432308316230774, 0.0
8.037266731262207, 1.5499999523162842, 0.0, 203.21669006347656, 0.0, 1.432308316230774, 0.0
8.04727816581726, 1.5499999523162842, 0.0, 203.21669006347656, 0.0, 1.432308316230774, 0.0
8.057276010513306, 1.5499999523162842, 0.0, 203.21669006347656, 0.0, 1.432308316230774, 0.0
8.06731128692627, 1.5499999523162842, 0.0, 203.21669006347656, 0.0, 1.432308316230774, 0.0
8.077284574508667, 1.5499999523162842, 0.0, 203.21669006347656, 0.0, 1.432308316230774, 0.0
8.087291479110718, 1.5499999523162842, 0.0, 203.21669006347656, 0.0, 1.432308316230774, 0.0
8.097291707992554, 1.5499999523162842, 0.0, 203.21669006347656, 0.0, 1.432308316230774, 0.0
8.107310771942139, 1.5499999523162842, 0.0, 203.21669006347656, 0.0, 1.432308316230774, 0.0
8.1172776222229, 1.5499999523162842, 0.0, 203.21669006347656, 0.0, 1.432308316230774, 0.0
8.127293348312378, 1.5499999523162842, 0.0, 203.21669006347656, 0.0, 1.432308316230774, 0.0
8.13728928565979, 1.5499999523162842, 0.0, 203.21669006347656, 0.0, 1.432308316230774, 0.0
8.147270917892456, 1.5499999523162842, 0.0, 203.21669006347656, 0.0, 1.432308316230774, 0.0
8.157284498214722, 1.5499999523162842, 0.0, 203.21669006347656, 0.0, 1.432308316230774, 0.0
8.167282581329346, 1.5499999523162842, 0.0, 203.21669006347656, 0.0, 1.432308316230774, 0.0
8.177278280258179, 1.5499999523162842, 0.0, 203.21669006347656, 0.0, 1.432308316230774, 0.0
8.18725037574768, 1.5499999523162842, 0.0, 203.21669006347656, 0.0, 1.432308316230774, 0.0
8.197324514389038, 1.5499999523162842, 0.0, 203.21669006347656, 0.0, 1.432308316230774, 0.0
8.207262516021729, 1.5499999523162842, 0.0, 203.21669006347656, 0.0, 1.432308316230774, 0.0
8.217286586761475, 1.5499999523162842, 0.0, 203.21669006347656, 0.0, 1.432308316230774, 0.0
8.22726583480835, 1.5499999523162842, 0.0, 203.21669006347656, 0.0, 1.432308316230774, 0.0
8.237282037734985, 1.5499999523162842, 0.0, 203.21669006347656, 0.0, 1.432308316230774, 0.0
8.247268676757812, 1.5499999523162842, 0.0, 203.21669006347656, 0.0, 1.432308316230774, 0.0
8.257267951965332, 1.5499999523162842, 0.0, 203.21669006347656, 0.0, 1.432308316230774, 0.0
8.267266035079956, 1.5499999523162842, 0.0, 203.21669006347656, 0.0, 1.432308316230774, 0.0
8.277265787124634, 1.5499999523162842, 0.0, 203.21669006347656, 0.0, 1.432308316230774, 0.0
8.287259817123413, 1.5499999523162842, 0.0, 203.21669006347656, 0.0, 1.432308316230774, 0.0
8.297258138656616, 1.5499999523162842, 0.0, 203.21669006347656, 0.0, 1.432308316230774, 0.0
8.307281494140625, 1.5499999523162842, 0.0, 203.21669006347656, 0.0, 1.432308316230774, 0.0
8.317272663116455, 1.5499999523162842, 0.0, 203.21669006347656, 0.0, 1.432308316230774, 0.0
8.327276468276978, 1.5499999523162842, 0.0, 203.21669006347656, 0.0, 1.432308316230774, 0.0
8.33728551864624, 1.5499999523162842, 0.0, 203.21669006347656, 0.0, 1.432308316230774, 0.0
8.347257614135742, 1.5499999523162842, 0.0, 203.21669006347656, 0.0, 1.432308316230774, 0.0
8.357266187667847, 1.5499999523162842, 0.0, 203.21669006347656, 0.0, 1.432308316230774, 0.0
8.367269039154053, 1.5499999523162842, 0.0, 203.21669006347656, 0.0, 1.432308316230774, 0.0
8.377289056777954, 1.5499999523162842, 0.0, 203.21669006347656, 0.0, 1.432308316230774, 0.0
8.387292385101318, 1.5499999523162842, 0.0, 203.21669006347656, 0.0, 1.432308316230774, 0.0
8.397269487380981, 1.5499999523162842, 0.0, 203.21669006347656, 0.0, 1.432308316230774, 0.0
8.407273530960083, 1.5499999523162842, 0.0, 203.21669006347656, 0.0, 1.432308316230774, 0.0
8.417251110076904, 1.5499999523162842, 0.0, 203.21669006347656, 0.0, 1.432308316230774, 0.0
8.427262306213379, 1.5499999523162842, 0.0, 203.21669006347656, 0.0, 1.432308316230774, 0.0
8.437289476394653, 1.5499999523162842, 0.0, 203.21669006347656, 0.0, 1.432308316230774, 0.0
8.447272300720215, 1.5499999523162842, 0.0, 203.21669006347656, 0.0, 1.432308316230774, 0.0
8.45728874206543, 1.5499999523162842, 0.0, 203.21669006347656, 0.0, 1.432308316230774, 0.0
8.467309713363647, 1.5499999523162842, 0.0, 203.21669006347656, 0.0, 1.432308316230774, 0.0
8.47730016708374, 1.5499999523162842, 0.0, 203.21669006347656, 0.0, 1.432308316230774, 0.0
8.487268447875977, 1.5499999523162842, 0.0, 203.21669006347656, 0.0, 1.432308316230774, 0.0
8.49724817276001, 1.5499999523162842, 0.0, 203.21669006347656, 0.0, 1.432308316230774, 0.0
8.507312536239624, 1.5499999523162842, 0.0, 203.21669006347656, 0.0, 1.432308316230774, 0.0
8.517269134521484, 1.5499999523162842, 0.0, 203.21669006347656, 0.0, 1.432308316230774, 0.0
8.527318000793457, 1.5499999523162842, 0.0, 203.21669006347656, 0.0, 1.432308316230774, 0.0
8.537273645401001, 1.5499999523162842, 0.0, 203.21669006347656, 0.0, 1.432308316230774, 0.0
8.547297716140747, 1.5499999523162842, 0.0, 203.21669006347656, 0.0, 1.432308316230774, 0.0
8.557276248931885, 1.5499999523162842, 0.0, 203.21669006347656, 0.0, 1.432308316230774, 0.0
8.56726884841919, 1.5499999523162842, 0.0, 203.21669006347656, 0.0, 1.432308316230774, 0.0
8.577300786972046, 1.5499999523162842, 0.0, 203.21669006347656, 0.0, 1.432308316230774, 0.0
8.58727478981018, 1.5499999523162842, 0.0, 203.21669006347656, 0.0, 1.432308316230774, 0.0
8.597301721572876, 1.5499999523162842, 0.0, 203.21669006347656, 0.0, 1.432308316230774, 0.0
8.607267141342163, 1.5499999523162842, 0.0, 203.21669006347656, 0.0, 1.432308316230774, 0.0
8.61728835105896, 1.5499999523162842, 0.0, 203.21669006347656, 0.0, 1.432308316230774, 0.0
8.627285242080688, 1.5499999523162842, 0.0, 203.21669006347656, 0.0, 1.432308316230774, 0.0
8.63729453086853, 1.5499999523162842, 0.0, 203.21669006347656, 0.0, 1.432308316230774, 0.0
8.64726448059082, 1.5499999523162842, 0.0, 203.21669006347656, 0.0, 1.432308316230774, 0.0
8.657301902770996, 1.5499999523162842, 0.0, 203.21669006347656, 0.0, 1.432308316230774, 0.0
8.667298316955566, 1.5499999523162842, 0.0, 203.21669006347656, 0.0, 1.432308316230774, 0.0
8.677275657653809, 1.5499999523162842, 0.0, 203.21669006347656, 0.0, 1.432308316230774, 0.0
8.687302827835083, 1.5499999523162842, 0.0, 203.21669006347656, 0.0, 1.432308316230774, 0.0
8.697283506393433, 1.5499999523162842, 0.0, 203.21669006347656, 0.0, 1.432308316230774, 0.0
8.70726227760315, 1.5499999523162842, 0.0, 203.21669006347656, 0.0, 1.432308316230774, 0.0
8.717284917831421, 1.5499999523162842, 0.0, 203.21669006347656, 0.0, 1.432308316230774, 0.0
8.727310180664062, 1.5499999523162842, 0.0, 203.21669006347656, 0.0, 1.432308316230774, 0.0
8.737308025360107, 1.5499999523162842, 0.0, 203.21669006347656, 0.0, 1.432308316230774, 0.0
8.747304916381836, 1.5499999523162842, 0.0, 203.21669006347656, 0.0, 1.432308316230774, 0.0
8.757304191589355, 1.5499999523162842, 0.0, 203.21669006347656, 0.0, 1.432308316230774, 0.0
8.767303943634033, 1.5499999523162842, 0.0, 203.21669006347656, 0.0, 1.432308316230774, 0.0
8.777298212051392, 1.5499999523162842, 0.0, 203.21669006347656, 0.0, 1.432308316230774, 0.0
8.787266492843628, 1.5499999523162842, 0.0, 203.21669006347656, 0.0, 1.432308316230774, 0.0
