29.84744429588318, 0.7104894518852234, 0.0, 50.36347579956055, 235.3727569580078, 1.43349027633667, 0.0
29.857457637786865, 0.7104894518852234, 0.0, 50.36859130859375, 211.88735961914062, 1.433462142944336, 0.0
29.867486238479614, 0.7104894518852234, 0.0, 50.36859130859375, 235.4299774169922, 1.433462142944336, 0.0
29.877461194992065, 0.7104894518852234, 0.0, 50.36859130859375, 211.88697814941406, 1.433462142944336, 0.0
29.887474060058594, 0.7104894518852234, 0.0, 50.36859130859375, 211.88735961914062, 1.433462142944336, 0.0
29.89745593070984, 0.7104894518852234, 0.0, 50.36859130859375, 235.4299774169922, 1.433462142944336, 0.0
29.90745449066162, 0.7104894518852234, 0.0, 50.36859130859375, 235.42955017089844, 1.433462142944336, 0.0
29.917438507080078, 0.7104894518852234, 0.0, 50.36859130859375, 211.88735961914062, 1.433462142944336, 0.0
29.927446842193604, 0.9039748907089233, 2.1498401165008545, 53.886512756347656, 274.5179138183594, 1.433462142944336, 0.0
29.93745994567871, 0.9039748907089233, 1.9348561763763428, 57.4044303894043, 282.2452392578125, 1.433462142944336, 0.0
29.947453498840332, 0.8876376748085022, 1.7714858055114746, 60.62531280517578, 102.618408203125, 1.433462142944336, 0.0
29.95745348930359, 0.8702380657196045, 1.7749799489974976, 63.52982711791992, 146.23556518554688, 1.433462142944336, 0.0
29.967456579208374, 0.8518759608268738, 1.4138638973236084, 66.1004867553711, 157.31887817382812, 1.433462142944336, 0.0
29.977464199066162, 0.8350672721862793, 1.2457847595214844, 68.36555480957031, 179.9701690673828, 1.433462142944336, 0.0
29.987467288970947, 0.8156784176826477, 1.0518908500671387, 70.27808380126953, 199.0947723388672, 1.433462142944336, 0.0
29.997493982315063, 0.8156784176826477, 1.0518848896026611, 72.19059753417969, 218.2201385498047, 1.433462142944336, 0.0
30.007465600967407, 0.7909470200538635, 0.8939703106880188, 73.64834594726562, 258.6636047363281, 1.43349027633667, 0.0
30.017501831054688, 0.7659717202186584, 0.6164776086807251, 74.6571273803711, 269.87286376953125, 1.43349027633667, 0.0
30.027464389801025, 0.7659717202186584, -1.3800323009490967, 72.14797973632812, 182.61489868164062, 1.43349027633667, 0.0
30.03747248649597, 0.7324181199073792, -1.9061830043792725, 69.02877044677734, 129.15887451171875, 1.43349027633667, 0.0
30.047456741333008, 0.7061794400215149, -2.0162131786346436, 65.73462677001953, 56.76947784423828, 1.433462142944336, 0.0
30.057453632354736, 0.7061794400215149, -1.6405820846557617, 62.751747131347656, -7.779693603515625, 1.433462142944336, 0.0
30.067467212677002, 0.6836488246917725, -1.68226957321167, 59.70421600341797, -63.9617919921875, 1.4334008693695068, 0.0
30.07746958732605, 0.6571870446205139, -1.9764436483383179, 56.470035552978516, -132.17332458496094, 1.4334008693695068, 0.0
30.08746337890625, 0.6320838928222656, -2.039942502975464, 53.139427185058594, -190.4305419921875, 1.4333597421646118, 0.0
30.097475290298462, 0.6320838928222656, -1.835942268371582, 49.80134963989258, -223.89183044433594, 1.4333597421646118, 0.0
30.107460498809814, 0.6104620695114136, -1.8048524856567383, 46.519798278808594, -271.2860107421875, 1.4333597421646118, 0.0
30.117462635040283, 0.5860181450843811, -1.7995357513427734, 43.23675537109375, -314.202880859375, 1.4334211349487305, 0.0
30.127456188201904, 0.5655202865600586, -2.2272400856018066, 39.59217834472656, -361.731201171875, 1.4334211349487305, 0.0
30.137451887130737, 0.548840343952179, -1.835775375366211, 36.24931335449219, -327.7946472167969, 1.433449149131775, 0.0
30.147467613220215, 0.526865541934967, -1.9923779964447021, 32.9866943359375, -363.8657531738281, 1.433462142944336, 0.0
30.15746831893921, 0.526865541934967, -1.793140172958374, 29.7264404296875, -330.25323486328125, 1.433462142944336, 0.0
30.167466640472412, 0.5071109533309937, -1.96152925491333, 26.516664505004883, -368.75067138671875, 1.433462142944336, 0.0
30.177472352981567, 0.48836439847946167, -1.8758111000061035, 23.458295822143555, -366.79754638671875, 1.4334008693695068, 0.0
30.187469005584717, 0.46669498085975647, -1.6538918018341064, 20.451221466064453, -326.88140869140625, 1.4334008693695068, 0.0
30.19747757911682, 0.46669498085975647, -1.6538918018341064, 17.44414520263672, -323.5721435546875, 1.4334008693695068, 0.0
30.20746088027954, 0.4458407759666443, -1.8291208744049072, 14.451037406921387, -356.31964111328125, 1.4334008693695068, 0.0
30.217479705810547, 0.4458407759666443, -1.4017730951309204, 11.898674964904785, -313.38079833984375, 1.4334211349487305, 0.0
30.227502822875977, 0.4031012952327728, -1.804649829864502, 8.945611000061035, -340.5174560546875, 1.4334211349487305, 0.0
30.237457752227783, 0.38949018716812134, -1.770559310913086, 6.059494972229004, -335.44244384765625, 1.4333597421646118, 0.0
30.247453212738037, 0.38949018716812134, -1.3737529516220093, 3.5665738582611084, -294.2010803222656, 1.4333332777023315, 0.0
30.257451057434082, 0.37412363290786743, -1.5274256467819214, 0.789436399936676, -289.3701477050781, 1.4333332777023315, 0.0
30.26744818687439, 0.3636501431465149, -1.5940070152282715, -1.8189387321472168, -314.8402099609375, 1.4333332777023315, 0.0
30.27747917175293, 0.3636501431465149, -1.2471437454223633, -4.050211429595947, -275.0849609375, 1.433133840560913, 0.0
30.28749394416809, 0.3583593964576721, -1.2037290334701538, -5.981239318847656, -293.6940612792969, 1.4329209327697754, 0.0
30.297454118728638, 0.37283459305763245, -0.9386032819747925, -7.636140823364258, -250.8028564453125, 1.4326368570327759, 0.0
30.307446479797363, 0.40286707878112793, -0.47748619318008423, -8.397150993347168, -253.8686981201172, 1.4325250387191772, 0.0
30.31747007369995, 0.40286707878112793, -0.42973458766937256, -9.186549186706543, -210.8522491455078, 1.4325693845748901, 0.0
30.327446460723877, 0.41971245408058167, 0.16611218452453613, -8.91036319732666, -178.55970764160156, 1.4327114820480347, 0.0
30.337440967559814, 0.4440552890300751, 0.6062818765640259, -7.952164649963379, -155.68516540527344, 1.432897925376892, 0.0
30.347456216812134, 0.46514225006103516, 0.8405778408050537, -6.607841491699219, -113.04903411865234, 1.4330693483352661, 0.0
30.35746455192566, 0.46514225006103516, 0.910186767578125, -4.97307014465332, -57.62510299682617, 1.4331799745559692, 0.0
30.367453813552856, 0.4759955406188965, 1.2482801675796509, -2.940356731414795, -12.460125923156738, 1.4332345724105835, 0.0
30.377453804016113, 0.4989014267921448, 1.502788782119751, -0.480684369802475, 39.661407470703125, 1.4332314729690552, 0.0
30.38747000694275, 0.4989014267921448, 1.5615787506103516, 2.080716848373413, 89.5772476196289, 1.4331979751586914, 0.0
30.397444248199463, 0.5188360214233398, 1.4600127935409546, 4.738255023956299, 123.74391174316406, 1.433181643486023, 0.0
30.407455444335938, 0.5329464673995972, 1.4453331232070923, 7.108438968658447, 172.28431701660156, 1.4331536293029785, 0.0
30.417465925216675, 0.54765385389328, 1.4478623867034912, 9.73521614074707, 189.2176971435547, 1.4331849813461304, 0.0
30.427475214004517, 0.5606889128684998, 1.5664033889770508, 12.296058654785156, 235.6269073486328, 1.4331979751586914, 0.0
30.437472581863403, 0.5606889128684998, 1.1663377285003662, 14.424150466918945, 223.76316833496094, 1.4331568479537964, 0.0
30.447477340698242, 0.5759947896003723, 1.1085271835327148, 16.45220375061035, 230.60040283203125, 1.4330878257751465, 0.0
30.45747208595276, 0.5759947896003723, 1.2316968441009521, 18.475250244140625, 260.53692626953125, 1.4330463409423828, 0.0
30.467468976974487, 0.5945126414299011, 1.1851727962493896, 20.652912139892578, 235.93263244628906, 1.4329209327697754, 0.0
30.477485418319702, 0.6204968094825745, 1.3510518074035645, 22.863723754882812, 259.3823547363281, 1.4329209327697754, 0.0
30.48747420310974, 0.6204968094825745, 1.2159526348114014, 25.090152740478516, 230.09423828125, 1.4328351020812988, 0.0
30.497451066970825, 0.6435781717300415, 1.3860331773757935, 27.34563636779785, 251.19325256347656, 1.4329042434692383, 0.0
30.50745177268982, 0.6662864089012146, 1.4815529584884644, 29.754671096801758, 251.62484741210938, 1.4329885244369507, 0.0
30.51744055747986, 0.6662864089012146, 1.3181434869766235, 31.888484954833984, 246.1475830078125, 1.433115839958191, 0.0
30.527443647384644, 0.683942973613739, 1.232534646987915, 34.11894607543945, 218.22872924804688, 1.433173656463623, 0.0
30.53745198249817, 0.7010083794593811, 1.5591051578521729, 36.64710235595703, 246.9217529296875, 1.4333007335662842, 0.0
30.547457933425903, 0.7214695811271667, 1.4547467231750488, 39.29209899902344, 228.39871215820312, 1.4333007335662842, 0.0
30.557457208633423, 0.7214695811271667, 1.6163852214813232, 41.94222640991211, 260.7447204589844, 1.4332724809646606, 0.0
30.567450284957886, 0.7353497743606567, 1.5648603439331055, 44.513397216796875, 265.1159362792969, 1.433214783668518, 0.0
30.57744812965393, 0.7499761581420898, 1.2947916984558105, 46.88319396972656, 240.1947021484375, 1.433128833770752, 0.0
30.58746337890625, 0.7658610343933105, 1.6151599884033203, 49.5489616394043, 271.7645568847656, 1.433003544807434, 0.0
30.597445487976074, 0.7658610343933105, 1.2228310108184814, 51.77983474731445, 244.342041015625, 1.4329620599746704, 0.0
30.607453107833862, 0.7863960266113281, 1.201099157333374, 53.96631622314453, 242.11654663085938, 1.4329473972320557, 0.0
30.61746644973755, 0.7999246716499329, 1.4848709106445312, 56.403648376464844, 272.3909912109375, 1.432905912399292, 0.0
30.62749195098877, 0.8111756443977356, 1.2723267078399658, 58.70645523071289, 245.87478637695312, 1.4329637289047241, 0.0
30.637458086013794, 0.8256110548973083, 1.3844702243804932, 60.971954345703125, 270.2763977050781, 1.4329637289047241, 0.0
30.647460222244263, 0.8420382142066956, 1.3396540880203247, 63.16411590576172, 265.24481201171875, 1.4329637289047241, 0.0
30.65745759010315, 0.8420382142066956, 1.2056827545166016, 65.34872436523438, 234.0648651123047, 1.4330052137374878, 0.0
30.667479991912842, 0.8556856513023376, 1.2033522129058838, 67.53663635253906, 230.2326202392578, 1.4330052137374878, 0.0
30.677451133728027, 0.8709238171577454, 1.343866229057312, 69.72821044921875, 253.83291625976562, 1.4330463409423828, 0.0
30.687463998794556, 0.8709238171577454, 1.050633192062378, 71.6384506225586, 220.89462280273438, 1.4330463409423828, 0.0
30.69745898246765, 0.8882970213890076, 1.3603965044021606, 73.85192108154297, 245.2451934814453, 1.433115839958191, 0.0
30.707484006881714, 0.9004120230674744, 1.2668503522872925, 75.9249496459961, 243.98464965820312, 1.433115839958191, 0.0
30.717445135116577, 0.9130023717880249, 1.1307716369628906, 77.97038269042969, 215.667724609375, 1.433173656463623, 0.0
30.727482557296753, 0.9130023717880249, 1.0182738304138184, 79.82179260253906, 211.1541748046875, 1.433173656463623, 0.0
30.737468957901, 0.923255205154419, 0.9764373302459717, 81.59712982177734, 206.25152587890625, 1.433173656463623, 0.0
30.74747347831726, 0.9358195066452026, 1.042021632194519, 83.30979919433594, 223.8404998779297, 1.4331321716308594, 0.0
30.757461071014404, 0.9358195066452026, 0.9378135204315186, 85.03052520751953, 196.81777954101562, 1.4330463409423828, 0.0
30.767448902130127, 0.950130045413971, 1.0493794679641724, 86.7582015991211, 213.57302856445312, 1.4329885244369507, 0.0
30.77744197845459, 0.9625739455223083, 1.0183321237564087, 88.43203735351562, 207.8196258544922, 1.4329473972320557, 0.0
30.787469387054443, 0.9625739455223083, 1.0183254480361938, 90.098388671875, 205.11033630371094, 1.4329473972320557, 0.0
30.797465801239014, 0.9762173295021057, 0.8791983127593994, 91.69693756103516, 178.45077514648438, 1.4329473972320557, 0.0
30.807448387145996, 0.9762173295021057, 0.8422996997833252, 93.06472778320312, 190.44239807128906, 1.4330052137374878, 0.0
30.817497968673706, 0.9880695939064026, 0.7506668567657471, 94.42448425292969, 164.5416259765625, 1.4330332279205322, 0.0
30.827489137649536, 0.9970850348472595, 0.9342498183250427, 95.95326232910156, 179.23822021484375, 1.4330332279205322, 0.0
30.837481260299683, 0.9970850348472595, 0.7382869720458984, 97.293212890625, 156.96029663085938, 1.4330463409423828, 0.0
30.847480297088623, 1.006807565689087, 0.7887614965438843, 98.58391571044922, 169.71249389648438, 1.4330463409423828, 0.0
30.857441186904907, 1.0185960531234741, 0.9197460412979126, 100.08895111083984, 167.31600952148438, 1.4330463409423828, 0.0
30.867515563964844, 1.0185960531234741, 0.6846487522125244, 101.33377075195312, 145.7550048828125, 1.4330463409423828, 0.0
30.877501964569092, 1.0274882316589355, 0.6491601467132568, 102.5140609741211, 140.8203125, 1.4330463409423828, 0.0
30.887452363967896, 1.0343472957611084, 0.7974770069122314, 103.81392669677734, 152.3946075439453, 1.4330743551254272, 0.0
30.897462606430054, 1.0343472957611084, 0.5813121795654297, 104.87086486816406, 131.73904418945312, 1.4330743551254272, 0.0
30.907464504241943, 1.0413373708724976, 0.6511807441711426, 106.05482482910156, 129.901123046875, 1.4330743551254272, 0.0
30.917460441589355, 1.0413373708724976, 0.5918608903884888, 107.0284194946289, 140.0443115234375, 1.4330463409423828, 0.0
30.927467584609985, 1.0468052625656128, 0.4972100257873535, 107.93243408203125, 119.79217529296875, 1.4330463409423828, 0.0
30.9374783039093, 1.0510445833206177, 0.5396008491516113, 108.91352844238281, 116.20407104492188, 1.4330463409423828, 0.0
30.947467803955078, 1.0549827814102173, 0.535289466381073, 109.78945922851562, 124.50493621826172, 1.4330463409423828, 0.0
30.95746612548828, 1.0549827814102173, 0.3638744354248047, 110.4510498046875, 103.62167358398438, 1.4330463409423828, 0.0
30.967517852783203, 1.0579142570495605, 0.39316415786743164, 111.1658935546875, 98.32000732421875, 1.4330463409423828, 0.0
30.977474451065063, 1.0597858428955078, 0.35885968804359436, 111.75312042236328, 102.65689086914062, 1.4330463409423828, 0.0
30.987459659576416, 1.0597858428955078, 0.2543807029724121, 112.21562957763672, 84.01641845703125, 1.4330463409423828, 0.0
30.997458696365356, 1.061935305595398, 0.27588605880737305, 112.71723937988281, 78.46450805664062, 1.4330463409423828, 0.0
31.007461547851562, 1.0628585815429688, 0.23912058770656586, 113.10852813720703, 78.37422943115234, 1.4330463409423828, 0.0
31.01744771003723, 1.0632437467575073, 0.21905899047851562, 113.5068130493164, 64.78424072265625, 1.4330463409423828, 0.0
31.027459383010864, 1.0627925395965576, 0.1598834991455078, 113.79751586914062, 58.650970458984375, 1.4330463409423828, 0.0
31.037468433380127, 1.062180995941162, 0.11137723922729492, 114.00001525878906, 50.864410400390625, 1.4330463409423828, 0.0
31.04746389389038, 1.0608047246932983, 0.0646776631474495, 114.10585021972656, 47.96006774902344, 1.4330463409423828, 0.0
31.05746340751648, 1.0608047246932983, 0.058209896087646484, 114.2116928100586, 37.606048583984375, 1.4330463409423828, 0.0
31.06747579574585, 1.0608047246932983, 0.028908252716064453, 114.26425170898438, 30.983734130859375, 1.4330463409423828, 0.0
31.077473402023315, 1.0608047246932983, 0.011311637237668037, 114.28276062011719, 28.10584259033203, 1.4330463409423828, 0.0
31.087453842163086, 1.0549131631851196, -0.05412101745605469, 114.19419860839844, 21.98537254333496, 1.4330463409423828, 0.0
31.097445011138916, 1.0496655702590942, -0.12270212173461914, 113.97109985351562, 12.537384033203125, 1.4330463409423828, 0.0
31.10744071006775, 1.043548822402954, -0.2145502269268036, 113.6200180053711, 5.684746742248535, 1.4330463409423828, 0.0
31.11743950843811, 1.043548822402954, -0.19695758819580078, 113.26191711425781, -2.44903564453125, 1.4330463409423828, 0.0
31.127445459365845, 1.0382616519927979, -0.27256542444229126, 112.81590270996094, -10.90579605102539, 1.4330463409423828, 0.0
31.137481689453125, 1.0338196754455566, -0.3151363730430603, 112.30022430419922, -18.88868522644043, 1.4330463409423828, 0.0
31.1474506855011, 1.0297338962554932, -0.31070709228515625, 111.73529815673828, -23.703765869140625, 1.4330463409423828, 0.0
31.157503604888916, 1.0241740942001343, -0.3663063049316406, 111.06929016113281, -31.4239501953125, 1.4330463409423828, 0.0
31.16746711730957, 1.0203489065170288, -0.44951173663139343, 110.33372497558594, -43.67319869995117, 1.4330463409423828, 0.0
31.177471160888672, 1.0139191150665283, -0.5209578275680542, 109.48124694824219, -53.34981155395508, 1.4330463409423828, 0.0
31.18748450279236, 1.0139191150665283, -0.4099249839782715, 108.73593139648438, -54.582977294921875, 1.4330463409423828, 0.0
31.19745898246765, 1.0088756084442139, -0.4078984260559082, 107.99429321289062, -59.7686767578125, 1.4330463409423828, 0.0
31.20746684074402, 1.0028622150421143, -0.4520813524723053, 107.25452423095703, -70.72787475585938, 1.4330463409423828, 0.0
31.21744418144226, 1.0028622150421143, -0.45206812024116516, 106.51477813720703, -74.96727752685547, 1.4330463409423828, 0.0
31.227440357208252, 0.993671178817749, -0.44590234756469727, 105.70404815673828, -71.1181640625, 1.4330463409423828, 0.0
31.237437963485718, 0.9826252460479736, -0.5688402652740479, 104.7732162475586, -83.63426971435547, 1.4330463409423828, 0.0
31.247483491897583, 0.9826252460479736, -0.47107934951782227, 103.91670989990234, -78.18603515625, 1.4330463409423828, 0.0
31.257481813430786, 0.9647582769393921, -0.5941629409790039, 102.83641052246094, -82.32955932617188, 1.4330463409423828, 0.0
31.267486095428467, 0.9647582769393921, -0.6176697015762329, 101.82568359375, -94.53244018554688, 1.4330463409423828, 0.0
31.277477025985718, 0.9554669260978699, -0.5845189094543457, 100.7629165649414, -87.18414306640625, 1.4330463409423828, 0.0
31.287479162216187, 0.9554669260978699, -0.5845129489898682, 99.69507598876953, -90.40756225585938, 1.4330743551254272, 0.0
31.29747772216797, 0.9450014233589172, -0.6387472152709961, 98.5337142944336, -94.60525512695312, 1.4330743551254272, 0.0
31.30750346183777, 0.9450014233589172, -0.6429023146629333, 97.48169708251953, -108.58832550048828, 1.4330743551254272, 0.0
31.317481517791748, 0.9286984205245972, -0.8240342140197754, 96.13836669921875, -115.2928695678711, 1.4330463409423828, 0.0
31.327467679977417, 0.9074503779411316, -0.8622109889984131, 94.57070922851562, -111.334228515625, 1.4330463409423828, 0.0
31.337486743927002, 0.9074503779411316, -0.8352663516998291, 93.20391082763672, -128.54766845703125, 1.4330463409423828, 0.0
31.347522258758545, 0.8948481678962708, -0.9753174185752869, 91.60794067382812, -136.76283264160156, 1.4330463409423828, 0.0
31.357478618621826, 0.8845221400260925, -0.8915000557899475, 90.14912414550781, -140.9700164794922, 1.4330463409423828, 0.0
31.367460250854492, 0.870228111743927, -0.9453117847442627, 88.43037414550781, -133.95309448242188, 1.4330463409423828, 0.0
31.37745475769043, 0.8566309809684753, -0.9883582592010498, 86.63335418701172, -141.29638671875, 1.4330463409423828, 0.0
31.38744354248047, 0.8441319465637207, -1.113349199295044, 84.60908508300781, -150.85983276367188, 1.4330463409423828, 0.0
31.39754891395569, 0.8441319465637207, -1.120779275894165, 82.77508544921875, -175.09629821777344, 1.4330463409423828, 0.0
31.407479763031006, 0.8310497999191284, -1.139509677886963, 80.7032470703125, -167.78411865234375, 1.4330463409423828, 0.0
31.41749405860901, 0.8216372132301331, -1.189556360244751, 78.75669860839844, -193.129638671875, 1.4330463409423828, 0.0
31.427470684051514, 0.8216372132301331, -0.9534888863563538, 77.19644927978516, -193.04656982421875, 1.4330463409423828, 0.0
31.437471389770508, 0.8042266964912415, -1.0322332382202148, 75.31965637207031, -178.84292602539062, 1.4330463409423828, 0.0
31.447465419769287, 0.7870732545852661, -1.197497010231018, 73.36011505126953, -202.7537078857422, 1.4330463409423828, 0.0
31.457462072372437, 0.7732841372489929, -1.2359883785247803, 71.33759307861328, -209.01744079589844, 1.4330463409423828, 0.0
31.46745777130127, 0.7732841372489929, -0.9694337844848633, 69.57498168945312, -188.55361938476562, 1.4330463409423828, 0.0
31.47747778892517, 0.7537849545478821, -1.142740249633789, 67.70504760742188, -210.31358337402344, 1.4330463409423828, 0.0
31.487452030181885, 0.7380552291870117, -1.0607659816741943, 65.77638244628906, -188.32778930664062, 1.4330463409423828, 0.0
31.4974582195282, 0.7233933210372925, -1.2073814868927002, 63.58114242553711, -191.93954467773438, 1.4330463409423828, 0.0
31.507472038269043, 0.7233933210372925, -1.0765671730041504, 61.62374496459961, -190.7958984375, 1.4330463409423828, 0.0
31.51746892929077, 0.7109574675559998, -1.106792688369751, 59.61139678955078, -191.45278930664062, 1.4330463409423828, 0.0
31.527469873428345, 0.692924439907074, -1.4301471710205078, 57.271156311035156, -221.390625, 1.4330463409423828, 0.0
31.53748893737793, 0.692924439907074, -1.1130213737487793, 55.24238586425781, -200.77362060546875, 1.4330743551254272, 0.0
31.5475070476532, 0.6736188530921936, -1.2606050968170166, 53.18467330932617, -224.17111206054688, 1.4330463409423828, 0.0
31.557464838027954, 0.6567810773849487, -1.1650264263153076, 51.06644058227539, -202.71148681640625, 1.4330463409423828, 0.0
31.567510843276978, 0.6567810773849487, -1.2944804430007935, 48.94820022583008, -229.18743896484375, 1.4330463409423828, 0.0
31.57747793197632, 0.6329131722450256, -1.2087225914001465, 46.75052261352539, -209.5447540283203, 1.4330463409423828, 0.0
31.587503671646118, 0.6188895106315613, -1.1916518211364746, 44.59136199951172, -211.8499755859375, 1.4330052137374878, 0.0
31.597487449645996, 0.6188895106315613, -1.1611647605895996, 42.686180114746094, -232.16629028320312, 1.4330332279205322, 0.0
31.60753083229065, 0.5938055515289307, -1.2958765029907227, 40.32256317138672, -213.0115509033203, 1.4330743551254272, 0.0
31.6174738407135, 0.5726476311683655, -1.5367733240127563, 37.80784225463867, -242.26210021972656, 1.4330743551254272, 0.0
31.627508401870728, 0.5594451427459717, -1.3347864151000977, 35.386051177978516, -218.85108947753906, 1.4330463409423828, 0.0
31.637548446655273, 0.5594451427459717, -1.4831026792526245, 32.95915603637695, -247.5912322998047, 1.4330463409423828, 0.0
31.647469520568848, 0.5415555238723755, -1.4673736095428467, 30.568513870239258, -251.29063415527344, 1.4329885244369507, 0.0
31.657511472702026, 0.5248171091079712, -1.4662742614746094, 28.16915512084961, -254.41445922851562, 1.4329885244369507, 0.0
31.667461156845093, 0.508824348449707, -1.4795660972595215, 25.486513137817383, -234.61685180664062, 1.4329473972320557, 0.0
31.677453756332397, 0.508824348449707, -1.2408852577209473, 23.219844818115234, -235.3069305419922, 1.4330052137374878, 0.0
31.687487363815308, 0.4923316240310669, -1.4061994552612305, 20.918792724609375, -263.02825927734375, 1.4330052137374878, 0.0
31.69748282432556, 0.480516254901886, -1.383727788925171, 18.397829055786133, -242.88348388671875, 1.4330332279205322, 0.0
31.707473754882812, 0.46374329924583435, -1.445141077041626, 16.03305435180664, -269.8836975097656, 1.4330332279205322, 0.0
31.717453956604004, 0.44668927788734436, -1.2595832347869873, 13.740517616271973, -240.67324829101562, 1.4330463409423828, 0.0
31.727591037750244, 0.43147704005241394, -1.4218688011169434, 11.413823127746582, -266.3580627441406, 1.4330463409423828, 0.0
31.737459897994995, 0.43147704005241394, -1.2796759605407715, 9.097652435302734, -238.61483764648438, 1.4329885244369507, 0.0
31.747461080551147, 0.4149751365184784, -1.2658089399337769, 6.800992965698242, -237.67529296875, 1.4329620599746704, 0.0
31.75746512413025, 0.40370044112205505, -1.3457404375076294, 4.598872184753418, -261.8919982910156, 1.4329620599746704, 0.0
31.76748538017273, 0.39259758591651917, -1.1622607707977295, 2.4931485652923584, -229.9336395263672, 1.4329209327697754, 0.0
31.777480363845825, 0.39259758591651917, -1.2914141416549683, 0.37511369585990906, -253.83038330078125, 1.4329473972320557, 0.0
31.78749394416809, 0.3775908946990967, -1.1474043130874634, -1.7035332918167114, -226.22337341308594, 1.432905912399292, 0.0
31.797444581985474, 0.36926570534706116, -1.2361208200454712, -3.7319767475128174, -245.88670349121094, 1.4329372644424438, 0.0
31.80746626853943, 0.36383843421936035, -0.9990453720092773, -5.517189979553223, -215.50234985351562, 1.4327654838562012, 0.0
31.817461252212524, 0.3681730628013611, -0.7851600646972656, -6.890524387359619, -206.31048583984375, 1.4324672222137451, 0.0
31.827471494674683, 0.3861517012119293, -0.45325756072998047, -7.681033611297607, -190.94854736328125, 1.4322824478149414, 0.0
31.837477922439575, 0.3861517012119293, -0.45325160026550293, -8.484753608703613, -175.82403564453125, 1.4321703910827637, 0.0
31.847483158111572, 0.411470890045166, -0.03893508017063141, -8.556507110595703, -170.638916015625, 1.432214617729187, 0.0
31.857441186904907, 0.411470890045166, 0.08633401989936829, -8.456934928894043, -145.06451416015625, 1.4324439764022827, 0.0
31.867454290390015, 0.4413578510284424, 0.4876047372817993, -7.621965408325195, -101.15118408203125, 1.4327276945114136, 0.0
31.87753915786743, 0.4413578510284424, 0.5417764186859131, -6.774219512939453, -79.4369888305664, 1.4329410791397095, 0.0
31.88747477531433, 0.47255703806877136, 0.9496629238128662, -5.078207492828369, -33.74671936035156, 1.4331096410751343, 0.0
31.89746332168579, 0.49350878596305847, 1.3804800510406494, -2.831226110458374, 10.00838851928711, 1.4331755638122559, 0.0
31.90744709968567, 0.49350878596305847, 1.2967020273208618, -0.4753199517726898, 50.418617248535156, 1.43318510055542, 0.0
31.917442560195923, 0.5057100057601929, 1.3753712177276611, 2.0284111499786377, 89.18938446044922, 1.4331682920455933, 0.0
31.927457571029663, 0.5161675214767456, 1.3001620769500732, 4.392970561981201, 120.74003601074219, 1.4331648349761963, 0.0
31.93744730949402, 0.5236950516700745, 1.5282564163208008, 6.909359455108643, 171.0457305908203, 1.4330790042877197, 0.0
31.947452306747437, 0.5314955115318298, 1.200246810913086, 9.076021194458008, 176.3252716064453, 1.4331648349761963, 0.0
31.957454442977905, 0.5360211133956909, 1.24550461769104, 11.332403182983398, 197.89337158203125, 1.433209776878357, 0.0
31.967453002929688, 0.5420031547546387, 1.0064482688903809, 13.15422534942627, 207.76190185546875, 1.4332542419433594, 0.0
31.97745633125305, 0.5492251515388489, 1.1985301971435547, 15.12057113647461, 243.27545166015625, 1.4332261085510254, 0.0
31.987454175949097, 0.5553220510482788, 0.9196069240570068, 16.637975692749023, 241.2909393310547, 1.4331568479537964, 0.0
31.997446298599243, 0.5620374083518982, 0.6852865219116211, 17.917524337768555, 207.48757934570312, 1.4329721927642822, 0.0
32.007447481155396, 0.5717448592185974, 0.869287371635437, 19.365766525268555, 220.45643615722656, 1.4328304529190063, 0.0
32.01745533943176, 0.587698221206665, 0.9109841585159302, 20.88473129272461, 209.51461791992188, 1.4326750040054321, 0.0
32.02745318412781, 0.601220428943634, 0.9450382590293884, 22.431156158447266, 200.4241943359375, 1.4326750040054321, 0.0
32.03746557235718, 0.601220428943634, 0.7752537727355957, 23.835594177246094, 169.26251220703125, 1.4327031373977661, 0.0
32.04745817184448, 0.6113313436508179, 0.7983565330505371, 25.25628662109375, 161.80267333984375, 1.4328728914260864, 0.0
32.05746078491211, 0.6232527494430542, 0.8723139762878418, 26.808652877807617, 154.76226806640625, 1.4330580234527588, 0.0
32.06746196746826, 0.6377422213554382, 1.0637640953063965, 28.52115821838379, 170.74415588378906, 1.4332131147384644, 0.0
32.07745957374573, 0.6377422213554382, 0.9835230112075806, 30.107454299926758, 166.52085876464844, 1.4333401918411255, 0.0
32.08745336532593, 0.6479884386062622, 0.926661491394043, 31.78240966796875, 151.44424438476562, 1.4333945512771606, 0.0
32.097453355789185, 0.6572316884994507, 0.9519398212432861, 33.521358489990234, 156.0380859375, 1.4333497285842896, 0.0
32.10747170448303, 0.6642001867294312, 0.9245574474334717, 35.20534133911133, 158.39596557617188, 1.433333396911621, 0.0
32.117467164993286, 0.6765430569648743, 0.9871721267700195, 36.83636474609375, 177.24037170410156, 1.4332473278045654, 0.0
32.12746334075928, 0.6765430569648743, 0.7532238960266113, 38.21849822998047, 157.87353515625, 1.4331778287887573, 0.0
32.13746237754822, 0.6885508298873901, 0.9703437685966492, 39.81378936767578, 177.5349578857422, 1.4331368207931519, 0.0
32.147462606430054, 0.6969574093818665, 0.8562624454498291, 41.37299346923828, 161.16714477539062, 1.4331238269805908, 0.0
32.15744996070862, 0.7041072845458984, 0.8983744382858276, 42.85805892944336, 178.32691955566406, 1.4330413341522217, 0.0
32.16745352745056, 0.7112837433815002, 0.7354140281677246, 44.192142486572266, 156.7096710205078, 1.4330580234527588, 0.0
32.17744469642639, 0.7112837433815002, 0.8171266913414001, 45.536800384521484, 171.43716430664062, 1.4330165386199951, 0.0
32.1874635219574, 0.7206263542175293, 0.7263779640197754, 46.8754768371582, 150.9307861328125, 1.432917594909668, 0.0
32.197441816329956, 0.7329509258270264, 0.8413261771202087, 48.257286071777344, 163.73316955566406, 1.4328895807266235, 0.0
32.20745348930359, 0.7430164813995361, 0.8757379055023193, 49.68283462524414, 160.86070251464844, 1.4329307079315186, 0.0
32.21747851371765, 0.750508189201355, 0.7396519184112549, 51.03062438964844, 141.94259643554688, 1.43291437625885, 0.0
32.227455377578735, 0.7544932961463928, 0.7794976234436035, 52.42992401123047, 142.1142578125, 1.4330132007598877, 0.0
32.23745632171631, 0.7544932961463928, 0.7326934337615967, 53.623783111572266, 153.44407653808594, 1.4330412149429321, 0.0
32.24746561050415, 0.7612051367759705, 0.6424784660339355, 54.768821716308594, 133.95843505859375, 1.4331682920455933, 0.0
32.257444620132446, 0.7657853960990906, 0.6167829036712646, 55.8902473449707, 130.32188415527344, 1.4331682920455933, 0.0
32.267449378967285, 0.7717820405960083, 0.6722013354301453, 56.979679107666016, 142.0839080810547, 1.433226227760315, 0.0
32.27746105194092, 0.7801214456558228, 0.6883740425109863, 58.238746643066406, 127.01988220214844, 1.43318510055542, 0.0
32.28745079040527, 0.7862400412559509, 0.6561398506164551, 59.439205169677734, 125.63629150390625, 1.433143973350525, 0.0
32.29745602607727, 0.7862400412559509, 0.5921059250831604, 60.42373275756836, 135.1826934814453, 1.4330580234527588, 0.0
32.307445764541626, 0.791442334651947, 0.48425793647766113, 61.311744689941406, 116.28990173339844, 1.4330165386199951, 0.0
32.31744694709778, 0.7957291603088379, 0.4522085189819336, 62.1495475769043, 111.18888854980469, 1.4329307079315186, 0.0
32.32745885848999, 0.7987468242645264, 0.49171182513237, 62.96164321899414, 117.01922607421875, 1.4328895807266235, 0.0
32.337451219558716, 0.8019408583641052, 0.474470853805542, 63.824317932128906, 102.00576782226562, 1.4328895807266235, 0.0
32.34745693206787, 0.8040602803230286, 0.47617489099502563, 64.603515625, 109.27369689941406, 1.4328895807266235, 0.0
32.35745143890381, 0.8083940148353577, 0.47343307733535767, 65.37313079833984, 105.36532592773438, 1.432917594909668, 0.0
32.367451429367065, 0.8083940148353577, 0.36610960960388184, 66.03878021240234, 90.59066772460938, 1.432917594909668, 0.0
32.37746810913086, 0.8132060170173645, 0.36760833859443665, 66.64031982421875, 93.35115051269531, 1.432917594909668, 0.0
32.387470722198486, 0.8132060170173645, 0.2696573734283447, 67.11261749267578, 76.73454284667969, 1.4330165386199951, 0.0
32.39745736122131, 0.8152137994766235, 0.3219379186630249, 67.63430786132812, 80.11711883544922, 1.433044672012329, 0.0
32.40745735168457, 0.8152137994766235, 0.2377152442932129, 68.06652069091797, 67.54837036132812, 1.433044672012329, 0.0
32.41745162010193, 0.8152137994766235, 0.19484162330627441, 68.41835021972656, 62.686920166015625, 1.4330580234527588, 0.0
32.4274480342865, 0.8152137994766235, 0.18295976519584656, 68.71774291992188, 63.95721435546875, 1.4330580234527588, 0.0
32.437451124191284, 0.8152137994766235, 0.13273358345031738, 68.95907592773438, 51.348876953125, 1.4330580234527588, 0.0
32.447449684143066, 0.8152137994766235, 0.12392468005418777, 69.16185760498047, 50.64815902709961, 1.4330580234527588, 0.0
32.457451820373535, 0.8152137994766235, 0.07577075064182281, 69.28585052490234, 43.47313690185547, 1.4330580234527588, 0.0
32.467467069625854, 0.8225404620170593, 0.14147162437438965, 69.55061340332031, 35.11810302734375, 1.4330165386199951, 0.0
32.47745728492737, 0.8197173476219177, 0.07234016805887222, 69.66898345947266, 33.65241241455078, 1.4330165386199951, 0.0
32.487462282180786, 0.8152874708175659, 0.020819902420043945, 69.70684051513672, 25.942230224609375, 1.4330165386199951, 0.0
32.4974627494812, 0.8152874708175659, 0.0008145968313328922, 69.72616577148438, 23.24337387084961, 1.432917594909668, 0.0
32.507471799850464, 0.8101060390472412, -0.05106925964355469, 69.63330841064453, 15.666961669921875, 1.432917594909668, 0.0
32.517481565475464, 0.8052116632461548, -0.11113616824150085, 69.45654296875, 11.536492347717285, 1.4328895807266235, 0.0
32.527464389801025, 0.8052116632461548, -0.10002255439758301, 69.27468872070312, 5.5694580078125, 1.4328895807266235, 0.0
32.537452936172485, 0.7995855212211609, -0.1736481934785843, 68.98544311523438, 0.2924601137638092, 1.432917594909668, 0.0
32.54746103286743, 0.7959833145141602, -0.1923084259033203, 68.63578796386719, -5.260467529296875, 1.432917594909668, 0.0
32.55746293067932, 0.7959833145141602, -0.21366940438747406, 68.28614807128906, -11.1083984375, 1.432917594909668, 0.0
32.567462682724, 0.789458692073822, -0.3675752282142639, 67.66667175292969, -20.93251609802246, 1.4330165386199951, 0.0
32.57745051383972, 0.7870008945465088, -0.32716989517211914, 67.06670379638672, -26.023101806640625, 1.433044672012329, 0.0
32.5874547958374, 0.7870008945465088, -0.28285980224609375, 66.55241394042969, -31.543731689453125, 1.433044672012329, 0.0
32.59746694564819, 0.7831089496612549, -0.32178759574890137, 65.95980072021484, -37.664031982421875, 1.4330861568450928, 0.0
32.60745549201965, 0.7911204695701599, -0.18985867500305176, 65.61972045898438, -40.135955810546875, 1.4330580234527588, 0.0
32.6174430847168, 0.7749730348587036, -0.3359781503677368, 65.06993865966797, -48.73996353149414, 1.4330580234527588, 0.0
32.62744903564453, 0.7749730348587036, -0.30239224433898926, 64.53064727783203, -47.440338134765625, 1.4330002069473267, 0.0
32.63747549057007, 0.7714698910713196, -0.31238794326782227, 64.03209686279297, -55.03675842285156, 1.4329307079315186, 0.0
32.647451400756836, 0.7668073177337646, -0.29175877571105957, 63.50162887573242, -51.34124755859375, 1.4329307079315186, 0.0
32.65745782852173, 0.7600446343421936, -0.39931800961494446, 62.85567855834961, -60.33918762207031, 1.4328895807266235, 0.0
32.66745734214783, 0.7527522444725037, -0.3670632839202881, 62.183197021484375, -54.834747314453125, 1.432917594909668, 0.0
32.67745614051819, 0.7429906129837036, -0.4890097379684448, 61.382999420166016, -63.15273666381836, 1.432917594909668, 0.0
32.68746209144592, 0.7348693609237671, -0.5213141441345215, 60.44269561767578, -61.096954345703125, 1.4328761100769043, 0.0
32.6974618434906, 0.7348693609237671, -0.48239827156066895, 59.54755401611328, -64.12239074707031, 1.4329754114151, 0.0
32.70747423171997, 0.7303817272186279, -0.6748702526092529, 58.44322204589844, -79.73861694335938, 1.4329754114151, 0.0
32.71747636795044, 0.7303817272186279, -0.4459083080291748, 57.625, -74.44915771484375, 1.4330165386199951, 0.0
32.727461099624634, 0.7246972918510437, -0.558621346950531, 56.71089172363281, -86.88693237304688, 1.4330165386199951, 0.0
32.73744606971741, 0.7168166041374207, -0.6072653532028198, 55.70964431762695, -92.47164916992188, 1.4330580234527588, 0.0
32.74746632575989, 0.7168166041374207, -0.4999101161956787, 54.800716400146484, -87.0086669921875, 1.4330580234527588, 0.0
32.75748109817505, 0.7060244679450989, -0.6002187728881836, 53.818538665771484, -100.41300201416016, 1.4330580234527588, 0.0
32.76747393608093, 0.6913062930107117, -0.6827380657196045, 52.701332092285156, -105.35346221923828, 1.4330580234527588, 0.0
32.77751302719116, 0.6913062930107117, -0.5168437957763672, 51.76915740966797, -96.13914489746094, 1.4330165386199951, 0.0
32.787456035614014, 0.6790822148323059, -0.6198485493659973, 50.754859924316406, -107.64228057861328, 1.4330165386199951, 0.0
32.797449350357056, 0.6790822148323059, -0.5578696727752686, 49.74055480957031, -98.07014465332031, 1.4330165386199951, 0.0
32.80744433403015, 0.6728794574737549, -0.6389154195785522, 48.70253372192383, -108.23016357421875, 1.4329754114151, 0.0
32.81753158569336, 0.660556435585022, -0.6982564926147461, 47.44348907470703, -101.81465148925781, 1.432917594909668, 0.0
32.827465295791626, 0.6462074518203735, -0.8721086978912354, 46.01639938354492, -118.82781982421875, 1.432917594909668, 0.0
32.837453842163086, 0.6462074518203735, -0.70609450340271, 44.73259353637695, -109.77058410644531, 1.432917594909668, 0.0
32.84747362136841, 0.6343519687652588, -0.9162757396697998, 43.23323059082031, -128.52774047851562, 1.432917594909668, 0.0
32.85746192932129, 0.6285183429718018, -0.7750630378723145, 41.82402801513672, -119.94514465332031, 1.432917594909668, 0.0
32.86743974685669, 0.6230353116989136, -0.7585618495941162, 40.57526397705078, -134.7338409423828, 1.432958722114563, 0.0
32.87746334075928, 0.6124080419540405, -0.7889807224273682, 39.130245208740234, -126.38893127441406, 1.4330165386199951, 0.0
32.88746404647827, 0.6008669137954712, -0.8690621852874756, 37.7081413269043, -144.96400451660156, 1.4330165386199951, 0.0
32.89749097824097, 0.6008669137954712, -0.7821500301361084, 36.286048889160156, -134.54513549804688, 1.4330165386199951, 0.0
32.90750432014465, 0.5852261781692505, -0.8765339851379395, 34.692352294921875, -140.10162353515625, 1.4330165386199951, 0.0
32.917492628097534, 0.5779314637184143, -0.9180572032928467, 33.19007873535156, -158.3709716796875, 1.4330165386199951, 0.0
32.92745518684387, 0.5686166882514954, -0.7759034633636475, 31.78985595703125, -142.26531982421875, 1.432958722114563, 0.0
32.93746304512024, 0.5527015924453735, -1.0389553308486938, 30.089746475219727, -162.69810485839844, 1.432958722114563, 0.0
32.94747471809387, 0.5418511629104614, -1.0277893543243408, 28.407909393310547, -164.725830078125, 1.432958722114563, 0.0
32.95744585990906, 0.5418511629104614, -0.8666694164276123, 26.84471893310547, -149.79324340820312, 1.4328895807266235, 0.0
32.967448472976685, 0.533550500869751, -0.9942849278450012, 25.21261215209961, -170.69625854492188, 1.432917594909668, 0.0
32.97759771347046, 0.5272462368011475, -0.9462303519248962, 23.664236068725586, -171.844482421875, 1.432917594909668, 0.0
32.98747944831848, 0.5159100294113159, -0.8495748043060303, 22.11955451965332, -155.885498046875, 1.432917594909668, 0.0
32.9974467754364, 0.502164363861084, -1.0966923236846924, 20.324966430664062, -177.34548950195312, 1.432917594909668, 0.0
33.007466554641724, 0.49267932772636414, -1.028299331665039, 18.624305725097656, -178.53419494628906, 1.4330165386199951, 0.0
33.01747155189514, 0.4819730520248413, -0.9595811367034912, 16.87961196899414, -163.10501098632812, 1.4330165386199951, 0.0
33.02744150161743, 0.4695308208465576, -0.9908616542816162, 15.078045845031738, -167.11769104003906, 1.4330165386199951, 0.0
33.037444829940796, 0.4695308208465576, -0.8317053318023682, 13.565855026245117, -165.23895263671875, 1.4330165386199951, 0.0
33.04745078086853, 0.4579554498195648, -0.9321768879890442, 12.04344367980957, -181.82754516601562, 1.4330002069473267, 0.0
33.05745077133179, 0.44783565402030945, -0.9401559829711914, 10.341611862182617, -165.03085327148438, 1.432958722114563, 0.0
33.067452907562256, 0.4395748972892761, -1.0441772937774658, 8.63805103302002, -184.16192626953125, 1.4329307079315186, 0.0
33.07744097709656, 0.4287198483943939, -1.094728708267212, 6.846677303314209, -186.86167907714844, 1.4329307079315186, 0.0
33.08744430541992, 0.4192524254322052, -0.9665757417678833, 5.096744537353516, -170.2281036376953, 1.4328895807266235, 0.0
33.097455978393555, 0.4120635986328125, -1.001119613647461, 3.4534552097320557, -187.46131896972656, 1.432917594909668, 0.0
33.1074595451355, 0.4022025465965271, -1.0052952766418457, 1.8084266185760498, -186.843017578125, 1.432917594909668, 0.0
33.117462396621704, 0.4022025465965271, -0.7977098226547241, 0.3580451011657715, -165.21572875976562, 1.432917594909668, 0.0
33.12747311592102, 0.3923260569572449, -0.8578300476074219, -1.045676827430725, -179.15243530273438, 1.432917594909668, 0.0
33.137473821640015, 0.38539400696754456, -0.8413642644882202, -2.575429916381836, -161.41285705566406, 1.432917594909668, 0.0
33.147446632385254, 0.37654706835746765, -0.9045402407646179, -4.055586814880371, -178.8781280517578, 1.432917594909668, 0.0
33.15747380256653, 0.3633376359939575, -0.8449792861938477, -5.599390506744385, -159.4100341796875, 1.432958722114563, 0.0
33.16749882698059, 0.3633376359939575, -0.7623732089996338, -6.9804301261901855, -156.18479919433594, 1.4329307079315186, 0.0
33.17746949195862, 0.3620692193508148, -0.6665080785751343, -8.161398887634277, -150.0807647705078, 1.4327609539031982, 0.0
33.187466621398926, 0.3726575970649719, -0.517725944519043, -8.96235466003418, -156.2122039794922, 1.4325066804885864, 0.0
33.197460889816284, 0.3726575970649719, -0.39405524730682373, -9.653372764587402, -131.06832885742188, 1.4323667287826538, 0.0
33.20747089385986, 0.3894205689430237, -0.14202462136745453, -9.87823486328125, -129.8517608642578, 1.4323252439498901, 0.0
33.21743988990784, 0.4134427309036255, 0.12489490956068039, -9.681988716125488, -111.55594635009766, 1.4323699474334717, 0.0
33.22745680809021, 0.4271541237831116, 0.38697654008865356, -9.090413093566895, -89.38603973388672, 1.4325990676879883, 0.0
33.23747968673706, 0.4271541237831116, 0.4176020622253418, -8.367180824279785, -57.917449951171875, 1.4327973127365112, 0.0
33.247453451156616, 0.4405880868434906, 0.6404072046279907, -7.2415361404418945, -31.859493255615234, 1.4330103397369385, 0.0
33.257477045059204, 0.45031464099884033, 0.966413140296936, -5.685665607452393, -0.9586546421051025, 1.4331507682800293, 0.0
33.267457246780396, 0.4624406099319458, 0.9910285472869873, -3.8906443119049072, 30.897903442382812, 1.4331884384155273, 0.0
33.2774555683136, 0.47353872656822205, 1.238551378250122, -1.8633170127868652, 69.9786605834961, 1.43318510055542, 0.0
33.28745245933533, 0.47353872656822205, 1.0088086128234863, -0.03360618278384209, 89.28756713867188, 1.433209776878357, 0.0
33.29745316505432, 0.4798666536808014, 1.1912120580673218, 1.923821210861206, 128.63551330566406, 1.4331648349761963, 0.0
33.30744814872742, 0.4827237129211426, 1.0367035865783691, 3.6202452182769775, 149.98309326171875, 1.4331648349761963, 0.0
33.31746172904968, 0.4908885955810547, 0.860508918762207, 5.017838478088379, 163.3313751220703, 1.4332226514816284, 0.0
33.32745432853699, 0.4908885955810547, 0.6373494863510132, 6.178996562957764, 152.694091796875, 1.433209776878357, 0.0
33.33748698234558, 0.49709174036979675, 0.6993740797042847, 7.458128929138184, 158.2530975341797, 1.4331682920455933, 0.0
33.347469329833984, 0.4989430606365204, 0.6483859419822693, 8.521204948425293, 175.1415557861328, 1.4331568479537964, 0.0
33.35745978355408, 0.4989430606365204, 0.4862844944000244, 9.42332649230957, 151.08995056152344, 1.4330580234527588, 0.0
33.36748194694519, 0.4989430606365204, 0.4862844944000244, 9.42332649230957, 151.08995056152344, 1.4328728914260864, 0.0
33.37750029563904, 0.5050403475761414, 0.3150135278701782, 10.708683967590332, 125.71992492675781, 1.4327889680862427, 0.0
33.387516260147095, 0.5194758176803589, 0.5104177594184875, 11.559518814086914, 128.8125762939453, 1.4327031373977661, 0.0
33.397472858428955, 0.5303279161453247, 0.504612922668457, 12.476997375488281, 105.53178405761719, 1.4327031373977661, 0.0
33.40744662284851, 0.5379839539527893, 0.552600622177124, 13.461308479309082, 98.41060638427734, 1.432815432548523, 0.0
33.41744422912598, 0.5379839539527893, 0.47095417976379395, 14.283992767333984, 92.6614761352539, 1.4330002069473267, 0.0
33.42745566368103, 0.5434831380844116, 0.5259394645690918, 15.217142105102539, 90.38153076171875, 1.4331272840499878, 0.0
33.43749189376831, 0.5434831380844116, 0.4639148712158203, 16.037540435791016, 85.79415893554688, 1.4332542419433594, 0.0
33.44744944572449, 0.558203935623169, 0.6584591269493103, 17.10747528076172, 95.40303802490234, 1.433295726776123, 0.0
33.45742583274841, 0.5647400617599487, 0.7310774326324463, 18.296327590942383, 98.58883666992188, 1.4333367347717285, 0.0
33.46744418144226, 0.5728815793991089, 0.821537435054779, 19.6382999420166, 105.75135803222656, 1.4333497285842896, 0.0
33.47744154930115, 0.5777657628059387, 0.7272601127624512, 20.976219177246094, 102.67524719238281, 1.4332637786865234, 0.0
33.48744487762451, 0.5814443230628967, 0.6196796894073486, 22.113420486450195, 105.53913116455078, 1.4332059621810913, 0.0
33.4974422454834, 0.5814443230628967, 0.5679594278335571, 23.0502872467041, 117.48080444335938, 1.4331648349761963, 0.0
33.50744867324829, 0.584284245967865, 0.5144543051719666, 23.90467071533203, 116.03736877441406, 1.4330958127975464, 0.0
33.51744365692139, 0.5873525142669678, 0.49368739128112793, 24.804733276367188, 105.20763397216797, 1.4330823421478271, 0.0
33.52744674682617, 0.5929868221282959, 0.49503445625305176, 25.71227264404297, 104.95109558105469, 1.4330412149429321, 0.0
33.537452936172485, 0.5979381799697876, 0.6050467491149902, 26.709806442260742, 118.5807113647461, 1.4330002069473267, 0.0
33.54744815826416, 0.6021242141723633, 0.48800310492515564, 27.515899658203125, 115.64954376220703, 1.432958722114563, 0.0
33.55743885040283, 0.6021242141723633, 0.37384033203125, 28.195608139038086, 98.99234771728516, 1.432958722114563, 0.0
33.567471504211426, 0.6065258979797363, 0.37383371591567993, 28.807336807250977, 101.87848663330078, 1.432958722114563, 0.0
33.57748007774353, 0.6101078391075134, 0.32341480255126953, 29.392913818359375, 84.16690826416016, 1.4329721927642822, 0.0
33.587968587875366, 0.6125798225402832, 0.34595197439193726, 29.946468353271484, 87.0335922241211, 1.4330412149429321, 0.0
33.59746980667114, 0.6145449280738831, 0.3677871525287628, 30.54082489013672, 83.2286376953125, 1.4330823421478271, 0.0
33.607447385787964, 0.6145449280738831, 0.30260682106018066, 31.08347511291504, 71.78802490234375, 1.4331238269805908, 0.0
33.61747336387634, 0.616037905216217, 0.31872591376304626, 31.587059020996094, 75.359130859375, 1.4332226514816284, 0.0
33.62744951248169, 0.61784827709198, 0.2486109733581543, 32.03394317626953, 63.216590881347656, 1.433250904083252, 0.0
33.63747191429138, 0.6189740300178528, 0.2337363064289093, 32.416419982910156, 63.4066276550293, 1.433250904083252, 0.0
33.647433042526245, 0.6189740300178528, 0.18722480535507202, 32.72278594970703, 57.854122161865234, 1.433250904083252, 0.0
33.657435178756714, 0.6210310459136963, 0.18906593322753906, 33.07402038574219, 48.78425598144531, 1.433209776878357, 0.0
33.66744661331177, 0.6219474673271179, 0.17135010659694672, 33.367069244384766, 50.663841247558594, 1.4331401586532593, 0.0
33.67747640609741, 0.6222324967384338, 0.12124180793762207, 33.58750915527344, 41.94602966308594, 1.4331401586532593, 0.0
33.68746829032898, 0.6222358345985413, 0.10728173702955246, 33.770538330078125, 42.4893684387207, 1.4330990314483643, 0.0
33.69743752479553, 0.6222134828567505, 0.0852147713303566, 33.920494079589844, 37.552303314208984, 1.4330412149429321, 0.0
33.707451581954956, 0.6204594373703003, 0.05914568901062012, 34.02803039550781, 29.445648193359375, 1.4330412149429321, 0.0
33.71745276451111, 0.6204594373703003, 0.049127474427223206, 34.1209716796875, 28.15416145324707, 1.4329721927642822, 0.0
33.72743344306946, 0.6204594373703003, 0.026112794876098633, 34.16099166870117, 21.270370483398438, 1.4330132007598877, 0.0
33.73745083808899, 0.6204594373703003, 0.016510486602783203, 34.182918548583984, 19.628313064575195, 1.4330412149429321, 0.0
33.74747824668884, 0.6224672198295593, 0.03880924731492996, 34.246421813964844, 16.929203033447266, 1.4330412149429321, 0.0
33.757455587387085, 0.6224672198295593, 0.015960799530148506, 34.26506423950195, 13.23403263092041, 1.4330823421478271, 0.0
33.76744198799133, 0.6224672198295593, 0.0051915645599365234, 34.26398849487305, 8.9691162109375, 1.4331401586532593, 0.0
33.77745485305786, 0.6264827847480774, 0.04722674563527107, 34.3337287902832, 8.291032791137695, 1.433181643486023, 0.0
33.78745484352112, 0.6264827847480774, 0.04247426986694336, 34.410953521728516, 6.40411376953125, 1.433181643486023, 0.0
33.79744815826416, 0.6304983496665955, 0.08285045623779297, 34.57210159301758, 6.5166473388671875, 1.4331238269805908, 0.0
33.807459115982056, 0.6325061321258545, 0.13384553790092468, 34.79866409301758, 8.562299728393555, 1.4330823421478271, 0.0
33.81745767593384, 0.6325061321258545, 0.13385216891765594, 35.017696380615234, 9.963565826416016, 1.4330823421478271, 0.0
33.82745313644409, 0.6325061321258545, 0.12046694755554199, 35.23672866821289, 10.757064819335938, 1.4330823421478271, 0.0
33.83745741844177, 0.6325061321258545, 0.133858785033226, 35.4632453918457, 14.22585391998291, 1.4330412149429321, 0.0
33.84745907783508, 0.6264827847480774, 0.040155649185180664, 35.5362548828125, 12.898635864257812, 1.4330412149429321, 0.0
33.85744285583496, 0.6264827847480774, 0.04461076483130455, 35.5987434387207, 14.818403244018555, 1.4330990314483643, 0.0
33.86744666099548, 0.618451714515686, -0.040155649185180664, 35.525733947753906, 12.61749267578125, 1.4330990314483643, 0.0
33.877471923828125, 0.6124283671379089, -0.15616416931152344, 35.26271438598633, 10.322147369384766, 1.4331401586532593, 0.0
33.88742923736572, 0.6124283671379089, -0.1405477523803711, 35.007171630859375, 5.9619903564453125, 1.4331401586532593, 0.0
33.89744424819946, 0.5983738899230957, -0.3212451934814453, 34.423091888427734, -1.490020751953125, 1.4331401586532593, 0.0
33.90748333930969, 0.5983738899230957, -0.37924447655677795, 33.805477142333984, -11.03549575805664, 1.4331238269805908, 0.0
33.917455196380615, 0.5954263210296631, -0.4119873046875, 33.138858795166016, -20.87571907043457, 1.4330823421478271, 0.0
33.92748975753784, 0.591890275478363, -0.40616393089294434, 32.4003791809082, -28.363800048828125, 1.4330823421478271, 0.0
33.93746304512024, 0.591890275478363, -0.45127999782562256, 31.661922454833984, -42.236328125, 1.4330823421478271, 0.0
33.94745898246765, 0.5874414443969727, -0.3904104232788086, 30.959562301635742, -45.7672119140625, 1.4330412149429321, 0.0
33.95745396614075, 0.5814028978347778, -0.4508078098297119, 30.139911651611328, -54.58831787109375, 1.4330412149429321, 0.0
33.967458724975586, 0.5748944878578186, -0.43557286262512207, 29.34796142578125, -61.777496337890625, 1.4330412149429321, 0.0
33.97744297981262, 0.5679841637611389, -0.49382448196411133, 28.539884567260742, -74.6983413696289, 1.4330412149429321, 0.0
33.98745369911194, 0.5679841637611389, -0.4444420337677002, 27.731809616088867, -72.75371551513672, 1.4330412149429321, 0.0
33.99745154380798, 0.5624932646751404, -0.39866897463798523, 27.071964263916016, -81.67923736572266, 1.4330823421478271, 0.0
34.00748014450073, 0.5582183599472046, -0.40155649185180664, 26.341861724853516, -74.63626861572266, 1.4330823421478271, 0.0
34.01746892929077, 0.5561195015907288, -0.393068790435791, 25.62718963623047, -75.11653900146484, 1.4330823421478271, 0.0
34.027438163757324, 0.5530188083648682, -0.43190187215805054, 24.912899017333984, -83.19430541992188, 1.4331238269805908, 0.0
34.03744435310364, 0.5497760772705078, -0.4679361879825592, 24.147186279296875, -83.49715423583984, 1.4331238269805908, 0.0
34.04745125770569, 0.5413574576377869, -0.46083927154541016, 23.31683921813965, -76.4272689819336, 1.4330823421478271, 0.0
34.057429790496826, 0.5325936079025269, -0.48809051513671875, 22.429401397705078, -77.1047592163086, 1.4330823421478271, 0.0
34.06744050979614, 0.5325936079025269, -0.4700157344341278, 21.6602840423584, -85.41891479492188, 1.4330823421478271, 0.0
34.07745981216431, 0.524259090423584, -0.43724775314331055, 20.872766494750977, -76.67121887207031, 1.4330412149429321, 0.0
34.08745002746582, 0.5194825530052185, -0.5389054417610168, 19.990921020507812, -86.009765625, 1.4330412149429321, 0.0
34.097474098205566, 0.5148934721946716, -0.47600269317626953, 19.12546157836914, -79.46510314941406, 1.4330412149429321, 0.0
34.107475996017456, 0.5148934721946716, -0.4813869893550873, 18.337738037109375, -88.93457794189453, 1.4330412149429321, 0.0
34.117480754852295, 0.5087044835090637, -0.5268322229385376, 17.475648880004883, -90.57278442382812, 1.4330412149429321, 0.0
34.127501487731934, 0.5087044835090637, -0.4923807382583618, 16.662456512451172, -91.67141723632812, 1.4330823421478271, 0.0
34.13747215270996, 0.5087044835090637, -0.41071176528930664, 15.920801162719727, -82.26375579833984, 1.4330543279647827, 0.0
34.14746832847595, 0.48648157715797424, -0.6097356677055359, 14.923052787780762, -93.26447296142578, 1.4330543279647827, 0.0
34.15746068954468, 0.48648157715797424, -0.46112537384033203, 14.079548835754395, -83.49857330322266, 1.4330823421478271, 0.0
34.167471170425415, 0.4795061945915222, -0.5898607969284058, 13.114322662353516, -94.95501708984375, 1.4330823421478271, 0.0
34.177475452423096, 0.4735300838947296, -0.5072891712188721, 12.191978454589844, -86.80782318115234, 1.4330823421478271, 0.0
34.1874623298645, 0.4735300838947296, -0.5105733871459961, 11.345982551574707, -96.05513763427734, 1.4331401586532593, 0.0
34.19747543334961, 0.46391555666923523, -0.5097866058349609, 10.419097900390625, -87.06350708007812, 1.4331401586532593, 0.0
34.20747375488281, 0.4490736424922943, -0.7313258051872253, 9.222382545471191, -101.28169250488281, 1.4331401586532593, 0.0
34.21744775772095, 0.43818607926368713, -0.7051914930343628, 7.940216541290283, -95.3543701171875, 1.4331401586532593, 0.0
34.22748017311096, 0.43818607926368713, -0.7835361957550049, 6.668578624725342, -111.04297637939453, 1.4330823421478271, 0.0
34.237483739852905, 0.4342483580112457, -0.8272860050201416, 5.31483793258667, -117.84415435791016, 1.4330823421478271, 0.0
34.24746227264404, 0.4342483580112457, -0.5223333835601807, 4.37023401260376, -105.52816772460938, 1.4330543279647827, 0.0
34.25745940208435, 0.42766502499580383, -0.5881637334823608, 3.3008456230163574, -107.7871322631836, 1.4330543279647827, 0.0
34.26745009422302, 0.41251999139785767, -0.7442898154258728, 2.085300922393799, -122.54460906982422, 1.4330412149429321, 0.0
34.27744269371033, 0.4016121029853821, -0.7990896701812744, 0.7776997089385986, -126.82527923583984, 1.4330412149429321, 0.0
34.28746271133423, 0.4016121029853821, -0.7191836833953857, -0.5299069881439209, -118.75886535644531, 1.4330412149429321, 0.0
34.297441720962524, 0.3976939618587494, -0.7357994914054871, -1.7339425086975098, -135.0338134765625, 1.4330412149429321, 0.0
34.307466983795166, 0.3891180455684662, -0.599554181098938, -2.8240408897399902, -120.46420288085938, 1.4330412149429321, 0.0
34.3174774646759, 0.37734153866767883, -0.6084442138671875, -3.9377808570861816, -118.77996063232422, 1.4330823421478271, 0.0
34.32748055458069, 0.37734153866767883, -0.6760491132736206, -5.044043064117432, -130.14027404785156, 1.4330823421478271, 0.0
34.33747601509094, 0.3697874844074249, -0.6446123123168945, -6.216065406799316, -115.30903625488281, 1.4330823421478271, 0.0
34.34745216369629, 0.36655810475349426, -0.7521145939826965, -7.446798324584961, -131.3003387451172, 1.4330823421478271, 0.0
34.357442140579224, 0.36655810475349426, -0.6789631247520447, -8.557828903198242, -131.76303100585938, 1.4330823421478271, 0.0
34.36744689941406, 0.35830140113830566, -0.5421847105026245, -9.533714294433594, -116.19014739990234, 1.4330278635025024, 0.0
34.37746858596802, 0.35681745409965515, -0.4977186620235443, -10.325079917907715, -123.3642349243164, 1.4329009056091309, 0.0
34.387473821640015, 0.36717721819877625, -0.3826088309288025, -10.91763687133789, -115.41917419433594, 1.4327164888381958, 0.0
34.397469997406006, 0.36717721819877625, -0.3051668405532837, -11.45443058013916, -97.20497131347656, 1.4326171875, 0.0
34.40747261047363, 0.3844757080078125, -0.05158450827002525, -11.536500930786133, -96.80509948730469, 1.4326043128967285, 0.0
34.41746950149536, 0.3950667083263397, 0.17725229263305664, -11.23279857635498, -72.9500732421875, 1.4327064752578735, 0.0
34.42745876312256, 0.4041411578655243, 0.29777488112449646, -10.771280288696289, -63.63593292236328, 1.4328480958938599, 0.0
34.43744874000549, 0.4142272472381592, 0.44439733028411865, -10.002081871032715, -37.86020278930664, 1.4330614805221558, 0.0
34.44744300842285, 0.4216422140598297, 0.6120469570159912, -9.028749465942383, -17.577171325683594, 1.4332165718078613, 0.0
34.457457542419434, 0.4216422140598297, 0.55084228515625, -8.052749633789062, 5.050754547119141, 1.4333570003509521, 0.0
34.46745538711548, 0.4305702745914459, 0.7226884365081787, -6.730599880218506, 28.031063079833984, 1.4333120584487915, 0.0
34.47745108604431, 0.43638724088668823, 0.7957011461257935, -5.288357257843018, 50.367164611816406, 1.4333367347717285, 0.0
34.48745536804199, 0.43915677070617676, 0.799771785736084, -3.971489906311035, 77.17948150634766, 1.4332919120788574, 0.0
34.49744772911072, 0.43915677070617676, 0.7197946310043335, -2.6576573848724365, 87.9677734375, 1.4332637786865234, 0.0
34.50744009017944, 0.43898633122444153, 0.6056725978851318, -1.6590790748596191, 109.74905395507812, 1.4332226514816284, 0.0
34.51745009422302, 0.43981656432151794, 0.44749975204467773, -0.8274750113487244, 104.05330657958984, 1.4331238269805908, 0.0
34.52758026123047, 0.44186460971832275, 0.4191431701183319, -0.13406167924404144, 118.19129180908203, 1.4330823421478271, 0.0
34.537474393844604, 0.4447227418422699, 0.3049582242965698, 0.4248293936252594, 104.26907348632812, 1.4330580234527588, 0.0
34.5475058555603, 0.4479738771915436, 0.2925693988800049, 0.9216341376304626, 110.5598373413086, 1.432958722114563, 0.0
34.557608127593994, 0.4479738771915436, 0.26331841945648193, 1.40548837184906, 94.58240509033203, 1.4329307079315186, 0.0
34.56746196746826, 0.45293673872947693, 0.24851825833320618, 1.8349560499191284, 95.17280578613281, 1.4328052997589111, 0.0
34.57745361328125, 0.4582204222679138, 0.2425875961780548, 2.242342948913574, 83.67445373535156, 1.4327479600906372, 0.0
34.58744764328003, 0.4618273973464966, 0.226709246635437, 2.6545417308807373, 66.26031494140625, 1.4327479600906372, 0.0
34.59745454788208, 0.46530357003211975, 0.290519654750824, 3.1147003173828125, 64.13731384277344, 1.4328317642211914, 0.0
34.6074583530426, 0.4705334007740021, 0.35052168369293213, 3.672675609588623, 59.2417106628418, 1.432917594909668, 0.0
34.617462158203125, 0.4738955795764923, 0.34079253673553467, 4.269193649291992, 50.96669006347656, 1.433044672012329, 0.0
34.627460956573486, 0.47905775904655457, 0.4132588803768158, 4.929808139801025, 56.265193939208984, 1.4331306219100952, 0.0
34.63744926452637, 0.4837963283061981, 0.43414366245269775, 5.6326823234558105, 57.86503601074219, 1.4331721067428589, 0.0
34.64743995666504, 0.4872424900531769, 0.3926903009414673, 6.3466644287109375, 54.25031280517578, 1.4331721067428589, 0.0
34.65744066238403, 0.4872424900531769, 0.3926903009414673, 7.058284282684326, 56.52794647216797, 1.43318510055542, 0.0
34.667442321777344, 0.4898768365383148, 0.41043758392333984, 7.740421772003174, 65.61628723144531, 1.4331272840499878, 0.0
34.67744565010071, 0.4915493130683899, 0.33329129219055176, 8.362054824829102, 61.19713592529297, 1.4330412149429321, 0.0
34.68745136260986, 0.49318674206733704, 0.3135979175567627, 8.944782257080078, 62.90240478515625, 1.4329721927642822, 0.0
34.69746208190918, 0.4938735365867615, 0.31744110584259033, 9.464231491088867, 70.55033874511719, 1.4329721927642822, 0.0
34.70746374130249, 0.4950500428676605, 0.24515986442565918, 9.917519569396973, 62.448455810546875, 1.4329307079315186, 0.0
34.71746325492859, 0.4959821105003357, 0.2454121857881546, 10.321487426757812, 67.2476577758789, 1.432917594909668, 0.0
34.727463483810425, 0.4977710545063019, 0.1871347427368164, 10.66927433013916, 57.39464569091797, 1.4328761100769043, 0.0
34.73747253417969, 0.4977710545063019, 0.1552734076976776, 10.923358917236328, 58.78533172607422, 1.4328761100769043, 0.0
34.7474799156189, 0.49907153844833374, 0.11828839778900146, 11.138428688049316, 47.91765213012695, 1.4328761100769043, 0.0
34.75749087333679, 0.49907153844833374, 0.11829137802124023, 11.353503227233887, 42.95206069946289, 1.4328761100769043, 0.0
34.76745581626892, 0.5000655055046082, 0.10188519954681396, 11.531207084655762, 37.90788650512695, 1.432917594909668, 0.0
34.777456760406494, 0.502000629901886, 0.11612971872091293, 11.721237182617188, 37.32426834106445, 1.432917594909668, 0.0
34.78749680519104, 0.502000629901886, 0.09793373942375183, 11.874014854431152, 32.54710388183594, 1.432958722114563, 0.0
34.79745149612427, 0.49999284744262695, 0.06798902899026871, 11.974757194519043, 27.894655227661133, 1.4330165386199951, 0.0
34.80744528770447, 0.49999284744262695, 0.05491574481129646, 12.057076454162598, 23.77287483215332, 1.4330580234527588, 0.0
34.817450284957886, 0.502000629901886, 0.06019175052642822, 12.16140079498291, 18.39914321899414, 1.4330861568450928, 0.0
34.82749533653259, 0.502000629901886, 0.04229843616485596, 12.238306999206543, 15.690326690673828, 1.4330861568450928, 0.0
34.83745813369751, 0.504008412361145, 0.06237030029296875, 12.356822967529297, 14.334678649902344, 1.4330580234527588, 0.0
34.8474485874176, 0.506016194820404, 0.06944537162780762, 12.490630149841309, 13.522052764892578, 1.4330165386199951, 0.0
34.85745334625244, 0.5080239772796631, 0.09946690499782562, 12.66390609741211, 14.560063362121582, 1.432958722114563, 0.0
34.867483139038086, 0.5100317597389221, 0.11073218286037445, 12.845104217529297, 14.598952293395996, 1.432958722114563, 0.0
34.8774688243866, 0.5100317597389221, 0.08031725883483887, 13.003706932067871, 12.824726104736328, 1.4328895807266235, 0.0
34.88744568824768, 0.5120395421981812, 0.10039210319519043, 13.186238288879395, 13.122177124023438, 1.4328895807266235, 0.0
34.89743995666504, 0.5120395421981812, 0.13385216891765594, 13.405268669128418, 15.894466400146484, 1.4328895807266235, 0.0
34.90748381614685, 0.5120395421981812, 0.12046694755554199, 13.619206428527832, 15.621376037597656, 1.432917594909668, 0.0
34.917466163635254, 0.5120395421981812, 0.10038614273071289, 13.801726341247559, 16.4031982421875, 1.432917594909668, 0.0
34.9274468421936, 0.5080239772796631, 0.066929392516613, 13.911247253417969, 18.588172912597656, 1.432917594909668, 0.0
34.93746519088745, 0.504008412361145, 0.0, 13.900734901428223, 15.439224243164062, 1.4329754114151, 0.0
34.94745397567749, 0.4849114418029785, -0.23450453579425812, 13.50440788269043, 11.264164924621582, 1.433044672012329, 0.0
34.95746421813965, 0.4849114418029785, -0.23111701011657715, 13.084195137023926, 4.202842712402344, 1.433044672012329, 0.0
34.967472314834595, 0.49396952986717224, -0.17847616970539093, 12.789715766906738, -0.6154378056526184, 1.4330580234527588, 0.0
34.97748637199402, 0.4899539649486542, -0.20077824592590332, 12.424664497375488, -5.7903289794921875, 1.4330580234527588, 0.0
34.98746466636658, 0.47945767641067505, -0.3258168697357178, 11.832269668579102, -13.539600372314453, 1.4330580234527588, 0.0
34.99744725227356, 0.47663751244544983, -0.3540217876434326, 11.206648826599121, -21.98638916015625, 1.432958722114563, 0.0
35.0074520111084, 0.47663751244544983, -0.3933575451374054, 10.562973022460938, -33.958011627197266, 1.432958722114563, 0.0
35.0174503326416, 0.47400814294815063, -0.3803133964538574, 9.878971099853516, -39.22767639160156, 1.432917594909668, 0.0
35.02744698524475, 0.4694001376628876, -0.4291534423828125, 9.17672061920166, -52.60584259033203, 1.432917594909668, 0.0
35.0374436378479, 0.46391668915748596, -0.4009127616882324, 8.44778823852539, -54.529476165771484, 1.432917594909668, 0.0
35.04745101928711, 0.4580308496952057, -0.2688080072402954, 7.959046363830566, -55.45358657836914, 1.432917594909668, 0.0
35.057443141937256, 0.4524240791797638, -0.3609723448753357, 7.368364334106445, -63.50930404663086, 1.432917594909668, 0.0
35.06744980812073, 0.44986239075660706, -0.4410684108734131, 6.5664215087890625, -62.23287582397461, 1.432917594909668, 0.0
35.07749390602112, 0.44986239075660706, -0.4009157419204712, 5.837483882904053, -65.87181091308594, 1.432917594909668, 0.0
35.08751964569092, 0.44986239075660706, -0.3288388252258301, 5.299384117126465, -72.587646484375, 1.432917594909668, 0.0
35.097477197647095, 0.4484955668449402, -0.2814173698425293, 4.780238151550293, -64.26410675048828, 1.432958722114563, 0.0
35.107491970062256, 0.44445180892944336, -0.35761794447898865, 4.195045471191406, -70.75479125976562, 1.432958722114563, 0.0
35.11750340461731, 0.44445180892944336, -0.29556453227996826, 3.6471431255340576, -62.31822967529297, 1.4330165386199951, 0.0
35.12746071815491, 0.43748828768730164, -0.31911730766296387, 3.066929817199707, -61.09790802001953, 1.4330165386199951, 0.0
