12.988209009170532, 1.5499999523162842, 0.0, 181.8181915283203, 0.0, 1.4335445165634155, 0.0
12.998198509216309, 1.5499999523162842, 0.0, 181.8181915283203, 0.0, 1.4335445165634155, 0.0
13.008197784423828, 1.5499999523162842, 0.0, 181.8181915283203, 0.0, 1.4335445165634155, 0.0
13.018202066421509, 1.5499999523162842, 0.0, 181.8181915283203, 0.0, 1.4335033893585205, 0.0
13.028200387954712, 1.5499999523162842, 0.0, 181.8181915283203, 0.0, 1.4334568977355957, 0.0
13.038193225860596, 1.5499999523162842, 0.0, 181.8181915283203, 0.0, 1.4332813024520874, 0.0
13.048216581344604, 1.5499999523162842, 0.0, 181.8181915283203, 0.0, 1.4329184293746948, 0.0
13.05819034576416, 1.5499999523162842, 0.0, 181.8181915283203, 0.0, 1.4323554039001465, 0.0
13.068197011947632, 1.5499999523162842, 0.0, 181.8181915283203, 0.0, 1.4316766262054443, 0.0
13.078202486038208, 1.5499999523162842, 0.0, 181.8181915283203, 0.0, 1.430790662765503, 0.0
13.08817982673645, 1.5499999523162842, 0.0, 181.8181915283203, 0.0, 1.429753065109253, 0.0
13.098187923431396, 1.5499999523162842, 0.0, 181.8181915283203, 0.0, 1.4287047386169434, 0.0
13.108200073242188, 1.5499999523162842, 0.0, 181.8181915283203, 0.0, 1.4276666641235352, 0.0
13.118204832077026, 1.5499999523162842, 0.0, 181.8181915283203, 0.0, 1.4264450073242188, 0.0
13.128183603286743, 1.5499999523162842, 0.0, 181.8181915283203, 0.0, 1.4251905679702759, 0.0
13.138894319534302, 1.5499999523162842, 0.0, 181.8181915283203, 0.0, 1.4238383769989014, 0.0
13.148194074630737, 1.5499999523162842, 0.0, 181.8181915283203, 0.0, 1.4223835468292236, 0.0
13.158222913742065, 1.5499999523162842, 0.0, 181.8181915283203, 0.0, 1.4223835468292236, 0.0
13.168204307556152, 1.5499999523162842, 0.0, 181.8181915283203, 0.0, 1.4194068908691406, 0.0
13.178200006484985, 1.5499999523162842, 0.0, 181.8181915283203, 0.0, 1.4179887771606445, 0.0
13.18819284439087, 1.5499999523162842, 0.0, 181.8181915283203, 0.0, 1.416654348373413, 0.0
13.198341369628906, 1.5499999523162842, 0.0, 181.8181915283203, 0.0, 1.4154672622680664, 0.0
13.20889925956726, 1.5499999523162842, 0.0, 181.8181915283203, 0.0, 1.4144392013549805, 0.0
13.218195915222168, 1.5499999523162842, 0.0, 181.8181915283203, 0.0, 1.4134773015975952, 0.0
13.228200674057007, 1.5499999523162842, 0.0, 181.8181915283203, 0.0, 1.412562370300293, 0.0
13.2381911277771, 1.5499999523162842, 0.0, 181.8181915283203, 0.0, 1.4115571975708008, 0.0
13.24819564819336, 1.5499999523162842, 0.0, 181.8181915283203, 0.0, 1.4106359481811523, 0.0
13.258725643157959, 1.5499999523162842, 0.0, 181.8181915283203, 0.0, 1.4096269607543945, 0.0
13.268190383911133, 1.5499999523162842, 0.0, 181.8181915283203, 0.0, 1.4086196422576904, 0.0
13.278197765350342, 1.5499999523162842, 0.0, 181.8181915283203, 0.0, 1.4075140953063965, 0.0
13.288196802139282, 1.5499999523162842, 0.0, 181.8181915283203, 0.0, 1.4065338373184204, 0.0
13.29820990562439, 1.5499999523162842, 0.0, 181.8181915283203, 0.0, 1.4055814743041992, 0.0
13.308202743530273, 1.5499999523162842, 0.0, 181.8181915283203, 0.0, 1.4046056270599365, 0.0
13.318191528320312, 1.5499999523162842, 0.0, 181.8181915283203, 0.0, 1.403659462928772, 0.0
13.328200101852417, 1.5499999523162842, 0.0, 181.8181915283203, 0.0, 1.4027010202407837, 0.0
13.338204145431519, 1.5499999523162842, 0.0, 181.8181915283203, 0.0, 1.401853084564209, 0.0
13.348212718963623, 1.5499999523162842, 0.0, 181.8181915283203, 0.0, 1.4009099006652832, 0.0
13.35819411277771, 1.5499999523162842, 0.0, 181.8181915283203, 0.0, 1.4000757932662964, 0.0
14.928197383880615, 1.5499999523162842, 0.0, 181.8181915283203, 0.0, 1.4004992246627808, 0.10700000077486038
14.938579082489014, 1.5499999523162842, 0.0, 181.8181915283203, 0.0, 1.4014712572097778, 0.1080000028014183
14.948187351226807, 1.5499999523162842, 0.0, 181.8181915283203, 0.0, 1.402557134628296, 0.10899999737739563
14.95818567276001, 1.5499999523162842, 0.0, 181.8181915283203, 0.0, 1.403619647026062, 0.10999999940395355
14.968194961547852, 1.5499999523162842, 0.0, 181.8181915283203, 0.0, 1.4047064781188965, 0.11100000143051147
14.97818660736084, 1.5499999523162842, 0.0, 181.8181915283203, 0.0, 1.4058418273925781, 0.1120000034570694
14.988192558288574, 1.5499999523162842, 0.0, 181.8181915283203, 0.0, 1.4069619178771973, 0.11299999803304672
14.998198986053467, 1.5499999523162842, 0.0, 181.8181915283203, 0.0, 1.408164620399475, 0.11400000005960464
15.008207082748413, 1.5499999523162842, 0.0, 181.8181915283203, 0.0, 1.4093422889709473, 0.11500000208616257
15.018199443817139, 1.5499999523162842, 0.0, 181.8181915283203, 0.0, 1.4104779958724976, 0.11599999666213989
15.028196811676025, 1.5499999523162842, 0.0, 181.8181915283203, 0.0, 1.411698579788208, 0.11699999868869781
15.038187026977539, 1.5499999523162842, 0.0, 181.8181915283203, 0.0, 1.4128156900405884, 0.11800000071525574
15.048184871673584, 1.5499999523162842, 0.0, 181.8181915283203, 0.0, 1.4139931201934814, 0.11900000274181366
15.058197498321533, 1.5499999523162842, 0.0, 181.8181915283203, 0.0, 1.4139931201934814, 0.11900000274181366
15.06818675994873, 1.5499999523162842, 0.0, 181.8181915283203, 0.0, 1.4162598848342896, 0.12099999934434891
15.078185081481934, 1.5499999523162842, 0.0, 181.8181915283203, 0.0, 1.4175251722335815, 0.12200000137090683
15.088287353515625, 1.5499999523162842, 0.0, 181.8181915283203, 0.0, 1.4187328815460205, 0.12300000339746475
15.098188877105713, 1.5499999523162842, 0.0, 181.8181915283203, 0.0, 1.4199528694152832, 0.12399999797344208
15.108191013336182, 1.5499999523162842, 0.0, 181.8181915283203, 0.0, 1.421234369277954, 0.125
15.11819577217102, 1.5499999523162842, 0.0, 181.8181915283203, 0.0, 1.4224587678909302, 0.12600000202655792
15.128201007843018, 1.5499999523162842, 0.0, 181.8181915283203, 0.0, 1.4238406419754028, 0.12700000405311584
15.138198375701904, 1.5499999523162842, 0.0, 181.8181915283203, 0.0, 1.4251093864440918, 0.12800000607967377
15.148203134536743, 1.5499999523162842, 0.0, 181.8181915283203, 0.0, 1.4263414144515991, 0.1289999932050705
15.158193111419678, 1.5499999523162842, 0.0, 181.8181915283203, 0.0, 1.4276371002197266, 0.1289999932050705
15.168204069137573, 1.5499999523162842, 0.0, 181.8181915283203, 0.0, 1.4288333654403687, 0.1289999932050705
15.17819881439209, 1.5499999523162842, 0.0, 181.8181915283203, 0.0, 1.4300577640533447, 0.1289999932050705
15.188189506530762, 1.5499999523162842, 0.0, 181.8181915283203, 0.0, 1.431219220161438, 0.1289999932050705
15.198186874389648, 1.5499999523162842, 0.0, 181.8181915283203, 0.0, 1.4322043657302856, 0.1289999932050705
15.208189725875854, 1.5499999523162842, 0.0, 181.8181915283203, 0.0, 1.4327648878097534, 0.1289999932050705
15.218198776245117, 1.5499999523162842, 0.0, 181.8181915283203, 0.0, 1.4327139854431152, 0.1289999932050705
15.228195667266846, 1.5499999523162842, 0.0, 181.8181915283203, 0.0, 1.4321849346160889, 0.1289999932050705
15.238200902938843, 1.5499999523162842, 0.0, 181.8181915283203, 0.0, 1.4313387870788574, 0.1289999932050705
15.248204231262207, 1.5499999523162842, 0.0, 181.8181915283203, 0.0, 1.430264949798584, 0.1289999932050705
15.258196353912354, 1.5499999523162842, 0.0, 181.8181915283203, 0.0, 1.428879737854004, 0.1289999932050705
15.268193006515503, 1.5499999523162842, 0.0, 181.8181915283203, 0.0, 1.4274951219558716, 0.1289999932050705
15.278189182281494, 1.5499999523162842, 0.0, 181.8181915283203, 0.0, 1.4259421825408936, 0.1289999932050705
15.288183450698853, 1.5499999523162842, 0.0, 181.8181915283203, 0.0, 1.4242894649505615, 0.1289999932050705
15.29818844795227, 1.5499999523162842, 0.0, 181.8181915283203, 0.0, 1.422479271888733, 0.1289999932050705
15.308189153671265, 1.5499999523162842, 0.0, 181.8181915283203, 0.0, 1.420526146888733, 0.1289999932050705
15.318182706832886, 1.5499999523162842, 0.0, 181.8181915283203, 0.0, 1.4184619188308716, 0.1289999932050705
15.328182697296143, 1.5499999523162842, 0.0, 181.8181915283203, 0.0, 1.4164594411849976, 0.1289999932050705
15.338185548782349, 1.5499999523162842, 0.0, 181.8181915283203, 0.0, 1.4146728515625, 0.1289999932050705
15.348188638687134, 1.5499999523162842, 0.0, 181.8181915283203, 0.0, 1.4130758047103882, 0.1289999932050705
15.358184099197388, 1.5499999523162842, 0.0, 181.8181915283203, 0.0, 1.4117194414138794, 0.1289999932050705
15.36819076538086, 1.5499999523162842, 0.0, 181.8181915283203, 0.0, 1.4104257822036743, 0.1289999932050705
15.378208875656128, 1.5499999523162842, 0.0, 181.8181915283203, 0.0, 1.4093382358551025, 0.1289999932050705
15.388187408447266, 1.5499999523162842, 0.0, 181.8181915283203, 0.0, 1.4082366228103638, 0.1289999932050705
15.398187637329102, 1.5499999523162842, 0.0, 181.8181915283203, 0.0, 1.4069766998291016, 0.1289999932050705
15.40819001197815, 1.5499999523162842, 0.0, 181.8181915283203, 0.0, 1.4057328701019287, 0.1289999932050705
15.418195486068726, 1.5499999523162842, 0.0, 181.8181915283203, 0.0, 1.4045439958572388, 0.1289999932050705
15.42819881439209, 1.5499999523162842, 0.0, 181.8181915283203, 0.0, 1.4034785032272339, 0.1289999932050705
15.438194990158081, 1.5499999523162842, 0.0, 181.8181915283203, 0.0, 1.402605652809143, 0.1289999932050705
15.448193788528442, 1.5499999523162842, 0.0, 181.8181915283203, 0.0, 1.4018763303756714, 0.1289999932050705
15.458201885223389, 1.5499999523162842, 0.0, 181.8181915283203, 0.0, 1.401299238204956, 0.1289999932050705
15.468199014663696, 1.5499999523162842, 0.0, 181.8181915283203, 0.0, 1.4007658958435059, 0.1289999932050705
15.47819185256958, 1.5499999523162842, 0.0, 181.8181915283203, 0.0, 1.4002336263656616, 0.1289999932050705
16.38818621635437, 1.5499999523162842, 0.0, 181.8181915283203, 0.0, 1.4007318019866943, 0.16899999976158142
16.39819574356079, 1.5499999523162842, 0.0, 181.8181915283203, 0.0, 1.4022046327590942, 0.17000000178813934
16.4081974029541, 1.5499999523162842, 0.0, 181.8181915283203, 0.0, 1.4038786888122559, 0.17100000381469727
16.418187856674194, 1.5499999523162842, 0.0, 181.8181915283203, 0.0, 1.4054557085037231, 0.1720000058412552
16.4281907081604, 1.5499999523162842, 0.0, 181.8181915283203, 0.0, 1.4072026014328003, 0.17299999296665192
16.43819308280945, 1.5499999523162842, 0.0, 181.8181915283203, 0.0, 1.4089525938034058, 0.17399999499320984
16.448198318481445, 1.5499999523162842, 0.0, 181.8181915283203, 0.0, 1.410731315612793, 0.17499999701976776
16.45818567276001, 1.5499999523162842, 0.0, 181.8181915283203, 0.0, 1.4125343561172485, 0.17599999904632568
16.468207597732544, 1.5499999523162842, 0.0, 181.8181915283203, 0.0, 1.4143130779266357, 0.1770000010728836
16.47818899154663, 1.5499999523162842, 0.0, 181.8181915283203, 0.0, 1.4161216020584106, 0.17800000309944153
16.488193035125732, 1.5499999523162842, 0.0, 181.8181915283203, 0.0, 1.4179422855377197, 0.17900000512599945
16.498188495635986, 1.5499999523162842, 0.0, 181.8181915283203, 0.0, 1.4198065996170044, 0.18000000715255737
16.508201599121094, 1.5499999523162842, 0.0, 181.8181915283203, 0.0, 1.4216512441635132, 0.1809999942779541
16.51818323135376, 1.5499999523162842, 0.0, 181.8181915283203, 0.0, 1.4235188961029053, 0.18199999630451202
16.52820134162903, 1.5499999523162842, 0.0, 181.8181915283203, 0.0, 1.425458550453186, 0.18299999833106995
16.53819227218628, 1.5499999523162842, 0.0, 181.8181915283203, 0.0, 1.4272992610931396, 0.18299999833106995
16.548208713531494, 1.5499999523162842, 0.0, 181.8181915283203, 0.0, 1.4291130304336548, 0.18299999833106995
16.55820608139038, 1.5499999523162842, 0.0, 181.8181915283203, 0.0, 1.430899739265442, 0.18299999833106995
16.56818962097168, 1.5499999523162842, 0.0, 181.8181915283203, 0.0, 1.4326119422912598, 0.18299999833106995
16.57820224761963, 1.5499999523162842, 0.0, 181.8181915283203, 0.0, 1.4340680837631226, 0.18299999833106995
16.588196754455566, 1.5499999523162842, 0.0, 181.8181915283203, 0.0, 1.4349251985549927, 0.18299999833106995
16.598199367523193, 1.5499999523162842, 0.0, 181.8181915283203, 0.0, 1.4351370334625244, 0.18299999833106995
16.60819983482361, 1.5499999523162842, 0.0, 181.8181915283203, 0.0, 1.434639811515808, 0.18299999833106995
16.618199825286865, 1.5499999523162842, 0.0, 181.8181915283203, 0.0, 1.4336891174316406, 0.18299999833106995
16.628197193145752, 1.5499999523162842, 0.0, 181.8181915283203, 0.0, 1.4324132204055786, 0.18299999833106995
16.63819694519043, 1.5499999523162842, 0.0, 181.8181915283203, 0.0, 1.4309968948364258, 0.18299999833106995
16.64818787574768, 1.5499999523162842, 0.0, 181.8181915283203, 0.0, 1.429526448249817, 0.18299999833106995
16.658194065093994, 1.5499999523162842, 0.0, 181.8181915283203, 0.0, 1.4279333353042603, 0.18299999833106995
16.66819167137146, 1.5499999523162842, 0.0, 181.8181915283203, 0.0, 1.4261687994003296, 0.18299999833106995
16.678210258483887, 1.5499999523162842, 0.0, 181.8181915283203, 0.0, 1.4261687994003296, 0.18299999833106995
16.688201665878296, 1.5499999523162842, 0.0, 181.8181915283203, 0.0, 1.422048807144165, 0.18299999833106995
16.698192358016968, 1.5499999523162842, 0.0, 181.8181915283203, 0.0, 1.4196652173995972, 0.18299999833106995
16.708197116851807, 1.5499999523162842, 0.0, 181.8181915283203, 0.0, 1.4173740148544312, 0.18299999833106995
16.718191862106323, 1.5499999523162842, 0.0, 181.8181915283203, 0.0, 1.41522216796875, 0.18299999833106995
16.728191375732422, 1.5499999523162842, 0.0, 181.8181915283203, 0.0, 1.4134711027145386, 0.18299999833106995
16.73819851875305, 1.5499999523162842, 0.0, 181.8181915283203, 0.0, 1.4119484424591064, 0.18299999833106995
16.74819827079773, 1.5499999523162842, 0.0, 181.8181915283203, 0.0, 1.4106234312057495, 0.18299999833106995
16.758198022842407, 1.5499999523162842, 0.0, 181.8181915283203, 0.0, 1.4094709157943726, 0.18299999833106995
16.76820158958435, 1.5499999523162842, 0.0, 181.8181915283203, 0.0, 1.408186912536621, 0.18299999833106995
16.778218507766724, 1.5499999523162842, 0.0, 181.8181915283203, 0.0, 1.4068690538406372, 0.18299999833106995
16.78820037841797, 1.5499999523162842, 0.0, 181.8181915283203, 0.0, 1.40545654296875, 0.18299999833106995
16.798210620880127, 1.5499999523162842, 0.0, 181.8181915283203, 0.0, 1.404289960861206, 0.18299999833106995
16.808197259902954, 1.5499999523162842, 0.0, 181.8181915283203, 0.0, 1.4033399820327759, 0.18299999833106995
16.81819725036621, 1.5499999523162842, 0.0, 181.8181915283203, 0.0, 1.4026356935501099, 0.18299999833106995
16.82820773124695, 1.5499999523162842, 0.0, 181.8181915283203, 0.0, 1.4021092653274536, 0.18299999833106995
16.838194370269775, 1.5499999523162842, 0.0, 181.8181915283203, 0.0, 1.4017179012298584, 0.18299999833106995
16.848196983337402, 1.5499999523162842, 0.0, 181.8181915283203, 0.0, 1.4012693166732788, 0.18299999833106995
16.858190536499023, 1.5499999523162842, 0.0, 181.8181915283203, 0.0, 1.4007747173309326, 0.18299999833106995
16.868191719055176, 1.5499999523162842, 0.0, 181.8181915283203, 0.0, 1.4001407623291016, 0.18299999833106995
17.65818977355957, 1.5499999523162842, 0.0, 181.8181915283203, 0.0, 1.4012565612792969, 0.21199999749660492
17.668208599090576, 1.5499999523162842, 0.0, 181.8181915283203, 0.0, 1.4031862020492554, 0.21299999952316284
17.678163766860962, 1.5499999523162842, 0.0, 181.8181915283203, 0.0, 1.4050111770629883, 0.21400000154972076
17.688194751739502, 1.5499999523162842, 0.0, 181.8181915283203, 0.0, 1.4067813158035278, 0.2150000035762787
17.69833207130432, 1.5499999523162842, 0.0, 181.8181915283203, 0.0, 1.4086626768112183, 0.2160000056028366
17.708210945129395, 1.5499999523162842, 0.0, 181.8181915283203, 0.0, 1.4105026721954346, 0.21699999272823334
17.7182195186615, 1.5499999523162842, 0.0, 181.8181915283203, 0.0, 1.4123181104660034, 0.21799999475479126
17.728729248046875, 1.5499999523162842, 0.0, 181.8181915283203, 0.0, 1.4141708612442017, 0.21899999678134918
17.738197326660156, 1.5499999523162842, 0.0, 181.8181915283203, 0.0, 1.4160866737365723, 0.2199999988079071
17.748199462890625, 1.5499999523162842, 0.0, 181.8181915283203, 0.0, 1.41794753074646, 0.22100000083446503
17.758201122283936, 1.5499999523162842, 0.0, 181.8181915283203, 0.0, 1.419824242591858, 0.22200000286102295
17.768203496932983, 1.5499999523162842, 0.0, 181.8181915283203, 0.0, 1.4217437505722046, 0.22300000488758087
17.778199911117554, 1.5499999523162842, 0.0, 181.8181915283203, 0.0, 1.4237695932388306, 0.2240000069141388
17.788187980651855, 1.5499999523162842, 0.0, 181.8181915283203, 0.0, 1.425855278968811, 0.22499999403953552
17.79819416999817, 1.5499999523162842, 0.0, 181.8181915283203, 0.0, 1.427914023399353, 0.22499999403953552
17.808185815811157, 1.5499999523162842, 0.0, 181.8181915283203, 0.0, 1.4300628900527954, 0.22499999403953552
17.81818413734436, 1.5499999523162842, 0.0, 181.8181915283203, 0.0, 1.43221914768219, 0.22499999403953552
17.828185319900513, 1.5499999523162842, 0.0, 181.8181915283203, 0.0, 1.4342610836029053, 0.22499999403953552
17.83818793296814, 1.5499999523162842, 0.0, 181.8181915283203, 0.0, 1.4361330270767212, 0.22499999403953552
17.848186492919922, 1.5499999523162842, 0.0, 181.8181915283203, 0.0, 1.437386155128479, 0.22499999403953552
17.858193397521973, 1.5499999523162842, 0.0, 181.8181915283203, 0.0, 1.4378104209899902, 0.22499999403953552
17.868197441101074, 1.5499999523162842, 0.0, 181.8181915283203, 0.0, 1.4374182224273682, 0.22499999403953552
17.878194332122803, 1.5499999523162842, 0.0, 181.8181915283203, 0.0, 1.4364845752716064, 0.22499999403953552
17.88818097114563, 1.5499999523162842, 0.0, 181.8181915283203, 0.0, 1.4351565837860107, 0.22499999403953552
17.898183822631836, 1.5499999523162842, 0.0, 181.8181915283203, 0.0, 1.4337035417556763, 0.22499999403953552
17.9081871509552, 1.5499999523162842, 0.0, 181.8181915283203, 0.0, 1.4321619272232056, 0.22499999403953552
17.91818594932556, 1.5499999523162842, 0.0, 181.8181915283203, 0.0, 1.4306070804595947, 0.22499999403953552
17.928186893463135, 1.5499999523162842, 0.0, 181.8181915283203, 0.0, 1.42887282371521, 0.22499999403953552
17.938186645507812, 1.5499999523162842, 0.0, 181.8181915283203, 0.0, 1.4269613027572632, 0.22499999403953552
17.94818377494812, 1.5499999523162842, 0.0, 181.8181915283203, 0.0, 1.4247382879257202, 0.22499999403953552
17.95818781852722, 1.5499999523162842, 0.0, 181.8181915283203, 0.0, 1.4223408699035645, 0.22499999403953552
17.968186140060425, 1.5499999523162842, 0.0, 181.8181915283203, 0.0, 1.41987943649292, 0.22499999403953552
17.978212118148804, 1.5499999523162842, 0.0, 181.8181915283203, 0.0, 1.4175124168395996, 0.22499999403953552
17.988187074661255, 1.5499999523162842, 0.0, 181.8181915283203, 0.0, 1.4155747890472412, 0.22499999403953552
17.99818229675293, 1.5499999523162842, 0.0, 181.8181915283203, 0.0, 1.4139426946640015, 0.22499999403953552
18.008198022842407, 1.5499999523162842, 0.0, 181.8181915283203, 0.0, 1.412521481513977, 0.22499999403953552
18.01820731163025, 1.5499999523162842, 0.0, 181.8181915283203, 0.0, 1.4112534523010254, 0.22499999403953552
18.02819800376892, 1.5499999523162842, 0.0, 181.8181915283203, 0.0, 1.409987211227417, 0.22499999403953552
18.038195371627808, 1.5499999523162842, 0.0, 181.8181915283203, 0.0, 1.4086586236953735, 0.22499999403953552
18.048194885253906, 1.5499999523162842, 0.0, 181.8181915283203, 0.0, 1.4072914123535156, 0.22499999403953552
18.058189630508423, 1.5499999523162842, 0.0, 181.8181915283203, 0.0, 1.4060113430023193, 0.22499999403953552
18.068194150924683, 1.5499999523162842, 0.0, 181.8181915283203, 0.0, 1.4050397872924805, 0.22499999403953552
18.07819175720215, 1.5499999523162842, 0.0, 181.8181915283203, 0.0, 1.4043242931365967, 0.22499999403953552
18.088186740875244, 1.5499999523162842, 0.0, 181.8181915283203, 0.0, 1.4037895202636719, 0.22499999403953552
18.098183393478394, 1.5499999523162842, 0.0, 181.8181915283203, 0.0, 1.403416395187378, 0.22499999403953552
18.108198881149292, 1.5499999523162842, 0.0, 181.8181915283203, 0.0, 1.4030250310897827, 0.22499999403953552
18.11820340156555, 1.5499999523162842, 0.0, 181.8181915283203, 0.0, 1.4024453163146973, 0.22499999403953552
18.12819814682007, 1.5499999523162842, 0.0, 181.8181915283203, 0.0, 1.401879906654358, 0.22499999403953552
18.138201475143433, 1.5499999523162842, 0.0, 181.8181915283203, 0.0, 1.401193618774414, 0.22499999403953552
18.148194551467896, 1.5499999523162842, 0.0, 181.8181915283203, 0.0, 1.4003986120224, 0.22499999403953552
18.898184776306152, 1.5499999523162842, 0.0, 181.8181915283203, 0.0, 1.4025074243545532, 0.25
18.908194303512573, 1.5499999523162842, 0.0, 181.8181915283203, 0.0, 1.4052728414535522, 0.25099998712539673
18.918189525604248, 1.5499999523162842, 0.0, 181.8181915283203, 0.0, 1.4078501462936401, 0.25200000405311584
18.92818522453308, 1.5499999523162842, 0.0, 181.8181915283203, 0.0, 1.4102354049682617, 0.2529999911785126
18.93818712234497, 1.5499999523162842, 0.0, 181.8181915283203, 0.0, 1.4126918315887451, 0.2540000081062317
18.948168754577637, 1.5499999523162842, 0.0, 181.8181915283203, 0.0, 1.4150025844573975, 0.2549999952316284
18.958186149597168, 1.5499999523162842, 0.0, 181.8181915283203, 0.0, 1.4172641038894653, 0.25600001215934753
18.968197107315063, 1.5499999523162842, 0.0, 181.8181915283203, 0.0, 1.4193960428237915, 0.25699999928474426
18.978209018707275, 1.5499999523162842, 0.0, 181.8181915283203, 0.0, 1.421501874923706, 0.257999986410141
18.9881854057312, 1.5499999523162842, 0.0, 181.8181915283203, 0.0, 1.423655390739441, 0.2590000033378601
18.998191595077515, 1.5499999523162842, 0.0, 181.8181915283203, 0.0, 1.4258636236190796, 0.25999999046325684
19.00818681716919, 1.5499999523162842, 0.0, 181.8181915283203, 0.0, 1.42812979221344, 0.25999999046325684
19.018190383911133, 1.5499999523162842, 0.0, 181.8181915283203, 0.0, 1.430404782295227, 0.25999999046325684
19.028194665908813, 1.5499999523162842, 0.0, 181.8181915283203, 0.0, 1.4326443672180176, 0.25999999046325684
19.038195371627808, 1.5499999523162842, 0.0, 181.8181915283203, 0.0, 1.4348781108856201, 0.25999999046325684
19.048191785812378, 1.5499999523162842, 0.0, 181.8181915283203, 0.0, 1.436786413192749, 0.25999999046325684
19.05819010734558, 1.5499999523162842, 0.0, 181.8181915283203, 0.0, 1.4380542039871216, 0.25999999046325684
19.068197011947632, 1.5499999523162842, 0.0, 181.8181915283203, 0.0, 1.4384716749191284, 0.25999999046325684
19.078196048736572, 1.5499999523162842, 0.0, 181.8181915283203, 0.0, 1.4380055665969849, 0.25999999046325684
19.08819556236267, 1.5499999523162842, 0.0, 181.8181915283203, 0.0, 1.4369157552719116, 0.25999999046325684
19.0981867313385, 1.5499999523162842, 0.0, 181.8181915283203, 0.0, 1.4354158639907837, 0.25999999046325684
19.10818839073181, 1.5499999523162842, 0.0, 181.8181915283203, 0.0, 1.433753490447998, 0.25999999046325684
19.118189096450806, 1.5499999523162842, 0.0, 181.8181915283203, 0.0, 1.4320690631866455, 0.25999999046325684
19.128198623657227, 1.5499999523162842, 0.0, 181.8181915283203, 0.0, 1.4302575588226318, 0.25999999046325684
19.138190984725952, 1.5499999523162842, 0.0, 181.8181915283203, 0.0, 1.4283230304718018, 0.25999999046325684
19.14818501472473, 1.5499999523162842, 0.0, 181.8181915283203, 0.0, 1.426181674003601, 0.25999999046325684
19.158183574676514, 1.5499999523162842, 0.0, 181.8181915283203, 0.0, 1.4238017797470093, 0.25999999046325684
19.16818070411682, 1.5499999523162842, 0.0, 181.8181915283203, 0.0, 1.4213651418685913, 0.25999999046325684
19.17818284034729, 1.5499999523162842, 0.0, 181.8181915283203, 0.0, 1.4188108444213867, 0.25999999046325684
19.188186407089233, 1.5499999523162842, 0.0, 181.8181915283203, 0.0, 1.4164589643478394, 0.25999999046325684
19.19818091392517, 1.5499999523162842, 0.0, 181.8181915283203, 0.0, 1.4143940210342407, 0.25999999046325684
19.208181381225586, 1.5499999523162842, 0.0, 181.8181915283203, 0.0, 1.4127591848373413, 0.25999999046325684
19.21821403503418, 1.5499999523162842, 0.0, 181.8181915283203, 0.0, 1.4112393856048584, 0.25999999046325684
19.228182792663574, 1.5499999523162842, 0.0, 181.8181915283203, 0.0, 1.4098047018051147, 0.25999999046325684
19.23818588256836, 1.5499999523162842, 0.0, 181.8181915283203, 0.0, 1.4084277153015137, 0.25999999046325684
19.24817991256714, 1.5499999523162842, 0.0, 181.8181915283203, 0.0, 1.407117486000061, 0.25999999046325684
19.2581946849823, 1.5499999523162842, 0.0, 181.8181915283203, 0.0, 1.4059008359909058, 0.25999999046325684
19.268186569213867, 1.5499999523162842, 0.0, 181.8181915283203, 0.0, 1.4048813581466675, 0.25999999046325684
19.278201580047607, 1.5499999523162842, 0.0, 181.8181915283203, 0.0, 1.4040919542312622, 0.25999999046325684
19.288202047348022, 1.5499999523162842, 0.0, 181.8181915283203, 0.0, 1.4035331010818481, 0.25999999046325684
19.298191785812378, 1.5499999523162842, 0.0, 181.8181915283203, 0.0, 1.4030870199203491, 0.25999999046325684
19.30820059776306, 1.5499999523162842, 0.0, 181.8181915283203, 0.0, 1.4027068614959717, 0.25999999046325684
19.318198919296265, 1.5499999523162842, 0.0, 181.8181915283203, 0.0, 1.4022732973098755, 0.25999999046325684
19.32819628715515, 1.5499999523162842, 0.0, 181.8181915283203, 0.0, 1.4017354249954224, 0.25999999046325684
19.33819603919983, 1.5499999523162842, 0.0, 181.8181915283203, 0.0, 1.4011045694351196, 0.25999999046325684
19.34818744659424, 1.5499999523162842, 0.0, 181.8181915283203, 0.0, 1.4004744291305542, 0.25999999046325684
20.068187952041626, 1.5499999523162842, 0.0, 181.8181915283203, 0.0, 1.4006441831588745, 0.28200000524520874
20.078184604644775, 1.5499999523162842, 0.0, 181.8181915283203, 0.0, 1.4041199684143066, 0.28299999237060547
20.088181734085083, 1.5499999523162842, 0.0, 181.8181915283203, 0.0, 1.4075310230255127, 0.2840000092983246
20.098186492919922, 1.5499999523162842, 0.0, 181.8181915283203, 0.0, 1.4106727838516235, 0.2849999964237213
20.108185529708862, 1.5499999523162842, 0.0, 181.8181915283203, 0.0, 1.4136167764663696, 0.28600001335144043
20.118186235427856, 1.5499999523162842, 0.0, 181.8181915283203, 0.0, 1.4165705442428589, 0.28700000047683716
20.12819743156433, 1.5499999523162842, 0.0, 181.8181915283203, 0.0, 1.4194622039794922, 0.2879999876022339
20.13819122314453, 1.5499999523162842, 0.0, 181.8181915283203, 0.0, 1.4223058223724365, 0.289000004529953
20.148189306259155, 1.5499999523162842, 0.0, 181.8181915283203, 0.0, 1.4249136447906494, 0.28999999165534973
20.15820574760437, 1.5499999523162842, 0.0, 181.8181915283203, 0.0, 1.4275325536727905, 0.28999999165534973
20.168193340301514, 1.5499999523162842, 0.0, 181.8181915283203, 0.0, 1.4301519393920898, 0.28999999165534973
20.178191900253296, 1.5499999523162842, 0.0, 181.8181915283203, 0.0, 1.4328422546386719, 0.28999999165534973
20.18819499015808, 1.5499999523162842, 0.0, 181.8181915283203, 0.0, 1.4352518320083618, 0.28999999165534973
20.198193788528442, 1.5499999523162842, 0.0, 181.8181915283203, 0.0, 1.4372004270553589, 0.28999999165534973
20.20819878578186, 1.5499999523162842, 0.0, 181.8181915283203, 0.0, 1.4384536743164062, 0.28999999165534973
20.218202590942383, 1.5499999523162842, 0.0, 181.8181915283203, 0.0, 1.4388320446014404, 0.28999999165534973
20.228198051452637, 1.5499999523162842, 0.0, 181.8181915283203, 0.0, 1.4382272958755493, 0.28999999165534973
20.23819589614868, 1.5499999523162842, 0.0, 181.8181915283203, 0.0, 1.4368656873703003, 0.28999999165534973
20.248193979263306, 1.5499999523162842, 0.0, 181.8181915283203, 0.0, 1.4350154399871826, 0.28999999165534973
20.258179903030396, 1.5499999523162842, 0.0, 181.8181915283203, 0.0, 1.4329912662506104, 0.28999999165534973
20.2681827545166, 1.5499999523162842, 0.0, 181.8181915283203, 0.0, 1.4309204816818237, 0.28999999165534973
20.278186559677124, 1.5499999523162842, 0.0, 181.8181915283203, 0.0, 1.4288299083709717, 0.28999999165534973
20.288185358047485, 1.5499999523162842, 0.0, 181.8181915283203, 0.0, 1.4265568256378174, 0.28999999165534973
20.298187017440796, 1.5499999523162842, 0.0, 181.8181915283203, 0.0, 1.4242770671844482, 0.28999999165534973
20.30817985534668, 1.5499999523162842, 0.0, 181.8181915283203, 0.0, 1.421845555305481, 0.28999999165534973
20.318180084228516, 1.5499999523162842, 0.0, 181.8181915283203, 0.0, 1.4192184209823608, 0.28999999165534973
20.3281831741333, 1.5499999523162842, 0.0, 181.8181915283203, 0.0, 1.416414499282837, 0.28999999165534973
20.338197708129883, 1.5499999523162842, 0.0, 181.8181915283203, 0.0, 1.4138364791870117, 0.28999999165534973
20.3482027053833, 1.5499999523162842, 0.0, 181.8181915283203, 0.0, 1.4116374254226685, 0.28999999165534973
20.358197927474976, 1.5499999523162842, 0.0, 181.8181915283203, 0.0, 1.4098706245422363, 0.28999999165534973
20.36819338798523, 1.5499999523162842, 0.0, 181.8181915283203, 0.0, 1.408308506011963, 0.28999999165534973
20.378201007843018, 1.5499999523162842, 0.0, 181.8181915283203, 0.0, 1.4068784713745117, 0.28999999165534973
20.388192176818848, 1.5499999523162842, 0.0, 181.8181915283203, 0.0, 1.4055498838424683, 0.28999999165534973
20.39821195602417, 1.5499999523162842, 0.0, 181.8181915283203, 0.0, 1.4043121337890625, 0.28999999165534973
20.40820622444153, 1.5499999523162842, 0.0, 181.8181915283203, 0.0, 1.4032750129699707, 0.28999999165534973
20.418202877044678, 1.5499999523162842, 0.0, 181.8181915283203, 0.0, 1.4024345874786377, 0.28999999165534973
20.428203582763672, 1.5499999523162842, 0.0, 181.8181915283203, 0.0, 1.4017856121063232, 0.28999999165534973
20.438192129135132, 1.5499999523162842, 0.0, 181.8181915283203, 0.0, 1.4013210535049438, 0.28999999165534973
20.44820475578308, 1.5499999523162842, 0.0, 181.8181915283203, 0.0, 1.4008890390396118, 0.28999999165534973
20.458203315734863, 1.5499999523162842, 0.0, 181.8181915283203, 0.0, 1.4004379510879517, 0.28999999165534973
21.188189029693604, 1.5499999523162842, 0.0, 181.8181915283203, 0.0, 1.401959776878357, 0.3109999895095825
21.19819140434265, 1.5499999523162842, 0.0, 181.8181915283203, 0.0, 1.4060039520263672, 0.31200000643730164
21.208184242248535, 1.5499999523162842, 0.0, 181.8181915283203, 0.0, 1.4099370241165161, 0.31299999356269836
21.21819281578064, 1.5499999523162842, 0.0, 181.8181915283203, 0.0, 1.4136182069778442, 0.3140000104904175
21.228189945220947, 1.5499999523162842, 0.0, 181.8181915283203, 0.0, 1.417150616645813, 0.3149999976158142
21.2381911277771, 1.5499999523162842, 0.0, 181.8181915283203, 0.0, 1.4206876754760742, 0.3160000145435333
21.248184204101562, 1.5499999523162842, 0.0, 181.8181915283203, 0.0, 1.424088716506958, 0.31700000166893005
21.25818705558777, 1.5499999523162842, 0.0, 181.8181915283203, 0.0, 1.427409291267395, 0.31700000166893005
21.26819133758545, 1.5499999523162842, 0.0, 181.8181915283203, 0.0, 1.4306257963180542, 0.31700000166893005
21.27826166152954, 1.5499999523162842, 0.0, 181.8181915283203, 0.0, 1.4337117671966553, 0.31700000166893005
21.288190126419067, 1.5499999523162842, 0.0, 181.8181915283203, 0.0, 1.436603307723999, 0.31700000166893005
21.29819345474243, 1.5499999523162842, 0.0, 181.8181915283203, 0.0, 1.438913345336914, 0.31700000166893005
21.308189392089844, 1.5499999523162842, 0.0, 181.8181915283203, 0.0, 1.4403012990951538, 0.31700000166893005
21.31818675994873, 1.5499999523162842, 0.0, 181.8181915283203, 0.0, 1.4406534433364868, 0.31700000166893005
21.32819175720215, 1.5499999523162842, 0.0, 181.8181915283203, 0.0, 1.4400064945220947, 0.31700000166893005
21.338197708129883, 1.5499999523162842, 0.0, 181.8181915283203, 0.0, 1.4385170936584473, 0.31700000166893005
21.348192930221558, 1.5499999523162842, 0.0, 181.8181915283203, 0.0, 1.4365248680114746, 0.31700000166893005
21.358196258544922, 1.5499999523162842, 0.0, 181.8181915283203, 0.0, 1.4341566562652588, 0.31700000166893005
21.368186950683594, 1.5499999523162842, 0.0, 181.8181915283203, 0.0, 1.4318417310714722, 0.31700000166893005
21.37819194793701, 1.5499999523162842, 0.0, 181.8181915283203, 0.0, 1.4295201301574707, 0.31700000166893005
21.38819456100464, 1.5499999523162842, 0.0, 181.8181915283203, 0.0, 1.4271048307418823, 0.31700000166893005
21.39821171760559, 1.5499999523162842, 0.0, 181.8181915283203, 0.0, 1.424578070640564, 0.31700000166893005
21.408203125, 1.5499999523162842, 0.0, 181.8181915283203, 0.0, 1.4219517707824707, 0.31700000166893005
21.418193101882935, 1.5499999523162842, 0.0, 181.8181915283203, 0.0, 1.4189848899841309, 0.31700000166893005
21.428189516067505, 1.5499999523162842, 0.0, 181.8181915283203, 0.0, 1.4159148931503296, 0.31700000166893005
21.438188552856445, 1.5499999523162842, 0.0, 181.8181915283203, 0.0, 1.413035273551941, 0.31700000166893005
21.448212385177612, 1.5499999523162842, 0.0, 181.8181915283203, 0.0, 1.4105334281921387, 0.31700000166893005
