28.679351329803467, 1.0778322219848633, -1.2937188148498535, 106.22003936767578, -230.53359985351562, 1.432739019393921, 0.0
28.689342498779297, 1.0561153888702393, -1.2406977415084839, 125.05882263183594, -19.583269119262695, 1.432739019393921, 0.0
28.699344873428345, 1.0561153888702393, -1.5272796154022217, 122.83732604980469, -27.91309356689453, 1.432739019393921, 0.0
28.709323167800903, 1.0364360809326172, -1.418626308441162, 120.25800323486328, -26.691436767578125, 1.4327805042266846, 0.0
28.719323873519897, 1.0364360809326172, -1.2225441932678223, 118.24993896484375, -24.57682228088379, 1.4327805042266846, 0.0
28.729541540145874, 1.0044870376586914, -1.453267216682434, 115.87186431884766, -23.95969009399414, 1.432739019393921, 0.0
28.739359617233276, 0.9822981357574463, -1.3909339904785156, 113.35043334960938, -21.929168701171875, 1.432739019393921, 0.0
28.75013041496277, 0.9822981357574463, -1.5454821586608887, 110.82146453857422, -27.61332130432129, 1.432739019393921, 0.0
28.759329080581665, 0.9565260410308838, -1.4738798141479492, 108.14168548583984, -28.49578857421875, 1.432739019393921, 0.0
28.76932954788208, 0.9565260410308838, -1.4456907510757446, 105.77600860595703, -31.07028579711914, 1.432739019393921, 0.0
28.779319047927856, 0.9235929846763611, -1.5424013137817383, 102.97164154052734, -32.483673095703125, 1.432739019393921, 0.0
28.7893385887146, 0.8927225470542908, -1.8154911994934082, 100.00083923339844, -278.4220275878906, 1.432739019393921, 0.0
28.799386024475098, 0.8724579811096191, -1.836562156677246, 96.66163635253906, -261.75689697265625, 1.432739019393921, 0.0
28.809329509735107, 0.8724579811096191, -1.8219683170318604, 93.68022918701172, -295.30926513671875, 1.432739019393921, 0.0
28.819321155548096, 0.8442188501358032, -1.922166347503662, 90.18537902832031, -280.6449890136719, 1.432739019393921, 0.0
28.829320430755615, 0.8273007273674011, -1.9687347412109375, 86.96381378173828, -321.2008972167969, 1.432739019393921, 0.0
28.839325428009033, 0.807711124420166, -1.7458796501159668, 83.78948974609375, -295.6092834472656, 1.432739019393921, 0.0
28.849324226379395, 0.807711124420166, -1.9398596286773682, 80.61517333984375, -335.62554931640625, 1.432739019393921, 0.0
28.859322786331177, 0.775542140007019, -2.010928153991699, 77.3245620727539, -342.4123229980469, 1.432739019393921, 0.0
28.869354486465454, 0.7549927234649658, -2.23926043510437, 73.66031646728516, -356.84033203125, 1.432739019393921, 0.0
28.87932848930359, 0.7549927234649658, -1.6860008239746094, 70.59486389160156, -323.7678527832031, 1.432739019393921, 0.0
28.889314889907837, 0.7306192517280579, -1.8011398315429688, 67.64754486083984, -359.4818115234375, 1.432739019393921, 0.0
28.899322986602783, 0.7062506079673767, -1.6620755195617676, 64.6255874633789, -320.35980224609375, 1.432739019393921, 0.0
28.90940761566162, 0.6822284460067749, -2.1136667728424072, 61.16686248779297, -361.25946044921875, 1.432739019393921, 0.0
28.919326782226562, 0.6614643931388855, -1.8275439739227295, 57.84405517578125, -323.4138488769531, 1.432739019393921, 0.0
28.929324865341187, 0.6407323479652405, -2.072976589202881, 54.451908111572266, -361.24334716796875, 1.432739019393921, 0.0
28.939321517944336, 0.6407323479652405, -1.6697943210601807, 51.41592025756836, -323.7358093261719, 1.432739019393921, 0.0
28.949344873428345, 0.6267756819725037, -2.0103917121887207, 48.12618637084961, -360.9886169433594, 1.432739019393921, 0.0
28.959325551986694, 0.6004458665847778, -1.7509639263153076, 44.94261932373047, -323.8189697265625, 1.432739019393921, 0.0
28.969335079193115, 0.5799867510795593, -1.9445087909698486, 41.76069259643555, -354.4408874511719, 1.432739019393921, 0.0
28.979316473007202, 0.5799867510795593, -1.7500638961791992, 38.578758239746094, -320.16107177734375, 1.432739019393921, 0.0
28.989322185516357, 0.5545681118965149, -1.9561251401901245, 35.37782669067383, -358.5518798828125, 1.432739019393921, 0.0
28.99931764602661, 0.5348161458969116, -1.7143428325653076, 32.260841369628906, -323.647705078125, 1.432739019393921, 0.0
29.009338855743408, 0.519658088684082, -1.8063254356384277, 29.305034637451172, -354.02044677734375, 1.432739019393921, 0.0
29.01932644844055, 0.5016452670097351, -1.5981972217559814, 26.399221420288086, -314.44818115234375, 1.432739019393921, 0.0
29.029319524765015, 0.48519688844680786, -1.7281770706176758, 23.57129669189453, -343.1180419921875, 1.432739019393921, 0.0
29.039321899414062, 0.4653979539871216, -1.7533421516418457, 20.38340187072754, -310.32525634765625, 1.432739019393921, 0.0
29.049323797225952, 0.4653979539871216, -1.7930865287780762, 17.449260711669922, -340.8548583984375, 1.432739019393921, 0.0
29.059321403503418, 0.44575080275535583, -1.5469491481781006, 14.636625289916992, -303.05975341796875, 1.4327805042266846, 0.0
29.06933093070984, 0.42585933208465576, -1.7125275135040283, 11.826764106750488, -332.5989990234375, 1.4327805042266846, 0.0
29.079317569732666, 0.42585933208465576, -1.5412688255310059, 9.024457931518555, -295.54290771484375, 1.4326531887054443, 0.0
29.089327812194824, 0.3965963125228882, -1.755244255065918, 6.175387859344482, -324.4718017578125, 1.4326531887054443, 0.0
29.099318027496338, 0.38048243522644043, -1.7148189544677734, 3.3693206310272217, -321.0169372558594, 1.4326121807098389, 0.0
29.109344244003296, 0.36937272548675537, -1.5028566122055054, 0.644309937953949, -286.6072692871094, 1.4325262308120728, 0.0
29.11932110786438, 0.35858526825904846, -1.4305979013442993, -1.9411498308181763, -283.4036865234375, 1.432343602180481, 0.0
29.12930703163147, 0.359902948141098, -1.25294029712677, -4.186017990112305, -277.57305908203125, 1.4320034980773926, 0.0
29.13930344581604, 0.37286701798439026, -1.028120517730713, -5.806560039520264, -290.9997253417969, 1.4317774772644043, 0.0
29.14931058883667, 0.37286701798439026, -1.0281171798706055, -7.44783878326416, -276.6343688964844, 1.4316951036453247, 0.0
29.15933585166931, 0.3941535949707031, -0.5159735679626465, -8.37099552154541, -230.0762176513672, 1.431827187538147, 0.0
29.16932439804077, 0.4167364835739136, -0.10136763006448746, -8.560885429382324, -226.52943420410156, 1.4320722818374634, 0.0
29.179309129714966, 0.43506690859794617, 0.09207725524902344, -8.438034057617188, -174.62493896484375, 1.4323017597198486, 0.0
29.189311027526855, 0.4559118151664734, 0.6590617895126343, -7.40129280090332, -150.85195922851562, 1.4325275421142578, 0.0
29.199315786361694, 0.4559118151664734, 0.7542908191680908, -6.070906639099121, -94.40226745605469, 1.4326382875442505, 0.0
29.209314823150635, 0.47504934668540955, 1.174185037612915, -4.169648170471191, -53.4884147644043, 1.4326484203338623, 0.0
29.219334363937378, 0.5010249018669128, 1.42439603805542, -1.5816797018051147, 3.594684600830078, 1.4326450824737549, 0.0
29.229304552078247, 0.5169627070426941, 1.7451081275939941, 1.274558663368225, 60.67307662963867, 1.4325840473175049, 0.0
29.239309549331665, 0.5169627070426941, 1.4409542083740234, 3.9055726528167725, 97.12128448486328, 1.4325392246246338, 0.0
29.249303340911865, 0.5329475402832031, 1.7786787748336792, 6.824287414550781, 158.57916259765625, 1.4325802326202393, 0.0
29.25931739807129, 0.5437926650047302, 1.4963895082473755, 9.5375394821167, 179.0854034423828, 1.4326250553131104, 0.0
29.269317150115967, 0.5564586520195007, 1.5524659156799316, 12.069788932800293, 229.22972106933594, 1.4326282739639282, 0.0
29.27930974960327, 0.5634950399398804, 1.2842833995819092, 14.404264450073242, 228.42295837402344, 1.4326732158660889, 0.0
29.289308786392212, 0.5770440101623535, 1.3459192514419556, 16.598506927490234, 266.66448974609375, 1.4325624704360962, 0.0
29.29931139945984, 0.5878745317459106, 1.3196229934692383, 19.017955780029297, 250.88864135742188, 1.4324356317520142, 0.0
29.30931830406189, 0.5984939336776733, 1.371602177619934, 21.285457611083984, 282.83453369140625, 1.4322503805160522, 0.0
29.31938648223877, 0.6095781922340393, 1.0855376720428467, 23.292844772338867, 248.74525451660156, 1.4321516752243042, 0.0
29.329318046569824, 0.6270450353622437, 1.2231402397155762, 25.312294006347656, 267.0858154296875, 1.4320663213729858, 0.0
