10.242948532104492, 1.110558032989502, -1.1872649192810059, 110.79705047607422, -215.23590087890625, 1.4331573247909546, 0.0
10.252980947494507, 1.0953822135925293, -1.1994004249572754, 129.86044311523438, -5.40618896484375, 1.433129072189331, 0.0
10.263013362884521, 1.0800424814224243, -1.2395739555358887, 127.61180877685547, -7.8857421875, 1.433129072189331, 0.0
10.27340817451477, 1.0800424814224243, -1.272254467010498, 125.53741455078125, -9.81563949584961, 1.433087944984436, -0.22579453885555267
10.28300952911377, 1.0679908990859985, -1.2363195419311523, 123.51435089111328, -8.696661949157715, 1.433087944984436, -0.22579453885555267
10.293003797531128, 1.0679908990859985, -0.9738564491271973, 121.74369812011719, -3.874969482421875, 1.433087944984436, -0.39621248841285706
10.303258657455444, 1.0679908990859985, -0.9293026328086853, 120.2230224609375, 3.530714273452759, 1.433087944984436, -0.39621248841285706
10.313071250915527, 1.026833415031433, -1.2359883785247803, 118.20050048828125, 6.28662109375, 1.4331161975860596, -0.4763018488883972
10.322945594787598, 0.98894202709198, -1.35575532913208, 115.73035430908203, 3.96881103515625, 1.4331573247909546, -0.7515609860420227
10.332961797714233, 0.972173273563385, -1.3838529586791992, 113.20677947998047, 2.510833740234375, 1.4331573247909546, -0.7515609860420227
10.342950820922852, 0.9513646960258484, -1.768814206123352, 110.3123550415039, -5.387200355529785, 1.4331573247909546, -0.6548900008201599
10.352952480316162, 0.9316255450248718, -1.8195046186447144, 107.3349838256836, -250.28228759765625, 1.433129072189331, -0.6439417004585266
10.362963199615479, 0.9183305501937866, -1.7968151569366455, 104.3998794555664, -257.90997314453125, 1.433129072189331, -0.4224681258201599
10.372944116592407, 0.8973022699356079, -1.8273890018463135, 101.07735443115234, -244.6014404296875, 1.433087944984436, -0.4224681258201599
10.38295578956604, 0.8797864317893982, -2.09116268157959, 97.66292572021484, -287.23822021484375, 1.433087944984436, -0.48428186774253845
10.392985582351685, 0.8667454719543457, -2.012455463409424, 94.00391387939453, -277.39715576171875, 1.433087944984436, -0.210720032453537
10.402965545654297, 0.8474456071853638, -2.4505059719085693, 89.9939956665039, -335.8789978027344, 1.433087944984436, -0.4035904109477997
10.412964105606079, 0.8259360790252686, -2.232180595397949, 86.34133911132812, -353.9903564453125, 1.433087944984436, -0.4035904109477997
10.42304539680481, 0.8085032105445862, -2.0048882961273193, 83.06060791015625, -362.99725341796875, 1.433087944984436, -0.5483593344688416
10.432972192764282, 0.7892812490463257, -1.828920841217041, 79.73529815673828, -334.71527099609375, 1.433087944984436, -0.6063820719718933
10.442957162857056, 0.7756534814834595, -1.95235013961792, 76.54054260253906, -375.2407531738281, 1.433087944984436, -0.2594049572944641
10.452959537506104, 0.7611989378929138, -1.704263687133789, 73.44188690185547, -338.9320373535156, 1.433087944984436, -0.2594049572944641
10.462958335876465, 0.7438622117042542, -1.9385350942611694, 70.26973724365234, -379.2241516113281, 1.4331161975860596, 0.11204321682453156
10.472976446151733, 0.7438622117042542, -1.5343964099884033, 67.47478485107422, -336.0252380371094, 1.4331161975860596, 0.050476476550102234
10.48294186592102, 0.7438622117042542, -1.359248161315918, 64.9959487915039, -326.6700744628906, 1.4331573247909546, 0.2368393838405609
10.49297547340393, 0.7007067203521729, -1.8448762893676758, 61.9770622253418, -355.8536071777344, 1.433129072189331, -0.09150035679340363
10.502952098846436, 0.7007067203521729, -1.8448762893676758, 61.9770622253418, -355.8536071777344, 1.433129072189331, -0.09150035679340363
10.512953996658325, 0.7007067203521729, -1.8448762893676758, 61.9770622253418, -355.8536071777344, 1.433129072189331, 0.673185408115387
10.522985458374023, 0.6507918238639832, -0.6555120348930359, 58.40667724609375, -105.29098510742188, 1.433129072189331, 0.460639089345932
10.532974481582642, 0.6315093636512756, -1.9442737102508545, 54.889625549316406, -314.5172119140625, 1.433030128479004, 0.460639089345932
10.542993783950806, 0.6107547879219055, -1.9774794578552246, 51.29420852661133, -317.6643371582031, 1.433087944984436, 0.08258708566427231
10.55295729637146, 0.5943910479545593, -2.1654434204101562, 47.74024200439453, -355.5001220703125, 1.433087944984436, 0.38812658190727234
10.562949419021606, 0.5748239159584045, -2.0082950592041016, 44.08879852294922, -324.5174560546875, 1.433087944984436, 0.47738248109817505
10.572953701019287, 0.5533309578895569, -2.078676223754883, 40.30938720703125, -331.32513427734375, 1.433087944984436, 0.4974845349788666
10.582947731018066, 0.5370315909385681, -2.0683109760284424, 36.54882049560547, -337.20855712890625, 1.433087944984436, 0.4974845349788666
10.592997550964355, 0.520648717880249, -2.480149269104004, 32.490394592285156, -388.7159423828125, 1.433087944984436, 0.41943150758743286
10.602975368499756, 0.520648717880249, -2.232128381729126, 28.431978225708008, -365.6394958496094, 1.433087944984436, 0.4343492388725281
10.612982988357544, 0.5033171772956848, -2.193225860595703, 24.843063354492188, -412.6001892089844, 1.433087944984436, 0.34596264362335205
10.622959852218628, 0.48189130425453186, -1.6889989376068115, 21.772157669067383, -366.34521484375, 1.433087944984436, 0.37647339701652527
10.633029460906982, 0.4598231911659241, -1.9076334238052368, 18.650575637817383, -402.6561279296875, 1.433087944984436, 0.37647339701652527
10.64296293258667, 0.4447189271450043, -1.8448432683944702, 15.63174057006836, -396.24957275390625, 1.433087944984436, 0.40347951650619507
10.652944087982178, 0.43076789379119873, -1.6362309455871582, 12.65677547454834, -350.8348388671875, 1.433087944984436, 0.35228434205055237
10.662946224212646, 0.4142285883426666, -1.784390926361084, 9.736863136291504, -381.688232421875, 1.433087944984436, 0.36543408036231995
10.672954320907593, 0.4004055857658386, -1.5292555093765259, 6.966910362243652, -333.42474365234375, 1.433030128479004, 0.36543408036231995
10.683510780334473, 0.4004055857658386, -1.518064022064209, 4.4828057289123535, -356.28912353515625, 1.4329886436462402, 0.3458089530467987
10.692966222763062, 0.3841446340084076, -1.51671302318573, 2.0084543228149414, -338.68798828125, 1.4329886436462402, 0.33167511224746704
10.702946901321411, 0.3609800636768341, -1.4515302181243896, -0.8970553278923035, -266.6275634765625, 1.4330021142959595, 0.3534378707408905
10.712952852249146, 0.3609800636768341, -1.779209852218628, -3.4411494731903076, -353.5527038574219, 1.4327609539031982, 0.3271295428276062
10.722974061965942, 0.3584108352661133, -1.2348145246505737, -5.647859573364258, -274.2001037597656, 1.4325497150421143, 0.3271295428276062
10.732973337173462, 0.3667463958263397, -1.0341836214065552, -7.304159164428711, -288.3860168457031, 1.4323517084121704, 0.3274170458316803
10.742962121963501, 0.38098788261413574, -0.7081197500228882, -8.432295799255371, -267.37811279296875, 1.4321833848953247, 0.364937424659729
10.752963781356812, 0.40096598863601685, -0.29802024364471436, -8.997581481933594, -216.54356384277344, 1.432312250137329, 0.3549860715866089
10.762947082519531, 0.4143372178077698, 0.0010848045349121094, -8.995609283447266, -187.32473754882812, 1.432312250137329, 0.40436819195747375
10.772944688796997, 0.4305044114589691, 0.3344317376613617, -8.529397964477539, -172.18118286132812, 1.4327579736709595, 0.40436819195747375
10.782953023910522, 0.4466263949871063, 0.46220719814300537, -7.727753162384033, -122.10564422607422, 1.4329710006713867, 0.04618167132139206
10.792938232421875, 0.4587774872779846, 0.7463276386260986, -6.40894079208374, -84.17396545410156, 1.433180809020996, 0.10725012421607971
10.802961111068726, 0.47570285201072693, 1.2747015953063965, -4.345541477203369, -38.31651306152344, 1.4333044290542603, -0.006188309285789728
10.812957048416138, 0.49532461166381836, 1.3434439897537231, -1.904736876487732, 15.36417007446289, 1.4333144426345825, -0.006188309285789728
10.823013305664062, 0.5080941915512085, 1.6631450653076172, 0.8167732954025269, 71.82931518554688, 1.4332809448242188, -0.0056861937046051025
10.832943677902222, 0.5186362862586975, 1.5189021825790405, 3.5845041275024414, 108.8865737915039, 1.4332363605499268, -0.027173981070518494
10.84302043914795, 0.5186362862586975, 1.3764828443527222, 6.095306396484375, 145.27601623535156, 1.4332773685455322, -0.009715449064970016
10.85295557975769, 0.5285462141036987, 1.4175606966018677, 8.407495498657227, 193.38973999023438, 1.4333351850509644, -0.015437142923474312
10.862962484359741, 0.5472310185432434, 1.3289421796798706, 10.813241958618164, 198.08851623535156, 1.4333224296569824, 0.004659008700400591
10.872967004776001, 0.5582906603813171, 1.4198389053344727, 13.138933181762695, 240.7592315673828, 1.4332809448242188, -0.026224322617053986
10.882972478866577, 0.5697861909866333, 1.3684431314468384, 15.385746955871582, 256.8166809082031, 1.4331705570220947, -0.026224322617053986
10.89301586151123, 0.5776764154434204, 1.3210972547531128, 17.56761360168457, 266.4061584472656, 1.433100938796997, -0.0021275272592902184
10.902955532073975, 0.6068249940872192, 1.456916332244873, 19.96431541442871, 270.1094970703125, 1.4330021142959595, -0.03675033897161484
10.913027286529541, 0.6179613471031189, 1.226365566253662, 22.212039947509766, 241.16783142089844, 1.4329442977905273, -0.017378464341163635
10.922944068908691, 0.631767213344574, 1.3741453886032104, 24.471153259277344, 262.8263854980469, 1.4329160451889038, -0.005661198403686285
10.932956218719482, 0.6456319689750671, 1.2699544429779053, 26.785297393798828, 232.0078887939453, 1.4329160451889038, -0.005661198403686285
10.943040132522583, 0.6456319689750671, 1.4110604524612427, 29.09430503845215, 255.54444885253906, 1.4331161975860596, -0.046464644372463226
10.952962636947632, 0.6610808372497559, 1.4726122617721558, 31.46764373779297, 256.2240905761719, 1.4331161975860596, -0.03740667179226875
10.962954998016357, 0.673319935798645, 1.2608885765075684, 33.760169982910156, 229.4689178466797, 1.4332150220870972, -0.032538365572690964
10.973107814788818, 0.6982485055923462, 1.5550851821899414, 36.28688430786133, 257.1998291015625, 1.433342456817627, -0.009417422115802765
10.982952356338501, 0.7051741480827332, 1.3538777828216553, 38.725311279296875, 233.3953857421875, 1.433342456817627, -0.009417422115802765
10.992975234985352, 0.717242419719696, 1.550734043121338, 41.262874603271484, 263.28045654296875, 1.4332565069198608, -0.027974385768175125
11.003038883209229, 0.7308459281921387, 1.2402117252349854, 43.53343200683594, 235.6914520263672, 1.4331705570220947, -0.0553068183362484
11.013001680374146, 0.7438819408416748, 1.3991130590438843, 45.83852005004883, 262.5168762207031, 1.433043122291565, -0.051318127661943436
11.022942304611206, 0.7582067251205444, 1.2643992900848389, 48.16059494018555, 236.89422607421875, 1.433043122291565, -0.020100336521863937
11.032940864562988, 0.7694838643074036, 1.376145362854004, 50.412471771240234, 262.5240783691406, 1.4330021142959595, -0.030721770599484444
11.042936086654663, 0.7786654233932495, 1.4781488180160522, 52.838714599609375, 263.8265686035156, 1.4329886436462402, -0.030721770599484444
11.052948951721191, 0.7934808731079102, 1.4711089134216309, 55.24843215942383, 264.2313537597656, 1.4330464601516724, -0.05130694434046745
11.063074350357056, 0.8030753135681152, 1.2975513935089111, 57.59710693359375, 238.36936950683594, 1.4330464601516724, -0.03485141694545746
11.073081254959106, 0.8140742182731628, 1.1582553386688232, 59.703025817871094, 234.161376953125, 1.4330464601516724, -0.04187379404902458
11.082958936691284, 0.8140742182731628, 1.2099941968917847, 61.683013916015625, 255.08541870117188, 1.4330464601516724, -0.016896115615963936
11.0929434299469, 0.8376028537750244, 1.3373361825942993, 63.87138366699219, 251.20587158203125, 1.433087944984436, -0.016896115615963936
11.10295057296753, 0.8463415503501892, 1.1549592018127441, 65.9637680053711, 224.3030548095703, 1.433087944984436, -0.05066433921456337
11.112966060638428, 0.8568789958953857, 1.1299669742584229, 68.01824951171875, 221.7975616455078, 1.433087944984436, -0.04814712330698967
11.12294888496399, 0.8674717545509338, 1.2140605449676514, 69.99742126464844, 242.63169860839844, 1.433129072189331, -0.01701170951128006
11.132970809936523, 0.8771868348121643, 1.0770320892333984, 71.95565795898438, 215.4308319091797, 1.433157205581665, -0.047001417726278305
11.143025159835815, 0.8861457109451294, 1.0747969150543213, 73.90471649169922, 210.6609344482422, 1.4332150220870972, -0.047001417726278305
11.152963161468506, 0.8861457109451294, 0.9266495704650879, 75.57902526855469, 203.30657958984375, 1.4332150220870972, -0.05970577150583267
11.1630277633667, 0.895029604434967, 1.0217229127883911, 77.25093841552734, 218.3744659423828, 1.4332150220870972, -0.06717795133590698
11.172951459884644, 0.905571460723877, 0.9149730205535889, 78.91452026367188, 192.11502075195312, 1.433087944984436, -0.07450925558805466
11.182976007461548, 0.9162128567695618, 1.0213792324066162, 80.794677734375, 191.11709594726562, 1.433087944984436, -0.09034016728401184
11.192959547042847, 0.9233356714248657, 0.9525882005691528, 82.35346221923828, 205.35702514648438, 1.433087944984436, -0.08812827616930008
11.202991485595703, 0.9341112375259399, 0.8777081966400146, 83.94929504394531, 179.85458374023438, 1.433030128479004, -0.08812827616930008
11.21294355392456, 0.9491878747940063, 1.025656819343567, 85.63815307617188, 195.77703857421875, 1.433087944984436, -0.0783313736319542
11.22294282913208, 0.955298662185669, 0.8782565593719482, 87.22447204589844, 172.27020263671875, 1.433087944984436, -0.0867275819182396
11.23294734954834, 0.9624761343002319, 0.852888822555542, 88.77517700195312, 168.194580078125, 1.433087944984436, -0.11475023627281189
11.242952108383179, 0.9692516922950745, 0.9234017729759216, 90.28620147705078, 182.0170135498047, 1.433087944984436, -0.07720592617988586
11.252949953079224, 0.9692516922950745, 0.8310675621032715, 91.79723358154297, 162.18185424804688, 1.4331161975860596, -0.07720592617988586
11.26296067237854, 0.9837065935134888, 0.886768102645874, 93.40440368652344, 161.53564453125, 1.433087944984436, -0.07440410554409027
11.272953271865845, 0.9837065935134888, 0.8681681156158447, 94.8301773071289, 176.84088134765625, 1.433129072189331, -0.10271338373422623
11.282981872558594, 0.9884639382362366, 0.7225155830383301, 96.13636779785156, 153.41644287109375, 1.433129072189331, -0.07840552926063538
11.292953491210938, 1.0006704330444336, 0.8592671751976013, 97.54243469238281, 168.76559448242188, 1.433087944984436, -0.05763513222336769
11.303066492080688, 1.0047372579574585, 0.7847282886505127, 98.83401489257812, 165.38577270507812, 1.433087944984436, -0.08828762173652649
11.312999963760376, 1.0100898742675781, 0.6090283393859863, 99.94133758544922, 143.03207397460938, 1.433087944984436, -0.08828762173652649
11.323071002960205, 1.0147732496261597, 0.5947470664978027, 101.02269744873047, 137.982177734375, 1.433087944984436, -0.12870311737060547
11.332963943481445, 1.0194698572158813, 0.6332595944404602, 102.05894470214844, 147.597412109375, 1.433087944984436, -0.0861489549279213
11.342957496643066, 1.023999810218811, 0.5474865436553955, 103.05437469482422, 127.68173217773438, 1.433087944984436, -0.11991529166698456
11.352956771850586, 1.0277307033538818, 0.6497700810432434, 104.11763000488281, 136.89337158203125, 1.433087944984436, -0.10434544086456299
11.362954139709473, 1.0313109159469604, 0.5289316177368164, 104.983154296875, 128.6527862548828, 1.433087944984436, -0.10434544086456299
11.372960567474365, 1.0349657535552979, 0.5125880241394043, 105.9151382446289, 110.84976196289062, 1.433087944984436, -0.1135314553976059
11.383073806762695, 1.0375921726226807, 0.5458593368530273, 106.80835723876953, 118.57774353027344, 1.433087944984436, -0.07650814950466156
11.392956018447876, 1.0401474237442017, 0.3947734832763672, 107.52613067626953, 99.83749389648438, 1.433129072189331, -0.056830424815416336
11.402945518493652, 1.0423864126205444, 0.41833189129829407, 108.20319366455078, 104.10139465332031, 1.433129072189331, -0.06476158648729324
11.412962198257446, 1.0442023277282715, 0.34111738204956055, 108.82341003417969, 88.82064819335938, 1.433129072189331, -0.06476158648729324
11.422971963882446, 1.0454952716827393, 0.30722618103027344, 109.38200378417969, 83.59298706054688, 1.433087944984436, -0.12988878786563873
11.432968854904175, 1.0454952716827393, 0.26024580001831055, 109.86265563964844, 78.0364990234375, 1.433087944984436, -0.07983307540416718
11.442994117736816, 1.0465811491012573, 0.22581815719604492, 110.27323150634766, 72.1893310546875, 1.433087944984436, -0.10035146027803421
11.453052759170532, 1.0465811491012573, 0.1885056495666504, 110.615966796875, 64.984130859375, 1.433087944984436, -0.04749468341469765
11.462981939315796, 1.0472264289855957, 0.17684036493301392, 110.90534210205078, 65.80268096923828, 1.433087944984436, -0.07438823580741882
11.472949743270874, 1.04700767993927, 0.13380581140518188, 111.12429809570312, 57.87828063964844, 1.433087944984436, -0.07438823580741882
11.482951164245605, 1.0448981523513794, 0.08118152618408203, 111.25714111328125, 49.43084716796875, 1.433087944984436, -0.10331425815820694
11.49311900138855, 1.0448981523513794, 0.04749298095703125, 111.34349060058594, 38.173675537109375, 1.433087944984436, -0.07863903045654297
11.502949953079224, 1.0429801940917969, 0.005948543548583984, 111.35430908203125, 31.51092529296875, 1.433087944984436, -0.03961636498570442
11.512950420379639, 1.0383601188659668, -0.06491608172655106, 111.24808502197266, 26.94023895263672, 1.433087944984436, -0.03744116052985191
11.522939443588257, 1.0383601188659668, -0.07135868072509766, 111.11833953857422, 17.364501953125, 1.433087944984436, -0.6504847407341003
11.533091068267822, 1.0346858501434326, -0.10809898376464844, 110.92179107666016, 10.590362548828125, 1.433087944984436, -0.6504847407341003
11.542952060699463, 1.0319722890853882, -0.14609098434448242, 110.65617370605469, 3.829193115234375, 1.433087944984436, -0.6313251852989197
11.552953958511353, 1.0232775211334229, -0.258935809135437, 110.23246002197266, -4.259745121002197, 1.433087944984436, -0.4605627954006195
11.562958002090454, 1.0187528133392334, -0.3163549602031708, 109.71479034423828, -13.228522300720215, 1.433087944984436, -0.3618413209915161
11.572951555252075, 1.0131646394729614, -0.3384232521057129, 109.09947204589844, -20.249176025390625, 1.433087944984436, -0.34501710534095764
11.582958698272705, 1.0088380575180054, -0.4006756544113159, 108.4438247680664, -31.25762939453125, 1.433087944984436, -0.34501710534095764
11.592946767807007, 1.004734992980957, -0.44625335931777954, 107.71359252929688, -40.33237075805664, 1.433087944984436, -0.6815970540046692
11.602945566177368, 1.0002704858779907, -0.42710304260253906, 106.93704223632812, -44.173431396484375, 1.433087944984436, -0.6911224126815796
11.612946510314941, 0.9966923594474792, -0.4166722297668457, 106.17945098876953, -50.685882568359375, 1.433129072189331, -0.6911224126815796
11.622941255569458, 0.9966923594474792, -0.4166722297668457, 105.41439056396484, -57.0404052734375, 1.433129072189331, -0.749357283115387
11.632941961288452, 0.9877762198448181, -0.521236002445221, 104.56146240234375, -70.67023468017578, 1.433087944984436, -0.5786797404289246
11.642943143844604, 0.9825636744499207, -0.49408674240112305, 103.67059326171875, -69.85626220703125, 1.433087944984436, -0.894508421421051
11.652953624725342, 0.9825636744499207, -0.4523661434650421, 102.93035888671875, -81.13436889648438, 1.433087944984436, -0.894508421421051
11.662985563278198, 0.9763134121894836, -0.4715522229671478, 102.15872955322266, -83.95555114746094, 1.433087944984436, -0.4494204819202423
11.673015356063843, 0.9694265723228455, -0.4373908042907715, 101.36347198486328, -77.35977172851562, 1.433087944984436, -0.4128476679325104
11.683021068572998, 0.9614237546920776, -0.5268123149871826, 100.50141906738281, -88.24920654296875, 1.433087944984436, -0.5731314420700073
11.692944765090942, 0.9552071690559387, -0.49527883529663086, 99.60091400146484, -81.12640380859375, 1.433087944984436, -0.44120264053344727
11.702978610992432, 0.9476221799850464, -0.5849732160568237, 98.64368438720703, -92.14952087402344, 1.433087944984436, -0.44120264053344727
11.713012933731079, 0.938920259475708, -0.6419221758842468, 97.58578491210938, -95.48441314697266, 1.433129072189331, -0.46231338381767273
11.722996950149536, 0.9326678514480591, -0.6402373313903809, 96.42172241210938, -89.92691040039062, 1.433129072189331, -0.5272207856178284
11.733028411865234, 0.9252831339836121, -0.6943676471710205, 95.28548431396484, -103.06633758544922, 1.433129072189331, -0.5272207856178284
11.742965936660767, 0.9173327684402466, -0.6523072719573975, 94.0994644165039, -95.70999145507812, 1.433087944984436, -0.44972655177116394
11.753002405166626, 0.90777188539505, -0.7479250431060791, 92.74707794189453, -101.8341064453125, 1.433087944984436, -0.3549233675003052
11.762988567352295, 0.8971048593521118, -0.8800957202911377, 91.30692291259766, -120.574951171875, 1.433087944984436, -0.29588478803634644
11.77294373512268, 0.8870548009872437, -0.9152425527572632, 89.80925750732422, -128.38067626953125, 1.433087944984436, -0.3995589017868042
11.782941102981567, 0.8790421485900879, -0.8238136768341064, 88.31140899658203, -121.8994140625, 1.433087944984436, -0.3995589017868042
11.792956829071045, 0.871910810470581, -0.9255144596099854, 86.79693603515625, -142.2670135498047, 1.433087944984436, -0.0634189248085022
11.802948474884033, 0.8640772104263306, -0.9282761216163635, 85.27793884277344, -148.5078582763672, 1.433087944984436, -0.5220195651054382
11.813103675842285, 0.8542904257774353, -0.8463025093078613, 83.73920440673828, -138.46664428710938, 1.433087944984436, -0.6397724747657776
11.822949886322021, 0.8313312530517578, -1.1259582042694092, 81.896728515625, -161.38796997070312, 1.433087944984436, -0.5094764232635498
11.83294415473938, 0.8230381011962891, -1.0224521160125732, 80.03772735595703, -152.47802734375, 1.433087944984436, -0.5094764232635498
11.84296703338623, 0.8126001358032227, -1.1636946201324463, 78.13349914550781, -177.40037536621094, 1.433129072189331, -0.5959697365760803
11.85295057296753, 0.8030478954315186, -1.1636018753051758, 76.22193908691406, -183.61239624023438, 1.433129072189331, -0.20996709167957306
11.862947702407837, 0.7904485464096069, -1.0665714740753174, 74.28272247314453, -170.2423095703125, 1.433129072189331, -0.5464476943016052
11.872956991195679, 0.7904485464096069, -1.0733935832977295, 72.52626037597656, -192.03355407714844, 1.433129072189331, -0.5464476943016052
11.882951736450195, 0.7777792811393738, -1.1251304149627686, 70.68513488769531, -195.847412109375, 1.433129072189331, -0.34103816747665405
11.892980813980103, 0.7663534283638, -1.055586338043213, 68.7658920288086, -180.31082153320312, 1.433087944984436, -0.12403154373168945
11.902949571609497, 0.7564256191253662, -1.196126103401184, 66.81607055664062, -205.13153076171875, 1.433087944984436, -0.3311612010002136
11.912943601608276, 0.7480977177619934, -1.061922311782837, 64.88529968261719, -188.53836059570312, 1.433087944984436, -0.3311612010002136
11.9229416847229, 0.7334029674530029, -1.088096022605896, 63.10478210449219, -208.79872131347656, 1.433087944984436, -0.22757825255393982
11.932942867279053, 0.7083436250686646, -1.274387001991272, 61.0194206237793, -211.31472778320312, 1.433087944984436, 0.19728732109069824
11.942947387695312, 0.700996994972229, -1.2400349378585815, 58.990272521972656, -212.7024383544922, 1.433087944984436, 0.16557089984416962
11.95296025276184, 0.6872533559799194, -1.1579453945159912, 56.884918212890625, -193.37005615234375, 1.433087944984436, 0.16557089984416962
11.962956428527832, 0.6872533559799194, -1.0319530963897705, 55.00864028930664, -192.74063110351562, 1.433087944984436, 0.5103461742401123
11.972949028015137, 0.6738237142562866, -1.1662423610687256, 52.88819885253906, -196.38099670410156, 1.433087944984436, 0.2778448760509491
11.982943058013916, 0.6493505835533142, -1.426988124847412, 50.55312728881836, -223.69003295898438, 1.433087944984436, 0.3063538670539856
11.992948532104492, 0.6493505835533142, -1.170027256011963, 48.425804138183594, -203.4008026123047, 1.433087944984436, 0.3063538670539856
12.002975702285767, 0.6379827260971069, -1.3160308599472046, 46.26482009887695, -228.34608459472656, 1.433129072189331, 0.5216071605682373
12.012954711914062, 0.6275659203529358, -1.2053132057189941, 44.073341369628906, -208.1195831298828, 1.433129072189331, 0.44163644313812256
12.022942781448364, 0.6113578081130981, -1.220458745956421, 41.8618049621582, -212.43019104003906, 1.433087944984436, 0.49426206946372986
12.032945156097412, 0.6003816723823547, -1.1995699405670166, 39.89887237548828, -234.67254638671875, 1.433087944984436, 0.49426206946372986
12.042961597442627, 0.5764868259429932, -1.2451112270355225, 37.635032653808594, -213.55247497558594, 1.433087944984436, 0.4426133334636688
12.05299186706543, 0.5640292167663574, -1.232236623764038, 35.39460372924805, -214.90325927734375, 1.433087944984436, 0.3282240629196167
12.06296682357788, 0.5640292167663574, -1.369165062904358, 33.154151916503906, -242.8275146484375, 1.433087944984436, 0.4639212489128113
12.072973012924194, 0.5550249218940735, -1.1879801750183105, 30.99418830871582, -218.9403533935547, 1.433087944984436, 0.39978766441345215
12.08295464515686, 0.5414296388626099, -1.0792136192321777, 29.024503707885742, -215.28587341308594, 1.433129072189331, 0.39978766441345215
12.092950344085693, 0.5149843096733093, -1.4929572343826294, 26.58148193359375, -242.71435546875, 1.433030128479004, 0.43699026107788086
12.102964878082275, 0.5040494203567505, -1.3393402099609375, 24.164308547973633, -221.0052490234375, 1.433030128479004, 0.4234068691730499
12.112962484359741, 0.49003681540489197, -1.5280975103378296, 21.66378402709961, -248.99588012695312, 1.433030128479004, 0.44053900241851807
12.12295150756836, 0.49003681540489197, -1.2131989002227783, 19.44745635986328, -224.14283752441406, 1.433087944984436, 0.31421661376953125
12.132959604263306, 0.47790786623954773, -1.2247443199157715, 17.22064971923828, -226.78260803222656, 1.433087944984436, 0.31421661376953125
12.142944574356079, 0.4672688841819763, -1.213537335395813, 15.23486042022705, -248.89077758789062, 1.433087944984436, 0.36359232664108276
12.152990818023682, 0.45340314507484436, -1.2291802167892456, 13.223474502563477, -246.34573364257812, 1.433087944984436, 0.3801925778388977
12.162964820861816, 0.4400918781757355, -1.2393683195114136, 10.970077514648438, -221.84066772460938, 1.433087944984436, 0.2934192419052124
12.172953605651855, 0.4294828176498413, -1.2554168701171875, 8.687501907348633, -223.06689453125, 1.433087944984436, 0.2934192419052124
12.182961463928223, 0.41758450865745544, -1.3760626316070557, 6.45136833190918, -250.81253051757812, 1.4330021142959595, 0.3929576873779297
12.192965030670166, 0.39757704734802246, -1.3045271635055542, 4.31668758392334, -247.38671875, 1.4330021142959595, 0.39741408824920654
12.202966928482056, 0.39757704734802246, -1.0647177696228027, 2.3808372020721436, -217.83485412597656, 1.4330021142959595, 0.3662014901638031
12.213019371032715, 0.3868156969547272, -1.1469058990478516, 0.49898841977119446, -235.16432189941406, 1.433030128479004, 0.319497287273407
12.222960472106934, 0.3768336772918701, -1.1320292949676514, -1.551703929901123, -209.99163818359375, 1.4329886436462402, 0.319497287273407
12.233126401901245, 0.3716949224472046, -1.0621309280395508, -3.477757692337036, -206.98399353027344, 1.4329606294631958, 0.34291917085647583
12.242972612380981, 0.3649936616420746, -1.1363956928253174, -5.301009654998779, -228.17637634277344, 1.4327609539031982, 0.3421419858932495
12.252967834472656, 0.3649936616420746, -0.884091854095459, -6.86258602142334, -200.860595703125, 1.4325087070465088, 0.2764572203159332
12.262963771820068, 0.37385255098342896, -0.6623923778533936, -8.03839111328125, -190.08470153808594, 1.4323517084121704, 0.3142693340778351
12.272967100143433, 0.3861285448074341, -0.48171481490135193, -8.816442489624023, -194.48826599121094, 1.432295560836792, 0.3142693340778351
12.28296184539795, 0.4059225916862488, -0.1166224479675293, -9.054579734802246, -155.05947875976562, 1.4324390888214111, 0.3769274950027466
12.29297685623169, 0.41735124588012695, 0.21971596777439117, -8.736723899841309, -145.0379180908203, 1.4326683282852173, 0.37211742997169495
12.302966594696045, 0.4373263120651245, 0.44166049361228943, -8.06088924407959, -116.01924896240234, 1.4329261779785156, 0.08790361136198044
12.312984704971313, 0.4508236050605774, 0.6400793790817261, -6.94106388092041, -74.40047454833984, 1.4331679344177246, 0.08790361136198044
12.322962760925293, 0.4600096046924591, 0.9241766333580017, -5.451251029968262, -43.32823181152344, 1.4332915544509888, 0.002135626971721649
12.332980394363403, 0.4730856120586395, 1.126560926437378, -3.612556219100952, -1.4978514909744263, 1.43331778049469, 0.009676678106188774
12.343011617660522, 0.48458245396614075, 1.3287630081176758, -1.4375882148742676, 42.92689514160156, 1.433314323425293, 0.0017181318253278732
12.352951049804688, 0.494086354970932, 1.2909293174743652, 0.9095560312271118, 77.72145080566406, 1.4332941770553589, -2.5166407795040868e-05
12.36295199394226, 0.501255452632904, 1.274031400680542, 3.229639768600464, 112.68034362792969, 1.4333351850509644, -2.5166407795040868e-05
12.372975826263428, 0.5097126960754395, 1.3731518983840942, 5.4691596031188965, 158.72891235351562, 1.433380126953125, -0.025425337255001068
12.3829505443573, 0.5171105861663818, 1.235428810119629, 7.482599258422852, 183.74639892578125, 1.433380126953125, -0.01592477224767208
12.392946243286133, 0.5273575782775879, 1.1000573635101318, 9.48270320892334, 182.1942596435547, 1.4334245920181274, -0.009079958312213421
12.403010845184326, 0.5336626768112183, 0.9633690118789673, 11.22619915008545, 192.87091064453125, 1.4333144426345825, -0.013239556923508644
12.412977695465088, 0.5423799157142639, 1.0172923803329468, 12.91088581085205, 220.5771942138672, 1.4333144426345825, -0.013239556923508644
12.42309308052063, 0.5423799157142639, 0.8237004280090332, 14.408523559570312, 198.59776306152344, 1.4330021142959595, -0.013359975069761276
12.433036088943481, 0.5499781370162964, 0.8543597459793091, 15.863353729248047, 216.39898681640625, 1.4330021142959595, -0.03677351772785187
12.442970275878906, 0.5541982650756836, 0.6961584091186523, 17.12909698486328, 185.66683959960938, 1.4329160451889038, -0.029505932703614235
12.452991724014282, 0.5679462552070618, 0.8206698894500732, 18.487659454345703, 195.31228637695312, 1.432830572128296, -0.02845303900539875
12.462952136993408, 0.5914247035980225, 1.001874566078186, 20.14263153076172, 187.9221649169922, 1.4329606294631958, -0.02845303900539875
12.473061323165894, 0.5914247035980225, 0.8171260356903076, 21.60466766357422, 161.35511779785156, 1.4329606294631958, -0.032168008387088776
12.48313045501709, 0.6017342209815979, 0.9402632713317871, 23.143280029296875, 174.00741577148438, 1.433132529258728, -0.007549193687736988
12.492980718612671, 0.6093786954879761, 0.8202075958251953, 24.603313446044922, 151.20620727539062, 1.433387041091919, -0.01283900998532772
12.502959251403809, 0.6256311535835266, 1.021875262260437, 26.229196548461914, 166.69993591308594, 1.433387041091919, -0.012310663238167763
12.512960195541382, 0.6256311535835266, 0.8325099945068359, 27.74285125732422, 148.31982421875, 1.433387041091919, -0.012310663238167763
12.523145198822021, 0.6433640122413635, 1.1220442056655884, 29.57892417907715, 168.55960083007812, 1.433400273323059, -0.03157417103648186
12.533045530319214, 0.6505702137947083, 1.0059237480163574, 31.40546989440918, 155.42144775390625, 1.4332565069198608, 0.026424352079629898
12.543056726455688, 0.6505702137947083, 1.0707974433898926, 33.18382263183594, 178.38583374023438, 1.4331835508346558, -0.016286499798297882
12.55309009552002, 0.6577077507972717, 0.8976161479949951, 34.82911682128906, 163.4143829345703, 1.4330846071243286, -0.034665416926145554
12.563087940216064, 0.6647369861602783, 0.8145835399627686, 36.18006134033203, 178.19383239746094, 1.433043122291565, -0.034665416926145554
12.572962045669556, 0.67283695936203, 0.9045733213424683, 37.667816162109375, 178.4792938232422, 1.4330021142959595, -0.027839599177241325
12.582962036132812, 0.6813939809799194, 0.7965981960296631, 39.123634338378906, 159.8035888671875, 1.433087944984436, -0.03651560842990875
12.592963695526123, 0.6898899674415588, 0.8945663571357727, 40.571861267089844, 177.4283447265625, 1.433091402053833, -0.024087583646178246
12.602978706359863, 0.6958730220794678, 0.7804698348045349, 41.848365783691406, 173.5462646484375, 1.433091402053833, -0.051205314695835114
12.612965822219849, 0.7051664590835571, 0.8837183117866516, 43.29445266723633, 172.7956085205078, 1.433091402053833, -0.051205314695835114
12.623005867004395, 0.7111878395080566, 0.6782412528991699, 44.527618408203125, 149.48692321777344, 1.433132529258728, -0.047857001423835754
12.63302731513977, 0.7178690433502197, 0.672990083694458, 45.74375915527344, 143.38302612304688, 1.4331457614898682, -0.011853182688355446
12.642958402633667, 0.7248860001564026, 0.8257296085357666, 47.09254455566406, 154.541015625, 1.433087944984436, -0.0067944033071398735
12.652973413467407, 0.7296521067619324, 0.7993910312652588, 48.41115188598633, 150.91197204589844, 1.433129072189331, -0.0067944033071398735
12.66298246383667, 0.739653468132019, 0.8323987126350403, 49.76578140258789, 150.95223999023438, 1.433129072189331, -0.022870035842061043
12.672990798950195, 0.739653468132019, 0.7424089908599854, 50.98063278198242, 147.9199676513672, 1.4332151412963867, -0.026453591883182526
12.68294906616211, 0.7504640221595764, 0.6906986236572266, 52.22079849243164, 130.97190856933594, 1.4332151412963867, -0.04761623218655586
12.692991256713867, 0.7551568150520325, 0.6526708602905273, 53.407474517822266, 128.3557891845703, 1.4332150220870972, -0.04761623218655586
12.703010559082031, 0.7551568150520325, 0.5928397178649902, 54.48538589477539, 126.3702392578125, 1.4331740140914917, -0.03791273385286331
12.712976932525635, 0.7637341022491455, 0.6507502794265747, 55.55770492553711, 136.25843811035156, 1.4331740140914917, -0.06361585110425949
12.722946882247925, 0.7684781551361084, 0.5729079246520996, 56.59935760498047, 120.71762084960938, 1.4331740140914917, 0.0015992446569725871
12.732951879501343, 0.7728307247161865, 0.6106827259063721, 57.598655700683594, 131.7210693359375, 1.433087944984436, -0.06801323592662811
12.742959260940552, 0.7768135666847229, 0.5192756652832031, 58.558441162109375, 114.65873718261719, 1.433087944984436, -0.06801323592662811
12.752954244613647, 0.7801356315612793, 0.560926079750061, 59.476322174072266, 122.94684600830078, 1.433087944984436, -0.01241615042090416
12.763000726699829, 0.7841690182685852, 0.494619220495224, 60.28569793701172, 116.88741302490234, 1.433087944984436, -0.056012727320194244
12.77297854423523, 0.7841690182685852, 0.44515132904052734, 61.09506607055664, 101.1444091796875, 1.433087944984436, -0.05527546629309654
12.782951831817627, 0.7887923717498779, 0.425875186920166, 61.79195022583008, 106.3465576171875, 1.433087944984436, -0.05431026965379715
12.792964458465576, 0.7930752635002136, 0.42130550742149353, 62.470848083496094, 100.70376586914062, 1.4331457614898682, -0.05431026965379715
12.802972078323364, 0.7951986789703369, 0.4004240036010742, 63.198890686035156, 87.13493347167969, 1.4331457614898682, -0.04057352989912033
12.812961101531982, 0.7967097163200378, 0.36638975143432617, 63.79330062866211, 91.5069580078125, 1.4331740140914917, -0.0010943271918222308
12.823005676269531, 0.799151599407196, 0.3067314624786377, 64.35099792480469, 77.51617431640625, 1.4331740140914917, -0.002828954253345728
12.833011627197266, 0.8011593818664551, 0.28328895568847656, 64.8660659790039, 72.674560546875, 1.4331740140914917, -0.002828954253345728
12.842945575714111, 0.8011593818664551, 0.2705123722553253, 65.30872344970703, 75.00288391113281, 1.4331457614898682, -0.06013987585902214
12.852948904037476, 0.8011593818664551, 0.23359721899032593, 65.69610595703125, 69.10874938964844, 1.4331457614898682, -0.020248666405677795
12.863105297088623, 0.8011593818664551, 0.16990900039672852, 66.00503540039062, 57.192230224609375, 1.4331457614898682, -0.057159751653671265
12.87296438217163, 0.8011593818664551, 0.18877452611923218, 66.3139419555664, 57.98933410644531, 1.4331457614898682, -0.057159751653671265
12.88300895690918, 0.8011593818664551, 0.13741520047187805, 66.53880310058594, 52.74200439453125, 1.4331457614898682, -0.06672482192516327
12.893028259277344, 0.8011593818664551, 0.0808417797088623, 66.68578338623047, 42.150115966796875, 1.4331457614898682, -0.05905202776193619
12.902946472167969, 0.8011593818664551, 0.059604644775390625, 66.79415893554688, 35.951995849609375, 1.4331457614898682, -0.052426088601350784
12.913026809692383, 0.799151599407196, 0.0244140625, 66.83854675292969, 30.45196533203125, 1.4331457614898682, -0.08150837570428848
12.923015832901001, 0.799151599407196, 0.0, 66.83854675292969, 27.64044952392578, 1.4331457614898682, -0.06473638862371445
12.932966709136963, 0.799151599407196, -0.022305382415652275, 66.80204772949219, 21.51065444946289, 1.4331457614898682, -0.06473638862371445
12.942984819412231, 0.799151599407196, -0.02231200598180294, 66.76553344726562, 16.18703269958496, 1.4331457614898682, -0.05657735466957092
12.953106880187988, 0.799151599407196, -0.020074844360351562, 66.72903442382812, 10.32867431640625, 1.4331457614898682, -0.5679778456687927
12.963075399398804, 0.8011593818664551, 0.0, 66.72903442382812, 7.239532470703125, 1.4331457614898682, -0.2727759778499603
12.972957849502563, 0.8011593818664551, 0.0, 66.72903442382812, 4.613240718841553, 1.4331457614898682, -0.03381059691309929
12.982972621917725, 0.8011593818664551, 0.0, 66.72903442382812, 1.902008056640625, 1.4331457614898682, -0.03381059691309929
12.992990016937256, 0.8011593818664551, 0.0, 66.72903442382812, 0.43182373046875, 1.4331457614898682, -0.06414321810007095
13.003061532974243, 0.8011593818664551, 0.0, 66.72903442382812, -0.7230970859527588, 1.4331457614898682, -0.06758677959442139
13.01295804977417, 0.799151599407196, 6.62273851048667e-06, 66.72904968261719, -1.2173123359680176, 1.4331457614898682, -0.055525753647089005
13.022948026657104, 0.795136034488678, -0.0401616096496582, 66.65088653564453, -1.876068115234375, 1.4331740140914917, -0.050522785633802414
13.032971382141113, 0.7911204695701599, -0.08031129837036133, 66.50486755371094, -2.971649169921875, 1.4331740140914917, -0.050522785633802414
13.043125867843628, 0.7830893993377686, -0.17846955358982086, 66.21282958984375, -6.140814781188965, 1.4332151412963867, -0.3775154948234558
13.052954912185669, 0.7770660519599915, -0.24538570642471313, 65.8038101196289, -10.28018569946289, 1.4332151412963867, -0.337632954120636
13.062942504882812, 0.7690349221229553, -0.32125115394592285, 65.21971893310547, -15.093231201171875, 1.4331868886947632, -0.22357170283794403
13.072981119155884, 0.761003851890564, -0.4461672604084015, 64.49475860595703, -24.82520294189453, 1.433087944984436, -0.36605480313301086
13.083126783370972, 0.7569882869720459, -0.4417121410369873, 63.70963668823242, -30.194091796875, 1.433087944984436, -0.36605480313301086
13.092974424362183, 0.7529727220535278, -0.48186182975769043, 62.833526611328125, -38.954925537109375, 1.433087944984436, -0.4249568581581116
13.102948427200317, 0.7539629340171814, -0.5244148969650269, 61.97539138793945, -52.81914520263672, 1.433087944984436, -0.6970255970954895
13.11303973197937, 0.7473297119140625, -0.5757941007614136, 61.03318405151367, -63.28667449951172, 1.433087944984436, -0.036494575440883636
13.122939348220825, 0.7449415922164917, -0.5019485950469971, 60.120548248291016, -65.30380249023438, 1.4331457614898682, -0.3970646560192108
13.132939100265503, 0.7409260869026184, -0.5577074289321899, 59.197425842285156, -81.19371032714844, 1.4331457614898682, -0.5522418022155762
13.143022537231445, 0.7349027395248413, -0.5354086756706238, 58.32130432128906, -87.68378448486328, 1.4331457614898682, -0.5522418022155762
13.152930974960327, 0.7288793921470642, -0.48186182975769043, 57.4451904296875, -83.58612060546875, 1.4331457614898682, -0.12240733951330185
13.162975549697876, 0.7188405394554138, -0.5577206611633301, 56.532554626464844, -96.5245590209961, 1.4331457614898682, -0.040535084903240204
13.172950744628906, 0.7108094096183777, -0.5019485950469971, 55.61992263793945, -88.74740600585938, 1.4331457614898682, -0.0181968305259943
13.182950735092163, 0.7027782797813416, -0.5420982837677002, 54.6342887878418, -90.75393676757812, 1.4331457614898682, -0.3916572630405426
13.193072319030762, 0.7054333090782166, -0.5282163619995117, 53.769935607910156, -100.70588684082031, 1.4331457614898682, -0.3916572630405426
13.202966213226318, 0.6906754970550537, -0.6328761577606201, 52.6192512512207, -93.56155395507812, 1.4331457614898682, 0.20526820421218872
13.212981700897217, 0.6831385493278503, -0.7132357954978943, 51.4521369934082, -106.4559097290039, 1.4331457614898682, 0.04759303480386734
13.223015308380127, 0.682700514793396, -0.622403621673584, 50.32049560546875, -98.00071716308594, 1.4331457614898682, 0.2878227233886719
13.233025312423706, 0.6746694445610046, -0.6625771522521973, 49.11581039428711, -100.81672668457031, 1.4331457614898682, 0.279265433549881
13.242959976196289, 0.6626227498054504, -0.8030997514724731, 47.8016471862793, -116.88401794433594, 1.4331457614898682, 0.279265433549881
13.253022909164429, 0.6565994620323181, -0.722801685333252, 46.48746109008789, -109.57794189453125, 1.4331457614898682, 0.35854655504226685
13.262961387634277, 0.6567537784576416, -0.6208658218383789, 45.35861587524414, -111.73973083496094, 1.4331457614898682, 0.5782067179679871
13.272958278656006, 0.6466548442840576, -0.7128317952156067, 44.202674865722656, -126.85860443115234, 1.433087944984436, 0.3636205196380615
13.282957553863525, 0.635818600654602, -0.6695926189422607, 42.985233306884766, -116.49017333984375, 1.433087944984436, 0.5064871311187744
13.29296875, 0.6304983496665955, -0.7493555545806885, 41.62276840209961, -121.47140502929688, 1.433087944984436, 0.5064871311187744
13.30295991897583, 0.618451714515686, -0.8024904727935791, 40.309600830078125, -136.7738494873047, 1.433087944984436, 0.3782655894756317
13.312958002090454, 0.6117743849754333, -0.7136344909667969, 38.996437072753906, -124.55711364746094, 1.4331740140914917, 0.31561005115509033
13.322965621948242, 0.6117743849754333, -0.7880727648735046, 37.70686340332031, -140.15155029296875, 1.4331740140914917, 0.3742196559906006
13.33295488357544, 0.5877314209938049, -0.9659727215766907, 36.131317138671875, -144.2718505859375, 1.4331457614898682, 0.5157313942909241
13.342952251434326, 0.5877314209938049, -0.8321338295936584, 34.7696418762207, -144.7999725341797, 1.4331457614898682, 0.5336588621139526
13.353335618972778, 0.5803039073944092, -0.7629513740539551, 33.39297103881836, -130.94482421875, 1.433087944984436, 0.5336588621139526
13.362972736358643, 0.5702650547027588, -0.9609858393669128, 31.820449829101562, -150.42410278320312, 1.433087944984436, 0.4191471338272095
13.372956275939941, 0.5602261424064636, -0.8642911911010742, 30.24901008605957, -139.5366668701172, 1.433087944984436, 0.3476406931877136
13.383341073989868, 0.5599526762962341, -0.8429553508758545, 28.86962890625, -156.8400115966797, 1.433087944984436, 0.3102304935455322
13.392948627471924, 0.5501872897148132, -0.8923477530479431, 27.409423828125, -157.92591857910156, 1.4331457614898682, 0.35558658838272095
13.402939796447754, 0.5401483774185181, -0.7830321788787842, 25.975215911865234, -143.3441162109375, 1.4331457614898682, 0.42464128136634827
13.412967920303345, 0.5260939598083496, -0.8568048477172852, 24.417388916015625, -145.7904815673828, 1.4331457614898682, 0.42464128136634827
13.422946453094482, 0.5180628299713135, -0.937110185623169, 22.713552474975586, -149.93324279785156, 1.433087944984436, 0.36881470680236816
13.432969093322754, 0.5172110199928284, -0.7835626602172852, 21.441871643066406, -163.216064453125, 1.433087944984436, 0.5028108954429626
13.443355083465576, 0.5035257339477539, -0.8420586585998535, 19.910856246948242, -148.58779907226562, 1.433087944984436, 0.4029189348220825
13.45297360420227, 0.4959773123264313, -0.8432567119598389, 18.377662658691406, -150.15316772460938, 1.433087944984436, 0.4684608280658722
13.462971687316895, 0.4859384298324585, -0.9369651675224304, 16.844446182250977, -166.40005493164062, 1.433087944984436, 0.39802131056785583
13.473522186279297, 0.48252469301223755, -0.8633468151092529, 15.431696891784668, -164.63661193847656, 1.433087944984436, 0.39802131056785583
13.482956886291504, 0.4709542989730835, -0.8899867534637451, 13.813538551330566, -150.56094360351562, 1.433087944984436, 0.3342083990573883
13.49298620223999, 0.4618450999259949, -0.9815759062767029, 12.191675186157227, -169.08602905273438, 1.4331740140914917, 0.3561238646507263
13.502971887588501, 0.44979843497276306, -0.9035080671310425, 10.554069519042969, -154.21142578125, 1.4331457614898682, 0.40243586897850037
13.512959957122803, 0.4397595524787903, -0.9592671990394592, 8.984359741210938, -171.47805786132812, 1.4331457614898682, 0.3283730447292328
13.522980690002441, 0.43046560883522034, -0.9733008146286011, 7.391685962677002, -170.2431640625, 1.433087944984436, 0.3283730447292328
13.532958507537842, 0.42570510506629944, -1.0167393684387207, 5.738442420959473, -174.48255920410156, 1.433087944984436, 0.4028351604938507
13.542957067489624, 0.41566622257232666, -0.9762181043624878, 4.140994548797607, -175.220703125, 1.433087944984436, 0.37513625621795654
13.552992820739746, 0.40039241313934326, -1.0620487928390503, 2.4030966758728027, -177.49520874023438, 1.433087944984436, 0.3471333384513855
13.563257932662964, 0.40039241313934326, -0.8554548025131226, 0.8477243781089783, -159.96713256835938, 1.4330464601516724, 0.3673724830150604
13.57296085357666, 0.3901795744895935, -1.026057481765747, -0.8237361907958984, -180.61595153808594, 1.4330464601516724, 0.2819265127182007
13.583100080490112, 0.3855495750904083, -0.9489423632621765, -2.3765509128570557, -179.889892578125, 1.4330464601516724, 0.2819265127182007
13.59328317642212, 0.3795262575149536, -0.9146597385406494, -3.8732669353485107, -178.4994354248047, 1.4330464601516724, 0.31427860260009766
13.602950811386108, 0.3713275194168091, -0.8718967437744141, -5.300006866455078, -176.1563262939453, 1.4330464601516724, 0.3493664860725403
13.612953901290894, 0.36324480175971985, -0.7651478052139282, -6.698727607727051, -156.8308563232422, 1.433087944984436, 0.34338927268981934
13.623021841049194, 0.36317145824432373, -0.7477170825004578, -7.901522159576416, -169.924560546875, 1.4327609539031982, 0.35246261954307556
13.63295602798462, 0.37734469771385193, -0.5373358726501465, -8.742088317871094, -160.89479064941406, 1.4327609539031982, 0.26666268706321716
13.642968893051147, 0.37734469771385193, -0.38321614265441895, -9.40524959564209, -135.4624786376953, 1.4325761795043945, 0.26666268706321716
13.653197526931763, 0.387362003326416, -0.1447763741016388, -9.640422821044922, -133.8168182373047, 1.4325666427612305, 0.3553307056427002
13.663012266159058, 0.42168956995010376, 0.23663043975830078, -9.253209114074707, -112.23258209228516, 1.4325666427612305, 0.3702123165130615
13.67298173904419, 0.4167453348636627, 0.265657901763916, -8.796225547790527, -79.72488403320312, 1.432709813117981, 0.386380672454834
13.682953357696533, 0.4306269586086273, 0.45077502727508545, -8.054792404174805, -56.78243637084961, 1.433139681816101, 0.10973060876131058
13.692973375320435, 0.43675529956817627, 0.5722910165786743, -7.01426362991333, -31.41002655029297, 1.4333078861236572, 0.10973060876131058
13.703050374984741, 0.4618450999259949, 1.0057522058486938, -5.399069786071777, -1.1007521152496338, 1.4333078861236572, 0.06755349785089493
13.712956190109253, 0.46219977736473083, 0.9895503520965576, -3.609706163406372, 30.890274047851562, 1.4333587884902954, -0.022903164848685265
13.72295355796814, 0.47188398241996765, 1.087123155593872, -1.6325550079345703, 62.689781188964844, 1.4332976341247559, -0.018967073410749435
13.732955694198608, 0.47790729999542236, 1.0056257247924805, 0.20697441697120667, 89.49050903320312, 1.4332809448242188, -0.003805364714935422
13.742952346801758, 0.4736925959587097, 0.963476300239563, 1.9617838859558105, 113.67034912109375, 1.4332941770553589, -0.004560994915664196
13.752962589263916, 0.4752996563911438, 0.8793801069259644, 3.558250904083252, 131.98670959472656, 1.4332941770553589, -0.004560994915664196
13.762953281402588, 0.4919617474079132, 0.7808042764663696, 4.835930824279785, 156.54600524902344, 1.4333387613296509, 0.015279940329492092
13.772947549819946, 0.4919617474079132, 0.7521688938140869, 6.195404529571533, 149.91635131835938, 1.433342456817627, -0.013231204822659492
13.782941341400146, 0.49102434515953064, 0.6710787415504456, 7.292861461639404, 170.5294647216797, 1.4333009719848633, -0.023802058771252632
13.792995929718018, 0.4941170811653137, 0.573614239692688, 8.343338966369629, 153.57606506347656, 1.4332318305969238, -0.019054381176829338
13.802958965301514, 0.49634629487991333, 0.3450125455856323, 8.983205795288086, 143.82273864746094, 1.4330464601516724, -0.019054381176829338
13.812959671020508, 0.5005306601524353, 0.38330554962158203, 9.713829040527344, 133.23533630371094, 1.4330464601516724, -0.010328905656933784
13.822968482971191, 0.5220783948898315, 0.5577173233032227, 10.649539947509766, 136.4677734375, 1.4327924251556396, -0.008050480857491493
13.832958221435547, 0.5281017422676086, 0.5019426345825195, 11.585268020629883, 113.78292846679688, 1.4327924251556396, -0.011842158623039722
13.842949151992798, 0.524217426776886, 0.5052506923675537, 12.503905296325684, 105.42121124267578, 1.4327924251556396, -0.006560026668012142
13.852952241897583, 0.531470000743866, 0.6241202354431152, 13.525193214416504, 110.74384307861328, 1.4328783750534058, -0.006560026668012142
13.862950563430786, 0.5369880795478821, 0.4502594470977783, 14.328219413757324, 94.9228286743164, 1.433091402053833, -0.026919709518551826
13.872950315475464, 0.5408575534820557, 0.4889547824859619, 15.178496360778809, 89.83097076416016, 1.4332183599472046, -0.02194414660334587
13.882966995239258, 0.5444862842559814, 0.594026505947113, 16.127456665039062, 98.16212463378906, 1.43331778049469, -0.008133520372211933
13.892962217330933, 0.5499196648597717, 0.5580246448516846, 17.12397003173828, 87.80632019042969, 1.4333587884902954, -0.023019440472126007
13.902957677841187, 0.5547887086868286, 0.5844235420227051, 18.179101943969727, 91.95890808105469, 1.433342456817627, -0.0014842679956927896
13.912971258163452, 0.5601161122322083, 0.6620619297027588, 19.265445709228516, 106.12911987304688, 1.4332976341247559, -0.023343803361058235
13.922950506210327, 0.5671017169952393, 0.45023560523986816, 20.092205047607422, 94.4266357421875, 1.4332115650177002, -0.023343803361058235
13.932953596115112, 0.5751842260360718, 0.4708230495452881, 20.963895797729492, 93.78623962402344, 1.4332115650177002, -0.0024487399496138096
13.943006753921509, 0.5772081017494202, 0.5887812972068787, 21.927356719970703, 104.7051773071289, 1.4331705570220947, -0.0056535727344453335
13.952949523925781, 0.5802018642425537, 0.5414618253707886, 22.82084083557129, 103.28483581542969, 1.4331705570220947, -0.04895155876874924
13.96301794052124, 0.5802018642425537, 0.43213963508605957, 23.614091873168945, 92.85869598388672, 1.433129072189331, -0.008992277085781097
13.972952127456665, 0.5828234553337097, 0.46628713607788086, 24.384584426879883, 102.28983306884766, 1.433087944984436, -0.008992277085781097
13.98295521736145, 0.5861657857894897, 0.46310821175575256, 25.139429092407227, 100.13326263427734, 1.4331042766571045, -0.019021837040781975
13.993051767349243, 0.5893620848655701, 0.4382464587688446, 25.85655975341797, 97.02894592285156, 1.433063268661499, -0.01851116679608822
14.00301194190979, 0.5914344787597656, 0.36646127700805664, 26.530309677124023, 83.51192474365234, 1.4330464601516724, -0.022542094811797142
14.012953281402588, 0.5954717993736267, 0.3535628318786621, 27.176206588745117, 79.107666015625, 1.4330464601516724, -0.02205820567905903
14.023137331008911, 0.6013374328613281, 0.34235119819641113, 27.798664093017578, 77.06432342529297, 1.433087944984436, -0.020988836884498596
14.032942771911621, 0.6013374328613281, 0.2905925214290619, 28.26663589477539, 81.1415786743164, 1.433087944984436, -0.020988836884498596
14.04298710823059, 0.6062098145484924, 0.3222425878047943, 28.793941497802734, 76.29542541503906, 1.4332151412963867, -0.006756448186933994
14.05321478843689, 0.6062098145484924, 0.2600729465484619, 29.243675231933594, 64.22843933105469, 1.4332151412963867, -0.02075156755745411
14.062971115112305, 0.6080169677734375, 0.3090633153915405, 29.749414443969727, 68.17012023925781, 1.4332151412963867, 0.008736521936953068
14.07295823097229, 0.6098399758338928, 0.27016401290893555, 30.24062156677246, 58.56056213378906, 1.4332151412963867, -0.0026418794877827168
14.08305311203003, 0.6112109422683716, 0.25044679641723633, 30.695980072021484, 55.56526184082031, 1.4332151412963867, -0.0026418794877827168
14.092958211898804, 0.6124560236930847, 0.25659799575805664, 31.115867614746094, 58.43692398071289, 1.4332151412963867, -0.02511463314294815
14.103134155273438, 0.6131780743598938, 0.2415974885225296, 31.51120948791504, 55.34299087524414, 1.4331457614898682, -0.023301612585783005
14.113046407699585, 0.6136210560798645, 0.18149614334106445, 31.853816986083984, 46.77619934082031, 1.433087944984436, -0.013618874363601208
14.122949838638306, 0.6138048768043518, 0.12467503547668457, 32.09101104736328, 42.923545837402344, 1.433087944984436, -0.022752167657017708
14.132947444915771, 0.6137959957122803, 0.13843509554862976, 32.31753921508789, 45.010459899902344, 1.433087944984436, -0.02044372819364071
14.14295244216919, 0.6137645840644836, 0.08392996340990067, 32.45487976074219, 40.67717742919922, 1.433087944984436, -0.02044372819364071
14.152952671051025, 0.6136929988861084, 0.07483959197998047, 32.5909538269043, 33.472251892089844, 1.433087944984436, -0.024392377585172653
14.163021802902222, 0.6139576435089111, 0.06600221246480942, 32.69895553588867, 32.772911071777344, 1.433087944984436, -0.004806955344974995
14.172998189926147, 0.6124283671379089, 0.028755929321050644, 32.746009826660156, 27.837541580200195, 1.4331457614898682, -0.021881453692913055
14.182950019836426, 0.6124283671379089, 0.012171268463134766, 32.75762939453125, 20.616531372070312, 1.4331740140914917, -0.012685947120189667
14.192965745925903, 0.614436149597168, 0.019806623458862305, 32.78850555419922, 16.726303100585938, 1.4331740140914917, -0.01831395924091339
14.202982664108276, 0.614436149597168, 0.013980600982904434, 32.81138229370117, 14.44668197631836, 1.4331740140914917, -0.01831395924091339
14.212944984436035, 0.616443932056427, 0.028228759765625, 32.86270523071289, 10.088729858398438, 1.4331457614898682, 0.04204220697283745
14.222965002059937, 0.616443932056427, 0.02639293670654297, 32.91583251953125, 8.248138427734375, 1.4331457614898682, 0.0035597928799688816
14.233127355575562, 0.618451714515686, 0.0517302080988884, 33.00048065185547, 7.588704586029053, 1.433087944984436, -0.03084498643875122
14.242958068847656, 0.618451714515686, 0.04687309265136719, 33.096214294433594, 6.41326904296875, 1.4330464601516724, -0.017880775034427643
14.25295114517212, 0.618451714515686, 0.052869319915771484, 33.19027328491211, 6.65876579284668, 1.4330464601516724, -0.017880775034427643
14.263127088546753, 0.616443932056427, 0.02486109733581543, 33.2354736328125, 5.3653717041015625, 1.4330464601516724, -0.038980524986982346
14.272998571395874, 0.616443932056427, 0.04462401196360588, 33.308494567871094, 6.249745845794678, 1.433087944984436, 0.011567391455173492
14.282957315444946, 0.6124283671379089, -6.62273851048667e-06, 33.300941467285156, 6.036970138549805, 1.4331740140914917, -0.04122905805706978
14.29296326637268, 0.6084128022193909, -0.066929392516613, 33.17577362060547, 4.302978515625, 1.4331740140914917, 0.4724898338317871
14.302999496459961, 0.6043972373008728, -0.10038614273071289, 32.99325180053711, 1.8184661865234375, 1.4331740140914917, 0.3618674576282501
14.312960624694824, 0.5983738899230957, -0.2007749378681183, 32.664710998535156, -2.20023250579834, 1.4331740140914917, 0.3618674576282501
14.32327127456665, 0.5923506021499634, -0.24093389511108398, 32.224308013916016, -6.915283203125, 1.4331868886947632, 0.5380861759185791
14.332961082458496, 0.5863272547721863, -0.3569391071796417, 31.640226364135742, -15.11383056640625, 1.4331868886947632, 0.41677406430244446
14.342958450317383, 0.5823116898536682, -0.40155649185180664, 30.9936466217041, -23.361629486083984, 1.433129072189331, 0.42405131459236145
14.35294795036316, 0.5782961249351501, -0.40155649185180664, 30.271020889282227, -29.192352294921875, 1.433087944984436, 0.39584261178970337
14.36296558380127, 0.5762884020805359, -0.44617387652397156, 29.540918350219727, -41.050804138183594, 1.433087944984436, 0.39584261178970337
14.372960329055786, 0.5771892666816711, -0.43615368008613586, 28.827211380004883, -49.79197311401367, 1.433087944984436, 0.513741672039032
14.382967233657837, 0.5721903443336487, -0.4023909568786621, 28.103134155273438, -51.978111267089844, 1.4330464601516724, 0.516438901424408
14.392958879470825, 0.5702650547027588, -0.3814697265625, 27.40955352783203, -57.662391662597656, 1.4330464601516724, 0.4785356819629669
14.402982711791992, 0.5682572722434998, -0.4015498757362366, 26.752471923828125, -69.34165954589844, 1.4330464601516724, 0.4399850368499756
14.412972927093506, 0.5642417073249817, -0.3413259983062744, 26.12433624267578, -65.40412902832031, 1.433087944984436, 0.3920789659023285
14.42296314239502, 0.5582183599472046, -0.37924447655677795, 25.503753662109375, -74.67269897460938, 1.433087944984436, 0.4645814299583435
14.432965278625488, 0.5521950721740723, -0.3413259983062744, 24.883161544799805, -67.57087707519531, 1.433087944984436, 0.4645814299583435
14.442968368530273, 0.5441639423370361, -0.4238685071468353, 24.17391014099121, -75.7745132446289, 1.4331740140914917, 0.2928583025932312
14.452966451644897, 0.538140594959259, -0.40154457092285156, 23.443828582763672, -68.27201843261719, 1.4331740140914917, 0.4860770106315613
14.462950468063354, 0.5345903635025024, -0.4169940948486328, 22.685657501220703, -68.5525894165039, 1.4331740140914917, 0.4086674749851227
14.473071098327637, 0.5345903635025024, -0.4733138680458069, 21.91628074645996, -76.78816223144531, 1.4331457614898682, 0.47331541776657104
14.48309850692749, 0.527641773223877, -0.4949834644794464, 21.106307983398438, -77.74246978759766, 1.4331457614898682, 0.42919495701789856
14.493266105651855, 0.5211738348007202, -0.49091577529907227, 20.213733673095703, -71.95816040039062, 1.433087944984436, 0.43054768443107605
14.50303840637207, 0.5161533951759338, -0.578926682472229, 19.27691078186035, -83.0616455078125, 1.433087944984436, 0.43054768443107605
14.512989521026611, 0.5082080960273743, -0.5603373050689697, 18.26565933227539, -78.58695983886719, 1.4330464601516724, 0.40935400128364563
14.522953033447266, 0.5047670602798462, -0.5939072966575623, 17.293811798095703, -91.2217025756836, 1.4330464601516724, 0.4388713240623474
14.532984733581543, 0.5047670602798462, -0.47428011894226074, 16.43148422241211, -84.51652526855469, 1.4330464601516724, 0.40663352608680725
14.542991638183594, 0.5005161762237549, -0.4849698841571808, 15.637896537780762, -94.8446044921875, 1.433087944984436, 0.443837434053421
14.552957773208618, 0.49707818031311035, -0.41063427925109863, 14.883746147155762, -85.6008529663086, 1.433087944984436, 0.45379045605659485
14.562961101531982, 0.48843005299568176, -0.5128847360610962, 14.044480323791504, -96.0129623413086, 1.433087944984436, 0.45379045605659485
14.572964668273926, 0.48142093420028687, -0.5907680988311768, 13.077768325805664, -98.20578002929688, 1.433087944984436, 0.43951693177223206
14.582957744598389, 0.47525811195373535, -0.5820393562316895, 12.125340461730957, -99.78866577148438, 1.433087944984436, 0.4399324953556061
14.592952489852905, 0.47242289781570435, -0.48751235008239746, 11.238954544067383, -89.74771118164062, 1.433087944984436, 0.400438129901886
14.60296082496643, 0.45983731746673584, -0.6257295608520508, 10.199384689331055, -100.86133575439453, 1.4331740140914917, 0.4271082878112793
14.612967252731323, 0.46465951204299927, -0.4354894161224365, 9.407585144042969, -88.58070373535156, 1.4331740140914917, 0.4271082878112793
14.622963190078735, 0.45332950353622437, -0.5143731832504272, 8.47236156463623, -88.21449279785156, 1.4331740140914917, 0.3413059711456299
14.633466005325317, 0.44463491439819336, -0.6013244390487671, 7.379044055938721, -90.52448272705078, 1.4331457614898682, 0.3332827687263489
14.643276691436768, 0.439445436000824, -0.6785657405853271, 6.273800849914551, -104.04544067382812, 1.4331457614898682, 0.3736173212528229
14.653021812438965, 0.43155086040496826, -0.6552696228027344, 5.092913627624512, -97.90840148925781, 1.433087944984436, 0.36720865964889526
14.662965536117554, 0.4272805154323578, -0.6794399619102478, 3.981102705001831, -111.81534576416016, 1.433087944984436, 0.3765338361263275
14.673142910003662, 0.4224618077278137, -0.5895912647247314, 2.909118413925171, -101.68643188476562, 1.4330464601516724, 0.3765338361263275
14.682996273040771, 0.40713727474212646, -0.7568929195404053, 1.6781091690063477, -116.08039093017578, 1.4330464601516724, 0.3431214690208435
14.692955017089844, 0.40713727474212646, -0.6528615951538086, 0.4910880923271179, -107.47866821289062, 1.4330464601516724, 0.3983490765094757
14.702995538711548, 0.40091177821159363, -0.6547305583953857, -0.5802891254425049, -119.77407836914062, 1.4330464601516724, 0.32694026827812195
14.713117837905884, 0.3968108296394348, -0.6784826517105103, -1.8138939142227173, -112.21480560302734, 1.4330464601516724, 0.3700297772884369
14.72300410270691, 0.38546574115753174, -0.7540417909622192, -3.0477805137634277, -128.0016326904297, 1.4330464601516724, 0.3700297772884369
14.732986450195312, 0.38546574115753174, -0.5916953086853027, -4.123589992523193, -115.02632904052734, 1.4330464601516724, 0.40089622139930725
14.742960929870605, 0.37226325273513794, -0.6718188524246216, -5.345078945159912, -116.18876647949219, 1.4330464601516724, 0.3491172790527344
14.752954483032227, 0.36814698576927185, -0.6340444087982178, -6.505429744720459, -115.98343658447266, 1.433087944984436, 0.34472861886024475
14.762943029403687, 0.36814698576927185, -0.6570385694503784, -7.573040962219238, -128.3793487548828, 1.4330464601516724, 0.3408723473548889
14.772966861724854, 0.3649427890777588, -0.5751907825469971, -8.618842124938965, -115.27962493896484, 1.4330464601516724, 0.3403853476047516
14.782956838607788, 0.3614562749862671, -0.5075633525848389, -9.413052558898926, -123.23517608642578, 1.4328465461730957, 0.3055093288421631
14.792976140975952, 0.36872598528862, -0.3841131925582886, -10.111440658569336, -106.0252685546875, 1.4328465461730957, 0.3055093288421631
14.802961587905884, 0.36872598528862, -0.3576212525367737, -10.673599243164062, -112.14785766601562, 1.4327198266983032, 0.3383122682571411
14.81296443939209, 0.3767119348049164, -0.22331874072551727, -11.011178016662598, -102.19208526611328, 1.4325666427612305, 0.3453710675239563
14.822959423065186, 0.3896423876285553, 0.04640883952379227, -10.96640396118164, -87.9847183227539, 1.4327380657196045, 0.36051294207572937
14.832959413528442, 0.40010714530944824, 0.14641284942626953, -10.726316452026367, -66.02725982666016, 1.4328817129135132, 0.08179132640361786
14.842957258224487, 0.40681082010269165, 0.3838605284690857, -10.098180770874023, -52.812259674072266, 1.4328817129135132, 0.08179132640361786
14.852954864501953, 0.4212135672569275, 0.5896323323249817, -9.19525146484375, -29.88688087463379, 1.4332222938537598, 0.053963981568813324
14.862959146499634, 0.4212135672569275, 0.5306661128997803, -8.2304048538208, -6.573581695556641, 1.4332222938537598, 0.05665036663413048
14.872962236404419, 0.4248709976673126, 0.59928297996521, -7.173159122467041, 14.456748962402344, 1.433400273323059, -0.006213456857949495
14.883004188537598, 0.42908281087875366, 0.7514026165008545, -5.943591117858887, 38.54963684082031, 1.433355450630188, 0.010320724919438362
14.892951488494873, 0.43423551321029663, 0.7278819680213928, -4.744361877441406, 59.63420867919922, 1.4333387613296509, -0.021145101636648178
14.902955055236816, 0.4372543692588806, 0.6852865219116211, -3.495351791381836, 71.7824935913086, 1.4332941770553589, -0.021145101636648178
14.912985801696777, 0.4408362805843353, 0.6412476301193237, -2.321340799331665, 86.89833068847656, 1.4332941770553589, -0.017961625009775162
14.922956943511963, 0.44165247678756714, 0.5778836011886597, -1.3757131099700928, 106.56319427490234, 1.4333387613296509, 0.012629849836230278
14.932971715927124, 0.44137850403785706, 0.41271746158599854, -0.6334239840507507, 100.92892456054688, 1.4332976341247559, 0.018340634182095528
14.942951202392578, 0.44072121381759644, 0.33910274505615234, -0.009395859204232693, 100.88787078857422, 1.4332151412963867, 0.0377950444817543
14.952948093414307, 0.44122999906539917, 0.22240479290485382, 0.36953794956207275, 106.27545166015625, 1.4331457614898682, -0.010460401885211468
14.962963104248047, 0.4424664080142975, 0.2125263214111328, 0.768563985824585, 89.98968505859375, 1.4330464601516724, -0.010460401885211468
14.972957611083984, 0.44637757539749146, 0.2389649599790573, 1.177652359008789, 92.78678894042969, 1.4329195022583008, 0.00010583046241663396
14.98295521736145, 0.4556626081466675, 0.29533109068870544, 1.6840046644210815, 84.75109100341797, 1.4327924251556396, -0.026944095268845558
14.992941617965698, 0.4556626081466675, 0.21426677703857422, 2.0966854095458984, 68.41046142578125, 1.4327924251556396, -0.006515390705317259
15.002954006195068, 0.4556626081466675, 0.21426677703857422, 2.0966854095458984, 68.41046142578125, 1.4327924251556396, -0.01591864414513111
15.012949705123901, 0.4556626081466675, 0.21426677703857422, 2.0966854095458984, 68.41046142578125, 1.4328783750534058, -0.01591864414513111
15.022949934005737, 0.4681735932826996, 0.10661832243204117, 2.6432275772094727, 21.167512893676758, 1.4330053329467773, -0.0031949649564921856
15.032962799072266, 0.4681735932826996, 0.27337372303009033, 3.1171875, 54.38528823852539, 1.4331903457641602, 0.01092012133449316
15.042958498001099, 0.47000208497047424, 0.3149939775466919, 3.5989935398101807, 55.27452087402344, 1.4332599639892578, -0.010364556685090065
15.053081035614014, 0.4718729257583618, 0.304943323135376, 4.140778064727783, 47.742008209228516, 1.4333009719848633, -0.005741290282458067
15.062981128692627, 0.4738251566886902, 0.331038236618042, 4.735209941864014, 47.44607162475586, 1.433342456817627, -0.005741290282458067
15.073216676712036, 0.4765876829624176, 0.39286744594573975, 5.370541095733643, 55.566680908203125, 1.433355450630188, 0.006963247898966074
15.0830078125, 0.47871795296669006, 0.3625154495239258, 6.027297496795654, 52.587318420410156, 1.4333387613296509, 0.021034834906458855
15.093156099319458, 0.4805760383605957, 0.3799862265586853, 6.652127742767334, 60.827518463134766, 1.4332115650177002, 0.002693563001230359
15.102952480316162, 0.48321107029914856, 0.30608972907066345, 7.176128387451172, 61.02360534667969, 1.4331705570220947, -0.01914132758975029
15.112968444824219, 0.48321107029914856, 0.2754896879196167, 7.684474468231201, 55.87787628173828, 1.433129072189331, -0.040732476860284805
15.122944593429565, 0.48417073488235474, 0.15996992588043213, 7.9828715324401855, 53.396461486816406, 1.4331868886947632, -0.040732476860284805
15.132960319519043, 0.48607337474823, 0.19888083636760712, 8.29780101776123, 57.56240463256836, 1.4331457614898682, 0.018056705594062805
15.142951011657715, 0.4869793951511383, 0.18863876163959503, 8.613960266113281, 55.7218132019043, 1.4331042766571045, -0.06526089459657669
15.152996301651001, 0.4880785346031189, 0.1620560884475708, 8.916150093078613, 47.753761291503906, 1.4330464601516724, -0.024844450876116753
15.163098096847534, 0.4880785346031189, 0.1583695411682129, 9.185812950134277, 49.451087951660156, 1.4330464601516724, 0.027205202728509903
15.173202753067017, 0.4893091022968292, 0.1413557231426239, 9.417121887207031, 44.96198272705078, 1.4330464601516724, 0.0054762102663517
15.183019399642944, 0.49100661277770996, 0.12288689613342285, 9.640552520751953, 36.13257598876953, 1.4330464601516724, 0.0054762102663517
15.193217039108276, 0.49396952986717224, 0.13392865657806396, 9.88405990600586, 32.31935501098633, 1.4330464601516724, 0.05406652018427849
15.20316767692566, 0.49396952986717224, 0.10758340358734131, 10.079665184020996, 29.035377502441406, 1.433087944984436, 0.04665684700012207
15.212965250015259, 0.4959773123264313, 0.1418491154909134, 10.304239273071289, 29.108470916748047, 1.4331457614898682, 0.017539924010634422
15.222944259643555, 0.4979850947856903, 0.1381397247314453, 10.544890403747559, 25.620174407958984, 1.4331740140914917, -0.017187073826789856
15.233160495758057, 0.4979850947856903, 0.13235211372375488, 10.756330490112305, 27.316940307617188, 1.4331740140914917, -0.025171874091029167
15.242970943450928, 0.49999284744262695, 0.1301407814025879, 10.992949485778809, 23.78997802734375, 1.4331740140914917, -0.025171874091029167
15.253035306930542, 0.502000629901886, 0.13922154903411865, 11.246079444885254, 23.299312591552734, 1.4331457614898682, 0.03178025037050247
15.263132572174072, 0.504008412361145, 0.15929639339447021, 11.540846824645996, 23.55031967163086, 1.4331457614898682, 0.013432279229164124
15.273120880126953, 0.504008412361145, 0.16332334280014038, 11.80810260772705, 26.566505432128906, 1.433087944984436, 0.029390165582299232
15.282954692840576, 0.504008412361145, 0.1444651037454605, 12.055012702941895, 26.827281951904297, 1.433087944984436, 0.029390165582299232
15.29297685623169, 0.504008412361145, 0.10038912296295166, 12.23753833770752, 23.534870147705078, 1.433087944984436, -0.011096684262156487
15.302988052368164, 0.504008412361145, 0.10038614273071289, 12.420058250427246, 23.40383529663086, 1.433087944984436, -0.01341849472373724
15.312958240509033, 0.47801628708839417, -0.1995662897825241, 12.09349536895752, 19.880718231201172, 1.433087944984436, -0.02979515679180622
15.322959184646606, 0.47646602988243103, -0.23910072445869446, 11.702239990234375, 12.859450340270996, 1.4331457614898682, 0.3959861993789673
15.332948923110962, 0.47646602988243103, -0.23910072445869446, 11.702239990234375, 12.859450340270996, 1.4331457614898682, 0.4386720359325409
15.342947959899902, 0.47288790345191956, -0.13208860158920288, 11.235421180725098, 2.521514892578125, 1.4331740140914917, 0.4386720359325409
15.352957248687744, 0.47150203585624695, -0.2849102020263672, 10.712265968322754, -2.8069496154785156, 1.4331740140914917, 0.29944801330566406
15.362956285476685, 0.470511257648468, -0.31489133834838867, 10.144872665405273, -11.012077331542969, 1.4331457614898682, 0.37605956196784973
15.372956037521362, 0.4688307046890259, -0.39086076617240906, 9.505282402038574, -22.617340087890625, 1.4331457614898682, 0.376823365688324
15.382962942123413, 0.4688307046890259, -0.39087069034576416, 8.876188278198242, -32.57677459716797, 1.433087944984436, 0.4029766917228699
15.392966508865356, 0.46473586559295654, -0.4363589882850647, 8.16214656829834, -43.254112243652344, 1.433087944984436, 0.3714927136898041
15.402971267700195, 0.46190643310546875, -0.4210174083709717, 7.396659851074219, -48.40879440307617, 1.433087944984436, 0.3714927136898041
15.412950992584229, 0.46190643310546875, -0.46780043840408325, 6.631168365478516, -64.32109069824219, 1.433087944984436, 0.44826075434684753
15.423007011413574, 0.4583626985549927, -0.19653737545013428, 6.27382755279541, -58.19664001464844, 1.433087944984436, 0.3222472667694092
15.432949542999268, 0.45436224341392517, -0.24559763073921204, 5.871940612792969, -64.78108215332031, 1.433087944984436, 0.3946169316768646
15.442955732345581, 0.45436224341392517, -0.24559763073921204, 5.871940612792969, -64.78108215332031, 1.433087944984436, 0.3979193866252899
15.45296025276184, 0.45436224341392517, -0.24559763073921204, 5.871940612792969, -64.78108215332031, 1.433087944984436, 0.3979193866252899
15.463009595870972, 0.44292864203453064, -0.10330718010663986, 5.327229976654053, -20.373048782348633, 1.433087944984436, 0.3936919569969177
15.473295211791992, 0.44292864203453064, -0.28573572635650635, 4.807710647583008, -59.04560089111328, 1.433087944984436, 0.3633454442024231
