63.28232264518738, 1.1445709466934204, -1.3135194778442383, 119.85430908203125, -204.06646728515625, 1.5022870302200317, 0.0
63.29230785369873, 1.1445709466934204, -1.3398594856262207, 126.33689880371094, -135.27255249023438, 1.5022870302200317, 0.0
63.302313804626465, 1.1250333786010742, -1.276850700378418, 124.01535034179688, -126.87835693359375, 1.5022023916244507, -0.008329029195010662
63.312289237976074, 1.1059259176254272, -1.4430947303771973, 121.6693115234375, -144.8618621826172, 1.5022023916244507, -0.00711571192368865
63.32228064537048, 1.086513876914978, -1.6588104963302612, 118.95489501953125, -154.54356384277344, 1.5022023916244507, -0.011255561374127865
63.33229207992554, 1.086513876914978, -1.6588104963302612, 118.95489501953125, -154.54356384277344, 1.5021419525146484, -0.011255561374127865
63.34227776527405, 1.0576820373535156, -0.8335649967193604, 115.93473815917969, -74.39155578613281, 1.5021127462387085, -0.005736214108765125
63.3522686958313, 1.0417659282684326, -1.7145607471466064, 113.13440704345703, -172.00555419921875, 1.5020558834075928, -0.006423747632652521
63.362268924713135, 1.0281615257263184, -1.6791582107543945, 110.09172821044922, -165.1947021484375, 1.5020394325256348, -0.01048817578703165
63.3722825050354, 1.0281615257263184, -1.6791582107543945, 110.09172821044922, -165.1947021484375, 1.5018401145935059, -0.01048817578703165
63.38227653503418, 1.0281615257263184, -1.6791582107543945, 110.09172821044922, -165.1947021484375, 1.5016080141067505, -0.010203157551586628
63.3922975063324, 0.9786586165428162, -0.6952943205833435, 106.50706481933594, -62.084590911865234, 1.5013481378555298, -0.008288656361401081
63.40230870246887, 0.9608110189437866, -2.0027518272399902, 102.91294860839844, -193.29605102539062, 1.5008728504180908, -0.009285715408623219
63.41227960586548, 0.9377776384353638, -2.297706127166748, 99.2394790649414, -229.05307006835938, 1.5003950595855713, -0.005128562916070223
63.42227792739868, 0.9171174764633179, -2.527250289916992, 95.19084930419922, -346.067626953125, 1.4998208284378052, -0.0068791634403169155
63.43229293823242, 0.9171174764633179, -2.079164981842041, 91.51495361328125, -325.0038146972656, 1.4991213083267212, -0.0068791634403169155
63.442294120788574, 0.8941426277160645, -2.117830514907837, 87.79154205322266, -338.7763977050781, 1.4982715845108032, -0.006390105467289686
63.45228886604309, 0.876720130443573, -2.3310317993164062, 84.13162231445312, -386.92559814453125, 1.497383952140808, -0.0031998397316783667
63.462294578552246, 0.8559622168540955, -2.0172059535980225, 80.62535858154297, -353.094482421875, 1.496354103088379, -0.0038498477078974247
63.472301721572876, 0.8414361476898193, -2.2258825302124023, 77.17024993896484, -399.60308837890625, 1.495259165763855, -0.006870081182569265
63.4822781085968, 0.8233746290206909, -2.0478665828704834, 73.64593505859375, -364.4569396972656, 1.4941284656524658, -0.004176712594926357
63.49231266975403, 0.7870022654533386, -2.1295084953308105, 70.36686706542969, -401.55792236328125, 1.4929261207580566, -0.004176712594926357
63.50229334831238, 0.7689296007156372, -1.9188225269317627, 67.09671020507812, -358.1626892089844, 1.4916601181030273, -0.004287975840270519
63.51226806640625, 0.751690685749054, -2.067638874053955, 63.943485260009766, -392.1780090332031, 1.490326166152954, -0.0001198213140014559
63.52228498458862, 0.7368225455284119, -2.003265857696533, 60.9079475402832, -380.92041015625, 1.4889230728149414, 0.0012551761465147138
63.532302141189575, 0.7176641225814819, -1.9945383071899414, 57.536624908447266, -339.7834777832031, 1.4874109029769897, 0.0012551761465147138
63.542365074157715, 0.700920820236206, -1.932215690612793, 54.29844284057617, -334.9296569824219, 1.4857481718063354, 0.004478786140680313
63.55230093002319, 0.6832924485206604, -2.14919114112854, 51.083900451660156, -367.1976623535156, 1.484026551246643, 0.008100491017103195
63.56228423118591, 0.6644209623336792, -1.915419101715088, 47.91434097290039, -327.1095275878906, 1.482285737991333, 0.0066833337768912315
63.5723180770874, 0.6472682356834412, -2.157423257827759, 44.700523376464844, -360.7762756347656, 1.480563998222351, 0.007232933770865202
63.582261085510254, 0.6290378570556641, -1.9433677196502686, 41.48017120361328, -321.6575622558594, 1.4788281917572021, 0.006700166501104832
63.5922954082489, 0.6051665544509888, -2.0203921794891357, 38.48967742919922, -354.1912536621094, 1.4771606922149658, 0.006700166501104832
63.60228085517883, 0.5871628522872925, -1.8176734447479248, 35.487998962402344, -316.0865783691406, 1.4756120443344116, 0.005320812575519085
63.612269163131714, 0.5721302032470703, -1.9951131343841553, 32.50484085083008, -349.31817626953125, 1.474120855331421, 0.005864413920789957
63.62226915359497, 0.5536282658576965, -1.8319427967071533, 29.445159912109375, -314.6278381347656, 1.4726815223693848, 0.005529274232685566
63.63226509094238, 0.536557674407959, -1.811063289642334, 26.41401481628418, -311.22625732421875, 1.4713610410690308, 0.0038805832155048847
63.642271995544434, 0.5187596082687378, -2.024008274078369, 23.34208869934082, -343.9593811035156, 1.4700642824172974, 0.0038805832155048847
63.652286767959595, 0.5037184357643127, -1.7957448959350586, 20.3128719329834, -307.71063232421875, 1.468899130821228, 0.00372692896053195
63.662283182144165, 0.48815447092056274, -1.9585158824920654, 17.319873809814453, -339.9382629394531, 1.467827320098877, 0.004711841698735952
63.67229127883911, 0.47148457169532776, -1.7578423023223877, 14.318672180175781, -303.8186950683594, 1.466950535774231, 0.0050764321349561214
63.68230104446411, 0.46089980006217957, -1.8682016134262085, 11.421030044555664, -333.99029541015625, 1.4662771224975586, 0.004230469465255737
63.69228982925415, 0.4421764612197876, -1.8110010623931885, 8.580012321472168, -332.32965087890625, 1.4657143354415894, 0.004307219758629799
63.70228910446167, 0.4277037978172302, -1.7717646360397339, 5.78308629989624, -330.0545959472656, 1.465242624282837, 0.004307219758629799
63.71227526664734, 0.4126984179019928, -1.771459937095642, 2.970099449157715, -328.1637878417969, 1.4648399353027344, 0.004582519177347422
63.722275495529175, 0.4126984179019928, -1.409304141998291, 0.4809444546699524, -289.64215087890625, 1.4644368886947632, 0.004104567226022482
63.73229432106018, 0.3904513418674469, -1.6233954429626465, -2.1022396087646484, -316.8472595214844, 1.4639010429382324, 0.004345031920820475
63.742297410964966, 0.38807952404022217, -1.3068020343780518, -4.38081693649292, -277.2290344238281, 1.4632998704910278, 0.004126356448978186
63.752305030822754, 0.38807952404022217, -1.1563867330551147, -6.3740339279174805, -266.86895751953125, 1.462839126586914, 0.004126356448978186
63.762303829193115, 0.395632266998291, -0.9252220392227173, -7.972484111785889, -252.9236297607422, 1.4625149965286255, 0.0039763497188687325
63.77226185798645, 0.41232407093048096, -0.5916118621826172, -8.989209175109863, -233.078857421875, 1.4623688459396362, 0.004581068176776171
63.78228807449341, 0.44352248311042786, -0.19308263063430786, -9.278590202331543, -229.99575805664062, 1.462350845336914, 0.004732866771519184
63.792293071746826, 0.4599427282810211, 0.19740727543830872, -8.952286720275879, -194.80328369140625, 1.4623048305511475, 0.004956494551151991
63.80229139328003, 0.4599427282810211, 0.3223896026611328, -8.357757568359375, -141.40846252441406, 1.4623275995254517, -9.348254388896748e-05
63.81231379508972, 0.474210262298584, 0.6834666132926941, -7.243497848510742, -113.48443603515625, 1.462322473526001, -9.348254388896748e-05
63.822301149368286, 0.4931444227695465, 0.8044570684432983, -5.779916763305664, -62.60857391357422, 1.4623181819915771, -0.00034836342092603445
63.83227276802063, 0.5066559910774231, 1.2911690473556519, -3.666314125061035, -17.378541946411133, 1.4622572660446167, -0.00018859193369280547
63.84227657318115, 0.5181215405464172, 1.3004213571548462, -1.2908360958099365, 30.899810791015625, 1.4623392820358276, 0.0002782961237244308
63.852288246154785, 0.5304508805274963, 1.5818973779678345, 1.282811164855957, 85.07601165771484, 1.4623394012451172, -3.90976965718437e-05
63.86229085922241, 0.5421963930130005, 1.628488302230835, 3.9475884437561035, 132.4452362060547, 1.462436318397522, -0.00013860517356079072
63.872299671173096, 0.5511186122894287, 1.3879477977752686, 6.4535088539123535, 154.42724609375, 1.4624364376068115, 8.883210830390453e-05
63.88228464126587, 0.5656065940856934, 1.3564924001693726, 8.673201560974121, 199.4642791748047, 1.4624364376068115, 8.883210830390453e-05
63.89228296279907, 0.5718473196029663, 1.1190474033355713, 10.707833290100098, 196.60118103027344, 1.462350606918335, 0.0002447064616717398
63.90227723121643, 0.585722029209137, 1.3975368738174438, 13.0103178024292, 237.42308044433594, 1.4622225761413574, 1.915739085234236e-05
63.91228628158569, 0.6001173853874207, 1.259070634841919, 15.32281494140625, 225.6631622314453, 1.4620888233184814, -0.0001103071408579126
63.922287702560425, 0.6130838394165039, 1.3326671123504639, 17.527862548828125, 258.97528076171875, 1.46196448802948, -0.00046628701966255903
63.93228769302368, 0.6130838394165039, 1.0642766952514648, 19.485517501831055, 231.518310546875, 1.4619067907333374, -0.00034540874185040593
63.94231557846069, 0.6287217736244202, 1.2288954257965088, 21.506927490234375, 253.3083953857422, 1.4619331359863281, -0.00034540874185040593
63.95230674743652, 0.6424849629402161, 1.1203408241271973, 23.539119720458984, 222.56317138671875, 1.4618626832962036, -0.0004779503506142646
63.962324380874634, 0.6585021018981934, 1.1630594730377197, 25.666584014892578, 217.18997192382812, 1.4618457555770874, -0.0003717584768310189
63.972277879714966, 0.6705426573753357, 1.3269318342208862, 27.841005325317383, 237.63890075683594, 1.4617880582809448, 6.131439295131713e-05
63.982280015945435, 0.6828578114509583, 1.1725127696990967, 29.983335494995117, 213.1011962890625, 1.4617431163787842, -0.0003774536307901144
63.99229073524475, 0.6961568593978882, 1.381218433380127, 32.25168228149414, 239.37606811523438, 1.4617266654968262, -0.0003774536307901144
64.00229167938232, 0.7086246013641357, 1.3655821084976196, 34.489261627197266, 238.65487670898438, 1.4616694450378418, -0.00040594919119030237
64.01231551170349, 0.7218343019485474, 1.2171685695648193, 36.71269989013672, 213.8990478515625, 1.4616806507110596, -0.0002292011777171865
64.02227520942688, 0.7218343019485474, 1.0875046253204346, 38.68794250488281, 211.60067749023438, 1.4616230726242065, -0.0006051282398402691
64.03227639198303, 0.7218343019485474, 1.0875046253204346, 38.68794250488281, 211.60067749023438, 1.461565375328064, -0.0005545265157707036
64.04228258132935, 0.7586535811424255, 0.766154944896698, 41.355621337890625, 115.10568237304688, 1.4614500999450684, -7.03667537891306e-05
64.0522985458374, 0.7586535811424255, 0.766154944896698, 41.355621337890625, 115.10568237304688, 1.4613521099090576, -0.0007698660483583808
64.06230425834656, 0.7819454669952393, 0.7661163806915283, 44.180274963378906, 113.36669921875, 1.4612367153167725, -0.0007698660483583808
64.07228183746338, 0.7934036254882812, 1.5091896057128906, 46.94523620605469, 234.06143188476562, 1.4611378908157349, -9.846068132901564e-05
64.08230423927307, 0.7934036254882812, 1.5091896057128906, 46.94523620605469, 234.06143188476562, 1.4611083269119263, 3.169702904415317e-05
64.09229803085327, 0.7934036254882812, 1.5091896057128906, 46.94523620605469, 234.06143188476562, 1.4609934091567993, -0.00045759641216136515
64.10227680206299, 0.8302370309829712, 0.5724509358406067, 50.111934661865234, 81.48460388183594, 1.4608372449874878, -0.0004947305424138904
64.11240983009338, 0.8416624665260315, 1.9013285636901855, 53.251590728759766, 282.3397216796875, 1.460701584815979, -0.0004947305424138904
64.12227201461792, 0.8517850041389465, 1.6892790794372559, 56.34767532348633, 263.6436462402344, 1.4605299234390259, -0.0006985531654208899
64.13229060173035, 0.8517850041389465, 1.5562772750854492, 59.20848083496094, 269.5675048828125, 1.460415005683899, -0.0008834637701511383
64.14227533340454, 0.8517850041389465, 1.5562772750854492, 59.20848083496094, 269.5675048828125, 1.4603111743927002, -0.0009456209954805672
64.15228390693665, 0.8821303248405457, 0.8675307035446167, 62.40290832519531, 139.56814575195312, 1.4601961374282837, -0.0004340844170656055
64.16231036186218, 0.8821303248405457, 0.8675307035446167, 62.40290832519531, 139.56814575195312, 1.4601385593414307, -0.0004340844170656055
64.17236995697021, 0.8821303248405457, 0.8675307035446167, 62.40290832519531, 139.56814575195312, 1.460051417350769, -0.0006980796460993588
64.18227338790894, 0.9003987312316895, 0.5952139496803284, 65.69676208496094, 96.61356353759766, 1.4599525928497314, -0.0008847006829455495
64.19227123260498, 0.9003987312316895, 0.5952139496803284, 65.69676208496094, 96.61356353759766, 1.459837555885315, -0.0009064366458915174
64.20228743553162, 0.9223420023918152, 1.0553033351898193, 69.38124084472656, 161.54379272460938, 1.4596645832061768, -0.0008606836199760437
64.21229863166809, 0.9223420023918152, 1.0553033351898193, 69.38124084472656, 161.54379272460938, 1.4595327377319336, -0.0010078281629830599
64.22228622436523, 0.938235878944397, 0.8979082107543945, 72.7017822265625, 156.73065185546875, 1.4593565464019775, -0.0010078281629830599
64.23227953910828, 0.938235878944397, 0.8979082107543945, 72.7017822265625, 156.73065185546875, 1.4591552019119263, -0.0011518934043124318
64.2422878742218, 0.9522276520729065, 0.8514136075973511, 75.86647033691406, 158.43106079101562, 1.4589825868606567, -0.00069185730535537
64.2523021697998, 0.9522276520729065, 0.8514136075973511, 75.86647033691406, 158.43106079101562, 1.458837866783142, 0.0002435875649098307
64.26227974891663, 0.9522276520729065, 0.8514136075973511, 75.86647033691406, 158.43106079101562, 1.458665132522583, -0.0008512828499078751
64.2722852230072, 0.9522276520729065, 0.8514136075973511, 75.86647033691406, 158.43106079101562, 1.4584921598434448, -0.0008512828499078751
64.28227686882019, 0.9522276520729065, 0.8514136075973511, 75.86647033691406, 158.43106079101562, 1.4582899808883667, -0.001499217702075839
64.29227995872498, 0.9522276520729065, 0.8514136075973511, 75.86647033691406, 158.43106079101562, 1.4579899311065674, -0.0011414522305130959
64.30228066444397, 0.9522276520729065, 0.8514136075973511, 75.86647033691406, 158.43106079101562, 1.4578136205673218, -0.0011534502264112234
64.31230664253235, 0.997580885887146, 0.29590854048728943, 79.82270050048828, 47.64844512939453, 1.4575828313827515, -0.001725723035633564
64.32228469848633, 0.997580885887146, 0.29590854048728943, 79.82270050048828, 47.64844512939453, 1.4573525190353394, -0.001725723035633564
64.33228349685669, 0.997580885887146, 0.29590854048728943, 79.82270050048828, 47.64844512939453, 1.4571220874786377, -0.0004928175476379693
64.34228897094727, 1.013639211654663, 0.6113390326499939, 83.28301239013672, 110.57027435302734, 1.4568748474121094, -0.00040891548269428313
64.3522891998291, 1.013639211654663, 0.6113390326499939, 83.28301239013672, 110.57027435302734, 1.4565867185592651, -0.0016854960704222322
64.36228084564209, 1.013639211654663, 0.6113390326499939, 83.28301239013672, 110.57027435302734, 1.456352710723877, -0.0008162539452314377
64.3722755908966, 1.013639211654663, 0.6113390326499939, 83.28301239013672, 110.57027435302734, 1.4560067653656006, -0.0008995136595331132
64.38227987289429, 1.013639211654663, 0.6113390326499939, 83.28301239013672, 110.57027435302734, 1.4557182788848877, -0.0008995136595331132
64.39228177070618, 1.013639211654663, 0.6113390326499939, 83.28301239013672, 110.57027435302734, 1.4553723335266113, -0.0012097222497686744
64.4022867679596, 1.0318267345428467, 0.3223136365413666, 87.0586929321289, 57.30024337768555, 1.4550228118896484, -0.0003283900150563568
64.41228771209717, 1.0342011451721191, 1.8241643905639648, 90.43891143798828, 340.9126281738281, 1.454676866531372, -0.0012457643169909716
64.42230677604675, 1.0368545055389404, 1.8506944179534912, 93.86670684814453, 346.58203125, 1.4543309211730957, nan
64.43228125572205, 1.038834810256958, 1.5670359134674072, 96.77876281738281, 343.7583923339844, 1.454001545906067, nan
