31.876937866210938, 1.159855604171753, -1.7281889915466309, 127.50566101074219, -242.29888916015625, 1.5024757385253906, 0.0
31.88693118095398, 1.159855604171753, -1.7281889915466309, 127.50566101074219, -242.29888916015625, 1.5025604963302612, 0.0
31.896910667419434, 1.109710693359375, -0.5472531914710999, 132.25050354003906, -44.82054138183594, 1.5025200843811035, -0.0012239792849868536
31.90690779685974, 1.109710693359375, -1.9843220710754395, 128.64999389648438, -190.19012451171875, 1.5024352073669434, -0.0014880269300192595
31.91694450378418, 1.109710693359375, -1.9843220710754395, 128.64999389648438, -190.19012451171875, 1.5024352073669434, -0.0014880269300192595
31.92691731452942, 1.109710693359375, -1.9843220710754395, 128.64999389648438, -190.19012451171875, 1.5024352073669434, -0.001701079891063273
31.937324047088623, 1.109710693359375, -1.9843220710754395, 128.64999389648438, -190.19012451171875, 1.5023373365402222, -0.000568778661545366
31.94692301750183, 1.109710693359375, -1.9843220710754395, 128.64999389648438, -190.19012451171875, 1.5023325681686401, -0.0020060166716575623
31.957868337631226, 1.0100901126861572, -0.6082714796066284, 123.26493835449219, -45.59637451171875, 1.5021921396255493, -0.002278003143146634
31.966922760009766, 1.0100901126861572, -2.8466343879699707, 118.11477661132812, -256.4727783203125, 1.5021921396255493, -0.002278003143146634
31.976913452148438, 0.9870201349258423, -2.7754783630371094, 113.06845092773438, -285.211181640625, 1.502135157585144, -0.0009220599895343184
31.986955404281616, 0.9870201349258423, -2.7754783630371094, 113.06845092773438, -285.211181640625, 1.5020782947540283, -0.0010454576695337892
31.99698829650879, 0.9870201349258423, -2.7754783630371094, 113.06845092773438, -285.211181640625, 1.5020493268966675, -0.0010454576695337892
32.00689625740051, 0.9870201349258423, -2.7754783630371094, 113.06845092773438, -285.211181640625, 1.5020493268966675, -0.0009396111709065735
32.016889572143555, 0.9870201349258423, -2.7754783630371094, 113.06845092773438, -285.211181640625, 1.5017518997192383, -0.0016696862876415253
32.026928424835205, 0.9870201349258423, -2.7754783630371094, 113.06845092773438, -285.211181640625, 1.5017518997192383, -0.0016696862876415253
32.03694748878479, 0.9870201349258423, -2.7754783630371094, 113.06845092773438, -285.211181640625, 1.5015408992767334, -0.0010806687641888857
32.04689645767212, 0.9870201349258423, -2.7754783630371094, 113.06845092773438, -285.211181640625, 1.50138258934021, -0.0007089058053679764
32.05691957473755, 0.8413859009742737, -0.5157944560050964, 105.80696105957031, -42.18321228027344, 1.5010703802108765, -0.0016648697201162577
32.06698393821716, 0.8248841762542725, -4.469487190246582, 98.55001831054688, -422.1979675292969, 1.5008394718170166, -0.0016648697201162577
32.076977014541626, 0.8248841762542725, -3.7110447883605957, 91.84464263916016, -417.095947265625, 1.5008394718170166, 0.0010121853556483984
32.086933612823486, 0.8248841762542725, -3.7110447883605957, 91.84464263916016, -417.095947265625, 1.5004297494888306, 0.0010121853556483984
32.09693169593811, 0.7797026038169861, -2.0125837326049805, 84.60065460205078, -230.2356719970703, 1.500231146812439, 0.00031963991932570934
32.10689997673035, 0.7797026038169861, -4.2239227294921875, 77.72489166259766, -553.1192626953125, 1.499987244606018, 0.00083326012827456
32.11691474914551, 0.7797026038169861, -4.2239227294921875, 77.72489166259766, -553.1192626953125, 1.4997153282165527, 0.00021332857431843877
32.12689423561096, 0.7200595736503601, -1.948249340057373, 70.734130859375, -307.58172607421875, 1.4993468523025513, -0.0008851038292050362
32.13689303398132, 0.7029525637626648, -4.519542217254639, 63.405513763427734, -724.9391479492188, 1.4990049600601196, 0.0005546025349758565
32.14747071266174, 0.6871234774589539, -3.588517427444458, 57.595558166503906, -729.6600341796875, 1.498692512512207, 0.0009413113002665341
32.156899213790894, 0.6737973093986511, -3.362935781478882, 51.53793716430664, -665.7684326171875, 1.4981145858764648, 0.0007113463361747563
32.16689324378967, 0.6737973093986511, -3.480255603790283, 45.94805145263672, -745.7817993164062, 1.4981145858764648, -9.031656190927606e-06
32.176913261413574, 0.652672290802002, -2.0968120098114014, 42.516902923583984, -703.2233276367188, 1.4978702068328857, 0.0007926864782348275
32.18690252304077, 0.6308698058128357, -1.9401371479034424, 39.0338134765625, -595.1622314453125, 1.497609257698059, 0.0007926864782348275
32.19690418243408, 0.6149876117706299, -2.332190752029419, 35.26494598388672, -628.663818359375, 1.4973701238632202, 0.0006595708546228707
32.20689535140991, 0.5907622575759888, -2.099335193634033, 31.873149871826172, -585.8607788085938, 1.4970864057540894, 0.0004920909996144474
32.21690845489502, 0.57293301820755, -2.0676910877227783, 28.16529655456543, -495.595947265625, 1.4968714714050293, 0.0018611954292282462
32.22688961029053, 0.5561593770980835, -1.8211206197738647, 25.224361419677734, -505.6639709472656, 1.4966844320297241, 0.002023792127147317
32.23688626289368, 0.5391972661018372, -1.6375422477722168, 22.281017303466797, -411.245361328125, 1.4964838027954102, 0.001247980399057269
32.24688982963562, 0.5391972661018372, -1.6436179876327515, 19.627939224243164, -421.8618469238281, 1.496252417564392, 0.00011402745440136641
32.256908893585205, 0.5196123719215393, -1.5418589115142822, 16.86663055419922, -346.7132568359375, 1.4960241317749023, 0.0011720909969881177
32.26688885688782, 0.5196123719215393, -1.5418469905853271, 14.104778289794922, -318.4326171875, 1.495853304862976, 0.001861580298282206
32.27691626548767, 0.49448421597480774, -1.581883430480957, 11.259685516357422, -312.57208251953125, 1.4956820011138916, 0.001861580298282206
32.28689503669739, 0.47904258966445923, -1.5182733535766602, 8.530335426330566, -305.0348205566406, 1.4955404996871948, 0.001504523796029389
32.29689836502075, 0.458560049533844, -1.7380846738815308, 5.711924076080322, -328.3668212890625, 1.4953854084014893, 0.0013738606357946992
32.30689716339111, 0.45057547092437744, -1.4018714427947998, 3.191265106201172, -286.8188781738281, 1.4952712059020996, 0.0019316549878567457
32.3169105052948, 0.45057547092437744, -1.2235760688781738, 0.9873455166816711, -271.77972412109375, 1.4952141046524048, 0.0017107607563957572
32.32689428329468, 0.43004855513572693, -1.401232361793518, -1.2951980829238892, -294.66162109375, 1.494947075843811, 0.0021479350980371237
32.33688831329346, 0.420573353767395, -1.1862367391586304, -3.4034414291381836, -256.84466552734375, 1.4942851066589355, 0.002177900169044733
32.34688973426819, 0.4358896315097809, -1.0330766439437866, -5.161404609680176, -247.8933868408203, 1.4942851066589355, 0.0020387601107358932
32.3569016456604, 0.45458272099494934, -0.7225539684295654, -6.343765735626221, -257.8932800292969, 1.494117259979248, 0.0015983657212927938
32.36692428588867, 0.45458272099494934, -0.7225440740585327, -7.495593070983887, -240.00416564941406, 1.494149923324585, 0.0015983657212927938
32.37689971923828, 0.468448281288147, -0.26036202907562256, -7.974917411804199, -192.3460235595703, 1.494264006614685, 0.0012561931507661939
32.38690447807312, 0.4947737753391266, 0.1573115587234497, -7.709638595581055, -162.39974975585938, 1.4945348501205444, 0.0012561931507661939
32.39693784713745, 0.5137132406234741, 0.6128152012825012, -6.756094455718994, -138.53350830078125, 1.4948005676269531, -2.84538441519544e-06
32.406888008117676, 0.5137132406234741, 0.6313800811767578, -5.656442642211914, -88.47708892822266, 1.4950059652328491, 8.274205902125686e-05
32.416929960250854, 0.5282639861106873, 0.8632076978683472, -4.281266212463379, -58.54008102416992, 1.4951002597808838, 8.274205902125686e-05
32.4269278049469, 0.5552194714546204, 1.2517064809799194, -2.022580623626709, -7.27386474609375, 1.4951672554016113, 1.3359174772631377e-05
32.436901330947876, 0.5646955370903015, 1.4412224292755127, 0.5856427550315857, 39.89086151123047, 1.4952630996704102, 1.9716508177225478e-05
32.4468948841095, 0.5824826955795288, 1.6288094520568848, 3.233541250228882, 93.27713775634766, 1.4954580068588257, 9.246306581189856e-05
32.45691704750061, 0.5961306691169739, 1.4154791831970215, 5.771701812744141, 121.15469360351562, 1.4956392049789429, 9.400165436090901e-05
32.46743559837341, 0.6061077117919922, 1.6836127042770386, 8.493759155273438, 177.6594696044922, 1.4958384037017822, 7.893236215750221e-06
32.47689390182495, 0.6061077117919922, 1.3765931129455566, 10.960437774658203, 189.353515625, 1.496037244796753, 2.6018227799795568e-05
32.4869327545166, 0.61993008852005, 1.2515604496002197, 13.199849128723145, 209.09490966796875, 1.4961382150650024, 8.698948659002781e-05
32.49694633483887, 0.635012686252594, 1.212996244430542, 15.38693904876709, 221.43032836914062, 1.4962247610092163, -1.0390484021627344e-05
32.506898164749146, 0.635012686252594, 1.347773551940918, 17.576650619506836, 258.1454772949219, 1.4961286783218384, 7.880746125010774e-05
32.516926527023315, 0.6460605263710022, 1.1779606342315674, 19.73586654663086, 240.1713409423828, 1.4961024522781372, 7.132565951906145e-05
32.52689290046692, 0.6608033776283264, 1.1731518507003784, 21.66033935546875, 263.1434326171875, 1.4961185455322266, -5.370460712583736e-06
32.5369029045105, 0.6705024242401123, 1.1756353378295898, 23.581180572509766, 255.50608825683594, 1.496134638786316, 7.438431930495426e-05
32.546900033950806, 0.6705024242401123, 1.1756353378295898, 23.581180572509766, 255.50608825683594, 1.4962248802185059, 7.426833326462656e-05
32.556904792785645, 0.6705024242401123, 1.1756353378295898, 23.581180572509766, 255.50608825683594, 1.4963847398757935, -5.026275175623596e-06
32.56694197654724, 0.6705024242401123, 1.1756353378295898, 23.581180572509766, 255.50608825683594, 1.4965262413024902, -7.761951565044e-06
32.57690167427063, 0.6705024242401123, 1.1756353378295898, 23.581180572509766, 255.50608825683594, 1.4966973066329956, 7.242000719998032e-05
32.58693599700928, 0.7315561771392822, 0.3042318522930145, 26.18638038635254, 46.8425178527832, 1.4967544078826904, -6.520323222503066e-05
32.59690260887146, 0.7497284412384033, 1.5359759330749512, 28.96868133544922, 231.96983337402344, 1.4969384670257568, 5.0805971113732085e-05
32.606892824172974, 0.7497284412384033, 1.5359759330749512, 28.96868133544922, 231.96983337402344, 1.4970359802246094, 4.9990507250186056e-05
32.61696100234985, 0.7497284412384033, 1.5359759330749512, 28.96868133544922, 231.96983337402344, 1.4971905946731567, -2.2166879716678523e-05
32.62690019607544, 0.7497284412384033, 1.5359759330749512, 28.96868133544922, 231.96983337402344, 1.4973727464675903, 6.285292329266667e-05
32.636906147003174, 0.7497284412384033, 1.5359759330749512, 28.96868133544922, 231.96983337402344, 1.4975439310073853, -2.283551475557033e-05
32.64689326286316, 0.7497284412384033, 1.5359759330749512, 28.96868133544922, 231.96983337402344, 1.497698187828064, -1.53154742292827e-05
32.65689468383789, 0.7497284412384033, 1.5359759330749512, 28.96868133544922, 231.96983337402344, 1.497812271118164, 5.943822179688141e-05
32.666893005371094, 0.7497284412384033, 1.5359759330749512, 28.96868133544922, 231.96983337402344, 1.4979870319366455, 6.11353461863473e-05
32.676941871643066, 0.7497284412384033, 1.5359759330749512, 28.96868133544922, 231.96983337402344, 1.498100996017456, 4.848747994401492e-05
32.68689513206482, 0.7497284412384033, 1.5359759330749512, 28.96868133544922, 231.96983337402344, 1.4983160495758057, 5.4208281653700396e-05
32.69691348075867, 0.7497284412384033, 1.5359759330749512, 28.96868133544922, 231.96983337402344, 1.4983160495758057, -2.5178451323881745e-05
32.70690155029297, 0.7497284412384033, 1.5359759330749512, 28.96868133544922, 231.96983337402344, 1.4983893632888794, -2.5178451323881745e-05
32.716919898986816, 0.8844995498657227, 0.23394271731376648, 33.73308563232422, 21.209524154663086, 1.4984346628189087, -2.2622563847107813e-05
32.72705864906311, 0.8844995498657227, 0.23394271731376648, 33.73308563232422, 21.209524154663086, 1.4984639883041382, -0.0001452772703487426
32.73769450187683, 0.8844995498657227, 0.23394271731376648, 33.73308563232422, 21.209524154663086, 1.4985780715942383, 3.382891009096056e-05
32.74691677093506, 0.8844995498657227, 0.23394271731376648, 33.73308563232422, 21.209524154663086, 1.4985944032669067, 3.382891009096056e-05
32.75691890716553, 0.8844995498657227, 0.23394271731376648, 33.73308563232422, 21.209524154663086, 1.4986919164657593, -0.00014529279724229127
32.76738619804382, 0.8844995498657227, 0.23394271731376648, 33.73308563232422, 21.209524154663086, 1.4988220930099487, -0.00014529279724229127
32.776899576187134, 0.8844995498657227, 0.23394271731376648, 33.73308563232422, 21.209524154663086, 1.498993158340454, -5.549983325181529e-05
32.786892890930176, 0.9551718831062317, 0.4986635148525238, 39.969932556152344, 41.442161560058594, 1.4991785287857056, -0.00010875962470890954
32.797011613845825, 0.9551718831062317, 0.4986635148525238, 39.969932556152344, 41.442161560058594, 1.4993329048156738, -0.00019503656949382275
32.80690240859985, 0.9551718831062317, 0.4986635148525238, 39.969932556152344, 41.442161560058594, 1.4994468688964844, -5.960382623015903e-05
32.816919565200806, 0.9551718831062317, 0.4986635148525238, 39.969932556152344, 41.442161560058594, 1.499572515487671, -9.905132174026221e-05
32.82691287994385, 0.9551718831062317, 0.4986635148525238, 39.969932556152344, 41.442161560058594, 1.4996861219406128, -5.241573671810329e-05
32.83690547943115, 0.9551718831062317, 0.4986635148525238, 39.969932556152344, 41.442161560058594, 1.499800205230713, -3.38223107974045e-05
32.84688854217529, 0.9551718831062317, 0.4986635148525238, 39.969932556152344, 41.442161560058594, 1.4999433755874634, -0.00013244315050542355
32.856903076171875, 0.9551718831062317, 0.4986635148525238, 39.969932556152344, 41.442161560058594, 1.4999998807907104, -0.00011526361049618572
32.866899251937866, 0.9551718831062317, 0.4986635148525238, 39.969932556152344, 41.442161560058594, 1.5001417398452759, -4.700568024418317e-05
32.876925230026245, 0.9551718831062317, 0.4986635148525238, 39.969932556152344, 41.442161560058594, 1.5002702474594116, -0.00012210363638587296
32.88706851005554, 0.9551718831062317, 0.4986635148525238, 39.969932556152344, 41.442161560058594, 1.5004113912582397, -0.00014683249173685908
32.89690947532654, 1.0365709066390991, 0.3822396695613861, 47.2873649597168, 31.27292251586914, 1.5005823373794556, -0.00014683249173685908
32.9069139957428, 1.0365709066390991, 4.015583038330078, 54.55734634399414, 391.70379638671875, 1.5006887912750244, -4.3026244384236634e-05
32.917001724243164, 1.0365709066390991, 4.015583038330078, 54.55734634399414, 391.70379638671875, 1.5008299350738525, 10.0
32.92690849304199, 1.0365709066390991, 4.015583038330078, 54.55734634399414, 391.70379638671875, 1.5009148120880127, 10.0
32.93693423271179, 1.0365709066390991, 4.015583038330078, 54.55734634399414, 391.70379638671875, 1.5010008811950684, 10.0
32.94691753387451, 1.0365709066390991, 4.015583038330078, 54.55734634399414, 391.70379638671875, 1.501104474067688, 10.0
32.95691919326782, 1.0365709066390991, 4.015583038330078, 54.55734634399414, 391.70379638671875, 1.5013600587844849, 10.0
32.96689701080322, 1.0365709066390991, 4.015583038330078, 54.55734634399414, 391.70379638671875, 1.5021306276321411, 10.0
32.976887941360474, 1.0365709066390991, 4.015583038330078, 54.55734634399414, 391.70379638671875, 1.5033438205718994, 10.0
32.98689150810242, 1.075890064239502, 0.5580722689628601, 62.071205139160156, 56.322265625, 1.5049421787261963, 3.831222056760453e-05
32.99689769744873, 1.075890064239502, 4.298293590545654, 69.59567260742188, 498.59808349609375, 1.5067503452301025, -9.495508493273519e-06
33.00690174102783, 1.075890064239502, 4.298293590545654, 69.59567260742188, 498.59808349609375, 1.508631706237793, 4.779663140652701e-05
33.016905784606934, 1.0865728855133057, 2.1288485527038574, 76.6661148071289, 275.02880859375, 1.5102616548538208, 0.00015785037248861045
33.02689075469971, 1.09044349193573, 4.66601037979126, 84.00505065917969, 671.3765258789062, 1.5116034746170044, 0.00011690621613524854
33.03691482543945, 1.0940678119659424, 3.6251187324523926, 90.35221099853516, 641.6580200195312, 1.5128241777420044, 0.00011690621613524854
33.04689621925354, 1.0960309505462646, 3.8477976322174072, 96.4266586303711, 749.5328979492188, 1.5140573978424072, 0.00011506653390824795
33.05689263343811, 1.0960309505462646, 2.3503568172454834, 100.04847717285156, 736.8375854492188, 1.5157883167266846, 0.00020135908562224358
33.06688976287842, 1.0960309505462646, 2.3503568172454834, 100.04847717285156, 736.8375854492188, 1.5169626474380493, 0.00018913907115347683
33.07689809799194, 1.0960309505462646, 2.3503568172454834, 100.04847717285156, 736.8375854492188, 1.518733263015747, 0.00018913907115347683
33.086899518966675, 1.0960309505462646, 2.3503568172454834, 100.04847717285156, 736.8375854492188, 1.5205157995224, 0.00020837246847804636
33.09689998626709, 1.1012320518493652, 0.3651529550552368, 101.52987670898438, 153.89976501464844, 1.5226198434829712, -0.000164270619279705
33.10690927505493, 1.1019946336746216, 0.6542205810546875, 102.3368148803711, 550.494384765625, 1.523997187614441, -0.000164270619279705
33.11691761016846, 1.1021716594696045, 0.7288985848426819, 103.27913665771484, 541.35302734375, 1.5248804092407227, 10.0
33.12689542770386, 1.1021716594696045, 0.7288985848426819, 103.27913665771484, 541.35302734375, 1.5253376960754395, 10.0
33.137157917022705, 1.1005158424377441, 0.12313723564147949, 103.4831771850586, 207.0598602294922, 1.525291919708252, -9.05138294911012e-05
33.14689254760742, 1.1005158424377441, 0.12313723564147949, 103.4831771850586, 207.0598602294922, 1.525384783744812, -0.00022164090478327125
33.15690302848816, 1.1005158424377441, 0.12313723564147949, 103.4831771850586, 207.0598602294922, 1.525429129600525, -0.00017130754713434726
33.16690683364868, 1.1005158424377441, 0.12313723564147949, 103.4831771850586, 207.0598602294922, 1.5251896381378174, -0.00017130754713434726
33.176918506622314, 1.1005158424377441, 0.12313723564147949, 103.4831771850586, 207.0598602294922, 1.5246000289916992, -0.0001747262867866084
33.18688750267029, 1.1005158424377441, 0.12313723564147949, 103.4831771850586, 207.0598602294922, 1.523929238319397, -0.00010145203850697726
33.19691705703735, 1.1005158424377441, 0.12313723564147949, 103.4831771850586, 207.0598602294922, 1.5225766897201538, -0.00010336595005355775
33.20689105987549, 1.1005158424377441, 0.12313723564147949, 103.4831771850586, 207.0598602294922, 1.5209546089172363, -0.00011434456973802298
33.216906785964966, 1.1005158424377441, 0.12313723564147949, 103.4831771850586, 207.0598602294922, 1.5190273523330688, -0.00015831663040444255
33.226908445358276, 1.1005158424377441, 0.12313723564147949, 103.4831771850586, 207.0598602294922, 1.5172463655471802, -0.00012026882905047387
33.23692607879639, 1.1005158424377441, 0.12313723564147949, 103.4831771850586, 207.0598602294922, 1.5154906511306763, -0.00015925592742860317
33.24716401100159, 1.1005158424377441, 0.12313723564147949, 103.4831771850586, 207.0598602294922, 1.5137510299682617, -0.00021615134028252214
33.25716018676758, 1.1005158424377441, 0.12313723564147949, 103.4831771850586, 207.0598602294922, 1.5121976137161255, -0.00019686947052832693
33.26691555976868, 1.1005158424377441, 0.12313723564147949, 103.4831771850586, 207.0598602294922, 1.5107841491699219, -1.671857353358064e-05
33.27689266204834, 1.1005158424377441, 0.12313723564147949, 103.4831771850586, 207.0598602294922, 1.509441614151001, 1.1887851542269345e-05
33.28689241409302, 1.1005158424377441, 0.12313723564147949, 103.4831771850586, 207.0598602294922, 1.5085891485214233, -8.93141477718018e-05
33.29692244529724, 1.0488710403442383, -0.016993695870041847, 106.03709411621094, 22.91918182373047, 1.5081409215927124, -0.0025296977255493402
33.306899309158325, 1.0488710403442383, -0.016993695870041847, 106.03709411621094, 22.91918182373047, 1.507828950881958, -0.0024261344224214554
33.31692957878113, 1.0488710403442383, -0.016993695870041847, 106.03709411621094, 22.91918182373047, 1.507554531097412, -0.002081220503896475
33.32690477371216, 1.0488710403442383, -0.016993695870041847, 106.03709411621094, 22.91918182373047, 1.5075256824493408, -0.002536464249715209
33.33691143989563, 1.0488710403442383, -0.016993695870041847, 106.03709411621094, 22.91918182373047, 1.507307529449463, -0.0021429983898997307
33.34799599647522, 1.0488710403442383, -0.016993695870041847, 106.03709411621094, 22.91918182373047, 1.506935954093933, -0.001583228469826281
33.35690379142761, 1.0488710403442383, -0.016993695870041847, 106.03709411621094, 22.91918182373047, 1.5070728063583374, -0.001583228469826281
33.36690139770508, 1.0488710403442383, -0.016993695870041847, 106.03709411621094, 22.91918182373047, 1.507401943206787, -0.0020417943596839905
33.37690544128418, 1.0488710403442383, -0.016993695870041847, 106.03709411621094, 22.91918182373047, 1.508142352104187, -0.0015962416073307395
33.38689303398132, 1.0488710403442383, -0.016993695870041847, 106.03709411621094, 22.91918182373047, 1.5096147060394287, -0.002391764661297202
33.39687657356262, 1.0488710403442383, -0.016993695870041847, 106.03709411621094, 22.91918182373047, 1.5123043060302734, -0.0026386238168925047
33.40689778327942, 1.0488710403442383, -0.016993695870041847, 106.03709411621094, 22.91918182373047, 1.5162773132324219, -0.002832025522366166
33.416905641555786, 0.9862647652626038, -0.0842919871211052, 102.81547546386719, 21.974258422851562, 1.5220305919647217, -0.001408769516274333
33.426899909973145, 0.9783845543861389, -1.120591163635254, 99.73198699951172, 157.269287109375, 1.5283952951431274, -0.0029409469570964575
33.436896085739136, 0.9735406041145325, -1.205277442932129, 96.38335418701172, 60.3118896484375, 1.5345016717910767, -0.002879134612157941
33.446934938430786, 0.9705850481987, -1.393847942352295, 92.99226379394531, -38.15968704223633, 1.5415045022964478, -0.002879134612157941
33.45689845085144, 0.9675236940383911, -1.2850761413574219, 89.38251495361328, -106.65969848632812, 1.5487828254699707, -0.0019614475313574076
33.46688532829285, 0.9628621339797974, -1.3836979866027832, 85.54337310791016, -159.86480712890625, 1.555741310119629, -0.0014868356520310044
33.47690534591675, 0.9583768844604492, -1.595748782157898, 81.6669692993164, -229.6651153564453, 1.5628783702850342, -0.0014868356520310044
33.486894607543945, 0.9529662728309631, -1.6578369140625, 77.656494140625, -284.6959533691406, 1.5679075717926025, -0.002241965616121888
33.49691295623779, 0.9476730823516846, -1.6982622146606445, 73.96311950683594, -328.0003967285156, 1.5712016820907593, -0.0003897865244653076
33.506924867630005, 0.9476730823516846, -1.0119736194610596, 71.52423858642578, -345.1286315917969, 1.5721168518066406, -0.0003897865244653076
33.51691508293152, 0.9374157190322876, -0.48848986625671387, 70.46968078613281, -323.4588623046875, 1.5716499090194702, -0.0012120184255763888
33.52691578865051, 0.9284080266952515, -0.5553033351898193, 69.64590454101562, -334.28955078125, 1.5703918933868408, -2.1050687792012468e-05
33.536919355392456, 0.9175727367401123, -0.5596756935119629, 68.85704040527344, -275.26397705078125, 1.5685338973999023, -0.002908442635089159
33.54689693450928, 0.9029780030250549, -0.7511841058731079, 67.96564483642578, -278.0727844238281, 1.5658963918685913, -0.0017087640007957816
33.55689454078674, 0.9029780030250549, -0.6454586982727051, 67.27163696289062, -221.1090087890625, 1.5623153448104858, -0.001480685779824853
33.56701183319092, 0.8891410827636719, -0.8191201686859131, 66.58235168457031, -210.67724609375, 1.5583137273788452, -0.001480685779824853
33.57691526412964, 0.8646849393844604, -1.0410215854644775, 65.60643005371094, -178.45068359375, 1.5544607639312744, -0.0014498074306175113
33.5869038105011, 0.8499482274055481, -1.1446542739868164, 64.43389892578125, -146.9167022705078, 1.5516142845153809, -0.0011051413603127003
33.59696125984192, 0.8316978812217712, -1.288612723350525, 62.842803955078125, -123.55889129638672, 1.5496408939361572, -2.095842319249641e-05
33.607128858566284, 0.8113073706626892, -1.3636469841003418, 60.72224426269531, -108.02078247070312, 1.5488089323043823, 0.00044976838398724794
33.61689519882202, 0.7908751964569092, -1.6282333135604858, 58.20912551879883, -136.2296142578125, 1.548812747001648, 3.412059959373437e-05
33.62690854072571, 0.7706258893013, -1.7531249523162842, 55.339683532714844, -158.9567413330078, 1.5493991374969482, -0.00011366145190550014
33.63693833351135, 0.7491560578346252, -1.8713010549545288, 52.170936584472656, -185.40191650390625, 1.550854206085205, -0.00011366145190550014
33.64690184593201, 0.7169692516326904, -1.8600881099700928, 48.5244026184082, -194.41146850585938, 1.5526165962219238, -0.00027033162768930197
33.65693473815918, 0.7169692516326904, -1.8600821495056152, 44.821998596191406, -224.4964599609375, 1.554080605506897, -0.0002899899263866246
33.666895627975464, 0.708489716053009, -1.8065094947814941, 41.2712516784668, -253.11126708984375, 1.555202603340149, -0.0005613886751234531
33.676894187927246, 0.6737164258956909, -2.1218724250793457, 37.59510040283203, -311.2369079589844, 1.5558788776397705, 0.0010569950100034475
33.68693733215332, 0.6737164258956909, -1.762324571609497, 34.267913818359375, -301.66015625, 1.5561190843582153, 0.0010569950100034475
33.69689655303955, 0.669281542301178, -1.6241669654846191, 31.271207809448242, -315.7161865234375, 1.5557805299758911, 0.000692249508574605
33.70688557624817, 0.6570596098899841, -1.7138652801513672, 28.528257369995117, -357.71051025390625, 1.554905891418457, 0.00015617701865267009
33.71689963340759, 0.6415550112724304, -1.659115195274353, 25.972366333007812, -358.1865234375, 1.5533627271652222, 0.00025965095846913755
33.72690176963806, 0.633139967918396, -1.3748586177825928, 23.753198623657227, -315.86456298828125, 1.5513582229614258, 0.0006807736936025321
33.736899852752686, 0.6264704465866089, -1.3631714582443237, 21.88701057434082, -336.48809814453125, 1.5489299297332764, 0.0006807736936025321
33.74688720703125, 0.6086334586143494, -1.2037290334701538, 20.358779907226562, -312.9512023925781, 1.5465319156646729, 0.001007718383334577
33.756898641586304, 0.5968453288078308, -1.201242208480835, 18.61070442199707, -262.1130065917969, 1.5443459749221802, 0.001007718383334577
33.76689696311951, 0.5968453288078308, -1.2404918670654297, 16.978252410888672, -269.92266845703125, 1.542472243309021, 0.0012160083279013634
33.77690243721008, 0.5774378180503845, -0.9627878665924072, 15.568408012390137, -220.2667236328125, 1.541039228439331, 0.0016277146060019732
33.78689980506897, 0.5509509444236755, -1.3640589714050293, 13.5968599319458, -229.67825317382812, 1.5400720834732056, 0.0016298092668876052
33.79714512825012, 0.5262404680252075, -1.5893446207046509, 11.171958923339844, -223.3248748779297, 1.539612054824829, 0.002084027975797653
33.806901693344116, 0.5062100887298584, -1.5085041522979736, 8.51286506652832, -200.154296875, 1.5398021936416626, 0.0019191588507965207
33.817049980163574, 0.48433685302734375, -1.5721797943115234, 5.619785785675049, -203.52572631835938, 1.5406996011734009, 0.0012453784001991153
33.82688927650452, 0.45968082547187805, -1.9273161888122559, 2.302830934524536, -238.33741760253906, 1.542107343673706, 0.0016831258544698358
33.836897134780884, 0.4358457624912262, -1.9062459468841553, -1.4190239906311035, -233.06016540527344, 1.5436437129974365, 0.0019329454516991973
33.84688115119934, 0.4358457624912262, -1.919865608215332, -4.839962005615234, -279.9859619140625, 1.5449645519256592, 0.001883602817542851
33.85690093040466, 0.4149174988269806, -2.0214219093322754, -8.387896537780762, -299.9844970703125, 1.5461442470550537, 0.002064485102891922
33.86689329147339, 0.4262355864048004, -1.8956594467163086, -11.704374313354492, -318.696044921875, 1.5470364093780518, 0.0014059348031878471
33.87689518928528, 0.44251957535743713, -1.3491839170455933, -14.319647789001465, -298.8805236816406, 1.5476808547973633, 0.0012022051960229874
33.88689661026001, 0.4609196186065674, -1.0003447532653809, -16.073747634887695, -329.6733703613281, 1.5480566024780273, 0.0015508431242778897
33.89689016342163, 0.48352867364883423, -0.4271209239959717, -16.91864776611328, -280.90606689453125, 1.5479742288589478, 0.0016032808925956488
33.90688896179199, 0.5127432942390442, 0.07259514927864075, -16.784879684448242, -281.08612060546875, 1.5474209785461426, 0.00010492307774256915
33.916889905929565, 0.5127432942390442, 0.07259514927864075, -16.784879684448242, -281.08612060546875, 1.546549916267395, 1.7212365492014214e-05
33.926897048950195, 0.5127432942390442, 0.07259514927864075, -16.784879684448242, -281.08612060546875, 1.545413851737976, 0.00013289446360431612
33.93691682815552, 0.5722025632858276, 0.30298376083374023, -14.721805572509766, -70.14340209960938, 1.544298529624939, 8.689604874234647e-05
33.9469039440155, 0.5722025632858276, 1.1252164840698242, -12.47317123413086, -147.760009765625, 1.5432270765304565, 8.689604874234647e-05
33.95691776275635, 0.5892258286476135, 1.5338003635406494, -9.489633560180664, -80.70611572265625, 1.5423094034194946, 9.309651068178937e-05
33.96795630455017, 0.6076722741127014, 1.909183144569397, -6.198666095733643, -15.096664428710938, 1.541512131690979, 8.819416689220816e-05
33.97691559791565, 0.621401309967041, 2.064836025238037, -2.2994604110717773, 60.88428497314453, 1.5409753322601318, 2.571770892245695e-05
33.98689007759094, 0.621401309967041, 2.1685097217559814, 1.3466098308563232, 145.01095581054688, 1.54079008102417, 0.00013132154708728194
33.9969699382782, 0.6412668824195862, 1.9874751567840576, 4.99388313293457, 193.13525390625, 1.5409095287322998, 0.00013132154708728194
34.00692415237427, 0.659869909286499, 2.210557460784912, 8.589441299438477, 274.03546142578125, 1.5414735078811646, 5.613642861135304e-05
34.01690673828125, 0.6669915914535522, 2.038485527038574, 11.822603225708008, 319.3472900390625, 1.5421714782714844, 9.277651406591758e-05
34.02731990814209, 0.6695263385772705, 1.7420252561569214, 14.546285629272461, 348.1241149902344, 1.5430667400360107, 8.203781180782244e-05
34.03695297241211, 0.6695263385772705, 0.9732365608215332, 16.153032302856445, 308.7483215332031, 1.544027328491211, -3.801967523031635e-06
34.046929597854614, 0.6695263385772705, 0.9732365608215332, 16.153032302856445, 308.7483215332031, 1.5448546409606934, 6.461910379584879e-05
34.0575852394104, 0.6695263385772705, 0.9732365608215332, 16.153032302856445, 308.7483215332031, 1.5455420017242432, 5.6497083278372884e-05
34.067177057266235, 0.6695263385772705, 0.9732365608215332, 16.153032302856445, 308.7483215332031, 1.5460271835327148, -1.5096999050001614e-05
34.0769259929657, 0.6695263385772705, 0.9732365608215332, 16.153032302856445, 308.7483215332031, 1.546233892440796, 5.904714998905547e-05
34.08691930770874, 0.6695263385772705, 0.9732365608215332, 16.153032302856445, 308.7483215332031, 1.5462334156036377, 7.640421245014295e-05
34.09729242324829, 0.6695263385772705, 0.9732365608215332, 16.153032302856445, 308.7483215332031, 1.5458873510360718, -1.40321781145758e-05
34.10727334022522, 0.6695263385772705, 0.9732365608215332, 16.153032302856445, 308.7483215332031, 1.5453141927719116, -1.40321781145758e-05
34.11692261695862, 0.6695263385772705, 0.9732365608215332, 16.153032302856445, 308.7483215332031, 1.5446364879608154, 7.012228888925165e-05
34.12690997123718, 0.6695263385772705, 0.9732365608215332, 16.153032302856445, 308.7483215332031, 1.5437936782836914, 5.78085491724778e-05
34.13690996170044, 0.6695263385772705, 0.9732365608215332, 16.153032302856445, 308.7483215332031, 1.542952299118042, 5.884539132239297e-05
34.1468985080719, 0.6695263385772705, 0.9732365608215332, 16.153032302856445, 308.7483215332031, 1.5422511100769043, 6.552220293087885e-05
34.15690588951111, 0.6695263385772705, 0.9732365608215332, 16.153032302856445, 308.7483215332031, 1.5416885614395142, 6.552220293087885e-05
34.16689872741699, 0.6695263385772705, 0.9732365608215332, 16.153032302856445, 308.7483215332031, 1.5413254499435425, 6.537245644722134e-05
34.17693018913269, 0.6695263385772705, 0.9732365608215332, 16.153032302856445, 308.7483215332031, 1.5411909818649292, 6.537245644722134e-05
34.1869330406189, 0.6695263385772705, 0.9732365608215332, 16.153032302856445, 308.7483215332031, 1.5413131713867188, 5.591526860371232e-05
34.196927309036255, 0.6695263385772705, 0.9732365608215332, 16.153032302856445, 308.7483215332031, 1.5415743589401245, -1.4797820767853409e-05
34.2069046497345, 0.6695263385772705, 0.9732365608215332, 16.153032302856445, 308.7483215332031, 1.5420234203338623, 6.108469096943736e-05
34.216920137405396, 0.6695263385772705, 0.9732365608215332, 16.153032302856445, 308.7483215332031, 1.5425463914871216, 6.108469096943736e-05
34.226893186569214, 0.6695263385772705, 0.9732365608215332, 16.153032302856445, 308.7483215332031, 1.5431159734725952, 7.358728908002377e-05
34.23692440986633, 0.6695263385772705, 0.9732365608215332, 16.153032302856445, 308.7483215332031, 1.543665885925293, 5.882112600374967e-05
34.2469265460968, 0.6695263385772705, 0.9732365608215332, 16.153032302856445, 308.7483215332031, 1.5441590547561646, -1.7528651369502768e-05
34.25690054893494, 0.6695263385772705, 0.9732365608215332, 16.153032302856445, 308.7483215332031, 1.5444512367248535, 6.120953912613913e-05
34.26689171791077, 0.6695263385772705, 0.9732365608215332, 16.153032302856445, 308.7483215332031, 1.5445261001586914, 5.7379565987503156e-05
34.27690005302429, 0.6695263385772705, 0.9732365608215332, 16.153032302856445, 308.7483215332031, 1.5444036722183228, -1.3782115274807438e-05
34.28689670562744, 0.6695263385772705, 0.9732365608215332, 16.153032302856445, 308.7483215332031, 1.5441676378250122, 6.804836448282003e-05
34.29689574241638, 0.6695263385772705, 0.9732365608215332, 16.153032302856445, 308.7483215332031, 1.5438321828842163, 6.658522033831105e-05
34.30690026283264, 0.6695263385772705, 0.9732365608215332, 16.153032302856445, 308.7483215332031, 1.5433986186981201, -2.5444653147133067e-05
34.31692695617676, 0.6695263385772705, 0.9732365608215332, 16.153032302856445, 308.7483215332031, 1.5429126024246216, 5.966459502815269e-05
34.3268940448761, 0.6695263385772705, 0.9732365608215332, 16.153032302856445, 308.7483215332031, 1.5423810482025146, 7.108128193067387e-05
34.33772325515747, 0.6695263385772705, 0.9732365608215332, 16.153032302856445, 308.7483215332031, 1.5414906740188599, -9.149068318947684e-06
34.346895933151245, 0.6695263385772705, 0.9732365608215332, 16.153032302856445, 308.7483215332031, 1.5414906740188599, 5.488828901434317e-05
34.35690879821777, 0.6695263385772705, 0.9732365608215332, 16.153032302856445, 308.7483215332031, 1.5413302183151245, 5.856384086655453e-05
34.36691975593567, 0.6695263385772705, 0.9732365608215332, 16.153032302856445, 308.7483215332031, 1.5413329601287842, -1.892243199108634e-05
34.37691116333008, 0.6695263385772705, 0.9732365608215332, 16.153032302856445, 308.7483215332031, 1.5414015054702759, 4.344768967712298e-05
34.38689827919006, 0.6695263385772705, 0.9732365608215332, 16.153032302856445, 308.7483215332031, 1.5416321754455566, 5.838798824697733e-05
34.39693737030029, 0.6695263385772705, 0.9732365608215332, 16.153032302856445, 308.7483215332031, 1.5419074296951294, -2.380700607318431e-05
34.406909227371216, 0.6695263385772705, 0.9732365608215332, 16.153032302856445, 308.7483215332031, 1.542231559753418, 6.443795427912846e-05
34.41691780090332, 0.6695263385772705, 0.9732365608215332, 16.153032302856445, 308.7483215332031, 1.5426148176193237, 5.983241862850264e-05
34.42711114883423, 0.6695263385772705, 0.025018934160470963, 18.00472068786621, 7.834934711456299, 1.5428698062896729, -8.468622399959713e-05
34.436909914016724, 0.6695263385772705, 0.80299973487854, 19.418357849121094, 289.07989501953125, 1.5430748462677002, 5.489289469551295e-05
34.44712424278259, 0.6695263385772705, 0.80299973487854, 19.418357849121094, 289.07989501953125, 1.5432100296020508, 6.718956137774512e-05
34.45700979232788, 0.6695263385772705, 0.80299973487854, 19.418357849121094, 289.07989501953125, 1.5431939363479614, -2.7008991310140118e-05
34.466896772384644, 0.6695263385772705, 0.80299973487854, 19.418357849121094, 289.07989501953125, 1.5430984497070312, 5.7521796406945214e-05
34.47690773010254, 0.6695263385772705, 0.80299973487854, 19.418357849121094, 289.07989501953125, 1.5428197383880615, 4.8684993089409545e-05
34.486894845962524, 0.6695263385772705, 0.80299973487854, 19.418357849121094, 289.07989501953125, 1.5425031185150146, -3.2280364393955097e-05
34.49690866470337, 0.6695263385772705, 0.80299973487854, 19.418357849121094, 289.07989501953125, 1.5421721935272217, 5.016967043047771e-05
34.50689625740051, 0.6695263385772705, 0.80299973487854, 19.418357849121094, 289.07989501953125, 1.5417702198028564, 7.040622585918754e-05
34.5168981552124, 0.6695263385772705, 0.80299973487854, 19.418357849121094, 289.07989501953125, 1.5415115356445312, -2.8500930056907237e-05
34.52689552307129, 0.6695263385772705, 0.80299973487854, 19.418357849121094, 289.07989501953125, 1.5413219928741455, -2.8500930056907237e-05
34.5372314453125, 0.6118044257164001, 0.004174733534455299, 19.774925231933594, 26.2359561920166, 1.5412135124206543, 4.674050796893425e-05
34.546895265579224, 0.6118044257164001, -0.09597539901733398, 19.620147705078125, 219.19593811035156, 1.5411677360534668, 0.00028017794829793274
34.55690121650696, 0.6118044257164001, -0.09597539901733398, 19.620147705078125, 219.19593811035156, 1.541205883026123, 0.00100414059124887
34.566901206970215, 0.6118044257164001, -0.09597539901733398, 19.620147705078125, 219.19593811035156, 1.541361927986145, 0.00022109324345365167
34.57810711860657, 0.6118044257164001, -0.09597539901733398, 19.620147705078125, 219.19593811035156, 1.5416531562805176, 0.0007945998222567141
34.58693170547485, 0.6118044257164001, -0.09597539901733398, 19.620147705078125, 219.19593811035156, 1.5419923067092896, 0.0007945998222567141
34.596901178359985, 0.6118044257164001, -0.09597539901733398, 19.620147705078125, 219.19593811035156, 1.542266607284546, 0.0012773488415405154
34.6068971157074, 0.6118044257164001, -0.09597539901733398, 19.620147705078125, 219.19593811035156, 1.5425459146499634, 0.0004058799531776458
34.61689853668213, 0.6118044257164001, -0.09597539901733398, 19.620147705078125, 219.19593811035156, 1.542758822441101, -0.0007444983348250389
34.62690210342407, 0.6118044257164001, -0.09597539901733398, 19.620147705078125, 219.19593811035156, 1.5428807735443115, 0.0006418760167434812
34.63692116737366, 0.6239156723022461, 0.0028255281504243612, 19.36273193359375, 20.242841720581055, 1.5428953170776367, -3.0386761864065193e-05
34.64692449569702, 0.6228712797164917, -0.18395185470581055, 19.0256290435791, 140.31735229492188, 1.5428410768508911, 0.0005192833486944437
34.656902551651, 0.6228712797164917, -0.41109323501586914, 18.36279296875, 108.59298706054688, 1.5426548719406128, -0.00016170456365216523
34.6668918132782, 0.6228712797164917, -0.41109323501586914, 18.36279296875, 108.59298706054688, 1.5424151420593262, 8.954821532825008e-05
34.67693901062012, 0.6228712797164917, -0.41109323501586914, 18.36279296875, 108.59298706054688, 1.5420552492141724, 0.0007419895264320076
34.68690371513367, 0.6228712797164917, -0.41109323501586914, 18.36279296875, 108.59298706054688, 1.5417261123657227, 0.0007419895264320076
34.6968994140625, 0.6228712797164917, -0.41109323501586914, 18.36279296875, 108.59298706054688, 1.5417261123657227, 0.0010765065671876073
34.70694851875305, 0.6228712797164917, -0.41109323501586914, 18.36279296875, 108.59298706054688, 1.541205883026123, 0.000673796224873513
34.71689987182617, 0.6228712797164917, -0.41109323501586914, 18.36279296875, 108.59298706054688, 1.5410329103469849, 0.000426090118708089
34.72731041908264, 0.6228712797164917, -0.41109323501586914, 18.36279296875, 108.59298706054688, 1.5410104990005493, 0.0007089549326337874
34.73693013191223, 0.6228712797164917, -0.41109323501586914, 18.36279296875, 108.59298706054688, 1.5410163402557373, 0.0007089549326337874
34.74689769744873, 0.6228712797164917, -0.41109323501586914, 18.36279296875, 108.59298706054688, 1.541162133216858, -0.00013301351282279938
34.75688719749451, 0.6228712797164917, -0.41109323501586914, 18.36279296875, 108.59298706054688, 1.5414328575134277, 0.0016634276835247874
34.76734161376953, 0.6228712797164917, -0.41109323501586914, 18.36279296875, 108.59298706054688, 1.5417190790176392, -0.0007313485839404166
34.77690124511719, 0.6246612668037415, -0.03527502343058586, 17.797155380249023, 4.978784084320068, 1.5420582294464111, 0.000809092540293932
34.786921977996826, 0.6235122084617615, -0.5112687945365906, 16.89887046813965, 26.139789581298828, 1.542336106300354, 0.0013701317366212606
34.79690861701965, 0.6235122084617615, -0.5112687945365906, 16.89887046813965, 26.139789581298828, 1.5426064729690552, -0.0001532421010779217
34.80690670013428, 0.6235122084617615, -0.5112687945365906, 16.89887046813965, 26.139789581298828, 1.542925238609314, -0.0001532421010779217
34.8169162273407, 0.6545916795730591, -0.04978179931640625, 16.469696044921875, 1.0555267333984375, 1.542925238609314, 0.00021613224816974252
34.82727265357971, 0.6525838971138, -0.16942620277404785, 16.16164779663086, -18.430519104003906, 1.5429397821426392, -0.0001906096440507099
34.8368935585022, 0.6525838971138, -0.18825796246528625, 15.850944519042969, -39.637882232666016, 1.5428968667984009, 1.1737252862076275e-05
34.84690594673157, 0.6525838971138, 0.45311450958251953, 16.600208282470703, -35.27471923828125, 1.5426517724990845, 1.1737252862076275e-05
34.856911420822144, 0.6545916795730591, 0.4278719425201416, 17.422719955444336, -21.97437286376953, 1.5424610376358032, 3.755135548999533e-05
34.86688685417175, 0.6545916795730591, 0.4278719425201416, 17.422719955444336, -21.97437286376953, 1.5421011447906494, 3.99542368541006e-05
34.876893520355225, 0.6545916795730591, 0.4278719425201416, 17.422719955444336, -21.97437286376953, 1.5417664051055908, -4.213919601170346e-05
34.886913537979126, 0.6545916795730591, 0.4278719425201416, 17.422719955444336, -21.97437286376953, 1.5414752960205078, 4.3640473450068384e-05
34.896907806396484, 0.6124283671379089, -0.028720498085021973, 17.42774772644043, -4.837465286254883, 1.5411487817764282, 0.0013321907026693225
34.90713572502136, 0.6124283671379089, -0.11603037267923355, 17.2972469329834, -19.20403289794922, 1.5411487817764282, -0.00048443529522046447
34.91690993309021, 0.6124283671379089, -0.11603037267923355, 17.2972469329834, -19.20403289794922, 1.5411003828048706, 0.0008421291713602841
34.92689251899719, 0.6124283671379089, -0.11603037267923355, 17.2972469329834, -19.20403289794922, 1.5411810874938965, 0.0009657630580477417
34.936896324157715, 0.6124283671379089, -0.11603037267923355, 17.2972469329834, -19.20403289794922, 1.5411810874938965, 0.000513033359311521
34.94690203666687, 0.6277802586555481, 0.01227259635925293, 17.38062858581543, -2.455472946166992, 1.5414029359817505, 1.3574030162999406e-05
34.956918716430664, 0.6293806433677673, 0.05243884027004242, 17.42609977722168, -4.122628211975098, 1.541683554649353, -7.048644420137862e-06
34.96693682670593, 0.6293806433677673, 0.05868673324584961, 17.481782913208008, 5.829048156738281, 1.5422476530075073, -4.4313630496617407e-05
34.97707962989807, 0.6525838971138, -0.020074844360351562, 17.34272003173828, 8.730316162109375, 1.5422476530075073, 0.00016754631360527128
34.98692560195923, 0.6545916795730591, 0.022305382415652275, 17.37921905517578, 13.528400421142578, 1.542487382888794, 0.00016754631360527128
34.99691963195801, 0.6565994620323181, 0.044617388397455215, 17.408641815185547, 17.30770492553711, 1.5426357984542847, -4.281208384782076e-05
35.00689888000488, 0.6565994620323181, 0.044617388397455215, 17.408641815185547, 17.30770492553711, 1.5427324771881104, 2.0588087863870896e-05
35.01695132255554, 0.6565994620323181, 0.044617388397455215, 17.408641815185547, 17.30770492553711, 1.5427383184432983, 8.828880527289584e-05
35.02690076828003, 0.6565994620323181, 0.044617388397455215, 17.408641815185547, 17.30770492553711, 1.5426900386810303, -5.438974403659813e-05
35.03691387176514, 0.6565994620323181, 0.044617388397455215, 17.408641815185547, 17.30770492553711, 1.542557716369629, -2.4127642973326147e-05
35.046894550323486, 0.6565994620323181, 0.044617388397455215, 17.408641815185547, 17.30770492553711, 1.5423520803451538, 9.330646571470425e-05
35.05692458152771, 0.6565994620323181, 0.044617388397455215, 17.408641815185547, 17.30770492553711, 1.5420719385147095, 1.239199991687201e-05
35.06689214706421, 0.6565994620323181, 0.044617388397455215, 17.408641815185547, 17.30770492553711, 1.5418856143951416, 9.296159078076016e-06
35.07691144943237, 0.6565994620323181, 0.044617388397455215, 17.408641815185547, 17.30770492553711, 1.5416150093078613, 2.9204484235378914e-05
35.08689999580383, 0.6565994620323181, 0.044617388397455215, 17.408641815185547, 17.30770492553711, 1.541513442993164, -2.1150759494048543e-05
35.096909523010254, 0.6565994620323181, 0.044617388397455215, 17.408641815185547, 17.30770492553711, 1.5413751602172852, 5.573167072725482e-05
35.10689878463745, 0.6565994620323181, 0.044617388397455215, 17.408641815185547, 17.30770492553711, 1.5413693189620972, 5.954168227617629e-05
35.116915225982666, 0.6344844102859497, -0.015083451755344868, 17.282833099365234, 0.5688826441764832, 1.541383981704712, -0.0003685027186293155
35.12691140174866, 0.648568332195282, -0.06023049354553223, 17.170656204223633, -2.520751953125, 1.5415163040161133, -4.313146200729534e-05
35.138132095336914, 0.648568332195282, 0.40155649185180664, 17.80368995666504, 4.177093505859375, 1.5416427850723267, 4.5114658860256895e-05
35.1469042301178, 0.646560549736023, 0.37924447655677795, 18.401275634765625, 12.267006874084473, 1.541864275932312, -4.1791816329350695e-05
35.15690732002258, 0.648568332195282, 0.23097461462020874, 18.738964080810547, 15.09263801574707, 1.5420451164245605, 2.6812089345185086e-05
35.16690635681152, 0.648568332195282, 0.2131991982460022, 19.054954528808594, 18.098196029663086, 1.54218327999115, 4.765664925798774e-05
35.17691946029663, 0.648568332195282, 0.2131991982460022, 19.054954528808594, 18.098196029663086, 1.5423156023025513, -0.00010707388719310984
35.18689823150635, 0.648568332195282, 0.2131991982460022, 19.054954528808594, 18.098196029663086, 1.5424742698669434, -0.00010707388719310984
35.19689917564392, 0.648568332195282, 0.2131991982460022, 19.054954528808594, 18.098196029663086, 1.5424742698669434, 3.261088204453699e-05
35.20689654350281, 0.648568332195282, 0.2131991982460022, 19.054954528808594, 18.098196029663086, 1.5424391031265259, -9.046436753123999e-05
35.2169234752655, 0.648568332195282, 0.2131991982460022, 19.054954528808594, 18.098196029663086, 1.5423550605773926, -9.046436753123999e-05
35.226890087127686, 0.648568332195282, 0.2131991982460022, 19.054954528808594, 18.098196029663086, 1.5422329902648926, 4.5242664782563224e-05
35.23690390586853, 0.648568332195282, 0.2131991982460022, 19.054954528808594, 18.098196029663086, 1.5421011447906494, 4.5242664782563224e-05
35.24693846702576, 0.648568332195282, 0.2131991982460022, 19.054954528808594, 18.098196029663086, 1.5418856143951416, -5.961505667073652e-05
35.25693941116333, 0.648568332195282, 0.2131991982460022, 19.054954528808594, 18.098196029663086, 1.5417532920837402, 1.1655117305053864e-05
35.26690483093262, 0.648568332195282, 0.2131991982460022, 19.054954528808594, 18.098196029663086, 1.541663408279419, 2.5600320441299118e-05
35.27848196029663, 0.648568332195282, 0.2131991982460022, 19.054954528808594, 18.098196029663086, 1.5416209697723389, 1.515740132163046e-05
35.28690457344055, 0.6205928921699524, -0.007322927471250296, 18.972299575805664, 1.24209725856781, 1.5416209697723389, 0.00136787339579314
35.296929597854614, 0.6205928921699524, -0.355455607175827, 18.390644073486328, 11.64372730255127, 1.541651725769043, 0.0005317445029504597
35.30692481994629, 0.6304983496665955, -0.24092793464660645, 17.947002410888672, 5.67779541015625, 1.5417430400848389, 0.0004797831643372774
35.31692171096802, 0.6304983496665955, -0.26100873947143555, 17.45583724975586, 0.4718780517578125, 1.5418206453323364, 0.0004797831643372774
35.32690358161926, 0.6284905672073364, -0.06660488247871399, 17.332738876342773, 0.5546146035194397, 1.5419937372207642, -0.0003050208615604788
35.336907625198364, 0.6284905672073364, -0.20077824592590332, 16.936216354370117, -2.3443222045898438, 1.5421260595321655, -0.0003867941559292376
35.346914529800415, 0.6284905672073364, -0.20077824592590332, 16.936216354370117, -2.3443222045898438, 1.5422476530075073, 1.4095334336161613e-05
