34.40104532241821, 1.0789673328399658, -1.5000900030136108, 107.11103057861328, -228.29776000976562, 1.433251142501831, 0.0
34.41101384162903, 1.207383632659912, 0.10796388238668442, 128.50425720214844, 28.42373275756836, 1.4333089590072632, 0.0
34.42100477218628, 1.0471452474594116, -1.5052318572998047, 125.7623519897461, 13.782501220703125, 1.4333370923995972, -0.008604994043707848
34.43100833892822, 1.0386011600494385, -1.4911227226257324, 123.31179809570312, 10.467529296875, 1.4333950281143188, -0.008604994043707848
34.44105863571167, 1.015131950378418, -1.357889175415039, 120.82728576660156, 5.810546875, 1.433480978012085, -0.006250456906855106
34.451027393341064, 1.015131950378418, -1.2289881706237793, 118.59275817871094, 4.828643798828125, 1.433480978012085, -0.006850342731922865
34.46114134788513, 0.9953951239585876, -1.5848478078842163, 116.00747680664062, -2.6287503242492676, 1.433436393737793, -0.0027301772497594357
34.47101640701294, 0.9716805219650269, -1.4701008796691895, 113.3345718383789, -6.91986083984375, 1.433436393737793, -0.0027301772497594357
34.481019496917725, 0.9716805219650269, -1.4164977073669434, 111.03228759765625, -6.89866828918457, 1.4333504438400269, -0.007666982244700193
34.49101233482361, 0.9461857080459595, -1.5297770500183105, 108.26139068603516, -13.043212890625, 1.4332926273345947, -0.008542673662304878
34.50099492073059, 0.9250054359436035, -1.539623737335205, 105.46207427978516, -16.4886474609375, 1.4332926273345947, -0.008542673662304878
34.51099991798401, 0.902853786945343, -3.38364315032959, 99.92223358154297, -317.5786437988281, 1.4333089590072632, -0.003523139050230384
34.52100157737732, 0.902853786945343, -1.4429271221160889, 97.2831039428711, -284.7923278808594, 1.4333949089050293, -0.006656184792518616
34.530983209609985, 0.8775455951690674, -1.789503574371338, 94.35714721679688, -321.7188415527344, 1.4333821535110474, -0.003586467355489731
34.54103684425354, 0.8512144088745117, -1.639169454574585, 91.36632537841797, -294.6098327636719, 1.4334399700164795, -0.003586467355489731
34.55101466178894, 0.8512144088745117, -1.821312665939331, 88.40164184570312, -335.45684814453125, 1.4333539009094238, -0.007865307852625847
34.56100654602051, 0.8308248519897461, -1.6457021236419678, 85.40945434570312, -305.9814453125, 1.4333949089050293, -0.0012564279604703188
34.571000814437866, 0.8107313513755798, -1.788331389427185, 82.48615264892578, -342.759033203125, 1.4333370923995972, -0.0044271983206272125
34.58100867271423, 0.8107313513755798, -1.6094863414764404, 79.559814453125, -314.7247314453125, 1.4333089590072632, -0.0044271983206272125
34.59105634689331, 0.7839527726173401, -1.8025901317596436, 76.61820220947266, -351.5896301269531, 1.4332926273345947, -0.00357391987927258
34.60099482536316, 0.7567020058631897, -1.8700294494628906, 73.55815887451172, -354.4888000488281, 1.4332926273345947, -0.0030349353328347206
34.61102890968323, 0.7567020058631897, -1.4615237712860107, 70.89275360107422, -290.2946472167969, 1.4333370923995972, -0.0030349353328347206
34.62099766731262, 0.736572802066803, -1.8475651741027832, 67.85895538330078, -326.934814453125, 1.4333949089050293, 0.00046793691581115127
34.631027936935425, 0.7104318141937256, -1.6711413860321045, 64.82051849365234, -295.367431640625, 1.4333949089050293, -0.002493611304089427
34.64103031158447, 0.6865921020507812, -1.8291406631469727, 61.822242736816406, -328.2674255371094, 1.4334231615066528, 0.0033488934859633446
34.65100359916687, 0.6701564192771912, -2.011749505996704, 58.535423278808594, -331.846435546875, 1.4333949089050293, 0.0033488934859633446
34.660990953445435, 0.6701564192771912, -1.606684923171997, 55.624691009521484, -297.8477478027344, 1.4333370923995972, 0.0027726409025490284
34.67099380493164, 0.6438714265823364, -1.6685962677001953, 52.59599304199219, -298.9013671875, 1.4333089590072632, 0.005695757921785116
34.68103098869324, 0.6248308420181274, -2.065565824508667, 49.22649002075195, -337.03656005859375, 1.433251142501831, 0.004715405870229006
34.69116997718811, 0.6063750386238098, -1.7757713794708252, 45.9978141784668, -306.2042236328125, 1.433251142501831, 0.004715405870229006
34.70099687576294, 0.596819281578064, -1.7764767408370972, 43.09085464477539, -338.525146484375, 1.4333089590072632, 0.004280251916497946
34.71099257469177, 0.596819281578064, -1.7764700651168823, 40.15774154663086, -341.5006103515625, 1.4333950281143188, 0.004856483545154333
34.720998764038086, 0.569282591342926, -1.672905683517456, 37.11097717285156, -307.4798583984375, 1.4334231615066528, 0.004888436757028103
34.73101615905762, 0.5416955947875977, -1.6873657703399658, 34.04304122924805, -307.77471923828125, 1.433480978012085, 0.004888436757028103
34.74103403091431, 0.524299144744873, -1.803259015083313, 31.09739112854004, -341.3874206542969, 1.4333949089050293, 0.004285886418074369
34.75099229812622, 0.5037575364112854, -1.66398286819458, 28.08247947692871, -304.5291748046875, 1.4333370923995972, 0.0042596980929374695
34.761035442352295, 0.4887581467628479, -2.015537738800049, 24.784326553344727, -342.6708679199219, 1.4332926273345947, 0.0029079376254230738
34.77099943161011, 0.4887581467628479, -1.723488211631775, 21.98481559753418, -340.1239318847656, 1.433223009109497, 0.0029079376254230738
34.78100275993347, 0.47008174657821655, -1.5474796295166016, 19.166101455688477, -300.6038818359375, 1.433251142501831, 0.003736065002158284
34.791015625, 0.4498751163482666, -1.738892674446106, 16.320640563964844, -329.7464599609375, 1.433210015296936, 0.003961239941418171
34.801002979278564, 0.4330834448337555, -1.8192861080169678, 13.335455894470215, -330.6155700683594, 1.4332960844039917, 0.0038986545987427235
34.81099200248718, 0.41803988814353943, -1.787799596786499, 10.08491039276123, -300.72821044921875, 1.4333539009094238, 0.0038986545987427235
34.82101368904114, 0.3983672857284546, -1.8990503549575806, 6.966861724853516, -334.93487548828125, 1.4333539009094238, 0.00365851866081357
34.83101487159729, 0.3845483362674713, -1.5714794397354126, 4.109626293182373, -299.3341369628906, 1.4333539009094238, 0.0032420149073004723
34.84099459648132, 0.3845483362674713, -1.552783727645874, 1.5768787860870361, -328.00579833984375, 1.4333089590072632, 0.003430595388635993
34.85099458694458, 0.3686754107475281, -1.3508230447769165, -0.8635358214378357, -289.45989990234375, 1.433223009109497, 0.003430595388635993
34.860992431640625, 0.3533813953399658, -1.353764533996582, -3.288621187210083, -280.7294921875, 1.4330233335494995, 0.003199461381882429
34.871012449264526, 0.3479083776473999, -1.5649961233139038, -5.800301551818848, -308.7235107421875, 1.4327526092529297, 0.0030762276146560907
34.88101243972778, 0.35506078600883484, -1.1502087116241455, -7.843017578125, -270.09124755859375, 1.4324854612350464, 0.003283450612798333
34.89100790023804, 0.35506078600883484, -0.9481459856033325, -9.566919326782227, -258.87567138671875, 1.4324029684066772, 0.0029246797785162926
34.90104413032532, 0.37217557430267334, -0.6090790033340454, -10.659337043762207, -239.94786071777344, 1.432477355003357, 0.0029246797785162926
34.910999059677124, 0.3954523205757141, -0.2509719729423523, -11.117745399475098, -235.5850830078125, 1.432665467262268, 0.0027462991420179605
34.920998096466064, 0.4165402948856354, 0.18173158168792725, -10.787324905395508, -177.5418243408203, 1.4328535795211792, 0.0036179539747536182
34.931010484695435, 0.4360039234161377, 0.5145549774169922, -9.885972023010254, -139.95599365234375, 1.4331244230270386, 0.004306952469050884
34.941049337387085, 0.4506085216999054, 0.7339980602264404, -8.754242897033691, -114.790283203125, 1.4332350492477417, 0.004306952469050884
34.95103693008423, 0.4506085216999054, 0.8193343877792358, -7.264543533325195, -64.00994873046875, 1.4332317113876343, -0.00010408818343421444
34.96100878715515, 0.47032642364501953, 1.2993879318237305, -5.137665748596191, -20.545005798339844, 1.4332693815231323, -0.00015621510101482272
34.97103571891785, 0.4857493042945862, 1.531564474105835, -2.6383183002471924, 35.133148193359375, 1.4332526922225952, -0.00020838739874307066
34.98101258277893, 0.4857493042945862, 1.4520950317382812, -0.25615909695625305, 84.29845428466797, 1.4332363605499268, -0.00020838739874307066
34.99101185798645, 0.4995429515838623, 1.4448225498199463, 2.370790958404541, 119.37704467773438, 1.4332492351531982, -6.999233301030472e-05
35.00103831291199, 0.5169850587844849, 1.6089909076690674, 4.990832328796387, 173.8907470703125, 1.4333070516586304, -0.00019865536887664348
35.011027812957764, 0.5255356431007385, 1.4453729391098022, 7.347838401794434, 205.1731719970703, 1.4333518743515015, -0.00013326999032869935
35.02099394798279, 0.5255356431007385, 1.2110570669174194, 9.331974029541016, 223.54774475097656, 1.4333386421203613, -0.00019568685092963278
35.031015396118164, 0.5487343072891235, 1.127302646636963, 11.399323463439941, 212.85293579101562, 1.4332412481307983, -0.00019568685092963278
35.041069984436035, 0.5638891458511353, 1.1328041553497314, 13.476935386657715, 222.31182861328125, 1.4331424236297607, -0.00011447178258094937
35.05100059509277, 0.5798439979553223, 1.4359554052352905, 15.844735145568848, 256.76971435546875, 1.433043122291565, -0.000116235765744932
35.06099033355713, 0.5878698825836182, 1.3060370683670044, 17.997514724731445, 257.05755615234375, 1.4329571723937988, -0.0002786557306535542
35.07101345062256, 0.6078046560287476, 1.2205541133880615, 20.221818923950195, 228.6013641357422, 1.4329290390014648, -0.0002786557306535542
35.08100962638855, 0.6252993941307068, 1.5505619049072266, 22.753986358642578, 255.66831970214844, 1.4329571723937988, -0.000323396670864895
35.09102392196655, 0.6252993941307068, 1.2575626373291016, 25.01729393005371, 226.46493530273438, 1.4330846071243286, -0.0004950383445248008
35.101009130477905, 0.6252993941307068, 1.2034906148910522, 26.971036911010742, 244.22454833984375, 1.4331704378128052, -0.0001180102553917095
35.11100387573242, 0.6639108061790466, 1.537508487701416, 29.46149253845215, 245.7071990966797, 1.4333105087280273, -0.00027323520043864846
35.12102270126343, 0.6639108061790466, 1.5375018119812012, 31.954235076904297, 251.35845947265625, 1.4334379434585571, -0.00027323520043864846
35.131014585494995, 0.6807829737663269, 1.320481300354004, 34.34253692626953, 229.43209838867188, 1.4335070848464966, -0.0001260105345863849
35.14099597930908, 0.6948661208152771, 1.3097703456878662, 36.72903060913086, 232.52105712890625, 1.4334790706634521, -0.0001467061956645921
35.15100336074829, 0.7111451029777527, 1.458896517753601, 39.12451171875, 258.66424560546875, 1.433434009552002, -0.00018278944480698556
35.161025285720825, 0.7111451029777527, 1.232755184173584, 41.38896560668945, 233.91476440429688, 1.4333070516586304, -0.00018278944480698556
35.17104148864746, 0.7286800742149353, 1.3430582284927368, 43.59720993041992, 259.7261962890625, 1.4332492351531982, -0.00041773810517042875
35.18099665641785, 0.7463533282279968, 1.3450450897216797, 45.80564880371094, 256.1297912597656, 1.4332082271575928, -0.0002511347702238709
35.19106125831604, 0.7588269114494324, 1.3352692127227783, 48.23789978027344, 232.20558166503906, 1.4331835508346558, -0.0004622811684384942
35.20111012458801, 0.7588269114494324, 1.4836456775665283, 50.66568374633789, 263.2742919921875, 1.4331424236297607, -0.0004622811684384942
35.21100640296936, 0.7726088166236877, 1.2077490091323853, 52.641414642333984, 257.5548095703125, 1.4331867694854736, -0.0002208173682447523
35.22100806236267, 0.7880678772926331, 1.3795230388641357, 54.8988151550293, 254.93960571289062, 1.4331867694854736, -0.0003794965741690248
35.23100781440735, 0.8013177514076233, 1.339276671409607, 57.10087203979492, 252.87034606933594, 1.4331289529800415, -0.0007467617397196591
35.24101710319519, 0.8149693012237549, 1.201033592224121, 59.284568786621094, 225.555419921875, 1.4330846071243286, -0.0005446018185466528
35.251004457473755, 0.8149693012237549, 1.0382473468780518, 61.17801284790039, 220.53489685058594, 1.4330974817276, -0.0005446018185466528
35.26098918914795, 0.8284792304039001, 1.3037124872207642, 63.30388259887695, 243.4989013671875, 1.4331386089324951, -0.00029427517438307405
35.27101182937622, 0.8483256101608276, 1.1964499950408936, 65.47412872314453, 218.7694549560547, 1.433166742324829, -0.000287318485789001
35.28100275993347, 0.8581563234329224, 1.2422600984573364, 67.48377227783203, 240.8680419921875, 1.4332940578460693, -0.0003970724646933377
35.291033029556274, 0.8581563234329224, 0.9932994842529297, 69.2897720336914, 210.5194091796875, 1.4333518743515015, -0.0003970724646933377
35.30106329917908, 0.8581563234329224, 0.9932994842529297, 69.2897720336914, 210.5194091796875, 1.4334790706634521, -0.0005784439272247255
35.3110191822052, 0.8846901059150696, 0.6293118000030518, 71.54454040527344, 104.39395904541016, 1.4334790706634521, -0.0004479167691897601
35.32101511955261, 0.8960366249084473, 1.371423363685608, 73.78868865966797, 234.96923828125, 1.4334790706634521, -0.0006228075362741947
35.331092834472656, 0.8960366249084473, 1.199649453163147, 75.77487182617188, 231.95733642578125, 1.4333518743515015, -0.0007560004596598446
35.341033697128296, 0.906849205493927, 1.0553181171417236, 77.70924377441406, 206.0821533203125, 1.433266043663025, -0.0007560004596598446
35.351032972335815, 0.9190062284469604, 1.155965805053711, 79.6188735961914, 225.937744140625, 1.433166742324829, -0.0006760823307558894
35.3609893321991, 0.9305764436721802, 1.156073808670044, 81.7208251953125, 205.42831420898438, 1.433166742324829, -0.0007034227019175887
35.37099599838257, 0.9385687708854675, 1.1008918285369873, 83.72990417480469, 204.26101684570312, 1.4331257343292236, -0.00030976004200056195
35.38104057312012, 0.9385687708854675, 1.1008918285369873, 83.72990417480469, 204.26101684570312, 1.4330846071243286, -0.00030976004200056195
35.391010999679565, 0.9385687708854675, 1.1008918285369873, 83.72990417480469, 204.26101684570312, 1.4331424236297607, -0.00025376214762218297
35.40100836753845, 0.957838773727417, 0.37763240933418274, 85.71292877197266, 69.78870391845703, 1.4331704378128052, -0.0007570014568045735
35.41100215911865, 0.9661703109741211, 1.0801434516906738, 87.67682647705078, 201.93023681640625, 1.4331704378128052, -0.00041041424265131354
35.42101788520813, 0.9730405211448669, 1.2764798402786255, 89.75813293457031, 227.42547607421875, 1.4332115650177002, -0.00041041424265131354
35.43100118637085, 0.982329785823822, 1.084877371788025, 91.5310287475586, 222.07302856445312, 1.4332245588302612, -0.0008876127540133893
35.44108605384827, 0.9885536432266235, 0.9251773357391357, 93.21316528320312, 194.244384765625, 1.4332245588302612, 0.0001835113507695496
35.451019287109375, 0.9885536432266235, 1.0279814004898071, 94.88268280029297, 212.30909729003906, 1.4332940578460693, -0.0004658177203964442
35.461007595062256, 0.9943426251411438, 0.8749246597290039, 96.46598052978516, 187.56790161132812, 1.4333351850509644, -0.0004658177203964442
35.470996141433716, 1.002498984336853, 0.9276933073997498, 97.9735107421875, 203.9396514892578, 1.4333930015563965, 0.00013626163126900792
35.481016397476196, 1.0085246562957764, 0.7794857025146484, 99.39823150634766, 176.77536010742188, 1.4333518743515015, -0.0005152022931724787
35.49100589752197, 1.0085246562957764, 0.6995677947998047, 100.6650390625, 169.3511962890625, 1.433380126953125, -0.0013909178087487817
35.50100493431091, 1.0143702030181885, 0.5653083324432373, 101.69800567626953, 159.85031127929688, 1.4333518743515015, -0.0013909178087487817
35.51098942756653, 1.0209840536117554, 0.6090402603149414, 102.70214080810547, 166.947265625, 1.4333105087280273, -0.0008254705462604761
35.52100157737732, 1.0253959894180298, 0.5817148685455322, 103.66455078125, 154.5164337158203, 1.4332526922225952, -0.0007256114622578025
35.53100085258484, 1.0288845300674438, 0.4655599594116211, 104.5161361694336, 129.85076904296875, 1.4332245588302612, -0.0007353263208642602
35.54102873802185, 1.0288845300674438, 0.4481342136859894, 105.26741790771484, 133.9357147216797, 1.4331257343292236, -0.0007353263208642602
35.551011085510254, 1.031467318534851, 0.42912960052490234, 106.04765319824219, 111.64932250976562, 1.4331257343292236, -0.0005021286197006702
35.5610249042511, 1.031467318534851, 0.42912960052490234, 106.04765319824219, 111.64932250976562, 1.4331257343292236, -0.001184143591672182
35.571019887924194, 1.031467318534851, 0.42912960052490234, 106.04765319824219, 111.64932250976562, 1.4331834316253662, -0.0011652299435809255
35.58101558685303, 1.031467318534851, 0.42912960052490234, 106.04765319824219, 111.64932250976562, 1.4331834316253662, -0.0011652299435809255
35.59101891517639, 1.038693904876709, 0.36194324493408203, 107.49649810791016, 95.23086547851562, 1.4332115650177002, -0.0009767444571480155
35.601008892059326, 1.0403825044631958, 0.35398536920547485, 108.0577621459961, 96.21768188476562, 1.4333105087280273, -0.0008111569914035499
35.611000299453735, 1.0403825044631958, 0.35397210717201233, 108.6369857788086, 88.57811737060547, 1.4333105087280273, -0.0006422493024729192
35.62133169174194, 1.0411505699157715, 0.267791748046875, 109.1163558959961, 74.18289184570312, 1.4333518743515015, -0.0006422493024729192
35.63100624084473, 1.0411505699157715, 0.2016901969909668, 109.49358367919922, 67.913818359375, 1.4332940578460693, -0.000529623415786773
35.64100432395935, 1.0406101942062378, 0.1690387725830078, 109.77018737792969, 67.840576171875, 1.4332940578460693, -0.0008727656677365303
35.651005029678345, 1.0392708778381348, 0.11540783941745758, 109.95903778076172, 60.47566604614258, 1.4332940578460693, -0.0009315377101302147
35.66102313995361, 1.0374500751495361, 0.08565187454223633, 110.1147689819336, 48.47412109375, 1.4332940578460693, -0.0009315377101302147
35.67101073265076, 1.0374500751495361, 0.08565187454223633, 110.1147689819336, 48.47412109375, 1.4332526922225952, -0.000621408864390105
35.68101358413696, 1.0374500751495361, 0.08565187454223633, 110.1147689819336, 48.47412109375, 1.4332526922225952, -0.0007025700178928673
35.69121527671814, 1.0521314144134521, 0.0688791275024414, 110.49799346923828, 14.8345947265625, 1.4332526922225952, -0.0005855069030076265
35.70099329948425, 1.048115849494934, 0.10467900335788727, 110.67676544189453, 42.59151840209961, 1.4332115650177002, -0.0005855069030076265
35.71100640296936, 1.0247660875320435, -0.13927221298217773, 110.42865753173828, 29.3212890625, 1.4331834316253662, -0.0010414047865197062
35.72100806236267, 1.0200471878051758, -0.20334720611572266, 110.0589370727539, 20.011138916015625, 1.4331834316253662, -0.0005427121068350971
35.7310106754303, 1.0200471878051758, -0.2259545922279358, 109.68919372558594, 11.69162368774414, 1.4331834316253662, -0.0035012690350413322
35.741021394729614, 1.0133439302444458, -0.30896398425102234, 109.1836166381836, 0.7485283613204956, 1.4331834316253662, -0.0035012690350413322
35.75100231170654, 1.026030421257019, -0.16800563037395477, 108.9012222290039, -6.58247184753418, 1.4332245588302612, -0.006028411909937859
35.76101303100586, 1.022014856338501, -0.1859426498413086, 108.55802917480469, -12.12158203125, 1.4332526922225952, -0.007860570214688778
35.77100491523743, 0.9988409876823425, -0.4043102264404297, 107.82291412353516, -21.36077880859375, 1.4332526922225952, -0.006659483537077904
35.78102445602417, 0.9988409876823425, -0.4043102264404297, 107.82291412353516, -21.36077880859375, 1.4332526922225952, -0.006659483537077904
35.791014671325684, 0.9988409876823425, -0.4043102264404297, 107.82291412353516, -21.36077880859375, 1.4332526922225952, -0.00764721492305398
35.80100107192993, 0.9988409876823425, -0.4043102264404297, 107.82291412353516, -21.36077880859375, 1.4332940578460693, -0.005498616490513086
35.810996294021606, 0.9830573797225952, -0.13946875929832458, 106.8264389038086, -8.431654930114746, 1.4332940578460693, -0.004572574514895678
35.82102060317993, 0.9759308099746704, -0.7619976997375488, 105.44852447509766, -50.494384765625, 1.4332525730133057, -0.004572574514895678
35.83100366592407, 0.9675272107124329, -0.8058905601501465, 103.98326873779297, -66.93496704101562, 1.4332525730133057, -0.004699410870671272
35.84100794792175, 0.9581038355827332, -0.740680456161499, 102.7763442993164, -85.02621459960938, 1.4332245588302612, -0.0047614010982215405
35.85103702545166, 0.9581038355827332, -0.6194412708282471, 101.65008544921875, -84.08889770507812, 1.4332245588302612, -0.0047614010982215405
35.861002922058105, 0.947207510471344, -0.8093317151069641, 100.32572174072266, -104.03781127929688, 1.4332245588302612, -0.007243597414344549
35.87100148200989, 0.9374960660934448, -0.842750072479248, 98.95415496826172, -113.66102600097656, 1.4331834316253662, -0.005868821404874325
35.881030559539795, 0.9374960660934448, -0.842750072479248, 98.95415496826172, -113.66102600097656, 1.4331834316253662, -0.006162353791296482
35.89099740982056, 0.9212989807128906, -0.5512174963951111, 97.04483795166016, -62.40202331542969, 1.4332115650177002, -0.006162353791296482
35.90101480484009, 0.9212989807128906, -1.007169485092163, 95.20616149902344, -133.51821899414062, 1.4332525730133057, -0.0038197936955839396
35.911001682281494, 0.909552276134491, -0.9920861721038818, 93.58274841308594, -158.2234649658203, 1.4332525730133057, -0.004431900102645159
35.920989990234375, 0.909552276134491, -0.9920861721038818, 93.58274841308594, -158.2234649658203, 1.4332525730133057, -0.003321040654554963
35.930988073349, 0.8851062059402466, -0.515529990196228, 91.80182647705078, -79.07706451416016, 1.4332525730133057, -0.003321040654554963
35.94099831581116, 0.8895015716552734, -0.9603301882743835, 90.2354736328125, -169.03431701660156, 1.4332245588302612, -0.005940794013440609
35.95098686218262, 0.8895015716552734, -0.9603301882743835, 90.2354736328125, -169.03431701660156, 1.4332245588302612, -0.005694888532161713
35.960991859436035, 0.8640322685241699, -0.5174726247787476, 88.34864044189453, -78.17344665527344, 1.4332526922225952, -0.005528610199689865
35.970999240875244, 0.8533615469932556, -1.1638203859329224, 86.44422912597656, -181.4676971435547, 1.4332525730133057, -0.004276999272406101
35.98100686073303, 0.8533615469932556, -1.1638203859329224, 86.44422912597656, -181.4676971435547, 1.4332525730133057, -0.004276999272406101
35.99099636077881, 0.8533615469932556, -1.1638203859329224, 86.44422912597656, -181.4676971435547, 1.4332526922225952, -0.005367197562009096
36.000977993011475, 0.831275999546051, -0.4227578639984131, 84.13825225830078, -58.37300491333008, 1.4332526922225952, -0.004722564946860075
36.01098966598511, 0.810731053352356, -1.364755630493164, 81.65689849853516, -186.688232421875, 1.4332525730133057, -0.006323360837996006
36.02106595039368, 0.8111982345581055, -1.403311848640442, 79.36566162109375, -217.64967346191406, 1.4332245588302612, -0.006323360837996006
36.03098821640015, 0.799151599407196, -1.3571977615356445, 77.1447982788086, -221.11172485351562, 1.4332245588302612, -0.003022017190232873
36.04099178314209, 0.7871049046516418, -1.4910433292388916, 74.70491027832031, -227.79168701171875, 1.4332245588302612, -0.0032670078799128532
36.051077127456665, 0.7704796195030212, -1.3907253742218018, 72.17631530761719, -214.06402587890625, 1.4332245588302612, -0.00020459553343243897
36.0610077381134, 0.758237898349762, -1.2686848640441895, 69.86961364746094, -219.32220458984375, 1.4332245588302612, -0.00020459553343243897
36.07100796699524, 0.7475696206092834, -1.5770130157470703, 67.2839584350586, -255.01675415039062, 1.4332525730133057, -0.0005551215726882219
36.081040143966675, 0.7306393980979919, -1.4821490049362183, 64.85859680175781, -260.9998779296875, 1.4332526922225952, -0.001712355762720108
36.09099197387695, 0.7306393980979919, -1.2272179126739502, 62.62729263305664, -238.16986083984375, 1.4332526922225952, -0.00014413522148970515
36.100987672805786, 0.7130100131034851, -1.1826634407043457, 60.47699737548828, -236.61270141601562, 1.4332526922225952, -0.00014413522148970515
36.11098861694336, 0.702402651309967, -1.2036495208740234, 58.507408142089844, -257.216552734375, 1.4332525730133057, -0.0024573858827352524
36.12100005149841, 0.6893426179885864, -1.218557357788086, 56.29185104370117, -230.7373046875, 1.4332525730133057, 0.0019814553670585155
36.13099765777588, 0.6702756285667419, -1.2887656688690186, 53.9537353515625, -231.91146850585938, 1.4332245588302612, 0.004352238494902849
36.141032695770264, 0.6552072167396545, -1.4655258655548096, 51.555599212646484, -257.2140197753906, 1.4332245588302612, 0.003974477760493755
36.15100622177124, 0.6552072167396545, -1.1527180671691895, 49.45975112915039, -227.1656036376953, 1.4332245588302612, 0.003974477760493755
36.160998582839966, 0.46363991498947144, -2.945983409881592, 44.103416442871094, -257.66259765625, 1.4332245588302612, 0.0042873858474195
36.171024322509766, 0.6248751282691956, -1.226949691772461, 41.87260055541992, -254.11300659179688, 1.4332245588302612, 0.003898763097822666
36.18099284172058, 0.6248751282691956, -1.1751519441604614, 39.949623107910156, -276.7664489746094, 1.4332245588302612, 0.0034533457364887
36.1909921169281, 0.6084144115447998, -1.2222528457641602, 37.72734451293945, -248.99978637695312, 1.4332115650177002, 0.0034533457364887
36.20098543167114, 0.5903603434562683, -1.362774133682251, 35.49223709106445, -277.6082458496094, 1.4332526922225952, 0.003340605879202485
36.21099805831909, 0.576609194278717, -1.257932186126709, 33.20508575439453, -253.02352905273438, 1.4332526922225952, 0.004588600248098373
36.2209951877594, 0.5624111890792847, -1.4103518724441528, 30.89723777770996, -282.1617126464844, 1.4332526922225952, 0.004442774225026369
36.23099875450134, 0.5477749705314636, -1.2250065803527832, 28.669952392578125, -252.83775329589844, 1.4332245588302612, 0.004442774225026369
36.24102735519409, 0.5316203832626343, -1.373178482055664, 26.428049087524414, -279.1955871582031, 1.4332245588302612, 0.0041443174704909325
36.25100564956665, 0.5316203832626343, -1.235872507095337, 24.19152069091797, -252.68211364746094, 1.433166742324829, 0.0021519153378903866
36.2609965801239, 0.5180090069770813, 0.5436956882476807, 25.180057525634766, -189.23377990722656, 1.433166742324829, 0.0032263961620628834
36.27101254463196, 0.5043433904647827, -1.2053191661834717, 22.978055953979492, -188.9451904296875, 1.4332245588302612, 0.0032263961620628834
36.281001329422, 0.48877888917922974, -1.512176513671875, 20.503585815429688, -216.0672149658203, 1.4332115650177002, 0.00024252089497167617
36.29124903678894, 0.4789115786552429, -1.2950360774993896, 18.151336669921875, -195.7599639892578, 1.4332693815231323, 0.003528665052726865
36.30101275444031, 0.46225231885910034, -1.4234251976013184, 15.81158447265625, -218.67413330078125, 1.4332693815231323, 0.003702887101098895
36.311012983322144, 0.46225231885910034, -1.143568754196167, 13.72489070892334, -194.80191040039062, 1.4333105087280273, 0.003702887101098895
36.321006536483765, 0.44262832403182983, -1.1978298425674438, 11.547018051147461, -193.50242614746094, 1.4332245588302612, 0.0035487620625644922
36.33118987083435, 0.42911016941070557, -1.3184912204742432, 9.415626525878906, -213.93690490722656, 1.433166742324829, 0.004285841714590788
36.341110944747925, 0.4146484136581421, -1.169714331626892, 7.288873195648193, -191.39175415039062, 1.433166742324829, 0.003422446781769395
36.35099124908447, 0.40221813321113586, -1.294022798538208, 4.9361042976379395, -192.55380249023438, 1.4331386089324951, 0.003422446781769395
36.361008644104004, 0.39125344157218933, -1.4083948135375977, 2.636573553085327, -250.48330688476562, 1.4331386089324951, 0.003420537570491433
36.37101125717163, 0.39125344157218933, -1.1309057474136353, 0.5803812742233276, -223.976806640625, 1.4331257343292236, 0.00340380915440619
36.381001472473145, 0.3767269551753998, -1.2450218200683594, -1.4650768041610718, -244.09622192382812, 1.4331834316253662, 0.00339890387840569
36.39112043380737, 0.3628532886505127, -1.2895365953445435, -3.5752274990081787, -241.40628051757812, 1.4331834316253662, 0.00339890387840569
36.40100836753845, 0.35490116477012634, -1.1927882432937622, -5.495830059051514, -236.74911499023438, 1.4330116510391235, 0.0031662876717746258
36.411004304885864, 0.3545980155467987, -1.1961625814437866, -7.39921760559082, -234.71229553222656, 1.432714819908142, 0.0032727194484323263
36.42100405693054, 0.366318941116333, -0.763094425201416, -8.786662101745605, -203.33677673339844, 1.4324887990951538, 0.003330846084281802
36.4310257434845, 0.38111260533332825, -0.5333059430122375, -9.59273910522461, -211.20404052734375, 1.4323484897613525, 0.003330846084281802
36.44105768203735, 0.38111260533332825, -0.33535659313201904, -10.202478408813477, -174.91354370117188, 1.432393193244934, 0.003569831373170018
36.4510703086853, 0.3970418870449066, -0.05751517042517662, -10.30472183227539, -169.34249877929688, 1.4326210021972656, 0.0033309676218777895
36.46100068092346, 0.4238511919975281, 0.36219754815101624, -9.75345516204834, -137.66696166992188, 1.4329642057418823, 0.0032272369135171175
36.47105693817139, 0.43750298023223877, 0.5138847827911377, -9.021856307983398, -106.69157409667969, 1.4332221746444702, 0.0032272369135171175
36.48100471496582, 0.4525182545185089, 0.7579147815704346, -7.643829822540283, -61.78750991821289, 1.4334315061569214, 0.0010689933551475406
36.4910044670105, 0.4684687554836273, 1.1735029220581055, -5.761612415313721, -24.29315757751465, 1.4334566593170166, -0.00020837533520534635
36.501055002212524, 0.4684687554836273, 1.1356741189956665, -3.7013237476348877, 17.945098876953125, 1.4334245920181274, -0.0003077167202718556
36.51099634170532, 0.4818786382675171, 1.4142261743545532, -1.3732205629348755, 66.95540618896484, 1.433380126953125, -0.0003077167202718556
36.52102851867676, 0.4931831359863281, 1.2686431407928467, 0.9334033131599426, 97.20068359375, 1.4333183765411377, -0.0001038732152665034
36.53099226951599, 0.5024573802947998, 1.3482736349105835, 3.1559901237487793, 141.652587890625, 1.4332903623580933, -0.0002828817814588547
36.54099655151367, 0.5137357711791992, 1.3262361288070679, 5.559178829193115, 157.61651611328125, 1.4333351850509644, -3.0211280318326317e-05
36.5509877204895, 0.5137357711791992, 1.1669367551803589, 7.683222770690918, 179.87950134277344, 1.4333223104476929, -3.0211280318326317e-05
36.560999393463135, 0.519248366355896, 1.0599693059921265, 9.40963363647461, 212.9232177734375, 1.4333667755126953, -0.00022618900402449071
36.57099390029907, 0.5266551375389099, 0.9905828237533569, 11.032646179199219, 222.82781982421875, 1.433355450630188, -9.216265607392415e-05
36.58100724220276, 0.5266551375389099, 0.7413685321807861, 12.398578643798828, 200.42405700683594, 1.4332565069198608, -2.968183980556205e-05
36.591031074523926, 0.5351189970970154, 0.6665050983428955, 13.633598327636719, 193.95213317871094, 1.4331289529800415, -2.968183980556205e-05
36.60102152824402, 0.5472472906112671, 0.8753140568733215, 15.097163200378418, 208.87210083007812, 1.4329571723937988, -0.00033299720962531865
36.61123704910278, 0.5472472906112671, 0.8753140568733215, 15.097163200378418, 208.87210083007812, 1.432871699333191, -0.0003835438983514905
36.62102437019348, 0.5694534182548523, 0.460919588804245, 16.715482711791992, 95.20367431640625, 1.4328138828277588, -0.00025149722932837903
36.631012201309204, 0.582213819026947, 0.9892318248748779, 18.318620681762695, 193.1690673828125, 1.4328997135162354, -5.144928763911594e-06
36.641011476516724, 0.5936173796653748, 0.9115993976593018, 19.94245719909668, 167.86460876464844, 1.4330846071243286, -5.144928763911594e-06
36.65100407600403, 0.5936173796653748, 0.8875727653503418, 21.36125373840332, 175.578857421875, 1.4332693815231323, -0.00010954160097753629
36.66100001335144, 0.605820894241333, 1.0231666564941406, 23.007307052612305, 170.2675323486328, 1.4334245920181274, -0.00021029709023423493
36.6710147857666, 0.6164453029632568, 0.9719729423522949, 24.751359939575195, 153.41720581054688, 1.4335520267486572, -0.00039876438677310944
36.68102407455444, 0.6287197470664978, 1.020646095275879, 26.607080459594727, 155.74435424804688, 1.4335931539535522, -0.00039876438677310944
36.69130873680115, 0.6377301216125488, 1.2341670989990234, 28.6273193359375, 180.3192596435547, 1.4335482120513916, -6.1006630858173594e-05
36.70102119445801, 0.6468488574028015, 1.241438865661621, 30.66684913635254, 189.25857543945312, 1.4335037469863892, -0.00034885527566075325
36.711002349853516, 0.6468488574028015, 0.99601149559021, 32.49342727661133, 173.96258544921875, 1.4334176778793335, -0.00044327107025310397
36.72101926803589, 0.6584339141845703, 0.9886688590049744, 34.1343994140625, 193.5435333251953, 1.4332903623580933, -0.00044327107025310397
36.73112177848816, 0.666837751865387, 0.9402698874473572, 35.68050003051758, 192.90988159179688, 1.4332492351531982, -0.0003113303682766855
36.74102520942688, 0.6761104464530945, 0.8249342441558838, 37.179752349853516, 172.37261962890625, 1.4332526922225952, -0.00016965248505584896
36.750998735427856, 0.6849705576896667, 0.9135305881500244, 38.84819412231445, 174.86953735351562, 1.4332115650177002, -0.0004357778816483915
36.76100444793701, 0.6849705576896667, 0.8794400691986084, 40.291786193847656, 192.04966735839844, 1.4331867694854736, -0.0004357778816483915
36.77102303504944, 0.6935377717018127, 0.7709205150604248, 41.693458557128906, 169.42100524902344, 1.4331867694854736, -3.375461164978333e-05
36.78101348876953, 0.7047200202941895, 0.8444521427154541, 43.093257904052734, 183.1796417236328, 1.433087944984436, -0.0003264133702032268
36.79102039337158, 0.714268684387207, 0.7653892040252686, 44.477420806884766, 158.5010528564453, 1.4331289529800415, -0.0003233635507058352
36.80101656913757, 0.7228956818580627, 0.7604658603668213, 45.87569046020508, 152.0885467529297, 1.433043122291565, -0.0003233635507058352
36.81101155281067, 0.7290699481964111, 0.822216272354126, 47.36308670043945, 148.69651794433594, 1.4330846071243286, -0.0001254038215847686
36.821017265319824, 0.7290699481964111, 0.7848342061042786, 48.6398811340332, 161.1726531982422, 1.4331257343292236, -0.0003693486505653709
36.83102083206177, 0.7359553575515747, 0.6911754608154297, 49.883995056152344, 142.034912109375, 1.433194875717163, -0.0002646476204972714
36.841001749038696, 0.7421401143074036, 0.7336669564247131, 51.066505432128906, 154.296875, 1.4332940578460693, -0.0002646476204972714
36.851014375686646, 0.7495967149734497, 0.718070387840271, 52.22588348388672, 148.6409454345703, 1.433380126953125, 5.109762059873901e-05
36.86101841926575, 0.7560812830924988, 0.7111012935638428, 53.50316619873047, 132.1136474609375, 1.4334660768508911, -7.182596164057031e-05
36.870999336242676, 0.7617266178131104, 0.7576544880867004, 54.74296569824219, 144.9940948486328, 1.4334660768508911, -7.182596164057031e-05
36.880998611450195, 0.7617266178131104, 0.6334119439125061, 55.779457092285156, 140.9585723876953, 1.4334660768508911, -0.0001711977820377797
36.89100527763367, 0.7697113752365112, 0.554424524307251, 56.80312728881836, 123.25706481933594, 1.433380126953125, -0.00030572153627872467
36.90100717544556, 0.7760739326477051, 0.5908740758895874, 57.793182373046875, 132.4166259765625, 1.4332526922225952, -0.00027715793112292886
36.91098737716675, 0.7807232737541199, 0.5165338516235352, 58.732337951660156, 113.69247436523438, 1.433166742324829, -0.00047969160368666053
36.92100524902344, 0.7842100262641907, 0.5514025688171387, 59.75796890258789, 111.18087768554688, 1.4331257343292236, -0.00047969160368666053
36.93102025985718, 0.7842100262641907, 0.5361636281013489, 60.64280700683594, 119.54244232177734, 1.4330846071243286, -0.0005732682184316218
36.94100022315979, 0.788409411907196, 0.5140966773033142, 61.48405456542969, 115.75020599365234, 1.4330846071243286, -0.0007908731931820512
36.95100736618042, 0.7922012805938721, 0.4260420799255371, 62.243072509765625, 100.17204284667969, 1.4331704378128052, -0.0007908731931820512
36.961004972457886, 0.7977215051651001, 0.4626777470111847, 63.000179290771484, 105.5225830078125, 1.4331704378128052, -0.000652722897939384
36.97102618217468, 0.8152137994766235, 0.5942914485931396, 63.957008361816406, 102.37757110595703, 1.4332565069198608, -0.0005136060644872487
36.9810106754303, 0.8005207180976868, 0.38794875144958496, 64.65489196777344, 88.75503540039062, 1.4332976341247559, 0.0003488475631456822
36.9910044670105, 0.8045136332511902, 0.3866884410381317, 65.28019714355469, 94.18911743164062, 1.4333386421203613, 0.0003488475631456822
37.000972509384155, 0.8062766194343567, 0.3020286560058594, 65.83744812011719, 80.44281005859375, 1.4332940578460693, -0.0003878473653458059
37.011048316955566, 0.8062766194343567, 0.2839300334453583, 66.30206298828125, 84.10813903808594, 1.4332940578460693, -0.0003854620736092329
37.02100992202759, 0.8062766194343567, 0.22066235542297363, 66.70326232910156, 69.45266723632812, 1.4332940578460693, -0.00042289236444048584
37.030994176864624, 0.8252527117729187, 0.45603513717651367, 67.44950103759766, 75.63103485107422, 1.4332940578460693, -0.00035359611501917243
37.04104447364807, 0.8252527117729187, 0.36843419075012207, 68.1037368774414, 66.1956787109375, 1.433380126953125, -0.00035359611501917243
37.05100059509277, 0.8272604942321777, 0.3895362317562103, 68.74115753173828, 72.20120239257812, 1.433380126953125, -0.0008956168894656003
37.06101846694946, 0.8272604942321777, 0.29538869857788086, 69.28577423095703, 62.85552978515625, 1.4333386421203613, -0.0005335633177310228
37.07101058959961, 0.8272604942321777, 0.12046694755554199, 69.50480651855469, 55.4779052734375, 1.4333386421203613, -0.0008091056952252984
37.08159804344177, 0.8272604942321777, 0.2971026599407196, 70.0035629272461, 59.42959213256836, 1.4332693815231323, -0.0008091056952252984
37.09099745750427, 0.8252527117729187, 0.23045141994953156, 70.39117431640625, 56.78897476196289, 1.4332115650177002, -0.00015195801097434014
37.101479053497314, 0.8252527117729187, 0.18975138664245605, 70.74669647216797, 49.09210205078125, 1.433153748512268, -0.0005056200316175818
37.11102318763733, 0.8252527117729187, 0.18976330757141113, 71.09680938720703, 47.948455810546875, 1.4331257343292236, -0.0005056200316175818
37.12099099159241, 0.8252527117729187, 0.18976330757141113, 71.44183349609375, 47.3846435546875, 1.4331257343292236, -0.001090690609999001
37.13099789619446, 0.8252527117729187, -1.324547702097334e-05, 71.43672180175781, 44.30389404296875, 1.433153748512268, -1.0999874575645663e-05
37.141030073165894, 0.8252527117729187, 0.0, 71.42620849609375, 33.223724365234375, 1.4332115650177002, -1.0999874575645663e-05
37.1510009765625, 0.8252527117729187, -0.022305382415652275, 71.38970947265625, 29.42911720275879, 1.4332115650177002, -0.005718593951314688
37.160991191864014, 0.8252527117729187, -0.020074844360351562, 71.3301010131836, 20.44219970703125, 1.4333386421203613, -0.005718593951314688
37.17100429534912, 0.8232449293136597, -0.040155649185180664, 71.25709533691406, 17.523193359375, 1.4333386421203613, -0.0007525414694100618
37.18101692199707, 0.8192293643951416, -0.08031129837036133, 71.11106872558594, 11.0748291015625, 1.4333386421203613, -0.0044046686962246895
37.19101166725159, 0.8152137994766235, -0.11154016107320786, 70.92101287841797, 5.88819694519043, 1.433380126953125, -0.0044046686962246895
37.20100545883179, 0.8091904520988464, -0.16062259674072266, 70.62896728515625, -1.177215576171875, 1.433380126953125, -0.005339568946510553
37.210984230041504, 0.8031671643257141, -0.2453923225402832, 70.2274169921875, -9.659661293029785, 1.433380126953125, -0.005265393760055304
37.22101187705994, 0.797143816947937, -0.3123217225074768, 69.73199462890625, -18.99888801574707, 1.4332940578460693, -0.005265393760055304
37.230997800827026, 0.7891126871109009, -0.36139488220214844, 69.07491302490234, -23.6175537109375, 1.4332940578460693, -0.0023129978217184544
37.24099516868591, 0.7830893993377686, -0.46848589181900024, 68.3158187866211, -34.56031036376953, 1.4332526922225952, -0.0048426128923892975
37.25100135803223, 0.7790738344192505, -0.5130966305732727, 67.48368835449219, -43.40108108520508, 1.4332115650177002, -0.0048426128923892975
37.26101565361023, 0.7750582695007324, -0.5019426345825195, 66.57106018066406, -47.589874267578125, 1.4332115650177002, -0.0033294453751295805
37.27100849151611, 0.7710427045822144, -0.5800326466560364, 65.62939453125, -62.530517578125, 1.4331704378128052, -0.0038389121182262897
37.28103852272034, 0.7670271396636963, -0.5800194144248962, 64.6802749633789, -71.45182037353516, 1.4331704378128052, -0.0031112716533243656
37.29100775718689, 0.765019416809082, -0.55771404504776, 63.76765060424805, -79.48218536376953, 1.4331704378128052, -0.0031112716533243656
37.30101752281189, 0.7589960694313049, -0.5019426345825195, 62.84754943847656, -77.81448364257812, 1.4332115650177002, -0.003366522490978241
37.31100845336914, 0.7529727220535278, -0.5577206611633301, 61.934913635253906, -92.13850402832031, 1.4332115650177002, -0.002977522322908044
37.32101011276245, 0.7449415922164917, -0.5220234394073486, 60.97830581665039, -87.53662109375, 1.4332526922225952, -0.002977522322908044
37.33101463317871, 0.7349027395248413, -0.6023247838020325, 59.99268341064453, -100.91400146484375, 1.4332526922225952, -0.00260029430501163
37.34100151062012, 0.7268716096878052, -0.6246434450149536, 58.963016510009766, -103.92082977294922, 1.4332940578460693, -0.0038607402238994837
37.351006507873535, 0.7208483219146729, -0.64696204662323, 57.90435028076172, -106.437255859375, 1.4332940578460693, -0.0038607402238994837
37.36100363731384, 0.7168327569961548, -0.5822479724884033, 56.84571838378906, -97.25341796875, 1.4333223104476929, -0.0056016757152974606
37.370999336242676, 0.7128171920776367, -0.6469554305076599, 55.77141571044922, -109.53309631347656, 1.433380126953125, -0.004015714395791292
37.381028175354004, 0.7067938446998596, -0.6023287773132324, 54.683815002441406, -99.96376037597656, 1.4333386421203613, -0.004015714395791292
37.39100646972656, 0.6987627744674683, -0.7361835837364197, 53.47915267944336, -114.31672668457031, 1.4333386421203613, -0.0023814942687749863
37.40098977088928, 0.6887238621711731, -0.7027208805084229, 52.20659255981445, -106.40945434570312, 1.4333105087280273, 0.0003536786534823477
37.41099977493286, 0.6786850094795227, -0.742870569229126, 50.866432189941406, -110.68496704101562, 1.4332526922225952, 0.0003536786534823477
37.42101287841797, 0.6706538796424866, -0.8254249691963196, 49.52321243286133, -127.27906799316406, 1.4332115650177002, 0.006525897420942783
37.43099355697632, 0.6646305322647095, -0.7027208805084229, 48.25605010986328, -117.36640930175781, 1.433153748512268, 0.004819572903215885
37.440996170043945, 0.6586072444915771, -0.6826460361480713, 47.01996994018555, -119.4305419921875, 1.4331257343292236, 0.004819572903215885
37.450995683670044, 0.650576114654541, -0.7027328014373779, 45.742271423339844, -121.62094116210938, 1.4331257343292236, 0.0037385032046586275
37.46100687980652, 0.6425449848175049, -0.8254051208496094, 44.39160919189453, -138.37857055664062, 1.4332115650177002, 0.0018911685328930616
37.4710168838501, 0.6325061321258545, -0.8031129837036133, 42.91579818725586, -128.5564422607422, 1.4332115650177002, 0.0018911685328930616
37.48104166984558, 0.6244750022888184, -0.8231878280639648, 41.41909408569336, -132.64694213867188, 1.4332976341247559, 0.003077157773077488
37.491013288497925, 0.616443932056427, -0.9146531224250793, 39.89928436279297, -150.88739013671875, 1.4333386421203613, 0.0035146574955433607
37.501017808914185, 0.6084128022193909, -0.8031129837036133, 38.43907928466797, -137.6750946044922, 1.4333386421203613, 0.0035146574955433607
37.51098608970642, 0.5963661670684814, -0.8231878280639648, 36.94237518310547, -139.2406463623047, 1.433380126953125, 0.004818107932806015
37.521106004714966, 0.5883350372314453, -0.8231878280639648, 35.43812561035156, -140.850830078125, 1.4332940578460693, 0.004818107932806015
37.53100514411926, 0.5803039073944092, -0.9369651675224304, 33.92055892944336, -159.28311157226562, 1.4332940578460693, 0.004080525133758783
37.540995597839355, 0.5722728371620178, -0.863349437713623, 32.350833892822266, -146.69113159179688, 1.4332940578460693, 0.004737241193652153
37.550983905792236, 0.5662494897842407, -0.9369585514068604, 30.825149536132812, -165.7460479736328, 1.4332526922225952, 0.004737241193652153
37.56099772453308, 0.5582183599472046, -0.843268632888794, 29.291933059692383, -150.99754333496094, 1.4332526922225952, 0.002727357903495431
37.570988178253174, 0.5461717247962952, -0.863337516784668, 27.72222900390625, -151.93519592285156, 1.4332115650177002, 0.0036377219948917627
37.58100080490112, 0.538140594959259, -0.8633434772491455, 26.159990310668945, -152.59056091308594, 1.4332115650177002, 0.004197144415229559
37.5910279750824, 0.5321173071861267, -0.9369651675224304, 24.634252548217773, -169.61183166503906, 1.4331704378128052, 0.004197144415229559
37.60100483894348, 0.5260939598083496, -0.9146531224250793, 23.137548446655273, -170.0174560546875, 1.4331704378128052, 0.0041564516723155975
37.61103582382202, 0.5140473246574402, -0.9146597385406494, 21.63335418701172, -170.0998992919922, 1.4332115650177002, 0.003550460562109947
37.621002435684204, 0.502000629901886, -0.9592705368995667, 20.06363868713379, -170.82786560058594, 1.4332115650177002, 0.0039315419271588326
37.631004333496094, 0.48393064737319946, -0.9637296199798584, 18.311403274536133, -156.09149169921875, 1.4332526922225952, 0.0039315419271588326
37.64100790023804, 0.48393064737319946, -0.9815759062767029, 16.697710037231445, -173.92349243164062, 1.4332526922225952, 0.0041903904639184475
37.65101885795593, 0.4738917648792267, -0.9235799312591553, 15.018473625183105, -158.06655883789062, 1.4332940578460693, 0.0039058849215507507
37.66103005409241, 0.4618450999259949, -1.0708173513412476, 13.258706092834473, -178.147216796875, 1.4332940578460693, 0.0029972167685627937
37.671042919158936, 0.4518062174320221, -0.9436547756195068, 11.542970657348633, -161.79257202148438, 1.4332940578460693, 0.0029972167685627937
37.68100619316101, 0.44377511739730835, -0.9436517953872681, 9.834760665893555, -163.25244140625, 1.4332526922225952, 0.003414860228076577
37.69102144241333, 0.4357440173625946, -0.9637355804443359, 8.082514762878418, -165.51724243164062, 1.4332526922225952, 0.003738786093890667
37.70099925994873, 0.42771288752555847, -0.9838104248046875, 6.293768405914307, -168.43795776367188, 1.4332115650177002, 0.003879212075844407
37.7109956741333, 0.4196817874908447, -1.048501968383789, 4.58551549911499, -189.42027282714844, 1.4332115650177002, 0.003879212075844407
37.72100234031677, 0.41566622257232666, -0.8633464574813843, 3.0232722759246826, -170.40367126464844, 1.4331704378128052, 0.003656072309240699
37.73098969459534, 0.4056273400783539, -0.8700357675552368, 1.5995773077011108, -185.6869659423828, 1.4331704378128052, 0.0035229551140218973
37.740989208221436, 0.3955884575843811, -0.9815792441368103, -0.014120882377028465, -185.6869659423828, 1.4332115650177002, 0.0034011881798505783
37.75098371505737, 0.3895651400089264, -0.843268632888794, -1.5473365783691406, -165.65809631347656, 1.4332115650177002, 0.0034011881798505783
37.76102828979492, 0.3835417926311493, -0.8700357675552368, -2.971031427383423, -180.33042907714844, 1.4332115650177002, 0.0031459792517125607
37.771031856536865, 0.3735029101371765, -0.783035159111023, -4.381466865539551, -159.24441528320312, 1.4331386089324951, 0.0028837413992732763
37.78102254867554, 0.36948737502098083, -0.8254150748252869, -5.732146263122559, -172.96559143066406, 1.432926058769226, 0.003202901454642415
37.79100584983826, 0.37551069259643555, -0.60233473777771, -6.788654804229736, -148.71170043945312, 1.432714819908142, 0.003202901454642415
37.80100417137146, 0.3895651400089264, -0.42386186122894287, -7.443840026855469, -152.64010620117188, 1.4326010942459106, 0.0028469376266002655
37.81099247932434, 0.4016118049621582, -0.18070340156555176, -7.75171422958374, -123.37228393554688, 1.432617425918579, 0.0033972712699323893
37.82103109359741, 0.41365846991539, -0.020074844360351562, -7.814938545227051, -108.38212585449219, 1.4327480792999268, 0.0030987162608653307
37.8310022354126, 0.42570510506629944, 0.2230902463197708, -7.491561412811279, -101.01260375976562, 1.432977318763733, 0.0030987162608653307
37.8409948348999, 0.4397595524787903, 0.44170618057250977, -6.688459396362305, -66.74337768554688, 1.4331492185592651, 0.0035916673950850964
37.85100793838501, 0.4518062174320221, 0.6915662288665771, -5.588059902191162, -44.89697265625, 1.4333900213241577, 0.0005529342452064157
37.86101722717285, 0.45983731746673584, 0.7629603147506714, -4.2446417808532715, -12.736082077026367, 1.4334726333618164, -0.00010236226808046922
37.87100005149841, 0.4698761999607086, 1.0708106756210327, -2.5092039108276367, 20.802867889404297, 1.4334824085235596, -0.00010236226808046922
37.88428544998169, 0.4758995473384857, 1.0641247034072876, -0.5744316577911377, 51.57714080810547, 1.4334379434585571, -4.821068068849854e-05
37.89100694656372, 0.48393064737319946, 1.2046661376953125, 1.4079809188842773, 91.07377624511719, 1.4334211349487305, 0.00010333002865081653
37.90102171897888, 0.4899539649486542, 1.0038882493972778, 3.241403579711914, 106.85243225097656, 1.4333761930465698, -9.630965359974653e-05
37.91101002693176, 0.49396952986717224, 1.0261900424957275, 4.920623302459717, 140.8037567138672, 1.4333761930465698, -9.630965359974653e-05
37.92100715637207, 0.4979850947856903, 0.843268632888794, 6.4507832527160645, 142.65719604492188, 1.4333930015563965, -2.4200993721024133e-05
37.93103623390198, 0.502000629901886, 0.7629543542861938, 7.840313911437988, 153.31875610351562, 1.433380126953125, -4.574834383674897e-05
37.941002368927, 0.506016194820404, 0.7361869215965271, 9.044376373291016, 174.8092803955078, 1.4333834648132324, 6.115777068771422e-05
37.95275378227234, 0.5100317597389221, 0.5822539329528809, 10.115591049194336, 157.03651428222656, 1.433314323425293, -3.4181659430032596e-05
37.96102786064148, 0.5100317597389221, 0.5019456148147583, 11.043868064880371, 152.8851318359375, 1.4332282543182373, -3.4181659430032596e-05
37.97102069854736, 0.5120395421981812, 0.4684825837612152, 11.836593627929688, 159.397705078125, 1.4330846071243286, -0.00014257912698667496
37.98102879524231, 0.5180628299713135, 0.4684792757034302, 12.62393856048584, 146.64862060546875, 1.4329705238342285, -0.000288355047814548
37.99101495742798, 0.5301095247268677, 0.4617929458618164, 13.48153018951416, 120.73545837402344, 1.432871699333191, -0.000288355047814548
38.00102376937866, 0.5361328125, 0.5130966305732727, 14.32114315032959, 123.10823059082031, 1.432871699333191, -0.0003674998297356069
38.01102948188782, 0.5461717247962952, 0.5800260305404663, 15.247193336486816, 114.73963165283203, 1.4329986572265625, -0.00026760189211927354
38.02102255821228, 0.5521950721740723, 0.6023247838020325, 16.206676483154297, 108.39886474609375, 1.4331424236297607, -0.00026760189211927354
38.03100562095642, 0.5582183599472046, 0.6246500611305237, 17.19009780883789, 103.8864974975586, 1.433355450630188, 9.894460163195617e-06
38.040993452072144, 0.5622339248657227, 0.5621731281280518, 18.184011459350586, 91.3961410522461, 1.433510661125183, 3.752119664568454e-05
38.05101704597473, 0.5682572722434998, 0.6469554305076599, 19.22469711303711, 101.21239471435547, 1.4336094856262207, -0.0002870007592719048
38.060999155044556, 0.5742806196212769, 0.7138715982437134, 20.39582061767578, 103.91065979003906, 1.4335931539535522, -0.0002870007592719048
38.0710015296936, 0.5782961249351501, 0.6625711917877197, 21.608667373657227, 97.72071838378906, 1.4335482120513916, -0.0003200450155418366
38.08102750778198, 0.5863272547721863, 0.7584889531135559, 22.8579158782959, 113.71083068847656, 1.4335037469863892, -0.00015872388030402362
38.091007232666016, 0.5903428196907043, 0.60233473777771, 23.968717575073242, 104.87194061279297, 1.4334176778793335, -0.0002466124133206904
38.10101246833801, 0.5943583846092224, 0.5822539329528809, 25.05051040649414, 107.29351043701172, 1.4332903623580933, -0.0002466124133206904
38.11102366447449, 0.5983738899230957, 0.5800194144248962, 26.01456642150879, 119.6375961303711, 1.4332082271575928, -0.0004797930596396327
38.12102293968201, 0.6003816723823547, 0.48186779022216797, 26.882604598999023, 106.75926208496094, 1.4332526922225952, -0.00011778599582612514
38.13101124763489, 0.6043972373008728, 0.5131032466888428, 27.72667121887207, 117.07305908203125, 1.4332282543182373, -0.00011778599582612514
38.14101958274841, 0.6084128022193909, 0.4617929458618164, 28.568700790405273, 103.84693145751953, 1.4332150220870972, -0.00014221490710042417
38.15100646018982, 0.6124283671379089, 0.49077802896499634, 29.36128044128418, 112.62872314453125, 1.4332728385925293, 3.0917421099729836e-05
38.161014795303345, 0.616443932056427, 0.42163729667663574, 30.13840675354004, 97.42584228515625, 1.4332150220870972, -0.0002774587774183601
38.17104935646057, 0.6204594373703003, 0.42163729667663574, 30.92066764831543, 93.12019348144531, 1.4331289529800415, -0.0002774587774183601
38.181002616882324, 0.6244750022888184, 0.42386186122894287, 31.622323989868164, 97.3822250366211, 1.4330846071243286, -0.0003560949699021876
38.19100379943848, 0.6284905672073364, 0.38147568702697754, 32.30843734741211, 83.39710235595703, 1.4331257343292236, -0.0004671272181440145
38.2010133266449, 0.6064319610595703, 0.13414356112480164, 32.52048873901367, 82.999755859375, 1.433166742324829, -0.0004671272181440145
38.211010456085205, 0.6345139145851135, 0.361400842666626, 33.15443420410156, 71.39892578125, 1.4332940578460693, -0.0003721773682627827
38.22103023529053, 0.6365216970443726, 0.4015631079673767, 33.7958869934082, 76.81401824951172, 1.433380126953125, -0.00033166195498779416
38.231019735336304, 0.6385294795036316, 0.37924447655677795, 34.39338684082031, 74.07506561279297, 1.4335070848464966, -0.00033166195498779416
38.240997314453125, 0.6385294795036316, 0.37924447655677795, 34.39338684082031, 74.07506561279297, 1.4335649013519287, 2.700071718209074e-06
38.25101280212402, 0.6190595030784607, 0.0560346394777298, 34.57878875732422, 31.631872177124023, 1.4335520267486572, -0.0005791703006252646
38.26101493835449, 0.6207550764083862, 0.08327364921569824, 34.73530960083008, 53.74031066894531, 1.4335238933563232, -6.60695368424058e-05
38.27100992202759, 0.6207550764083862, 0.0478956438601017, 34.83982467651367, 52.23761749267578, 1.433380126953125, -6.60695368424058e-05
38.281017780303955, 0.6221334934234619, 0.016742944717407227, 34.88591766357422, 39.65263366699219, 1.4332940578460693, -0.000271094060735777
38.291003942489624, 0.6228616237640381, -0.017927752807736397, 34.87972640991211, 36.19384765625, 1.433166742324829, 5.194822733756155e-05
38.301044940948486, 0.6238055229187012, -0.05205472186207771, 34.802001953125, 27.706146240234375, 1.4331257343292236, 5.194822733756155e-05
38.31099843978882, 0.6238055229187012, 0.1737356185913086, 35.11788558959961, 25.973892211914062, 1.4331257343292236, 0.005737959407269955
38.321022510528564, 0.6244411468505859, -0.10072588920593262, 34.93171310424805, 17.772674560546875, 1.4331424236297607, 0.005928597413003445
38.33101153373718, 0.624844491481781, -0.12974606454372406, 34.71430969238281, 10.204315185546875, 1.4331704378128052, -0.00037216360215097666
38.34100866317749, 0.6254571080207825, -0.13072490692138672, 34.476627349853516, 0.8327484130859375, 1.4332565069198608, -0.00037216360215097666
38.3509886264801, 0.6254571080207825, 0.07108847051858902, 34.57730484008789, -0.0169542096555233, 1.4332565069198608, 0.004584397654980421
38.36101198196411, 0.6264358162879944, 0.063114695250988, 34.6731071472168, -0.6908840537071228, 1.4332976341247559, 0.00454296451061964
38.37100291252136, 0.6274225115776062, 0.06667375564575195, 34.79433059692383, -0.4547119140625, 1.4333105087280273, -0.0003137308231089264
38.38102078437805, 0.6385294795036316, 0.163954496383667, 35.090087890625, 2.0416259765625, 1.4332940578460693, -0.0003137308231089264
38.391021966934204, 0.6385294795036316, 0.17408530414104462, 35.37794494628906, 5.535549640655518, 1.4332940578460693, -0.0002908766909968108
38.40100693702698, 0.6385294795036316, 0.16359488666057587, 35.63816833496094, 9.29090690612793, 1.4333351850509644, -8.640421583550051e-05
38.411001205444336, 0.6385294795036316, 0.14724135398864746, 35.905879974365234, 7.880401611328125, 1.4333351850509644, -8.640421583550051e-05
38.42100381851196, 0.6385294795036316, 0.14088153839111328, 36.15385818481445, 12.22076416015625, 1.433380126953125, -0.00016417981532867998
38.43100833892822, 0.6385294795036316, 0.13685226440429688, 36.39216995239258, 16.778945922851562, 1.4334379434585571, -8.224337943829596e-05
38.44100069999695, 0.6365216970443726, 0.12294451147317886, 36.600894927978516, 23.603227615356445, 1.4333964586257935, 9.68511521932669e-05
