27.91697645187378, 1.4869455099105835, 0.0, 170.3537139892578, 0.0, 1.4336764812469482, 0.0
27.926982164382935, 1.4869455099105835, 0.0, 191.50343322753906, 211.4959716796875, 1.4336186647415161, 0.0
27.936965703964233, 1.4869455099105835, 0.0, 191.51394653320312, 235.1125030517578, 1.4336186647415161, nan
27.94695806503296, 1.4869455099105835, 0.0, 191.51394653320312, 235.1125030517578, 1.4336186647415161, 0.0003571063280105591
27.956980228424072, 1.4869455099105835, 0.0, 191.51394653320312, 211.602783203125, 1.4336186647415161, 0.0003571063280105591
27.967033863067627, 1.4869455099105835, 0.0, 191.51394653320312, 235.11419677734375, 1.4336186647415161, 0.0005596964620053768
27.976982593536377, 1.4869455099105835, 0.0, 191.51394653320312, 211.602783203125, 1.4336186647415161, 0.0003607663093134761
27.986990213394165, 1.4869455099105835, 0.0, 191.51394653320312, 235.1125030517578, 1.4336764812469482, 0.0003607663093134761
27.996996879577637, 1.4869455099105835, 0.0, 191.50343322753906, 211.49749755859375, 1.4336764812469482, 0.0003921639872714877
28.007012605667114, 1.4869455099105835, 0.0, 191.50343322753906, 211.4959716796875, 1.4336764812469482, nan
28.017165184020996, 1.4869455099105835, 0.0, 191.50343322753906, 234.99891662597656, 1.4336764812469482, nan
28.02698588371277, 1.4869455099105835, 0.0, 191.50343322753906, 0.0, 1.4336186647415161, nan
28.036974668502808, 1.4869455099105835, 0.0, 191.51394653320312, 0.0, 1.4336186647415161, nan
28.047032117843628, 1.4869455099105835, 0.0, 191.51394653320312, 0.0, 1.4336186647415161, 0.00034482686896808445
28.056973934173584, 1.4869455099105835, 0.0, 191.51394653320312, 0.0, 1.4336186647415161, 0.00034482686896808445
28.067136526107788, 1.4869455099105835, 0.0, 191.51394653320312, 0.0, 1.4336186647415161, 0.00035713432589545846
28.07697606086731, 1.4869455099105835, 0.0, 191.51394653320312, 0.0, 1.4336186647415161, 0.0005915372166782618
28.08698058128357, 1.4869455099105835, 0.0, 191.51394653320312, 0.0, 1.4336186647415161, 0.0005915372166782618
28.09706163406372, 1.4869455099105835, 0.0, 191.51394653320312, 0.103759765625, 1.4336186647415161, 0.0004415714938659221
28.10696506500244, 1.4869455099105835, 0.0, 191.51394653320312, 0.10528564453125, 1.4336186647415161, 0.0005825144471600652
28.11816692352295, 1.4869455099105835, 0.0, 191.51394653320312, 0.1169840469956398, 1.4336186647415161, 0.0005825144471600652
28.126999378204346, 1.4869455099105835, 0.0, 191.51394653320312, 0.10528564453125, 1.4336186647415161, 0.0005208699149079621
28.136974811553955, 1.4869455099105835, 0.0, 191.51394653320312, 0.0, 1.4336186647415161, 0.0003117032174486667
28.146975994110107, 1.4869455099105835, 0.0, 191.51394653320312, 0.0, 1.4336186647415161, 0.0003117032174486667
28.157039642333984, 1.4869455099105835, 0.0, 191.51394653320312, 0.0, 1.4336186647415161, 0.0005230303504504263
28.16697406768799, 1.4869455099105835, 0.0, 191.51394653320312, 0.0, 1.4336186647415161, 0.0005743306246586144
28.17696785926819, 1.4869455099105835, 0.0, 191.51394653320312, 0.0, 1.4336186647415161, 0.0005065325531177223
28.186979293823242, 1.4869455099105835, 0.0, 191.51394653320312, 0.0, 1.4336186647415161, 0.0005065325531177223
28.196975469589233, 1.4869455099105835, 0.0, 191.51394653320312, 0.0, 1.4336186647415161, 0.00048167939530685544
28.206966400146484, 1.4869455099105835, 0.0, 191.51394653320312, 0.0, 1.4336186647415161, 0.0005809262511320412
28.216970205307007, 1.4869455099105835, 0.0, 191.51394653320312, 0.0, 1.4336186647415161, 0.0005387531709857285
28.226965188980103, 1.4869455099105835, 0.0, 191.51394653320312, 0.0, 1.4336186647415161, 0.00035122933331876993
28.23696780204773, 1.4869455099105835, 0.0, 191.51394653320312, 0.0, 1.4336186647415161, 0.00035122933331876993
28.246973037719727, 1.4869455099105835, 0.0, 191.51394653320312, 0.0, 1.4336186647415161, 0.00040424149483442307
28.256978750228882, 1.4869455099105835, 0.0, 191.51394653320312, 0.0, 1.4336186647415161, 0.0005457053775899112
28.26698064804077, 1.4869455099105835, 0.0, 191.51394653320312, 0.0, 1.4336764812469482, 0.0005457053775899112
28.276978254318237, 1.4869455099105835, 0.0, 191.50343322753906, -0.1169840469956398, 1.4336764812469482, 0.0005451883189380169
28.28697180747986, 1.4869455099105835, 0.0, 191.50343322753906, -0.10528564453125, 1.4336186647415161, nan
28.29698419570923, 1.4869455099105835, 0.0, 191.51394653320312, 0.0, 1.4336186647415161, nan
28.30697989463806, 1.4869455099105835, 0.0, 191.51394653320312, 0.0, 1.4335905313491821, nan
28.316970586776733, 1.4869455099105835, 0.0, 191.51905822753906, 0.0518798828125, 1.43353271484375, 0.0005645087803713977
28.326966047286987, 1.4869455099105835, 0.0, 191.52957153320312, 0.1729329377412796, 1.433491587638855, nan
28.336965799331665, 1.4869455099105835, 0.0, 191.53704833984375, 0.23040771484375, 1.433491587638855, nan
28.347026824951172, 1.4869455099105835, 0.0, 191.53704833984375, 0.2577039897441864, 1.4333940744400024, nan
28.356961727142334, 1.4869455099105835, 0.0, 191.55477905273438, 0.408935546875, 1.4331542253494263, nan
28.36696481704712, 1.4869455099105835, 0.0, 191.598388671875, 0.8453369140625, 1.432883858680725, nan
28.377031326293945, 1.4869455099105835, 0.0, 191.64755249023438, 1.44195556640625, 1.4326574802398682, nan
28.386968851089478, 1.4869455099105835, 0.0, 191.68870544433594, 1.8524169921875, 1.4326461553573608, nan
28.39698624610901, 1.4869455099105835, 0.0, 191.69076538085938, 1.9649930000305176, 1.4327481985092163, nan
28.406965970993042, 1.4869455099105835, 0.0, 191.67221069335938, 1.7581515312194824, 1.432949423789978, nan
28.416986227035522, 1.4869455099105835, 0.0, 191.63563537597656, 1.165771484375, 1.433179259300232, nan
28.42696237564087, 1.4869455099105835, 0.0, 191.59384155273438, 0.6439208984375, 1.4333478212356567, nan
28.43696141242981, 1.4869455099105835, 0.0, 191.56320190429688, 0.2899169921875, 1.433487892150879, nan
28.446955919265747, 1.4869455099105835, 0.0, 191.5377197265625, 0.00678168423473835, 1.4334847927093506, nan
28.457008123397827, 1.4869455099105835, 0.0, 191.5382843017578, -0.18310546875, 1.4334399700164795, nan
28.46697425842285, 1.4869455099105835, 0.0, 191.54644775390625, -0.518798828125, 1.4334068298339844, nan
28.476972579956055, 1.4869455099105835, 0.0, 191.55245971679688, -1.0579427480697632, 1.4333618879318237, nan
28.486968278884888, 1.4869455099105835, 0.0, 191.56063842773438, -1.28021240234375, 1.4334197044372559, nan
28.49695897102356, 1.4869455099105835, 0.0, 191.5501251220703, -1.40533447265625, 1.4333653450012207, nan
28.50697946548462, 1.4869455099105835, 0.0, 191.5600128173828, -1.2461344003677368, 1.4333821535110474, nan
28.516969919204712, 1.4869455099105835, 0.0, 191.55694580078125, -0.8748372197151184, 1.4333821535110474, nan
28.526981592178345, 1.4869455099105835, 0.0, 191.55694580078125, -0.4102918803691864, 1.4333127737045288, nan
28.536991119384766, 1.4869455099105835, 0.0, 191.56956481933594, 0.0640869140625, 1.4331724643707275, nan
28.547009229660034, 1.4869455099105835, 0.0, 191.59507751464844, 0.57220458984375, 1.4330863952636719, nan
28.55696964263916, 1.4869455099105835, 0.0, 191.61073303222656, 0.7232666015625, 1.4330285787582397, nan
28.56696891784668, 1.4869455099105835, 0.0, 191.62123107910156, 0.74920654296875, 1.4330415725708008, nan
28.57696270942688, 1.4869455099105835, 0.0, 191.61888122558594, 0.7375081181526184, 1.4331556558609009, nan
28.586983680725098, 1.4869455099105835, 0.0, 191.59812927246094, 0.3753662109375, 1.4332417249679565, nan
28.596975088119507, 1.4869455099105835, 0.0, 191.58248901367188, 0.3594292402267456, 1.4333988428115845, nan
28.60699725151062, 1.4869455099105835, 0.0, 191.55392456054688, -0.06103515625, 1.4334681034088135, nan
28.616965293884277, 1.4869455099105835, 0.0, 191.54132080078125, -0.1729329377412796, 1.4334681034088135, nan
28.62698459625244, 1.4869455099105835, 0.0, 191.54132080078125, -0.1729329377412796, 1.4334681034088135, nan
28.636966705322266, 1.4869455099105835, 0.0, 191.54132080078125, -0.2838134765625, 1.4333821535110474, nan
28.646981239318848, 1.4869455099105835, 0.0, 191.55694580078125, -0.4255506694316864, 1.4332549571990967, nan
28.656980991363525, 1.4869455099105835, 0.0, 191.580078125, -0.30517578125, 1.4331971406936646, nan
28.666980743408203, 1.4869455099105835, 0.0, 191.59059143066406, -0.3082275390625, 1.4331557750701904, nan
28.676974296569824, 1.4869455099105835, 0.0, 191.59811401367188, -0.2305772602558136, 1.4331146478652954, nan
28.68699860572815, 1.4869455099105835, 0.0, 191.6055908203125, 0.07781982421875, 1.4331309795379639, 10.0
28.696988821029663, 1.4869455099105835, 0.0, 191.6026153564453, 0.201416015625, 1.4331592321395874, 10.0
28.70699691772461, 1.4869455099105835, 0.0, 191.5974884033203, 0.4831949770450592, 1.4332170486450195, nan
28.716962814331055, 1.4869455099105835, 0.0, 191.58697509765625, 0.5069308876991272, 1.4332170486450195, nan
28.726972579956055, 1.4869455099105835, 0.0, 191.58697509765625, 0.5069308876991272, 1.4332584142684937, nan
28.73699426651001, 1.4869455099105835, 0.0, 191.58697509765625, 0.5069308876991272, 1.433213472366333, nan
28.74699115753174, 1.4869455099105835, 0.0, 191.58761596679688, 0.1546223908662796, 1.433213472366333, nan
28.756971836090088, 1.4869455099105835, 0.0, 191.58761596679688, 0.1546223908662796, 1.433213472366333, nan
28.76706838607788, 1.4869455099105835, 0.0, 191.58761596679688, 0.1546223908662796, 1.433213472366333, nan
28.776971340179443, 1.4869455099105835, 0.0, 191.58761596679688, 0.15995420515537262, 1.4332417249679565, nan
28.7869770526886, 1.4869455099105835, 0.0, 191.58761596679688, 0.15995420515537262, 1.4332995414733887, nan
28.796968936920166, 1.4869455099105835, 0.0, 191.5719757080078, 0.07790013402700424, 1.4332995414733887, nan
28.806965589523315, 1.4869455099105835, 0.0, 191.5719757080078, 0.07790013402700424, 1.4333573579788208, nan
28.81698250770569, 1.4869455099105835, 0.0, 191.56146240234375, -0.09717439115047455, 1.4332995414733887, nan
28.826980590820312, 1.4869455099105835, 0.0, 191.5719757080078, -0.1861572265625, 1.4332995414733887, nan
28.83696222305298, 1.4869455099105835, 0.0, 191.5719757080078, -0.1861572265625, 1.433213472366333, nan
28.846976280212402, 1.4869455099105835, 0.0, 191.58761596679688, -0.05541349574923515, 1.433213472366333, nan
28.856953859329224, 1.4869455099105835, 0.0, 191.58761596679688, -0.17852783203125, 1.433213472366333, nan
28.866978883743286, 1.4869455099105835, 0.0, 191.58761596679688, -0.1678466796875, 1.4331724643707275, nan
28.87696599960327, 1.4869455099105835, 0.0, 191.59507751464844, -0.0244140625, 1.4331724643707275, nan
28.886960983276367, 1.4869455099105835, 0.0, 191.59507751464844, 0.08087158203125, 1.4332585334777832, nan
28.89697003364563, 1.4869455099105835, 0.0, 191.5794219970703, -0.091552734375, 1.4332585334777832, nan
28.90705943107605, 1.4869455099105835, 0.0, 191.5794219970703, -0.08087158203125, 1.4332995414733887, nan
28.91698932647705, 1.4869455099105835, 0.0, 191.5794219970703, -0.08087158203125, 1.4332995414733887, nan
28.926990747451782, 1.4869455099105835, 0.0, 191.5794219970703, -0.08087158203125, 1.4332995414733887, nan
28.936974048614502, 1.4869455099105835, 0.0, 191.5794219970703, -0.08087158203125, 1.4332417249679565, nan
28.946975708007812, 1.4869455099105835, 0.0, 191.5794219970703, -0.08087158203125, 1.4332417249679565, nan
28.95697855949402, 1.4869455099105835, 0.0, 191.5794219970703, -0.08087158203125, 1.4332417249679565, nan
28.966967821121216, 1.4869455099105835, 0.0, 191.58248901367188, 0.017547607421875, 1.4332995414733887, nan
28.977010488510132, 1.4869455099105835, 0.0, 191.58248901367188, 0.017547607421875, 1.4332995414733887, nan
28.987016677856445, 1.4869455099105835, 0.0, 191.58248901367188, 0.017547607421875, 1.4332995414733887, nan
28.99696683883667, 1.4869455099105835, 0.0, 191.5719757080078, 0.03509521484375, 1.4332995414733887, nan
29.00696349143982, 1.4869455099105835, 0.0, 191.5719757080078, 0.0, 1.4332995414733887, nan
29.01700472831726, 1.4869455099105835, 0.0, 191.5719757080078, -0.1729329377412796, 1.433200716972351, nan
29.026971101760864, 1.4869455099105835, 0.0, 191.58993530273438, 0.0213623046875, 1.433200716972351, nan
29.036966562271118, 1.4869455099105835, 0.0, 191.58993530273438, 0.0271267369389534, 1.433213472366333, nan
29.04697012901306, 1.4869455099105835, 0.0, 191.58993530273438, 0.0271267369389534, 1.433213472366333, nan
29.05698585510254, 1.4869455099105835, 0.0, 191.58993530273438, 0.0271267369389534, 1.4332417249679565, nan
29.066972494125366, 1.4869455099105835, 0.0, 191.58993530273438, 0.0271267369389534, 1.4332417249679565, nan
29.077903985977173, 1.4869455099105835, 0.0, 191.58248901367188, -0.03247383236885071, 1.4332417249679565, nan
29.08698844909668, 1.4869455099105835, 0.0, 191.58248901367188, -0.03247383236885071, 1.4332417249679565, nan
29.096977949142456, 1.4869455099105835, 0.0, 191.58248901367188, -0.06256103515625, 1.4332417249679565, nan
29.106972694396973, 1.4869455099105835, 0.0, 191.58248901367188, 0.0339084193110466, 1.4332417249679565, nan
29.116973876953125, 1.4869455099105835, 0.0, 191.58248901367188, 0.0339084193110466, 1.4332417249679565, nan
29.126975774765015, 1.4869455099105835, 0.0, 191.58248901367188, 0.0, 1.4332417249679565, nan
29.136979579925537, 1.4869455099105835, 0.0, 191.58248901367188, 0.10528564453125, 1.4332417249679565, nan
29.147010564804077, 1.4869455099105835, 0.0, 191.58248901367188, 0.1169840469956398, 1.4332417249679565, nan
29.156999349594116, 1.4869455099105835, 0.0, 191.58248901367188, 0.1169840469956398, 1.4332417249679565, nan
29.166966915130615, 1.4869455099105835, 0.0, 191.58248901367188, -0.07476806640625, 1.4332417249679565, nan
29.176976203918457, 1.4869455099105835, 0.0, 191.58248901367188, -0.07476806640625, 1.4332417249679565, nan
29.18697690963745, 1.4869455099105835, 0.0, 191.58248901367188, 0.0, 1.4332417249679565, nan
29.1969792842865, 1.4869455099105835, 0.0, 191.58248901367188, 0.0, 1.4332417249679565, nan
29.20697808265686, 1.4869455099105835, 0.0, 191.58248901367188, 0.0, 1.4332417249679565, nan
29.21705460548401, 1.4869455099105835, 0.0, 191.58248901367188, 0.0, 1.4332417249679565, nan
29.22698473930359, 1.4869455099105835, 0.0, 191.58248901367188, 0.0, 1.4332417249679565, nan
29.23721957206726, 1.4869455099105835, 0.0, 191.58248901367188, 0.0, 1.4332417249679565, nan
29.247161149978638, 1.4869455099105835, 0.0, 191.58248901367188, 0.0, 1.4332417249679565, nan
29.25696325302124, 1.4869455099105835, 0.0, 191.58248901367188, 0.0, 1.4332417249679565, nan
29.2669894695282, 1.4869455099105835, 0.0, 191.58248901367188, 0.0, 1.4332417249679565, nan
29.27697229385376, 1.4869455099105835, 0.0, 191.58248901367188, 0.0, 1.433213472366333, nan
29.286977529525757, 1.4869455099105835, 0.0, 191.58761596679688, 0.027305200695991516, 1.433213472366333, nan
29.296966552734375, 1.4869455099105835, 0.0, 191.58761596679688, 0.0559488944709301, 1.4332417249679565, nan
29.306984663009644, 1.4869455099105835, 0.0, 191.58248901367188, 0.0, 1.4332417249679565, nan
29.31698513031006, 1.4869455099105835, 0.0, 191.58248901367188, 0.0, 1.4332417249679565, nan
29.326971292495728, 1.4869455099105835, 0.0, 191.58248901367188, 0.0, 1.4332417249679565, nan
29.336981058120728, 1.4869455099105835, 0.0, 191.58248901367188, 0.0, 1.4332417249679565, nan
29.347054481506348, 1.4869455099105835, 0.0, 191.58248901367188, 0.0, 1.433213472366333, nan
29.356953620910645, 1.4869455099105835, 0.0, 191.58761596679688, 0.0576443150639534, 1.433213472366333, nan
29.36696743965149, 1.4869455099105835, 0.0, 191.58761596679688, 0.0576443150639534, 1.433213472366333, nan
29.37698984146118, 1.4869455099105835, 0.0, 191.58761596679688, 0.05035400390625, 1.4332417249679565, nan
29.386979579925537, 1.4869455099105835, 0.0, 191.58761596679688, 0.05035400390625, 1.4332417249679565, nan
29.3969783782959, 1.4869455099105835, 0.0, 191.58248901367188, -0.026502108201384544, 1.4332417249679565, nan
29.406972885131836, 1.4869455099105835, 0.0, 191.58248901367188, -0.0518798828125, 1.4332417249679565, nan
29.41697883605957, 1.4869455099105835, 0.0, 191.58248901367188, 0.0, 1.433213472366333, nan
29.42697024345398, 1.4869455099105835, 0.0, 191.58761596679688, 0.0576443150639534, 1.433213472366333, nan
29.436975955963135, 1.4869455099105835, 0.0, 191.58761596679688, 0.05035400390625, 1.433213472366333, nan
29.446967363357544, 1.4869455099105835, 0.0, 191.58761596679688, 0.0576443150639534, 1.4332417249679565, nan
29.457059383392334, 1.4869455099105835, 0.0, 191.58248901367188, 0.0, 1.4332417249679565, nan
29.466981172561646, 1.4869455099105835, 0.0, 191.58248901367188, -0.0576443150639534, 1.4332417249679565, nan
29.476969242095947, 1.4869455099105835, 0.0, 191.58248901367188, -0.05035400390625, 1.433213472366333, nan
29.486986875534058, 1.4869455099105835, 0.0, 191.58761596679688, 0.0, 1.433213472366333, nan
29.497012853622437, 1.4869455099105835, 0.0, 191.58761596679688, 0.0559488944709301, 1.433213472366333, nan
29.506975889205933, 1.4869455099105835, 0.0, 191.58761596679688, 0.0559488944709301, 1.4332417249679565, nan
29.516963720321655, 1.4869455099105835, 0.0, 191.58248901367188, 0.0, 1.4332417249679565, nan
29.526968002319336, 1.4869455099105835, 0.0, 191.58248901367188, 0.0, 1.433213472366333, nan
29.536981105804443, 1.4869455099105835, 0.0, 191.58761596679688, 0.0, 1.433213472366333, nan
29.546983242034912, 1.4869455099105835, 0.0, 191.58761596679688, 0.0, 1.433213472366333, nan
29.557000875473022, 1.4869455099105835, 0.0, 191.58761596679688, 0.0, 1.433213472366333, nan
29.567983388900757, 1.4869455099105835, 0.0, 191.58761596679688, 0.0576443150639534, 1.4331724643707275, nan
29.577026844024658, 1.4869455099105835, 0.0, 191.59507751464844, 0.1251220703125, 1.433200716972351, nan
29.586998462677002, 1.4869455099105835, 0.0, 191.58993530273438, 0.07476806640625, 1.4332585334777832, nan
29.59697461128235, 1.4869455099105835, 0.0, 191.5794219970703, -0.091552734375, 1.4332995414733887, nan
29.60700249671936, 1.4869455099105835, 0.0, 191.5719757080078, -0.1556396484375, 1.4332995414733887, nan
29.61697268486023, 1.4869455099105835, 0.0, 191.5719757080078, -0.1169840469956398, 1.4332995414733887, nan
29.626983165740967, 1.4869455099105835, 0.0, 191.5719757080078, -0.10528564453125, 1.4332995414733887, nan
29.636974096298218, 1.4869455099105835, 0.0, 191.5719757080078, -0.1729329377412796, 1.4332549571990967, nan
29.64699149131775, 1.4869455099105835, 0.0, 191.580078125, -0.0847710520029068, 1.433213472366333, nan
29.656975746154785, 1.4869455099105835, 0.0, 191.58761596679688, 0.0, 1.4331557750701904, 0.032656047493219376
29.666977882385254, 1.4869455099105835, 0.0, 191.59811401367188, 0.1152886301279068, 1.4331146478652954, nan
29.67699646949768, 1.4869455099105835, 0.0, 191.6055908203125, 0.10528564453125, 1.4331724643707275, nan
29.68696904182434, 1.4869455099105835, 0.0, 191.59507751464844, 0.0518798828125, 1.4331724643707275, nan
29.698487997055054, 1.4869455099105835, 0.0, 191.59507751464844, 0.1729329377412796, 1.4331309795379639, nan
29.706963539123535, 1.4869455099105835, 0.0, 191.6026153564453, 0.3082275390625, 1.4331592321395874, nan
29.716967582702637, 1.4869455099105835, 0.0, 191.5974884033203, 0.25482177734375, 1.433200716972351, nan
29.726990222930908, 1.4869455099105835, 0.0, 191.58993530273438, 0.2000596821308136, 1.4331724643707275, nan
29.73696208000183, 1.4869455099105835, 0.0, 191.59507751464844, 0.2560085654258728, 1.433213472366333, nan
29.746973752975464, 1.4869455099105835, 0.0, 191.58761596679688, 0.07476806640625, 1.433213472366333, nan
29.756989002227783, 1.4869455099105835, 0.0, 191.58761596679688, 0.0, 1.433213472366333, nan
29.766969203948975, 1.4869455099105835, 0.0, 191.58761596679688, -0.1152886301279068, 1.4332549571990967, nan
29.776979684829712, 1.4869455099105835, 0.0, 191.580078125, -0.25634765625, 1.433213472366333, nan
29.786968231201172, 1.4869455099105835, 0.0, 191.58761596679688, -0.0813802108168602, 1.4332417249679565, 0.03959040716290474
29.796974658966064, 1.4869455099105835, 0.0, 191.58248901367188, -0.1407199501991272, 1.4332417249679565, 0.03959040716290474
29.806992053985596, 1.4869455099105835, 0.0, 191.58248901367188, -0.201416015625, 1.4332417249679565, nan
29.817017316818237, 1.4869455099105835, 0.0, 191.58248901367188, -0.1495361328125, 1.4331724643707275, nan
29.826976776123047, 1.4869455099105835, 0.0, 191.59507751464844, 0.05035400390625, 1.4331724643707275, nan
29.83695888519287, 1.4869455099105835, 0.0, 191.59507751464844, 0.0, 1.4331724643707275, nan
29.84697651863098, 1.4869455099105835, 0.0, 191.59507751464844, 0.0830756276845932, 1.4331146478652954, nan
29.856983184814453, 1.4869455099105835, 0.0, 191.6055908203125, 0.1800537109375, 1.4330863952636719, nan
29.866986751556396, 1.4869455099105835, 0.0, 191.61073303222656, 0.23040771484375, 1.4330863952636719, nan
29.87698268890381, 1.4869455099105835, 0.0, 191.61073303222656, 0.3407796323299408, 1.4331146478652954, nan
29.887200593948364, 1.4869455099105835, 0.0, 191.6055908203125, 0.17852783203125, 1.4331724643707275, nan
29.896971464157104, 1.4869455099105835, 0.0, 191.59507751464844, 0.128173828125, 1.433144211769104, nan
29.906968593597412, 1.4869455099105835, 0.0, 191.6002197265625, 0.177001953125, 1.4329723119735718, nan
29.916982412338257, 1.4869455099105835, 0.0, 191.6314697265625, 0.48828125, 1.432759404182434, nan
29.92696976661682, 1.4869455099105835, 0.0, 191.67018127441406, 0.8341471552848816, 1.4325616359710693, -0.008879461325705051
29.93698024749756, 1.4869455099105835, 0.0, 191.7061309814453, 1.11083984375, 1.4324921369552612, nan
29.94697856903076, 1.4869455099105835, 0.0, 191.71878051757812, 1.3749864101409912, 1.4325368404388428, nan
29.95700693130493, 1.4869455099105835, 0.0, 191.7106475830078, 1.05133056640625, 1.432766079902649, nan
29.966965436935425, 1.4869455099105835, 0.0, 191.66896057128906, 0.6459553837776184, 1.4330239295959473, nan
29.976975440979004, 1.4869455099105835, 0.0, 191.62208557128906, 0.11444091796875, 1.433237075805664, 0.010779721662402153
29.986966848373413, 1.4869455099105835, 0.0, 191.5833282470703, -0.2475314736366272, 1.4334052801132202, 0.010779721662402153
29.996965169906616, 1.4869455099105835, 0.0, 191.55274963378906, -0.4713270366191864, 1.4334715604782104, nan
30.006977796554565, 1.4869455099105835, 0.0, 191.5406951904297, -0.6612141728401184, 1.433467984199524, nan
30.016975164413452, 1.4869455099105835, 0.0, 191.54135131835938, -0.9002685546875, 1.4334646463394165, nan
30.026975631713867, 1.4869455099105835, 0.0, 191.5419464111328, -1.4258490800857544, 1.4334197044372559, nan
30.037955045700073, 1.4869455099105835, 0.0, 191.5501251220703, -1.7327202558517456, 1.4334197044372559, nan
30.046971559524536, 1.4869455099105835, 0.0, 191.5501251220703, -1.68609619140625, 1.4334197044372559, nan
30.056999444961548, 1.4869455099105835, 0.0, 191.5501251220703, -1.7835829257965088, 1.4334646463394165, nan
30.066994428634644, 1.4869455099105835, 0.0, 191.5419464111328, -1.26953125, 1.4334231615066528, nan
30.076982736587524, 1.4869455099105835, 0.0, 191.54949951171875, -0.8070204257965088, 1.4333127737045288, nan
30.086997509002686, 1.4869455099105835, 0.0, 191.56956481933594, -0.1373291015625, 1.433213472366333, 0.0022191046737134457
30.096986293792725, 1.4869455099105835, 0.0, 191.58761596679688, 0.3848605751991272, 1.4330863952636719, 0.0022191046737134457
30.106972217559814, 1.4869455099105835, 0.0, 191.61073303222656, 0.7798936367034912, 1.4330005645751953, nan
30.116981744766235, 1.4869455099105835, 0.0, 191.62632751464844, 0.848388671875, 1.4330005645751953, nan
30.126986980438232, 1.4869455099105835, 0.0, 191.62632751464844, 0.9392632246017456, 1.4330415725708008, -0.01809748075902462
30.136988162994385, 1.4869455099105835, 0.0, 191.61888122558594, 0.6866455078125, 1.433127522468567, -0.01809748075902462
30.1469783782959, 1.4869455099105835, 0.0, 191.60325622558594, 0.5917019248008728, 1.4332549571990967, -0.020552705973386765
30.157240390777588, 1.4869455099105835, 0.0, 191.580078125, 0.3323025107383728, 1.4333821535110474, nan
30.166971921920776, 1.4869455099105835, 0.0, 191.55694580078125, 0.1495361328125, 1.433480978012085, 0.04064725339412689
30.17696976661682, 1.4869455099105835, 0.0, 191.5389862060547, -0.1186794713139534, 1.4335505962371826, 0.04064725339412689
30.186994552612305, 1.4869455099105835, 0.0, 191.5263214111328, -0.4302978515625, 1.4335635900497437, nan
30.19697594642639, 1.4869455099105835, 0.0, 191.52395629882812, -0.63629150390625, 1.4335057735443115, 0.03548267111182213
30.206968545913696, 1.4869455099105835, 0.0, 191.5344696044922, -0.8494059443473816, 1.433477520942688, 0.03548267111182213
30.216972827911377, 1.4869455099105835, 0.0, 191.53961181640625, -0.9646945595741272, 1.4334197044372559, 0.0013281870633363724
30.226967573165894, 1.4869455099105835, 0.0, 191.5501251220703, -0.7598876953125, 1.4333785772323608, nan
30.236963033676147, 1.4869455099105835, 0.0, 191.55760192871094, -0.6134033203125, 1.4333370923995972, nan
30.246991395950317, 1.4869455099105835, 0.0, 191.5651397705078, -0.4221598207950592, 1.4332549571990967, nan
30.25707769393921, 1.4869455099105835, 0.0, 191.580078125, 0.0, 1.4332549571990967, nan
30.26697587966919, 1.4869455099105835, 0.0, 191.580078125, 0.23193359375, 1.433213472366333, 0.033643145114183426
30.276986837387085, 1.4869455099105835, 0.0, 191.58761596679688, 0.5391438603401184, 1.433213472366333, 0.033643145114183426
30.286975145339966, 1.4869455099105835, 0.0, 191.58761596679688, 0.6134033203125, 1.433213472366333, 0.034368712455034256
30.296987295150757, 1.4869455099105835, 0.0, 191.58761596679688, 0.7069905400276184, 1.4332549571990967, nan
30.306976795196533, 1.4869455099105835, 0.0, 191.580078125, 0.45623779296875, 1.4332960844039917, nan
30.316991567611694, 1.4869455099105835, 0.0, 191.57260131835938, 0.32958984375, 1.4333372116088867, nan
30.326969146728516, 1.4869455099105835, 0.0, 191.56512451171875, 0.1678466796875, 1.4333372116088867, nan
30.33699870109558, 1.4869455099105835, 0.0, 191.56512451171875, 0.07476806640625, 1.4334646463394165, nan
30.347471237182617, 1.4869455099105835, 0.0, 191.5419464111328, -0.23193359375, 1.4335057735443115, nan
30.356982946395874, 1.4869455099105835, 0.0, 191.5344696044922, -0.5069308876991272, 1.4335057735443115, nan
30.366979360580444, 1.4869455099105835, 0.0, 191.5344696044922, -0.45623779296875, 1.4335057735443115, nan
30.3769850730896, 1.4869455099105835, 0.0, 191.5344696044922, -0.5933973789215088, 1.4334646463394165, 0.0016671811463311315
30.386970281600952, 1.4869455099105835, 0.0, 191.5419464111328, -0.5069308876991272, 1.433436393737793, 0.0015737368958070874
30.397597074508667, 1.4869455099105835, 0.0, 191.54708862304688, -0.40435791015625, 1.4333950281143188, nan
30.40697717666626, 1.4869455099105835, 0.0, 191.5546112060547, -0.2831352949142456, 1.4332960844039917, nan
30.41698670387268, 1.4869455099105835, 0.0, 191.57260131835938, 0.00152587890625, 1.4332960844039917, nan
30.42698049545288, 1.4869455099105835, 0.0, 191.57260131835938, 0.07476806640625, 1.4332549571990967, nan
30.436984539031982, 1.4869455099105835, 0.0, 191.580078125, 0.1644558310508728, 1.4332549571990967, nan
30.447285175323486, 1.4869455099105835, 0.0, 191.580078125, 0.4238552451133728, 1.4332549571990967, nan
30.457125186920166, 1.4869455099105835, 0.0, 191.580078125, 0.45623779296875, 1.4332549571990967, 0.03810976818203926
30.467071056365967, 1.4869455099105835, 0.0, 191.580078125, 0.5069308876991272, 1.4332960844039917, 0.05291702598333359
30.476988554000854, 1.4869455099105835, 0.0, 191.57260131835938, 0.38299560546875, 1.4332960844039917, 0.05291702598333359
30.486968517303467, 1.4869455099105835, 0.0, 191.57260131835938, 0.3407796323299408, 1.4333372116088867, 0.03201093524694443
30.496986389160156, 1.4869455099105835, 0.0, 191.56512451171875, 0.1983642578125, 1.4333950281143188, nan
30.506980895996094, 1.4869455099105835, 0.0, 191.5546112060547, 0.00152587890625, 1.4334646463394165, nan
30.51696014404297, 1.4869455099105835, 0.0, 191.5419464111328, -0.3424750566482544, 1.4334646463394165, nan
30.527082204818726, 1.4869455099105835, 0.0, 191.5419464111328, -0.3390842080116272, 1.4334646463394165, nan
30.536964178085327, 1.4869455099105835, 0.0, 191.5419464111328, -0.37994384765625, 1.4334646463394165, nan
30.546969413757324, 1.4869455099105835, 0.0, 191.5419464111328, -0.4238552451133728, 1.433436393737793, nan
30.556997060775757, 1.4869455099105835, 0.0, 191.54708862304688, -0.33111572265625, 1.4333950281143188, nan
30.56697177886963, 1.4869455099105835, 0.0, 191.5546112060547, -0.2831352949142456, 1.4333950281143188, nan
30.576982021331787, 1.4869455099105835, 0.0, 191.5546112060547, -0.18157958984375, 1.4332960844039917, nan
30.58697009086609, 1.4869455099105835, 0.0, 191.57260131835938, 0.0, 1.4332960844039917, nan
30.596961975097656, 1.4869455099105835, 0.0, 191.57260131835938, 0.07476806640625, 1.4332960844039917, nan
30.606985092163086, 1.4869455099105835, 0.0, 191.57260131835938, 0.2000596821308136, 1.4332549571990967, nan
30.616977214813232, 1.4869455099105835, 0.0, 191.580078125, 0.38299560546875, 1.4332549571990967, nan
30.626979112625122, 1.4869455099105835, 0.0, 191.580078125, 0.3814697265625, 1.4332960844039917, nan
30.63698172569275, 1.4869455099105835, 0.0, 191.57260131835938, 0.3407796323299408, 1.4332960844039917, 0.028204862028360367
30.646969079971313, 1.4869455099105835, 0.0, 191.57260131835938, 0.3407796323299408, 1.4332960844039917, nan
30.65697741508484, 1.4869455099105835, 0.0, 191.57260131835938, 0.25482177734375, 1.4333950281143188, nan
30.666964530944824, 1.4869455099105835, 0.0, 191.5546112060547, 0.0, 1.4334231615066528, nan
30.676968574523926, 1.4869455099105835, 0.0, 191.54949951171875, -0.0518798828125, 1.4334646463394165, nan
30.686959743499756, 1.4869455099105835, 0.0, 191.5419464111328, -0.30670166015625, 1.4334646463394165, 0.0022520041093230247
30.696980237960815, 1.4869455099105835, 0.0, 191.5419464111328, -0.30517578125, 1.4334646463394165, nan
30.70696449279785, 1.4869455099105835, 0.0, 191.5419464111328, -0.3390842080116272, 1.433436393737793, nan
30.71696186065674, 1.4869455099105835, 0.0, 191.54708862304688, -0.33111572265625, 1.433436393737793, nan
30.72701144218445, 1.4869455099105835, 0.0, 191.54708862304688, -0.32958984375, 1.4333372116088867, nan
30.736997365951538, 1.4869455099105835, 0.0, 191.56512451171875, -0.07476806640625, 1.4332960844039917, nan
30.746963262557983, 1.4869455099105835, 0.0, 191.57260131835938, -0.0016954210586845875, 1.4332960844039917, nan
30.75697159767151, 1.4869455099105835, 0.0, 191.57260131835938, -0.0016954210586845875, 1.4332549571990967, nan
30.766972303390503, 1.4869455099105835, 0.0, 191.580078125, 0.25634765625, 1.4332549571990967, nan
30.776957273483276, 1.4869455099105835, 0.0, 191.580078125, 0.3390842080116272, 1.4332549571990967, 0.042926669120788574
30.786964654922485, 1.4869455099105835, 0.0, 191.580078125, 0.3814697265625, 1.4332549571990967, 0.042926669120788574
30.796990871429443, 1.4869455099105835, 0.0, 191.580078125, 0.4238552451133728, 1.4332960844039917, 0.04175914078950882
30.806972980499268, 1.4869455099105835, 0.0, 191.57260131835938, 0.30670166015625, 1.4332960844039917, 0.031064121052622795
30.816970825195312, 1.4869455099105835, 0.0, 191.57260131835938, 0.25482177734375, 1.4333372116088867, 0.031064121052622795
30.826993465423584, 1.4869455099105835, 0.0, 191.56512451171875, 0.2000596821308136, 1.4333785772323608, nan
30.836994886398315, 1.4869455099105835, 0.0, 191.55760192871094, -0.0813802108168602, 1.433436393737793, nan
30.846967458724976, 1.4869455099105835, 0.0, 191.54708862304688, -0.25634765625, 1.433436393737793, nan
30.857048749923706, 1.4869455099105835, 0.0, 191.54708862304688, -0.2532958984375, 1.433436393737793, nan
30.86710262298584, 1.4869455099105835, 0.0, 191.54708862304688, -0.32958984375, 1.433436393737793, nan
30.876972198486328, 1.4869455099105835, 0.0, 191.54708862304688, -0.3679063618183136, 1.4333950281143188, nan
30.886963367462158, 1.4869455099105835, 0.0, 191.5546112060547, -0.2831352949142456, 1.4333950281143188, nan
30.896970510482788, 1.4869455099105835, 0.0, 191.5546112060547, -0.25634765625, 1.4333539009094238, nan
30.907111406326294, 1.4869455099105835, 0.0, 191.5620880126953, -0.1152886301279068, 1.4332960844039917, nan
30.91697072982788, 1.4869455099105835, 0.0, 191.57260131835938, 0.0, 1.4332960844039917, nan
30.92697501182556, 1.4869455099105835, 0.0, 191.57260131835938, 0.0732421875, 1.4332960844039917, nan
30.936964988708496, 1.4869455099105835, 0.0, 191.57260131835938, 0.1695421040058136, 1.4332960844039917, nan
30.946974277496338, 1.4869455099105835, 0.0, 191.57260131835938, 0.2831352949142456, 1.4332678318023682, nan
30.957088232040405, 1.4869455099105835, 0.0, 191.57774353027344, 0.30670166015625, 1.4332960844039917, nan
30.96710968017578, 1.4869455099105835, 0.0, 191.57260131835938, 0.25482177734375, 1.4332960844039917, nan
30.976973295211792, 1.4869455099105835, 0.0, 191.57260131835938, 0.2831352949142456, 1.4332960844039917, nan
30.986974716186523, 1.4869455099105835, 0.0, 191.57260131835938, 0.1800537109375, 1.4333950281143188, nan
30.996980905532837, 1.4869455099105835, 0.0, 191.5546112060547, 0.0, 1.4334231615066528, nan
31.00697159767151, 1.4869455099105835, 0.0, 191.54949951171875, -0.1407199501991272, 1.4334231615066528, nan
31.016971588134766, 1.4869455099105835, 0.0, 191.54949951171875, -0.23193359375, 1.4333950281143188, 0.0021695399191230536
31.027304887771606, 1.4869455099105835, 0.0, 191.5546112060547, -0.1983642578125, 1.4333372116088867, 0.0020876023918390274
31.037076950073242, 1.4869455099105835, 0.0, 191.56512451171875, -0.0864664688706398, 1.4333372116088867, 0.0020876023918390274
31.046968698501587, 1.4869455099105835, 0.0, 191.56512451171875, -0.0732421875, 1.4333370923995972, nan
31.056966543197632, 1.4869455099105835, 0.0, 191.5651397705078, -0.12664794921875, 1.4332960844039917, nan
31.066976070404053, 1.4869455099105835, 0.0, 191.57260131835938, 0.00152587890625, 1.4332960844039917, nan
31.076969146728516, 1.4869455099105835, 0.0, 191.57260131835938, 0.0016954210586845875, 1.4332960844039917, nan
31.086981773376465, 1.4869455099105835, 0.0, 191.57260131835938, 0.0, 1.4332960844039917, nan
31.09697437286377, 1.4869455099105835, 0.0, 191.57260131835938, 0.1983642578125, 1.4332960844039917, nan
31.106982469558716, 1.4869455099105835, 0.0, 191.57260131835938, 0.2560085654258728, 1.4333539009094238, nan
31.116976976394653, 1.4869455099105835, 0.0, 191.5620880126953, 0.128173828125, 1.4333539009094238, nan
31.126969575881958, 1.4869455099105835, 0.0, 191.5620880126953, 0.0813802108168602, 1.4333370923995972, nan
31.1369788646698, 1.4869455099105835, 0.0, 191.5651397705078, 0.00152587890625, 1.4333370923995972, nan
31.147012948989868, 1.4869455099105835, 0.0, 191.5651397705078, 0.0, 1.4333370923995972, nan
31.156978845596313, 1.4869455099105835, 0.0, 191.5651397705078, 0.0, 1.4333370923995972, nan
31.166982412338257, 1.4869455099105835, 0.0, 191.5651397705078, -0.0830756276845932, 1.4333370923995972, nan
31.17695713043213, 1.4869455099105835, 0.0, 191.5651397705078, -0.0830756276845932, 1.4333370923995972, nan
31.18696117401123, 1.4869455099105835, 0.0, 191.5651397705078, -0.07476806640625, 1.4332960844039917, nan
31.19705581665039, 1.4869455099105835, 0.0, 191.57260131835938, 0.0, 1.4332960844039917, nan
31.206957578659058, 1.4869455099105835, 0.0, 191.57260131835938, 0.0, 1.4332960844039917, nan
31.216967821121216, 1.4869455099105835, 0.0, 191.57260131835938, 0.10528564453125, 1.4332960844039917, nan
31.226959705352783, 1.4869455099105835, 0.0, 191.57260131835938, 0.10528564453125, 1.4332960844039917, nan
31.236966133117676, 1.4869455099105835, 0.0, 191.57260131835938, 0.0813802108168602, 1.4332678318023682, nan
31.246984481811523, 1.4869455099105835, 0.0, 191.57774353027344, 0.1407199501991272, 1.4331820011138916, nan
31.256991624832153, 1.4869455099105835, 0.0, 191.5933380126953, 0.3136528730392456, 1.433010458946228, nan
31.266990900039673, 1.4869455099105835, 0.0, 191.62452697753906, 0.59356689453125, 1.4328255653381348, nan
31.276960134506226, 1.4869455099105835, 0.0, 191.6581573486328, 1.0342068672180176, 1.4326852560043335, nan
31.28707265853882, 1.4869455099105835, 0.0, 191.68365478515625, 1.18408203125, 1.432701587677002, nan
31.29698133468628, 1.4869455099105835, 0.0, 191.68069458007812, 1.2020535469055176, 1.4328453540802002, nan
31.306977033615112, 1.4869455099105835, 0.0, 191.65455627441406, 0.81787109375, 1.4331027269363403, nan
31.316967248916626, 1.4869455099105835, 0.0, 191.60775756835938, 0.3916422426700592, 1.4333196878433228, nan
31.326971292495728, 1.4869455099105835, 0.0, 191.5683135986328, -0.04425048828125, 1.4334464073181152, nan
31.33699679374695, 1.4869455099105835, 0.0, 191.54527282714844, -0.2716064453125, 1.433529019355774, nan
31.346972227096558, 1.4869455099105835, 0.0, 191.53024291992188, -0.5289713740348816, 1.4335259199142456, nan
31.35696840286255, 1.4869455099105835, 0.0, 191.5308074951172, -0.6256103515625, 1.433480978012085, -0.011380473151803017
31.36696195602417, 1.4869455099105835, 0.0, 191.5389862060547, -0.9511311650276184, 1.4334068298339844, 0.0003096913860645145
31.376961946487427, 1.4869455099105835, 0.0, 191.55245971679688, -1.05743408203125, 1.4334197044372559, nan
31.38696002960205, 1.4869455099105835, 0.0, 191.5501251220703, -1.4834933280944824, 1.4334197044372559, nan
31.396976470947266, 1.4869455099105835, 0.0, 191.5501251220703, -1.30462646484375, 1.4333785772323608, nan
31.406970739364624, 1.4869455099105835, 0.0, 191.55760192871094, -1.0748969316482544, 1.4334231615066528, nan
31.41696786880493, 1.4869455099105835, 0.0, 191.54949951171875, -0.5828857421875, 1.4333988428115845, nan
31.426973819732666, 1.4869455099105835, 0.0, 191.55392456054688, -0.1593695729970932, 1.4333988428115845, nan
31.4369854927063, 1.4869455099105835, 0.0, 191.55392456054688, 0.0949435755610466, 1.433213472366333, 0.013146842829883099
31.44697403907776, 1.4869455099105835, 0.0, 191.58761596679688, 0.57373046875, 1.433127522468567, 0.012233163230121136
31.45700192451477, 1.4869455099105835, 0.0, 191.60325622558594, 0.8053249716758728, 1.4330134391784668, 0.012233163230121136
31.466975688934326, 1.4869455099105835, 0.0, 191.62399291992188, 0.9443495273590088, 1.4329559803009033, nan
31.476966619491577, 1.4869455099105835, 0.0, 191.6344451904297, 0.9087456464767456, 1.4329842329025269, nan
31.48699378967285, 1.4869455099105835, 0.0, 191.62930297851562, 0.8816189169883728, 1.4331690073013306, nan
31.49697256088257, 1.4869455099105835, 0.0, 191.595703125, 0.4547119140625, 1.4333127737045288, nan
31.50698184967041, 1.4869455099105835, 0.0, 191.56956481933594, 0.1322428435087204, 1.433467984199524, -0.02062958851456642
31.516969680786133, 1.4869455099105835, 0.0, 191.54135131835938, -0.0898573100566864, 1.4335951805114746, nan
31.52696418762207, 1.4869455099105835, 0.0, 191.51821899414062, -0.396728515625, 1.4336366653442383, nan
31.536967039108276, 1.4869455099105835, 0.0, 191.51068115234375, -0.43182373046875, 1.433591604232788, -0.05669442564249039
31.546966314315796, 1.4869455099105835, 0.0, 191.5188751220703, -0.762939453125, 1.433546781539917, nan
31.556963443756104, 1.4869455099105835, 0.0, 191.5270233154297, -0.762939453125, 1.4334607124328613, nan
31.566982746124268, 1.4869455099105835, 0.0, 191.54266357421875, -0.9036594033241272, 1.4333618879318237, nan
31.57696795463562, 1.4869455099105835, 0.0, 191.56063842773438, -0.738525390625, 1.4333207607269287, nan
31.586981296539307, 1.4869455099105835, 0.0, 191.568115234375, -0.6134033203125, 1.4333370923995972, nan
31.59698510169983, 1.4869455099105835, 0.0, 191.5651397705078, -0.3390842080116272, 1.4333539009094238, nan
31.60697102546692, 1.4869455099105835, 0.0, 191.5620880126953, -0.0732421875, 1.4332995414733887, nan
31.61697793006897, 1.4869455099105835, 0.0, 191.5719757080078, 0.3407796323299408, 1.4332995414733887, nan
31.62725067138672, 1.4869455099105835, 0.0, 191.5719757080078, 0.5984836220741272, 1.433213472366333, nan
31.636996030807495, 1.4869455099105835, 0.0, 191.58761596679688, 0.8544921875, 1.433213472366333, nan
31.646976232528687, 1.4869455099105835, 0.0, 191.58761596679688, 0.6866455078125, 1.433127522468567, nan
31.656992197036743, 1.4869455099105835, 0.0, 191.60325622558594, 0.76141357421875, 1.4331690073013306, nan
31.666969299316406, 1.4869455099105835, 0.0, 191.595703125, 0.5900065302848816, 1.433210015296936, nan
