30.999746084213257, 1.1376734972000122, -1.4948580265045166, 127.88200378417969, -143.73779296875, 1.5024807453155518, 0.0
31.0092134475708, 1.1376734972000122, -1.4948580265045166, 127.88200378417969, -143.73779296875, 1.5025068521499634, -0.4694335162639618
31.019213676452637, 1.1223963499069214, -2.796196937561035, 123.07099914550781, -279.31365966796875, 1.5024807453155518, -0.5086596012115479
31.029438018798828, 1.1022167205810547, -1.4445185661315918, 120.44934844970703, -144.96688842773438, 1.5024807453155518, -0.49165433645248413
31.039249420166016, 1.077309489250183, -1.508927345275879, 117.70584106445312, -152.22702026367188, 1.5023460388183594, -0.46455511450767517
31.049224853515625, 1.077309489250183, -1.56100594997406, 115.17596435546875, -174.82080078125, 1.5016905069351196, -0.38546720147132874
31.059204578399658, 1.0599448680877686, -1.6409953832626343, 112.6098861694336, -180.9946746826172, 1.50017249584198, -0.5381438136100769
31.069220781326294, 1.0345172882080078, -1.449263095855713, 110.25086212158203, -163.1866455078125, 1.4974391460418701, -0.47515103220939636
31.079233407974243, 1.0345172882080078, -1.449263095855713, 110.25086212158203, -163.1866455078125, 1.4937098026275635, -0.3478688895702362
31.089221715927124, 1.0345172882080078, -1.449263095855713, 110.25086212158203, -163.1866455078125, 1.4892655611038208, -0.31348490715026855
31.099218606948853, 1.0026865005493164, -0.5601233243942261, 109.28056335449219, -51.24637985229492, 1.4843405485153198, -0.24974246323108673
31.1092312335968, 0.9692637920379639, -1.8209457397460938, 106.8652114868164, -148.22998046875, 1.4791698455810547, -0.3504314422607422
31.119213342666626, 0.9455025792121887, -1.9217133522033691, 104.31131744384766, -235.70785522460938, 1.4738175868988037, -0.1481085866689682
31.129210233688354, 0.919312059879303, -2.1836042404174805, 101.31426239013672, -242.98553466796875, 1.4686635732650757, -0.179107204079628
31.139223098754883, 0.919312059879303, -2.1836042404174805, 101.31426239013672, -242.98553466796875, 1.4633733034133911, -0.31564390659332275
31.149205684661865, 0.8825013637542725, -1.262608289718628, 98.85148620605469, -127.47112274169922, 1.4583048820495605, -0.3185546398162842
31.15921187400818, 0.8506476283073425, -2.795212745666504, 95.19903564453125, -280.5591125488281, 1.4534136056900024, -0.35983526706695557
31.16925883293152, 0.8506476283073425, -2.266615629196167, 91.96723937988281, -257.38525390625, 1.4486920833587646, -0.13159431517124176
31.179218530654907, 0.8232282996177673, -2.823140859603882, 88.20600891113281, -299.668212890625, 1.4442468881607056, -0.2608419954776764
31.189205169677734, 0.790585994720459, -2.6935994625091553, 84.11677551269531, -284.9311828613281, 1.4399394989013672, -0.37597864866256714
31.199223279953003, 0.7591589093208313, -2.7535736560821533, 79.89344024658203, -303.5736083984375, 1.43589186668396, -0.25900644063949585
31.209222555160522, 0.7591589093208313, -2.7058587074279785, 76.20159912109375, -367.54437255859375, 1.432138442993164, -0.004316884558647871
31.219223976135254, 0.7405503988265991, -2.541257381439209, 72.72562408447266, -379.3292541503906, 1.432138442993164, -0.132016122341156
31.22927188873291, 0.7156286239624023, -2.298736572265625, 69.13765716552734, -351.7364501953125, 1.4288848638534546, 0.07764550298452377
31.239213466644287, 0.685115396976471, -2.602179765701294, 65.4107666015625, -398.927490234375, 1.4234106540679932, -0.24081747233867645
31.249212980270386, 0.685115396976471, -2.193186044692993, 62.286006927490234, -406.2822265625, 1.4212843179702759, 0.16726437211036682
31.25923752784729, 0.661139726638794, -1.895076036453247, 59.22702407836914, -359.7198486328125, 1.4199161529541016, 0.0629444569349289
31.269258737564087, 0.6240452527999878, -2.517806053161621, 55.35573196411133, -406.7950744628906, 1.4193862676620483, 0.14939068257808685
31.279239416122437, 0.6240452527999878, -1.9918262958526611, 51.83057403564453, -363.7550354003906, 1.4196064472198486, 0.06182931736111641
31.289241075515747, 0.6029289960861206, -2.0850830078125, 48.37858581542969, -397.0904846191406, 1.4201549291610718, 0.1432640105485916
31.299216508865356, 0.6029289960861206, -1.5622913837432861, 45.438331604003906, -344.55072021484375, 1.4212075471878052, 0.16529498994350433
31.309221029281616, 0.5697677135467529, -2.1043553352355957, 41.80345916748047, -382.2012939453125, 1.4224351644515991, 0.09122750908136368
31.319244623184204, 0.5506076216697693, -2.1104679107666016, 38.12676239013672, -384.4328918457031, 1.4241087436676025, 0.325651615858078
31.329206943511963, 0.5400888323783875, -1.9504427909851074, 34.63084030151367, -383.408447265625, 1.4260576963424683, 0.35846465826034546
31.33920383453369, 0.5400888323783875, -1.4502763748168945, 31.639619827270508, -337.7113342285156, 1.428349494934082, 0.29762908816337585
31.34920644760132, 0.5130848288536072, -1.7203032970428467, 28.095104217529297, -341.909423828125, 1.4309390783309937, 0.20749807357788086
31.3592050075531, 0.4950399696826935, -1.84555184841156, 24.604276657104492, -384.69696044921875, 1.4338253736495972, 0.16988447308540344
31.3692045211792, 0.47132712602615356, -1.6968581676483154, 21.302818298339844, -378.3658447265625, 1.43730890750885, 0.3403857350349426
31.379217386245728, 0.45794716477394104, -1.84553861618042, 17.649477005004883, -379.78997802734375, 1.43730890750885, 0.26442205905914307
31.389246225357056, 0.45794716477394104, -1.449817419052124, 14.296693801879883, -340.8189697265625, 1.4455137252807617, 0.18760040402412415
31.399400234222412, 0.44524723291397095, -1.5768170356750488, 10.654720306396484, -347.83612060546875, 1.4498002529144287, 0.4379921555519104
31.409218788146973, 0.4316830635070801, -1.5342764854431152, 7.364717483520508, -382.6527099609375, 1.4537925720214844, 0.37217003107070923
31.419480562210083, 0.4316830635070801, -1.1892467737197876, 4.476574420928955, -336.501708984375, 1.4577910900115967, 0.2736174762248993
31.42926788330078, 0.4185851812362671, -1.3500385284423828, 1.5404170751571655, -367.67132568359375, 1.461744785308838, 0.2819348871707916
31.43922996520996, 0.4185851812362671, -1.2150377035140991, -1.3875961303710938, -330.27227783203125, 1.46575927734375, 0.24486000835895538
31.44923424720764, 0.4058549404144287, -1.0723024606704712, -4.067144393920898, -321.6224670410156, 1.469874382019043, 0.4777316749095917
31.459413051605225, 0.3927493393421173, -1.0229021310806274, -6.675167560577393, -312.79443359375, 1.4740121364593506, 0.41409796476364136
31.4692120552063, 0.3927493393421173, -0.8730822205543518, -8.85616683959961, -335.0998840332031, 1.4779014587402344, 0.41485878825187683
31.479222774505615, 0.3901912271976471, -0.7528464198112488, -10.795246124267578, -316.0524597167969, 1.481647253036499, 0.30297499895095825
31.48919939994812, 0.40816330909729004, -0.49784183502197266, -12.38146686553955, -266.78155517578125, 1.4854493141174316, 0.36527761816978455
31.499210119247437, 0.40816330909729004, -0.4120469093322754, -13.74700927734375, -271.1303405761719, 1.4893196821212769, 0.17607007920742035
31.509221076965332, 0.42912328243255615, -0.025594234466552734, -14.497247695922852, -218.61962890625, 1.4933445453643799, 0.3284001648426056
31.519220113754272, 0.46846941113471985, 0.4087388515472412, -14.560195922851562, -211.51971435546875, 1.4973171949386597, 0.4646475613117218
31.529216527938843, 0.5070544481277466, 0.9829898476600647, -13.673966407775879, -169.0486297607422, 1.501368522644043, -0.053675275295972824
31.53921365737915, 0.5070544481277466, 0.8846938610076904, -12.802037239074707, -114.14442443847656, 1.5050963163375854, -0.06210269406437874
31.54922389984131, 0.5311542749404907, 1.252990961074829, -11.201652526855469, -71.34513854980469, 1.5083847045898438, -0.042772963643074036
31.559224367141724, 0.5596032738685608, 1.8539296388626099, -8.765838623046875, -23.229705810546875, 1.5114734172821045, -0.0525638721883297
31.573506593704224, 0.5596032738685608, 1.6685396432876587, -6.2937140464782715, 25.624561309814453, 1.5142303705215454, -0.046897873282432556
31.582005739212036, 0.5738175511360168, 1.836267113685608, -3.456310749053955, 73.38924407958984, 1.5160858631134033, -0.017307743430137634
31.58924126625061, 0.6037179827690125, 1.9555449485778809, -0.23813681304454803, 121.433349609375, 1.5166172981262207, -0.023087628185749054
31.599199056625366, 0.6264801621437073, 2.425743579864502, 3.6346371173858643, 193.1294403076172, 1.5160492658615112, -0.019639696925878525
31.60923457145691, 0.6264801621437073, 1.9735634326934814, 7.3262128829956055, 218.23463439941406, 1.51472008228302, -0.025840381160378456
31.619206428527832, 0.6449063420295715, 1.7643749713897705, 10.775836944580078, 253.36033630371094, 1.5127266645431519, 0.015923652797937393
31.629206657409668, 0.6449063420295715, 1.531693696975708, 13.644684791564941, 303.5406188964844, 1.5106397867202759, 0.0030518523417413235
31.639213800430298, 0.6666368842124939, 1.595824956893921, 16.925617218017578, 297.2765197753906, 1.508583426475525, -0.02649196982383728
31.64923620223999, 0.6849058270454407, 1.5375137329101562, 20.094980239868164, 312.9663391113281, 1.5064656734466553, -0.007272296119481325
31.659218311309814, 0.6849058270454407, 1.3922452926635742, 22.75824546813965, 350.267578125, 1.5046504735946655, 0.014749148860573769
31.673308849334717, 0.702404260635376, 1.4280140399932861, 25.68467140197754, 319.78387451171875, 1.5030709505081177, -0.011070752516388893
31.6819326877594, 0.7203525900840759, 1.6281604766845703, 28.636119842529297, 356.5826416015625, 1.5015915632247925, 0.011375599540770054
31.68921446800232, 0.7203525900840759, 1.1663496494293213, 31.025733947753906, 312.638671875, 1.5000230073928833, 0.00011061500117648393
31.699214458465576, 0.7384045124053955, 1.11924409866333, 33.345916748046875, 297.1126708984375, 1.49872624874115, -0.005503320135176182
31.7092022895813, 0.7531914710998535, 1.2671113014221191, 35.885528564453125, 285.5934143066406, 1.4978623390197754, 0.0011946498416364193
31.719207525253296, 0.7718092203140259, 1.410033941268921, 38.34993362426758, 306.3786926269531, 1.4973443746566772, 0.009900088422000408
31.729208946228027, 0.7925835847854614, 1.4767646789550781, 41.12913513183594, 274.8443603515625, 1.497072696685791, 0.017295246943831444
31.739214658737183, 0.7925835847854614, 1.4767646789550781, 41.12913513183594, 274.8443603515625, 1.4971065521240234, 0.025775086134672165
31.74921727180481, 0.7925835847854614, 1.4767646789550781, 41.12913513183594, 274.8443603515625, 1.497363567352295, -0.02034628577530384
31.761949062347412, 0.8238143920898438, 0.541993260383606, 43.98342514038086, 93.3027572631836, 1.4976656436920166, 0.04595532268285751
31.769248723983765, 0.8461360335350037, 1.6123056411743164, 46.85997009277344, 267.65020751953125, 1.4979585409164429, 0.030163688585162163
31.779263019561768, 0.8461360335350037, 1.7914440631866455, 49.73816680908203, 299.7767028808594, 1.4982906579971313, 0.041941266506910324
31.789228200912476, 0.866126537322998, 1.8191337585449219, 52.65454864501953, 299.6652526855469, 1.4982906579971313, 0.03307750076055527
31.799222707748413, 0.866126537322998, 1.8191337585449219, 52.65454864501953, 299.6652526855469, 1.4991683959960938, 0.009433576837182045
31.809219360351562, 0.8984851837158203, 0.9375402927398682, 55.733734130859375, 142.61907958984375, 1.4997398853302002, 0.02292017452418804
31.8192081451416, 0.8984851837158203, 1.7813265323638916, 58.86860275268555, 278.42864990234375, 1.5005437135696411, 0.0789574459195137
31.829218864440918, 0.9190573692321777, 2.0072526931762695, 62.007049560546875, 318.45684814453125, 1.5013707876205444, 0.03910333663225174
31.83921217918396, 0.9190573692321777, 2.0072526931762695, 62.007049560546875, 318.45684814453125, 1.5021830797195435, 0.08534630388021469
31.849210023880005, 0.936720609664917, 1.8352925777435303, 65.19356536865234, 293.08050537109375, 1.5030041933059692, 0.0714377760887146
31.859331607818604, 0.936720609664917, 1.8352925777435303, 65.19356536865234, 293.08050537109375, 1.5037084817886353, 0.029650771990418434
31.869224309921265, 0.936720609664917, 1.8352925777435303, 65.19356536865234, 293.08050537109375, 1.5044877529144287, 0.04919015243649483
31.87921690940857, 0.936720609664917, 1.8352925777435303, 65.19356536865234, 293.08050537109375, 1.5052988529205322, 0.04573012515902519
31.88922882080078, 0.936720609664917, 1.8352925777435303, 65.19356536865234, 293.08050537109375, 1.5062201023101807, 0.05015907436609268
31.899412631988525, 0.936720609664917, 1.8352925777435303, 65.19356536865234, 293.08050537109375, 1.5072102546691895, 0.07920380681753159
31.909241437911987, 0.936720609664917, 1.8352925777435303, 65.19356536865234, 293.08050537109375, 1.5080121755599976, 0.03823908790946007
31.919240713119507, 0.936720609664917, 1.8352925777435303, 65.19356536865234, 293.08050537109375, 1.5088486671447754, 0.034474100917577744
31.92920994758606, 1.0456775426864624, 0.30771735310554504, 68.8133773803711, 34.22859191894531, 1.5095185041427612, 0.00637832609936595
31.93927550315857, 1.0456775426864624, 0.30771735310554504, 68.8133773803711, 34.22859191894531, 1.5102005004882812, 0.07299765199422836
31.949212074279785, 1.0456775426864624, 0.30771735310554504, 68.8133773803711, 34.22859191894531, 1.5107500553131104, 0.12051203101873398
31.959215879440308, 1.073142647743225, 0.9351988434791565, 73.56875610351562, 108.13204193115234, 1.511317253112793, 0.14231690764427185
31.969226837158203, 1.073142647743225, 0.9351988434791565, 73.56875610351562, 108.13204193115234, 1.5117623805999756, 0.09544353932142258
31.979215145111084, 1.073142647743225, 0.9351988434791565, 73.56875610351562, 108.13204193115234, 1.5121854543685913, 0.12905362248420715
31.989239931106567, 1.1101906299591064, 0.9545862674713135, 78.41857147216797, 114.78372955322266, 1.5127136707305908, 0.1416126936674118
32.001946687698364, 1.1223533153533936, 3.4527182579040527, 83.44070434570312, 457.2601318359375, 1.513464093208313, 0.09890323877334595
32.009217262268066, 1.1223533153533936, 3.4527182579040527, 83.44070434570312, 457.2601318359375, 1.514588713645935, 0.20952269434928894
32.01921343803406, 1.1223533153533936, 3.4527182579040527, 83.44070434570312, 457.2601318359375, 1.5157604217529297, 0.21494804322719574
32.02920413017273, 1.1504814624786377, 1.0494672060012817, 88.42030334472656, 133.3862762451172, 1.5169614553451538, 0.19954626262187958
32.03920364379883, 1.1504814624786377, 2.8435349464416504, 93.37200164794922, 407.1754455566406, 1.518189787864685, 0.20910927653312683
32.04920959472656, 1.15848708152771, 2.6000261306762695, 97.87598419189453, 421.4225769042969, 1.5195658206939697, 0.23731505870819092
32.059224128723145, 1.1690011024475098, 2.7051568031311035, 102.26683044433594, 433.98284912109375, 1.5210916996002197, 0.35979071259498596
32.06922459602356, 1.1790058612823486, 2.888321876525879, 106.99317932128906, 499.8448791503906, 1.5228939056396484, 0.32221975922584534
32.07998514175415, 1.1846953630447388, 2.7552578449249268, 111.17410278320312, 510.8956298828125, 1.5249751806259155, 0.37077274918556213
32.08922219276428, 1.1846953630447388, 1.3901948928833008, 113.32331848144531, 445.0981140136719, 1.5272821187973022, 0.30289226770401
32.099222898483276, 1.1943947076797485, 1.3472504615783691, 115.10846710205078, 461.5529479980469, 1.5298961400985718, 0.31417834758758545
32.109233140945435, 1.204397439956665, 0.9420633316040039, 116.34603118896484, 379.2747497558594, 1.5329309701919556, 0.4130493104457855
32.119237184524536, 1.204397439956665, 0.8204340934753418, 117.28594207763672, 338.4521484375, 1.5362107753753662, 0.4058447480201721
32.129228830337524, 1.2134804725646973, 0.6999969482421875, 117.83506774902344, 326.8313903808594, 1.5397058725357056, 0.4948134422302246
32.13924026489258, 1.2262459993362427, 0.841816246509552, 118.57711029052734, 280.0564270019531, 1.5397058725357056, 0.4419178068637848
32.153130769729614, 1.2262459993362427, 0.6775856018066406, 119.12889862060547, 212.52899169921875, 1.5471949577331543, 0.5936806797981262
32.16194748878479, 1.2315609455108643, 0.6951225996017456, 119.58490753173828, 192.4235076904297, 1.5510913133621216, 0.6089571714401245
32.169230222702026, 1.246231198310852, 0.746938943862915, 120.09873962402344, 145.61801147460938, 1.5556422472000122, 0.6278654336929321
32.179288387298584, 1.246231198310852, 0.6153583526611328, 120.39013671875, 92.15927124023438, 1.5556422472000122, 0.6998346447944641
32.18922758102417, 1.2528836727142334, 0.7576544880867004, 120.76466369628906, 82.68059539794922, 1.5656081438064575, 0.7412709593772888
32.199235677719116, 1.2528836727142334, 0.649876058101654, 120.88138580322266, 64.14370727539062, 1.5711009502410889, 0.7509508728981018
32.20924234390259, 1.2629492282867432, 0.5855202674865723, 120.94727325439453, 46.013641357421875, 1.5769164562225342, 0.7145767211914062
32.21941828727722, 1.269311547279358, 0.7212691903114319, 121.0701675415039, 42.04728698730469, 1.5826061964035034, 0.880638062953949
32.22924852371216, 1.269311547279358, 0.7212691903114319, 121.0701675415039, 42.04728698730469, 1.5881690979003906, 0.9318239688873291
32.23925518989563, 1.2775877714157104, 0.7123019695281982, 121.20125579833984, 37.40098571777344, 1.5935215950012207, 0.8786201477050781
32.24923133850098, 1.2825084924697876, 0.8037601113319397, 121.17310333251953, 29.20096206665039, 1.5985552072525024, 1.117417573928833
32.25925302505493, 1.2873138189315796, 0.6194644570350647, 121.27156829833984, 18.74118423461914, 1.5985552072525024, 1.1756757497787476
32.26924014091492, 1.2873138189315796, 0.41081905364990234, 121.14106750488281, 10.424041748046875, 1.607977271080017, 1.357028841972351
32.27923345565796, 1.2899593114852905, 0.4858705699443817, 121.10047149658203, 7.891336917877197, 1.6125342845916748, 1.288033366203308
32.28921580314636, 1.291879653930664, 0.43328604102134705, 120.9809341430664, 2.40325927734375, 1.6167081594467163, 1.401768445968628
32.2992103099823, 1.291879653930664, 0.3899693489074707, 120.93108367919922, 0.495147705078125, 1.6206958293914795, 1.3625394105911255
32.309218645095825, 1.2927815914154053, 0.2983212471008301, 120.74845123291016, -1.9866943359375, 1.6242046356201172, 1.2522618770599365
32.31922006607056, 1.2935601472854614, 0.24249553680419922, 120.5513916015625, -5.187225341796875, 1.6272317171096802, 1.3943120241165161
32.32924175262451, 1.2932509183883667, 0.1740323156118393, 120.2857894897461, -10.170830726623535, 1.629870057106018, 1.3937731981277466
32.3392117023468, 1.2932509183883667, 0.15662908554077148, 120.09087371826172, -0.59356689453125, 1.6319563388824463, 1.138146162033081
32.34921073913574, 1.2919600009918213, 0.10501013696193695, 119.88338470458984, -14.330546379089355, 1.633606195449829, 1.0660560131072998
32.359214067459106, 1.2892104387283325, 0.018966197967529297, 119.6178970336914, -16.53594970703125, 1.6348541975021362, 1.2811115980148315
32.36922025680542, 1.2861530780792236, -0.012901093810796738, 119.369873046875, -19.68214225769043, 1.6358636617660522, 1.41105318069458
32.379218339920044, 1.2833397388458252, -0.06619691848754883, 119.06597900390625, -20.343780517578125, 1.6365759372711182, -0.37853872776031494
32.38920974731445, 1.2794703245162964, -0.13787215948104858, 118.71086120605469, -25.22362518310547, 1.6370571851730347, -0.4166320860385895
32.39920997619629, 1.2758420705795288, -0.1603841781616211, 118.33175659179688, -25.992584228515625, 1.6373910903930664, -0.3970702588558197
32.409379959106445, 1.2758420705795288, -0.18821822106838226, 117.96305084228516, -30.94906234741211, 1.6373910903930664, -0.3517177104949951
32.4192168712616, 1.2715158462524414, -0.24493534862995148, 117.48123168945312, -34.11356735229492, 1.6378819942474365, -0.3840588629245758
32.429280042648315, 1.262694001197815, -0.3055691719055176, 116.91741180419922, -33.6822509765625, 1.6367837190628052, -0.3667076528072357
32.439215898513794, 1.254603624343872, -0.38646459579467773, 116.41443634033203, -36.765289306640625, 1.6332461833953857, -0.43635836243629456
32.44920754432678, 1.254603624343872, -0.41506025195121765, 116.3784408569336, -38.94297409057617, 1.6282272338867188, -0.4980769753456116
32.45923852920532, 1.2457201480865479, -0.4832479655742645, 116.50020599365234, -34.64084243774414, 1.6238657236099243, -0.3826006054878235
32.469247817993164, 1.2366268634796143, -0.4952549934387207, 116.39274597167969, -29.77294921875, 1.6238657236099243, -0.33689001202583313
32.47931885719299, 1.2250425815582275, -0.647756814956665, 115.79914855957031, -36.29726791381836, 1.6196370124816895, -0.3372197151184082
32.48924469947815, 1.2137024402618408, -0.5978887677192688, 114.90585327148438, -34.59028625488281, 1.6176780462265015, -0.48172473907470703
32.499223709106445, 1.2137024402618408, -0.7767528295516968, 114.13220977783203, -52.49595642089844, 1.6151562929153442, -0.328933447599411
32.50928616523743, 1.2009947299957275, -0.7484674453735352, 113.2298583984375, -47.332000732421875, 1.6122610569000244, -0.24880537390708923
32.52204465866089, 1.1846762895584106, -0.8683919906616211, 112.1773681640625, -53.03802490234375, 1.609251618385315, -0.5011245012283325
32.52924609184265, 1.1846762895584106, -0.866863489151001, 111.30603790283203, -62.34825897216797, 1.609251618385315, -0.43355080485343933
32.53922724723816, 1.1846762895584106, -0.866863489151001, 111.30603790283203, -62.34825897216797, 1.6004570722579956, -0.33092987537384033
32.549216985702515, 1.1846762895584106, -0.3680430054664612, 111.63362884521484, -25.1617431640625, 1.5950769186019897, -0.4696058928966522
32.55923128128052, 1.1846762895584106, -0.776966392993927, 111.34043884277344, -55.97941207885742, 1.5892795324325562, -0.4168132245540619
32.569231271743774, 1.1299052238464355, -1.15814208984375, 110.2887954711914, -62.11395263671875, 1.583058476448059, -0.3563968539237976
32.57922577857971, 1.1299052238464355, -1.1858012676239014, 109.4794921875, -76.81359100341797, 1.5762735605239868, -0.4617505967617035
32.58920955657959, 1.1199263334274292, -1.1679463386535645, 108.80192565917969, -77.7460708618164, 1.5693978071212769, -0.4270150363445282
32.59921741485596, 1.0834693908691406, -1.4470418691635132, 107.6841812133789, -80.24088287353516, 1.5629141330718994, -0.5106593370437622
32.60922074317932, 1.0834693908691406, -1.4470418691635132, 107.6841812133789, -80.24088287353516, 1.5566915273666382, -0.45283111929893494
32.61926531791687, 1.0834693908691406, -1.4470418691635132, 107.6841812133789, -80.24088287353516, 1.5507838726043701, -0.2912105917930603
32.62921690940857, 1.0834693908691406, -1.4470418691635132, 107.6841812133789, -80.24088287353516, 1.545054316520691, -0.3551275432109833
32.63929867744446, 1.0164752006530762, -0.4930645227432251, 108.52434539794922, -14.019775390625, 1.540225863456726, -0.4220982789993286
32.64924621582031, 1.0164752006530762, -0.4930645227432251, 108.52434539794922, -14.019775390625, 1.5363439321517944, -0.181062713265419
32.659229040145874, 1.0164752006530762, -0.4930645227432251, 108.52434539794922, -14.019775390625, 1.5327544212341309, -0.16619811952114105
32.66923666000366, 1.0164752006530762, -0.4930645227432251, 108.52434539794922, -14.019775390625, 1.5293961763381958, -0.3173173666000366
32.679250717163086, 0.9439813494682312, -0.6425380706787109, 106.69827270507812, -16.328811645507812, 1.5266938209533691, -0.5749223232269287
32.689244985580444, 0.924575686454773, -2.88999080657959, 102.46053314208984, -107.96610260009766, 1.5246700048446655, -0.3103944957256317
32.69921135902405, 0.907037615776062, -3.084871530532837, 97.78053283691406, -150.282958984375, 1.5229604244232178, -0.40731748938560486
32.70923662185669, 0.907037615776062, -2.7763962745666504, 93.04337310791016, -185.90240478515625, 1.5210788249969482, -0.15432339906692505
32.71922826766968, 0.907037615776062, -2.7763962745666504, 93.04337310791016, -185.90240478515625, 1.5191477537155151, -0.20238856971263885
32.729222774505615, 0.8667001128196716, -1.673560380935669, 87.95519256591797, -123.08100891113281, 1.5166759490966797, -0.06246175989508629
32.7392258644104, 0.8667001128196716, -1.673560380935669, 87.95519256591797, -123.08100891113281, 1.5137783288955688, -0.2977093458175659
32.74921703338623, 0.8667001128196716, -1.673560380935669, 87.95519256591797, -123.08100891113281, 1.510934829711914, -0.3096710443496704
32.75923180580139, 0.8667001128196716, -1.673560380935669, 87.95519256591797, -123.08100891113281, 1.5087562799453735, -0.24012017250061035
32.76925802230835, 0.8667001128196716, -1.673560380935669, 87.95519256591797, -123.08100891113281, 1.5073004961013794, -0.466321736574173
32.77931809425354, 0.8079109191894531, -0.6439864635467529, 84.25481414794922, -52.067718505859375, 1.5062566995620728, -0.3455313742160797
32.78922200202942, 0.8079109191894531, -3.5777225494384766, 78.59014129638672, -343.215087890625, 1.505149006843567, -0.048102669417858124
32.79931569099426, 0.7830654978752136, -3.3686041831970215, 72.66680908203125, -361.3502502441406, 1.505149006843567, -0.27599024772644043
32.80921268463135, 0.7830654978752136, -3.337820291519165, 67.43570709228516, -447.206298828125, 1.502039909362793, -0.15292897820472717
32.81921076774597, 0.7430240511894226, -2.734518051147461, 62.79835891723633, -457.2601318359375, 1.4997490644454956, -0.07328854501247406
32.8292293548584, 0.718356728553772, -2.5069448947906494, 59.11260223388672, -528.7288818359375, 1.4973703622817993, 0.08318591117858887
32.839226722717285, 0.718356728553772, -2.0621836185455322, 55.79566955566406, -466.64886474609375, 1.4952168464660645, -0.12502631545066833
32.85394072532654, 0.6975315809249878, -2.327846050262451, 52.378013610839844, -504.4733581542969, 1.4934855699539185, 0.06006447225809097
32.85922932624817, 0.6730145812034607, -2.3402273654937744, 48.437835693359375, -446.05560302734375, 1.4926092624664307, -0.06557676196098328
32.86928725242615, 0.6590240597724915, -2.0767569541931152, 44.82123947143555, -431.3385009765625, 1.4926092624664307, -0.053278062492609024
32.87921762466431, 0.6590240597724915, -1.6542937755584717, 42.158775329589844, -467.7340087890625, 1.4924854040145874, 0.1168636754155159
32.88920760154724, 0.6315776109695435, -1.9592642784118652, 38.9306640625, -440.6611022949219, 1.4926841259002686, 0.006697667762637138
32.89923810958862, 0.615631103515625, -1.674342155456543, 35.850276947021484, -368.1648254394531, 1.4929540157318115, -0.05682012066245079
32.90921759605408, 0.5973771214485168, -2.063201427459717, 32.42505645751953, -389.00714111328125, 1.4932013750076294, 0.3191061019897461
32.91921257972717, 0.5837894678115845, -1.7692843675613403, 29.48488998413086, -370.1498107910156, 1.493285059928894, 0.13850849866867065
32.92920970916748, 0.569133996963501, -1.4922261238098145, 26.75653648376465, -323.56072998046875, 1.493285059928894, 0.09440053999423981
32.93934369087219, 0.5550041794776917, -1.81502103805542, 23.758563995361328, -355.9676208496094, 1.4939823150634766, 0.34823498129844666
32.94921326637268, 0.5550041794776917, -1.4252781867980957, 21.068313598632812, -313.0973815917969, 1.4949889183044434, 0.10439825803041458
32.95922350883484, 0.5235875844955444, -1.4942705631256104, 18.168437957763672, -302.6937561035156, 1.4965078830718994, 0.3830195963382721
32.9698166847229, 0.5235875844955444, -1.504845142364502, 15.429789543151855, -326.5719909667969, 1.498246431350708, 0.369549036026001
32.97924518585205, 0.5124478936195374, -1.465761661529541, 12.448668479919434, -297.100830078125, 1.500277042388916, 0.2573479115962982
32.98921251296997, 0.49624571204185486, -1.5036927461624146, 9.618878364562988, -325.68634033203125, 1.5024572610855103, 0.2943984866142273
32.999239444732666, 0.4893449544906616, -1.2628614902496338, 6.926362991333008, -289.2391357421875, 1.5048402547836304, 0.16492921113967896
33.0092236995697, 0.4718766510486603, -1.3944439888000488, 4.211274147033691, -313.48651123046875, 1.5077348947525024, 0.10662304610013962
33.01921272277832, 0.4601837396621704, -1.3734102249145508, 1.4375773668289185, -311.6369323730469, 1.5110660791397095, 0.31733033061027527
33.02920866012573, 0.4601837396621704, -1.0895013809204102, -1.1490041017532349, -279.055419921875, 1.5144526958465576, 0.28421035408973694
33.03919959068298, 0.4525156021118164, -1.138759970664978, -3.628178119659424, -304.297119140625, 1.5178614854812622, 0.31363481283187866
33.04923963546753, 0.44842496514320374, -1.0657906532287598, -6.1857590675354, -272.5406494140625, 1.5210864543914795, 0.24408863484859467
33.059231758117676, 0.4468873143196106, -0.7669985294342041, -8.16666030883789, -263.35107421875, 1.5239427089691162, 0.11394098401069641
33.06921076774597, 0.46217969059944153, -0.682310938835144, -9.80248737335205, -280.35858154296875, 1.526848316192627, 0.463850200176239
33.07922315597534, 0.4818405210971832, -0.3400809168815613, -10.887275695800781, -259.2882385253906, 1.5300174951553345, 0.2712976932525635
33.08924460411072, 0.4818405210971832, -0.14405250549316406, -11.725403785705566, -213.44284057617188, 1.533376693725586, 0.311381995677948
33.09924006462097, 0.4818405210971832, -0.08338358998298645, -12.472613334655762, -215.54417419433594, 1.533376693725586, 0.21050003170967102
33.11242961883545, 0.5436570048332214, 0.7975597977638245, -11.78326416015625, -177.71710205078125, 1.540215015411377, 0.448775053024292
33.12193703651428, 0.5436570048332214, 0.8347302675247192, -10.893155097961426, -123.30732727050781, 1.5435688495635986, -0.049806203693151474
33.12921667098999, 0.5660569667816162, 1.0587364435195923, -9.577967643737793, -84.28964233398438, 1.546985387802124, -0.02009493112564087
33.139220237731934, 0.5998995900154114, 1.6376044750213623, -7.519440174102783, -43.23630905151367, 1.5503767728805542, -0.04227588698267937
33.1492338180542, 0.6158165335655212, 1.859903335571289, -5.0925774574279785, 12.146526336669922, 1.5503767728805542, -0.025619396939873695
33.159215211868286, 0.6158165335655212, 1.689291000366211, -2.603205680847168, 55.63459396362305, 1.5563292503356934, 0.022215569391846657
33.16921067237854, 0.6337277889251709, 1.71547532081604, 0.015638090670108795, 98.18134307861328, 1.5582940578460693, 0.02318963222205639
33.17920517921448, 0.6524001955986023, 1.89510977268219, 2.759489059448242, 151.6306610107422, 1.559394359588623, -0.03219148889183998
33.189213275909424, 0.665736198425293, 2.0432870388031006, 5.902994632720947, 195.87098693847656, 1.5592553615570068, 0.006633631885051727
33.19922471046448, 0.665736198425293, 1.8389523029327393, 9.271817207336426, 217.44427490234375, 1.5584204196929932, 0.03907924145460129
33.20920443534851, 0.682270884513855, 1.5401575565338135, 11.94388198852539, 263.6349792480469, 1.557319164276123, -0.032456688582897186
33.21920394897461, 0.6948972344398499, 1.5124082565307617, 14.893943786621094, 257.8710632324219, 1.5563361644744873, 0.005589976906776428
33.229217529296875, 0.6948972344398499, 1.5124082565307617, 14.893943786621094, 257.8710632324219, 1.5556128025054932, 0.020574141293764114
33.23920917510986, 0.716855525970459, 1.2995136976242065, 19.834712982177734, 303.9349365234375, 1.5550113916397095, -0.035148486495018005
33.249215602874756, 0.716855525970459, 1.0103940963745117, 21.78114128112793, 268.7373046875, 1.554451823234558, 0.05424860864877701
33.2592134475708, 0.7285446524620056, 1.2525320053100586, 23.932477951049805, 294.8408203125, 1.5537726879119873, 0.0529056116938591
33.269219636917114, 0.7413558959960938, 1.195867896080017, 26.012832641601562, 288.8577880859375, 1.5529639720916748, 0.03564298897981644
33.279210329055786, 0.7413558959960938, 0.8895576000213623, 27.77724838256836, 250.17776489257812, 1.5519503355026245, 0.012055935338139534
33.289220571517944, 0.754408061504364, 0.8867084980010986, 29.57374382019043, 236.70748901367188, 1.5508955717086792, -0.0036616434808820486
33.29924988746643, 0.7719277143478394, 1.0619163513183594, 31.69627571105957, 224.2445068359375, 1.550108551979065, 0.02711442857980728
33.30921506881714, 0.7719277143478394, 0.9961922764778137, 33.469505310058594, 239.17324829101562, 1.5497926473617554, 0.051285676658153534
33.31922101974487, 0.7719277143478394, 0.9961922764778137, 33.469505310058594, 239.17324829101562, 1.5497839450836182, 0.0023386438842862844
33.329214334487915, 0.8038506507873535, 1.111891508102417, 37.06106185913086, 216.4927520751953, 1.5499173402786255, 0.017406607046723366
33.33923268318176, 0.8165254592895508, 1.1074542999267578, 38.84900665283203, 211.26980590820312, 1.5499322414398193, 0.002454826608300209
33.34971499443054, 0.8165254592895508, 1.1074343919754028, 40.65846252441406, 209.74795532226562, 1.549872875213623, -0.0027361793909221888
33.35925269126892, 0.8165254592895508, 0.8798122406005859, 42.268917083740234, 183.36410522460938, 1.5498499870300293, 0.010203792713582516
33.36924386024475, 0.8228229284286499, 0.8146703243255615, 43.754295349121094, 177.4150848388672, 1.5498499870300293, 0.023030651733279228
33.37922191619873, 0.8579278588294983, 1.2952420711517334, 45.8878288269043, 201.22824096679688, 1.5497429370880127, 0.015705397352576256
33.39389729499817, 0.8579278588294983, 1.150223970413208, 47.77543258666992, 202.2408447265625, 1.5497602224349976, 0.02953655831515789
33.40195345878601, 0.8754182457923889, 1.0348975658416748, 49.6539192199707, 179.57687377929688, 1.5498738288879395, 0.07715708762407303
33.409239768981934, 0.8805829882621765, 1.207278847694397, 51.60881042480469, 201.54783630371094, 1.5502029657363892, 0.014990701340138912
33.41922187805176, 0.8947626948356628, 1.0564625263214111, 53.469810485839844, 182.29827880859375, 1.5502029657363892, 0.027996478602290154
33.42947697639465, 0.9083359837532043, 1.0448575019836426, 55.292022705078125, 182.30934143066406, 1.5510947704315186, 0.017872964963316917
33.43921446800232, 0.9356803894042969, 1.3239383697509766, 57.37384796142578, 205.83131408691406, 1.5515235662460327, 0.09587635844945908
33.44921588897705, 0.9294930100440979, 1.1296749114990234, 59.3498420715332, 186.9140625, 1.5521259307861328, 0.07915664464235306
33.459221839904785, 0.9373990893363953, 1.3430383205413818, 61.438018798828125, 212.98980712890625, 1.5526773929595947, 0.026815220713615417
33.46920847892761, 0.9373990893363953, 1.145768165588379, 63.42096710205078, 196.66671752929688, 1.5532581806182861, 0.059414342045784
33.47920870780945, 0.945284366607666, 0.9706284999847412, 64.90367126464844, 211.28675842285156, 1.5538330078125, 0.07207584381103516
33.489227533340454, 0.958023726940155, 1.1121829748153687, 66.61909484863281, 209.37432861328125, 1.5545604228973389, 0.09322760999202728
33.499231576919556, 0.9648771286010742, 0.9939802885055542, 68.11334991455078, 205.10482788085938, 1.5555084943771362, 0.08755889534950256
33.50922203063965, 0.9768270254135132, 1.0693669319152832, 69.69084167480469, 200.9112091064453, 1.556404709815979, 0.0982934981584549
33.51922154426575, 0.9768270254135132, 1.0693669319152832, 69.69084167480469, 200.9112091064453, 1.5572994947433472, 0.043078791350126266
33.52923035621643, 1.011975884437561, 0.5860716104507446, 71.49637603759766, 90.13309478759766, 1.5580929517745972, 0.11766935884952545
33.539207458496094, 0.9959806203842163, 0.9738273024559021, 72.94564819335938, 196.1517333984375, 1.5590542554855347, 0.1056586429476738
33.54925513267517, 1.0240225791931152, 0.8834183216094971, 74.37708282470703, 170.03173828125, 1.5600981712341309, 0.05031867325305939
33.55924344062805, 1.0115952491760254, 0.9122623205184937, 75.68006896972656, 181.4473419189453, 1.5610955953598022, 0.10125530511140823
33.569231271743774, 1.0115952491760254, 0.7419586181640625, 76.84774017333984, 154.09622192382812, 1.562089443206787, 0.052223652601242065
33.579241037368774, 1.0175955295562744, 0.8910629749298096, 78.12513732910156, 163.38009643554688, 1.5630532503128052, 0.05422964692115784
33.5892219543457, 1.0245391130447388, 0.7925510406494141, 79.39090728759766, 144.873046875, 1.5640432834625244, 0.0816359892487526
33.59924054145813, 1.0294989347457886, 0.7941656708717346, 80.51044464111328, 154.3477325439453, 1.5651031732559204, 0.08118590712547302
33.60921382904053, 1.0351533889770508, 0.7027626037597656, 81.59548950195312, 134.82208251953125, 1.5660243034362793, 0.0926302894949913
33.6192090511322, 1.0351533889770508, 0.6480746865272522, 82.48849487304688, 142.19580078125, 1.5667365789413452, 0.11430081725120544
33.629212379455566, 1.0417920351028442, 0.3312826156616211, 82.90108489990234, 126.71915435791016, 1.5674697160720825, 0.06866104900836945
33.63920712471008, 1.0460790395736694, 0.5566543936729431, 83.67868041992188, 119.25506591796875, 1.5682698488235474, 0.09115830063819885
33.649218797683716, 1.0702013969421387, 0.4617929458618164, 84.3728256225586, 99.957275390625, 1.569085717201233, 0.13974221050739288
33.65926551818848, 1.0722092390060425, 0.6061315536499023, 85.3265380859375, 96.46453857421875, 1.5700403451919556, 0.09373413771390915
33.66922974586487, 1.0762248039245605, 0.7181035280227661, 86.32804870605469, 105.33735656738281, 1.5709694623947144, 0.062274374067783356
33.67965364456177, 1.0782325267791748, 0.6737444400787354, 87.26161193847656, 101.5167236328125, 1.5718926191329956, 0.16282087564468384
33.68921089172363, 1.0802403688430786, 0.5570292472839355, 88.1065444946289, 87.15591430664062, 1.5727734565734863, 0.11946866661310196
33.699207067489624, 1.0802403688430786, 0.5074024200439453, 88.6964111328125, 81.8603515625, 1.5737223625183105, 0.08866363018751144
33.71275281906128, 1.0822480916976929, 0.5232625603675842, 89.55266571044922, 88.41281127929688, 1.5746896266937256, 0.11903461813926697
33.721932888031006, 1.0822480916976929, 0.4709482192993164, 90.23306274414062, 77.44598388671875, 1.5756831169128418, 0.12071753293275833
33.72939586639404, 1.0822480916976929, 0.40456056594848633, 90.78799438476562, 78.86810302734375, 1.5768506526947021, 0.11075618863105774
33.73923587799072, 1.0822480916976929, 0.40188100934028625, 91.23333740234375, 83.94029235839844, 1.5780614614486694, 0.1593123972415924
33.74926567077637, 1.0822480916976929, 0.12047290802001953, 91.23223114013672, 68.5943603515625, 1.5792076587677002, 0.0764869898557663
33.75924587249756, 1.0822480916976929, 0.11154016107320786, 91.20635223388672, 65.33135223388672, 1.5803297758102417, 0.16385386884212494
33.769211530685425, 1.0822480916976929, 0.066929392516613, 91.11185455322266, 53.15483856201172, 1.5814168453216553, 0.1585567146539688
33.77921795845032, 1.0689959526062012, -0.10262595117092133, 90.74626922607422, 38.71748352050781, 1.582587480545044, 0.15988443791866302
33.78920936584473, 1.0689959526062012, -0.11243820190429688, 90.32899475097656, 22.225189208984375, 1.5838826894760132, -0.42205336689949036
33.79920148849487, 1.0644041299819946, -0.1583576202392578, 89.80558013916016, 11.09161376953125, 1.58527672290802, -0.2468281239271164
33.80923557281494, 1.058553695678711, -0.2369403839111328, 89.12132263183594, -4.31365966796875, 1.5867283344268799, -0.43708160519599915
33.81922435760498, 1.058553695678711, -0.2369523048400879, 88.42656707763672, -18.06488037109375, 1.5879770517349243, -0.433535635471344
33.83281898498535, 1.0560563802719116, -0.29102960228919983, 87.72329711914062, -34.05168151855469, 1.588405728340149, -0.514107346534729
33.839234352111816, 1.0546857118606567, -0.25056707859039307, 87.14422607421875, -37.17387771606445, 1.5874582529067993, -0.514107346534729
33.8492271900177, 1.0536428689956665, -0.3575533628463745, 86.79641723632812, -55.44853210449219, 1.5849169492721558, -0.38799920678138733
33.85922026634216, 1.0536428689956665, -0.3575533628463745, 86.79641723632812, -55.44853210449219, 1.5812885761260986, -0.4619787931442261
33.86922097206116, 1.0536428689956665, -0.3575533628463745, 86.79641723632812, -55.44853210449219, 1.5771154165267944, -0.518604040145874
33.87921404838562, 1.0492899417877197, -0.10985931009054184, 88.07769775390625, -10.428619384765625, 1.5725749731063843, -0.5354068875312805
33.88922691345215, 1.0439033508300781, -0.38346052169799805, 88.2060317993164, -29.058837890625, 1.567517876625061, -0.32809704542160034
33.89934492111206, 1.0439033508300781, -0.2788040339946747, 88.66928100585938, -23.07722282409668, 1.5618699789047241, -0.37300094962120056
33.90922498703003, 1.0376657247543335, -0.3133058547973633, 89.12651824951172, -12.024688720703125, 1.5557540655136108, -0.4530121386051178
33.91931390762329, 1.0287319421768188, -0.3567218780517578, 89.58992004394531, -2.156829833984375, 1.5493236780166626, -0.3655795156955719
33.92921280860901, 1.0186357498168945, -0.44353803992271423, 90.03329467773438, 10.13353157043457, 1.5424158573150635, -0.28573697805404663
33.93919062614441, 1.0186357498168945, -0.399172306060791, 90.56349182128906, 21.368408203125, 1.5351884365081787, -0.2899983823299408
33.94923996925354, 1.0060174465179443, -0.5003809928894043, 90.96778869628906, 32.444000244140625, 1.5351884365081787, -0.17544737458229065
33.95922303199768, 0.9918223023414612, -0.6286382675170898, 91.13223266601562, 39.88037109375, 1.527997612953186, -0.4072398841381073
33.969202756881714, 0.9690836071968079, -0.9395546317100525, 90.78758239746094, 44.34627914428711, 1.521437168121338, -0.4713688790798187
33.97921705245972, 0.9690836071968079, -0.8911688923835754, 90.39556121826172, 25.75514030456543, 1.5103776454925537, -0.20328529179096222
33.989232301712036, 0.956712007522583, -0.9688006639480591, 89.75482177734375, 17.20852279663086, 1.505757451057434, -0.2843949794769287
33.99922966957092, 0.9301718473434448, -1.137310266494751, 88.52701568603516, -1.422882080078125, 1.5014517307281494, -0.3009898066520691
34.0092191696167, 0.9062934517860413, -1.3137280941009521, 86.92127990722656, -22.052764892578125, 1.497317910194397, -0.4293613135814667
34.019214153289795, 0.8847771286964417, -1.5994906425476074, 85.05553436279297, -50.38113021850586, 1.4933263063430786, -0.3684008717536926
34.02923035621643, 0.8847771286964417, -1.5994906425476074, 85.05553436279297, -50.38113021850586, 1.4892464876174927, -0.1713622659444809
34.04442238807678, 0.8739852905273438, -1.6072392463684082, 81.4592514038086, -101.15898895263672, 1.4854717254638672, -0.33968186378479004
34.049230098724365, 0.8686205744743347, -1.3739585876464844, 79.64746856689453, -113.20343017578125, 1.4824732542037964, -0.21987052261829376
34.05921244621277, 0.8628928661346436, -1.4325579404830933, 77.84845733642578, -147.5982666015625, 1.4798928499221802, -0.1333274096250534
34.069223165512085, 0.8628928661346436, -1.0619044303894043, 76.38688659667969, -144.00634765625, 1.4798928499221802, -0.16389304399490356
34.07923078536987, 0.8438857793807983, -1.3910928964614868, 74.54742431640625, -176.08981323242188, 1.4752293825149536, 0.02828204445540905
34.08922243118286, 0.8245162963867188, -1.468843936920166, 72.55489349365234, -191.1103973388672, 1.47352135181427, -0.13512474298477173
34.09921669960022, 0.8153735995292664, -1.1479735374450684, 70.7782211303711, -177.48794555664062, 1.47244393825531, -0.21289120614528656
34.10921597480774, 0.8089409470558167, -0.9735286235809326, 69.20405578613281, -177.1728515625, 1.4717833995819092, -0.33596473932266235
34.11921191215515, 0.8026126623153687, -0.912944495677948, 67.83024597167969, -191.391845703125, 1.4716483354568481, -0.11924591660499573
34.12921714782715, 0.8026126623153687, -0.8216440677642822, 66.36090850830078, -169.86541748046875, 1.4716483354568481, -0.1599119007587433
34.13921093940735, 0.7882775068283081, -0.857079029083252, 64.7138671875, -167.45376586914062, 1.472806692123413, -0.12483541667461395
34.1492178440094, 0.7692941427230835, -1.1036263704299927, 62.78603744506836, -187.34910583496094, 1.473022222518921, -0.009096300229430199
34.159212589263916, 0.7573009729385376, -1.1732313632965088, 60.82701873779297, -189.1276092529297, 1.4726874828338623, -0.07420407235622406
34.16922187805176, 0.7562931180000305, -1.1844435930252075, 58.94969940185547, -193.7459259033203, 1.4718785285949707, 0.05573811009526253
34.179219007492065, 0.7562931180000305, -0.8759260177612305, 57.504188537597656, -170.43228149414062, 1.4713038206100464, -0.15826530754566193
34.18922305107117, 0.7536826133728027, -0.7083356380462646, 56.320796966552734, -162.34092712402344, 1.4713727235794067, 0.20164339244365692
34.20191979408264, 0.7336761951446533, -0.9077455997467041, 54.82286834716797, -177.28211975097656, 1.4716044664382935, 0.06384127587080002
34.2092170715332, 0.7336761951446533, -0.8362863063812256, 53.41226577758789, -175.46377563476562, 1.471800684928894, 0.14352606236934662
34.21924185752869, 0.7171095609664917, -0.8550405502319336, 51.82196807861328, -160.0830078125, 1.471800684928894, 0.0479634627699852
34.22922205924988, 0.7082517147064209, -1.048445701599121, 50.0317497253418, -181.43505859375, 1.4729948043823242, 0.05803246051073074
34.23922419548035, 0.6954218149185181, -1.0317299365997314, 48.200931549072266, -183.4776153564453, 1.4739888906478882, -0.08624754846096039
34.249205112457275, 0.6860126852989197, -0.8328139781951904, 46.5059814453125, -162.80059814453125, 1.4749653339385986, 0.023694034665822983
34.259209632873535, 0.6690139174461365, -0.9809666275978088, 44.723228454589844, -178.93133544921875, 1.4758211374282837, 0.1901213675737381
34.26994061470032, 0.6544532775878906, -1.0184049606323242, 42.71598434448242, -162.33673095703125, 1.476804256439209, 0.026310401037335396
34.28198480606079, 0.6483697295188904, -1.0792255401611328, 40.57500457763672, -169.29168701171875, 1.4777672290802002, 0.11979889124631882
34.28921842575073, 0.6376529335975647, -1.1602938175201416, 38.2902946472168, -180.3050994873047, 1.4786101579666138, -0.12507149577140808
34.299219846725464, 0.6376529335975647, -1.066929817199707, 36.391151428222656, -204.79710388183594, 1.4792941808700562, 0.13083934783935547
34.30922842025757, 0.6297247409820557, -1.0395169258117676, 34.37675094604492, -190.3553009033203, 1.4800491333007812, 0.13620314002037048
34.31921982765198, 0.6191319227218628, -1.0886391401290894, 32.45807647705078, -215.15443420410156, 1.4809163808822632, 0.05316605046391487
34.32922124862671, 0.6140016317367554, -1.0472204685211182, 30.586763381958008, -216.0551300048828, 1.4818105697631836, 0.07193885743618011
34.33920860290527, 0.5910865068435669, -1.1592772006988525, 28.527183532714844, -218.59698486328125, 1.4824999570846558, 0.03880927339196205
34.34925174713135, 0.5910865068435669, -1.0547438859939575, 26.67589569091797, -220.33395385742188, 1.483039140701294, 0.12931522727012634
34.35921907424927, 0.5810824632644653, -0.8793175220489502, 24.979103088378906, -197.44110107421875, 1.483628749847412, 0.2274841070175171
34.36926245689392, 0.5694401860237122, -0.9445879459381104, 23.32621192932129, -215.44244384765625, 1.483628749847412, 0.2093549370765686
34.379213094711304, 0.559341549873352, -0.9892053008079529, 21.54553985595703, -211.43870544433594, 1.4854395389556885, 0.2317034900188446
34.38921284675598, 0.5367984175682068, -1.008540391921997, 19.54456901550293, -187.45689392089844, 1.486070156097412, 0.27835121750831604
34.39934730529785, 0.5298795104026794, -1.077735424041748, 17.47039222717285, -189.2078399658203, 1.4867640733718872, 0.30399635434150696
34.409210443496704, 0.5298795104026794, -0.9984493255615234, 15.528862953186035, -188.4784698486328, 1.488008975982666, 0.3699868619441986
34.4192111492157, 0.5228641033172607, -1.0696384906768799, 13.552199363708496, -210.0656280517578, 1.4898401498794556, -0.024489007890224457
34.4292209148407, 0.4939507842063904, -1.2005031108856201, 11.03652572631836, -195.50228881835938, 1.492003321647644, 0.19890159368515015
34.4392192363739, 0.4939507842063904, -0.9713649749755859, 8.877103805541992, -196.50057983398438, 1.492003321647644, 0.2054511159658432
34.44922184944153, 0.4918348491191864, -1.1027984619140625, 6.647944450378418, -222.5331268310547, 1.496846079826355, 0.2656556963920593
34.45938539505005, 0.47577473521232605, -1.1700855493545532, 4.277337551116943, -230.01947021484375, 1.4996122121810913, 0.3479653000831604
34.46954870223999, 0.47577473521232605, -0.9366512298583984, 2.0714023113250732, -212.54824829101562, 1.4996122121810913, 0.25022730231285095
34.47920489311218, 0.47193267941474915, -0.971211314201355, -0.000476837158203125, -239.40011596679688, 1.5045092105865479, 0.10974130779504776
34.48922538757324, 0.46044421195983887, -0.7635414600372314, -1.7964731454849243, -213.41043090820312, 1.5065877437591553, 0.36502373218536377
34.49922704696655, 0.46044421195983887, -0.6943494081497192, -3.4368417263031006, -209.07235717773438, 1.5092192888259888, 0.31694766879081726
34.50921297073364, 0.4546528160572052, -0.8358525037765503, -5.283062934875488, -231.2436065673828, 1.5123766660690308, 0.35376086831092834
34.51922345161438, 0.4546528160572052, -0.7579061985015869, -7.097342014312744, -229.4393310546875, 1.5123766660690308, 0.2479882538318634
34.52922344207764, 0.4546528160572052, -0.7579061985015869, -7.097342014312744, -229.4393310546875, 1.5186376571655273, 0.26739344000816345
34.53921294212341, 0.4473501741886139, -0.5825087428092957, -9.930279731750488, -235.09226989746094, 1.5215532779693604, 0.023861100897192955
34.549222230911255, 0.43906086683273315, -0.5863772630691528, -11.41991901397705, -200.75405883789062, 1.5247540473937988, 0.15843546390533447
34.559223890304565, 0.46859684586524963, -0.07974770665168762, -12.132373809814453, -182.330078125, 1.5281550884246826, 0.21861420571804047
34.56921935081482, 0.4880217909812927, 0.12246966361999512, -12.528072357177734, -145.99481201171875, 1.5313951969146729, 0.34109005331993103
34.57921600341797, 0.4880217909812927, 0.17876757681369781, -12.824654579162598, -142.49085998535156, 1.5341136455535889, 0.20265091955661774
34.589221239089966, 0.5173829197883606, 0.6326503157615662, -12.283672332763672, -116.52437591552734, 1.5341136455535889, -0.007384365424513817
34.5992271900177, 0.5452960133552551, 0.8485227823257446, -11.174022674560547, -77.37178802490234, 1.5387511253356934, -0.029637595638632774
34.60922384262085, 0.550987720489502, 0.9633451700210571, -9.832544326782227, -45.494842529296875, 1.5411049127578735, -0.013973289169371128
34.61920523643494, 0.5619654059410095, 1.1923577785491943, -8.309374809265137, -13.467046737670898, 1.543568730354309, 0.03565063327550888
34.62916898727417, 0.5799610018730164, 1.4734532833099365, -6.346236705780029, 30.408435821533203, 1.5459238290786743, -0.0343920923769474
34.63920617103577, 0.5982000827789307, 1.6761157512664795, -4.031701564788818, 65.53978729248047, 1.5477019548416138, 0.032292552292346954
34.64921450614929, 0.5982000827789307, 1.5913844108581543, -1.4615708589553833, 99.58352661132812, 1.548488736152649, -0.012783525511622429
34.65921092033386, 0.6076498627662659, 1.3905346393585205, 0.923622727394104, 130.55992126464844, 1.5480276346206665, -0.04845109581947327
34.66921782493591, 0.6162186861038208, 1.2819647789001465, 3.3383045196533203, 158.6636962890625, 1.546714425086975, -0.01298606675118208
34.67920994758606, 0.6241074800491333, 1.5120705366134644, 6.051366806030273, 209.733642578125, 1.545122504234314, -0.00622783275321126
34.689212799072266, 0.6241074800491333, 1.1858211755752563, 8.281241416931152, 228.49899291992188, 1.545122504234314, -0.0492568276822567
34.69922184944153, 0.6380918622016907, 0.927966833114624, 10.175747871398926, 213.49771118164062, 1.543163537979126, 0.025446834042668343
34.709227085113525, 0.6401766538619995, 0.8918821811676025, 11.946233749389648, 217.7877655029297, 1.5425689220428467, -0.032504670321941376
34.71923589706421, 0.6447914838790894, 0.8282661437988281, 13.560284614562988, 218.69664001464844, 1.5425689220428467, -0.0024078735150396824
34.72923541069031, 0.6447914838790894, 0.7203353643417358, 14.823978424072266, 235.2245635986328, 1.5415047407150269, -0.01054744329303503
34.73922634124756, 0.6506898999214172, 0.52490234375, 15.886870384216309, 199.18569946289062, 1.5406394004821777, -0.022619349882006645
34.74921727180481, 0.6568296551704407, 0.5862951278686523, 17.11019515991211, 185.71759033203125, 1.5394893884658813, -0.017816634848713875
34.759212255477905, 0.6549167633056641, 0.5251897573471069, 18.17868995666504, 191.72308349609375, 1.5381748676300049, -0.000336470635375008
34.76923394203186, 0.6562715768814087, 0.44503477215766907, 19.145933151245117, 175.64031982421875, 1.5371946096420288, -0.018666159361600876
34.77923107147217, 0.6562715768814087, 0.32163262367248535, 19.90894889831543, 138.57574462890625, 1.5366305112838745, 0.0034962978679686785
34.7892427444458, 0.6728299856185913, 0.5413625240325928, 20.897377014160156, 140.1793212890625, 1.5362752676010132, -0.03156675770878792
34.79921364784241, 0.6728299856185913, 0.3473818302154541, 21.593570709228516, 114.17808532714844, 1.5361539125442505, 0.029699547216296196
34.80922317504883, 0.6886716485023499, 0.48494935035705566, 22.49736213684082, 105.511474609375, 1.5361040830612183, 0.006472473032772541
34.81923317909241, 0.6920239925384521, 0.5248056650161743, 23.36519432067871, 108.94330596923828, 1.536104679107666, 0.02736981026828289
34.82924485206604, 0.697337806224823, 0.5254626274108887, 24.320472717285156, 94.96498107910156, 1.5358418226242065, -0.027226926758885384
34.83955717086792, 0.697337806224823, 0.4664778709411621, 25.216405868530273, 93.2952880859375, 1.5358418226242065, -0.007818491198122501
34.849249839782715, 0.697337806224823, 0.4050731658935547, 26.018098831176758, 89.07890319824219, 1.5351495742797852, 0.049144987016916275
34.8592267036438, 0.7064412832260132, 0.5152463912963867, 27.01557731628418, 88.36898803710938, 1.5351495742797852, -0.0025326122995465994
34.869221210479736, 0.724550187587738, 0.758661150932312, 28.25994873046875, 101.26707458496094, 1.53541898727417, -0.006519637070596218
34.879209995269775, 0.7347075343132019, 0.8715126514434814, 29.634151458740234, 108.05786895751953, 1.5357940196990967, 0.05600886046886444
34.889214277267456, 0.7347075343132019, 0.6187736988067627, 30.69100570678711, 97.93624877929688, 1.5360913276672363, 0.001615284476429224
34.899211168289185, 0.7374183535575867, 0.7176465392112732, 31.811281204223633, 113.5300521850586, 1.53633713722229, 0.010032735764980316
34.90921592712402, 0.7549805045127869, 0.6630897521972656, 32.972206115722656, 104.74853515625, 1.536490559577942, 0.008206372149288654
34.91922378540039, 0.7549805045127869, 0.6630897521972656, 32.972206115722656, 104.74853515625, 1.5366100072860718, 0.006536506582051516
34.92922282218933, 0.761003851890564, 0.7074011564254761, 35.26132583618164, 121.56507873535156, 1.5367449522018433, 0.028447894379496574
34.93924355506897, 0.761003851890564, 0.7074011564254761, 35.26132583618164, 121.56507873535156, 1.5367449522018433, 0.009168907068669796
34.94925832748413, 0.7690349221229553, 0.7966293096542358, 37.74069595336914, 130.2511444091797, 1.537198781967163, 0.010730444453656673
34.95920729637146, 0.7730504870414734, 0.6660938262939453, 38.89952087402344, 118.83888244628906, 1.5374850034713745, 0.03247398883104324
34.96921992301941, 0.7770660519599915, 0.583503007888794, 39.802303314208984, 128.24842834472656, 1.5377914905548096, 0.046496711671352386
34.97922325134277, 0.7790738344192505, 0.4929635226726532, 40.553245544433594, 121.32347869873047, 1.5380715131759644, 0.012067997828125954
34.9892156124115, 0.7790738344192505, 0.4436612129211426, 41.30898666381836, 106.1798095703125, 1.5383026599884033, 0.012663204222917557
34.99922752380371, 0.7810816168785095, 0.4851420819759369, 42.060829162597656, 113.88397216796875, 1.5386099815368652, 0.022051643580198288
35.00922417640686, 0.7790738344192505, 0.24093389511108398, 42.443016052246094, 94.708251953125, 1.5389541387557983, 0.0012892659287899733
35.019251585006714, 0.7790738344192505, 0.22085905075073242, 42.78200149536133, 86.56539916992188, 1.5392959117889404, 0.011887583881616592
35.029228925704956, 0.7790738344192505, 0.2007749378681183, 43.048404693603516, 86.52284240722656, 1.53963041305542, -0.0006872190278954804
35.03921318054199, 0.7790738344192505, 0.15615755319595337, 43.24311447143555, 75.28559112548828, 1.540008306503296, 0.005510386545211077
35.049221992492676, 0.7790738344192505, 0.10038614273071289, 43.356929779052734, 56.16264343261719, 1.5401746034622192, 0.045028865337371826
35.05921936035156, 0.7790738344192505, 0.060236454010009766, 43.42812728881836, 45.28617858886719, 1.5402190685272217, 0.009507516399025917
35.06922268867493, 0.7790738344192505, 0.060236454010009766, 43.42812728881836, 45.28617858886719, 1.5401619672775269, 0.029611969366669655
35.07922291755676, 0.7790738344192505, 0.060236454010009766, 43.42812728881836, 45.28617858886719, 1.5400985479354858, 0.00549159524962306
35.08978343009949, 0.7809765338897705, 0.013485036790370941, 43.52114486694336, 12.823433876037598, 1.5400971174240112, 0.00177002081181854
35.09922218322754, 0.7721843719482422, -0.07655223459005356, 43.39613723754883, 31.58823585510254, 1.540258765220642, -0.0037387784104794264
35.109227895736694, 0.7721843719482422, -0.06889104843139648, 43.24148941040039, 19.324874877929688, 1.540557622909546, 0.08358816802501678
35.11921834945679, 0.7633995413780212, -0.19646352529525757, 42.865665435791016, 8.94292163848877, 1.5408838987350464, -0.22771145403385162
35.129209756851196, 0.7710427045822144, -0.08031129837036133, 42.66032409667969, 2.1728515625, 1.5408838987350464, -0.01985694281756878
35.139219760894775, 0.7710427045822144, -0.08922815322875977, 42.490516662597656, -3.238677978515625, 1.5410147905349731, -0.10836558043956757
35.149208545684814, 0.7730504870414734, -0.060236454010009766, 42.38320541381836, -6.652069091796875, 1.5409150123596191, -0.2581649422645569
35.15922570228577, 0.7730504870414734, -0.060236454010009766, 42.289615631103516, -9.535598754882812, 1.5406416654586792, 0.0048046107403934
35.169244050979614, 0.7730504870414734, -0.066929392516613, 42.229793548583984, -12.52322769165039, 1.5403289794921875, -0.036767639219760895
35.179211378097534, 0.7710427045822144, -0.08923477679491043, 42.140625, -14.305538177490234, 1.5397968292236328, -0.1960018128156662
35.1892192363739, 0.7710427045822144, -0.09933710098266602, 42.056766510009766, -14.643478393554688, 1.5389747619628906, -0.009946225211024284
35.19922947883606, 0.7690349221229553, -0.0349879264831543, 42.14897918701172, -13.857523918151855, 1.5379186868667603, 0.037283338606357574
35.209224462509155, 0.763011634349823, -0.10192394256591797, 42.17420959472656, -11.858622550964355, 1.5368554592132568, -0.15269765257835388
35.219218492507935, 0.7589960694313049, -0.044035911560058594, 42.28745651245117, -5.782318115234375, 1.5358418226242065, 0.021499330177903175
35.229206800460815, 0.7549805045127869, -0.16062259674072266, 42.17971420288086, -4.8061370849609375, 1.5349172353744507, 0.018666768446564674
35.23920011520386, 0.7509649395942688, -0.2230803221464157, 41.98278045654297, -5.64108943939209, 1.5340646505355835, -0.08169904351234436
35.249194383621216, 0.7489571571350098, -0.24093985557556152, 41.69972229003906, -6.8347930908203125, 1.5332492589950562, -0.024912508204579353
35.25920629501343, 0.7449415922164917, -0.3123084604740143, 41.3369255065918, -10.58536148071289, 1.5324602127075195, -0.09444669634103775
35.26921343803406, 0.7409260869026184, -0.3212451934814453, 40.89630889892578, -13.335800170898438, 1.5317329168319702, -0.08060659468173981
35.27921485900879, 0.7389183044433594, -0.3569391071796417, 40.444461822509766, -18.84545135498047, 1.5310946702957153, 0.021000150591135025
35.289212226867676, 0.7349027395248413, -0.361400842666626, 39.903411865234375, -21.533966064453125, 1.5305378437042236, -0.0510353147983551
35.30195331573486, 0.7328949570655823, -0.361400842666626, 39.34756088256836, -28.01361083984375, 1.529780626296997, -0.0011335716117173433
35.30928874015808, 0.7308871746063232, -0.3569457232952118, 38.901145935058594, -36.36763000488281, 1.5290002822875977, -0.14027103781700134
35.31924247741699, 0.7308871746063232, -0.2810835838317871, 38.53196334838867, -37.554931640625, 1.5283793210983276, 0.09934648871421814
35.329235553741455, 0.7228561043739319, -0.32125115394592285, 38.06077194213867, -41.1895751953125, 1.5279165506362915, -0.12895134091377258
35.339213132858276, 0.7156219482421875, -0.3926886320114136, 37.5023307800293, -49.7830696105957, 1.5275429487228394, -0.11821785569190979
35.34942030906677, 0.7150300741195679, -0.339275598526001, 36.95339584350586, -47.463226318359375, 1.5272451639175415, -0.06836061924695969
35.3592267036438, 0.7150300741195679, -0.339275598526001, 36.95339584350586, -47.463226318359375, 1.5270684957504272, -0.12774014472961426
35.369229555130005, 0.714101254940033, -0.1623191386461258, 36.478919982910156, -25.568309783935547, 1.5270684957504272, -0.01624014787375927
35.379210472106934, 0.6987627744674683, -0.42162537574768066, 35.73777389526367, -51.58538818359375, 1.5266435146331787, 0.21165429055690765
35.38922333717346, 0.6947472095489502, -0.4907912611961365, 34.98648452758789, -60.64436340332031, 1.5262585878372192, 0.13422368466854095
35.39922213554382, 0.6927394270896912, -0.46848589181900024, 34.289859771728516, -62.37284469604492, 1.525554895401001, 0.14774517714977264
35.409244537353516, 0.6934468150138855, -0.3944814205169678, 33.700565338134766, -56.4697265625, 1.524886131286621, 0.16304098069667816
35.41921281814575, 0.6867160797119141, -0.4907912611961365, 33.01904296875, -65.35678100585938, 1.524886131286621, 0.04343777522444725
35.42921495437622, 0.6734167337417603, -0.6385577917098999, 32.01186752319336, -72.44534301757812, 1.5250205993652344, -0.15214969217777252
35.43927025794983, 0.6677337884902954, -0.55122971534729, 30.947446823120117, -71.1334228515625, 1.5260722637176514, -0.020804472267627716
35.44922590255737, 0.6630902886390686, -0.5836818218231201, 29.801118850708008, -85.56916809082031, 1.5274007320404053, -0.008268007077276707
35.45922255516052, 0.6585816740989685, -0.6272064447402954, 28.533241271972656, -93.55714416503906, 1.5286146402359009, 0.11303533613681793
35.46921896934509, 0.6585816740989685, -0.5551934242248535, 27.303089141845703, -91.75796508789062, 1.529494047164917, 0.11656849086284637
35.4792206287384, 0.654329240322113, -0.49370527267456055, 26.335315704345703, -104.47142028808594, 1.529794454574585, 0.043194763362407684
35.48922514915466, 0.649442195892334, -0.4530489444732666, 25.45697021484375, -95.29571533203125, 1.5297049283981323, 0.02046141028404236
35.49922204017639, 0.6454879641532898, -0.5250175595283508, 24.61412811279297, -107.50813293457031, 1.5297049283981323, 0.12904714047908783
35.50921845436096, 0.6445406079292297, -0.4890620708465576, 23.755094528198242, -99.4546890258789, 1.5300267934799194, 0.25406068563461304
35.51923584938049, 0.6445406079292297, -0.421750545501709, 22.89958381652832, -101.19438171386719, 1.5310745239257812, 0.14085091650485992
35.52922987937927, 0.6426216959953308, -0.3421637713909149, 22.14918327331543, -109.58565521240234, 1.532528281211853, 0.04646608605980873
35.53923535346985, 0.6426216959953308, -0.2511262893676758, 21.42827033996582, -95.19176483154297, 1.532528281211853, 0.13280685245990753
35.54922437667847, 0.6312857866287231, -0.35338932275772095, 20.60869598388672, -102.13809204101562, 1.5351264476776123, 0.136069193482399
35.55932378768921, 0.6167017817497253, -0.41880011558532715, 19.616147994995117, -89.17083740234375, 1.5364248752593994, -0.08564400672912598
35.56924843788147, 0.6073561310768127, -0.5691713690757751, 18.448699951171875, -98.38188934326172, 1.537800669670105, 0.1402236819267273
35.579227924346924, 0.6073561310768127, -0.5219181180000305, 17.344507217407227, -99.89781188964844, 1.5391944646835327, 0.1916038990020752
35.58921432495117, 0.6012986302375793, -0.4814326763153076, 16.215757369995117, -92.41218566894531, 1.5402624607086182, 0.22305727005004883
35.599236488342285, 0.5939831137657166, -0.5150496959686279, 15.085123062133789, -95.28999328613281, 1.5412204265594482, -0.018340177834033966
35.609227657318115, 0.5939831137657166, -0.5055725574493408, 13.991724014282227, -97.63374328613281, 1.5423086881637573, 0.24312889575958252
35.619215965270996, 0.5843474268913269, -0.6688171029090881, 12.699430465698242, -113.3350830078125, 1.5436842441558838, 0.0008058437961153686
35.629213094711304, 0.5843474268913269, -0.5827486515045166, 11.389786720275879, -107.59391784667969, 1.5453037023544312, 0.3434674143791199
35.639225006103516, 0.5715408325195312, -0.7108092308044434, 9.802959442138672, -116.25318908691406, 1.5469329357147217, 0.11692944914102554
35.64921283721924, 0.5676179528236389, -0.63667893409729, 8.349137306213379, -122.59568786621094, 1.5485037565231323, 0.0800788402557373
35.65924024581909, 0.5639036893844604, -0.5279719829559326, 7.103583812713623, -125.12569427490234, 1.549971103668213, 0.2281634360551834
35.66922044754028, 0.5576663613319397, -0.5521045923233032, 5.933349609375, -139.05938720703125, 1.551448941230774, 0.26432299613952637
35.679216384887695, 0.5522675514221191, -0.6120999455451965, 4.663033962249756, -140.90516662597656, 1.5530281066894531, 0.2957189083099365
35.689223527908325, 0.5522675514221191, -0.4903137683868408, 3.48443341255188, -127.313232421875, 1.5530281066894531, 0.2000836730003357
35.69921875, 0.5471764206886292, -0.5200769901275635, 2.3226304054260254, -141.80543518066406, 1.5547373294830322, 0.2918645739555359
35.709219455718994, 0.540779173374176, -0.5911522507667542, 1.0207891464233398, -144.12159729003906, 1.5584851503372192, 0.17834480106830597
35.719215393066406, 0.5332472920417786, -0.567780613899231, -0.25522708892822266, -143.94061279296875, 1.5605908632278442, 0.1283726543188095
35.729217290878296, 0.5296463370323181, -0.5470097064971924, -1.6326470375061035, -130.224365234375, 1.562963604927063, 0.2590583264827728
35.73924541473389, 0.5252693891525269, -0.5141232013702393, -2.9053471088409424, -141.20338439941406, 1.562963604927063, -0.031117144972085953
35.74921250343323, 0.5252693891525269, -0.4234910011291504, -4.16202974319458, -125.11166381835938, 1.568225622177124, 0.21850869059562683
35.75922513008118, 0.5242170095443726, -0.3968656063079834, -5.353634834289551, -124.57218933105469, 1.568225622177124, 0.156845360994339
35.76932692527771, 0.5197750926017761, -0.42101410031318665, -6.460319995880127, -137.7074432373047, 1.572526216506958, 0.19433365762233734
35.77920746803284, 0.5160509943962097, -0.4024108350276947, -7.4829840660095215, -134.9557647705078, 1.5745022296905518, 0.2947898209095001
35.789226770401, 0.5213676691055298, -0.34332275390625, -8.404059410095215, -132.09439086914062, 1.576446294784546, 0.2121264934539795
35.799219846725464, 0.5315775871276855, -0.1559913158416748, -9.041147232055664, -113.63773345947266, 1.5784177780151367, 0.18716202676296234
35.80920910835266, 0.5456618070602417, 0.048828125, -9.310819625854492, -103.31611633300781, 1.5804202556610107, 0.23160192370414734
35.819217920303345, 0.5570809245109558, 0.2648168206214905, -9.241570472717285, -99.84827423095703, 1.5826634168624878, 0.004900922533124685
35.82920169830322, 0.5570809245109558, 0.27434229850769043, -9.150613784790039, -75.17967224121094, 1.5852441787719727, -0.0313502661883831
35.83920073509216, 0.5685538053512573, 0.4809432625770569, -8.832844734191895, -65.86106872558594, 1.5876688957214355, -0.015791961923241615
35.849212646484375, 0.5846569538116455, 0.6598697900772095, -8.193915367126465, -44.798851013183594, 1.5898181200027466, -0.03195519372820854
35.8601279258728, 0.598063051700592, 0.7384538650512695, -7.242040157318115, -18.883991241455078, 1.5914267301559448, -0.016306759789586067
35.86923050880432, 0.6079356074333191, 0.8816003799438477, -5.931604862213135, 5.287265777587891, 1.592190146446228, 0.013571379706263542
35.87923741340637, 0.6079356074333191, 0.9188473224639893, -4.399776458740234, 30.83209991455078, 1.5921428203582764, 0.006092125084251165
35.88923668861389, 0.6175919771194458, 1.069154977798462, -2.6416454315185547, 64.02672576904297, 1.591408371925354, -0.01473080925643444
35.89924383163452, 0.6175919771194458, 0.9557141065597534, -0.9442134499549866, 89.96592712402344, 1.591408371925354, -0.01869041472673416
35.90923619270325, 0.6282635927200317, 0.9177989363670349, 0.7262012958526611, 111.5224609375, 1.5904812812805176, -0.021644126623868942
35.919251680374146, 0.6369141936302185, 0.8870429396629333, 2.2970221042633057, 128.20657348632812, 1.58982515335083, -0.0167907252907753
35.9292209148407, 0.6369141936302185, 0.798332691192627, 3.8173739910125732, 129.67984008789062, 1.589105248451233, -0.015057492069900036
35.93921232223511, 0.6418092846870422, 0.8139544129371643, 5.211353302001953, 156.0466766357422, 1.5886610746383667, 0.02714439108967781
35.949220418930054, 0.6434857845306396, 0.5882859230041504, 6.361722946166992, 145.55638122558594, 1.5880717039108276, 0.022747686132788658
35.95921850204468, 0.6442280411720276, 0.46164393424987793, 7.308233737945557, 145.5027313232422, 1.5873652696609497, -0.02303311415016651
35.96921896934509, 0.6447473764419556, 0.40902695059776306, 8.105993270874023, 155.97332763671875, 1.58657705783844, -0.0052098981104791164
35.9792218208313, 0.6460745930671692, 0.4237625300884247, 8.942733764648438, 148.25010681152344, 1.5857470035552979, 0.021342527121305466
35.989259004592896, 0.6460745930671692, 0.2848327159881592, 9.611530303955078, 122.53174591064453, 1.5850576162338257, 0.03185494989156723
35.99922299385071, 0.6478133797645569, 0.3357860743999481, 10.286341667175293, 124.78394317626953, 1.5846697092056274, 0.05212857201695442
36.00922918319702, 0.6478133797645569, 0.3357860743999481, 10.286341667175293, 124.78394317626953, 1.5845476388931274, -0.021468386054039
36.01921606063843, 0.6478133797645569, 0.3357860743999481, 10.286341667175293, 124.78394317626953, 1.5845617055892944, 0.008974111638963223
36.029216051101685, 0.6478133797645569, 0.3357860743999481, 10.286341667175293, 124.78394317626953, 1.5845065116882324, 0.004070856608450413
36.03921389579773, 0.6478133797645569, 0.3357860743999481, 10.286341667175293, 124.78394317626953, 1.5845392942428589, -0.007944169454276562
36.049211740493774, 0.6478133797645569, 0.3357860743999481, 10.286341667175293, 124.78394317626953, 1.584529161453247, 0.022806664928793907
36.059211015701294, 0.6781395077705383, 0.08453655987977982, 11.289271354675293, 17.903505325317383, 1.5845824480056763, -0.010744172148406506
36.069223403930664, 0.682741641998291, 0.5091826319694519, 12.112791061401367, 109.064208984375, 1.584522008895874, 0.01271129958331585
36.079261302948, 0.682741641998291, 0.509195864200592, 12.957009315490723, 101.55148315429688, 1.584403157234192, -0.024757198989391327
36.08921980857849, 0.682741641998291, 0.509195864200592, 12.957009315490723, 101.55148315429688, 1.5843993425369263, 0.014248603954911232
36.09922432899475, 0.682741641998291, 0.509195864200592, 12.957009315490723, 101.55148315429688, 1.5845935344696045, 0.06243772804737091
36.10924935340881, 0.682741641998291, 0.509195864200592, 12.957009315490723, 101.55148315429688, 1.5849497318267822, 0.0395999513566494
36.11924648284912, 0.682741641998291, 0.509195864200592, 12.957009315490723, 101.55148315429688, 1.5849497318267822, 0.00822933204472065
36.12924289703369, 0.7148249745368958, 0.14603257179260254, 14.176271438598633, 17.929840087890625, 1.585228443145752, -0.0012972182594239712
36.13922095298767, 0.7168327569961548, 0.7334649562835693, 15.489707946777344, 91.27979278564453, 1.5855119228363037, -0.021092556416988373
36.14921951293945, 0.7168327569961548, 0.7260441780090332, 16.75824737548828, 94.50016021728516, 1.5859801769256592, -0.006746725179255009
36.15922522544861, 0.7168327569961548, 0.8009539842605591, 17.983760833740234, 109.75297546386719, 1.5864990949630737, 0.03569330275058746
36.16921424865723, 0.7128171920776367, 0.6674230098724365, 19.102909088134766, 101.60169982910156, 1.586927890777588, -0.011944246478378773
36.17921590805054, 0.7128171920776367, 0.6674289703369141, 20.238452911376953, 106.2692642211914, 1.586927890777588, -0.016975339502096176
36.18921780586243, 0.7088016271591187, 0.677645206451416, 21.305734634399414, 122.43758392333984, 1.5872362852096558, 0.014695069752633572
36.19920897483826, 0.7067938446998596, 0.31838151812553406, 21.812244415283203, 116.92195129394531, 1.5871570110321045, 0.02262786030769348
36.2092022895813, 0.679852306842804, -0.032100412994623184, 21.77412986755371, 107.34833526611328, 1.587056279182434, 0.02326694130897522
36.219197034835815, 0.679852306842804, -0.028890371322631836, 21.73991584777832, 87.82882690429688, 1.5871098041534424, -0.14464715123176575
36.2292046546936, 0.6810284852981567, -0.3379642963409424, 21.115703582763672, 69.39449310302734, 1.5871608257293701, 0.09460319578647614
36.23920917510986, 0.6810284852981567, -0.3379642963409424, 21.115703582763672, 69.39449310302734, 1.587350606918335, 0.1338440179824829
36.24921631813049, 0.6857632994651794, -0.31068921089172363, 19.887338638305664, 31.29100799560547, 1.5874314308166504, -0.08642411231994629
36.25922131538391, 0.6894305944442749, -0.30447375774383545, 19.374414443969727, 15.451431274414062, 1.5874608755111694, 0.09524954855442047
36.269214391708374, 0.6894305944442749, -0.23386478424072266, 18.943851470947266, -1.5905380249023438, 1.5874876976013184, -0.005220968276262283
36.27921390533447, 0.6920894384384155, -0.2303057312965393, 18.562110900878906, -18.62589454650879, 1.587592363357544, -0.10735964775085449
36.28920769691467, 0.7128171920776367, 0.040155649185180664, 18.616090774536133, -26.89666748046875, 1.5878397226333618, 0.041138771921396255
36.2992160320282, 0.7128171920776367, 0.06023049354553223, 18.680625915527344, -31.316184997558594, 1.5883233547210693, -0.00219992664642632
36.30921459197998, 0.7128171920776367, 0.3662837743759155, 19.192066192626953, -28.689491271972656, 1.5886707305908203, 0.01009430829435587
36.319236755371094, 0.7128171920776367, 0.32964348793029785, 19.728260040283203, -20.116615295410156, 1.5886967182159424, -0.030794885009527206
36.329909324645996, 0.7108094096183777, 0.2978026866912842, 20.26499366760254, -8.507156372070312, 1.5886967182159424, 0.0212570670992136
36.3392059803009, 0.7088016271591187, 0.28946664929389954, 20.756980895996094, 3.00301456451416, 1.5884003639221191, -0.024857070297002792
36.34921336174011, 0.7047860622406006, 0.21136468648910522, 21.138418197631836, 13.900545120239258, 1.5881856679916382, 0.023259645327925682
36.359212160110474, 0.7027782797813416, 0.13347864151000977, 21.420143127441406, 20.45764923095703, 1.588179111480713, 0.025218108668923378
36.36923861503601, 0.6967549920082092, 0.08137358725070953, 21.55449104309082, 29.006746292114258, 1.588179111480713, -0.026756979525089264
36.37923884391785, 0.6927394270896912, 0.006508827209472656, 21.58058738708496, 30.18474578857422, 1.5881006717681885, 0.004910711664706469
36.38921403884888, 0.6867160797119141, -0.2610146999359131, 21.109939575195312, 24.938583374023438, 1.588100552558899, -0.010617702268064022
36.39921593666077, 0.682700514793396, -0.3346337080001831, 20.558454513549805, 20.864910125732422, 1.5881892442703247, 0.0605129636824131
36.40921711921692, 0.6766772270202637, -0.36139488220214844, 19.8852481842041, 6.931877136230469, 1.588204026222229, 0.12609651684761047
36.41949963569641, 0.6746694445610046, -0.4238685071468353, 19.18895721435547, -5.99225378036499, 1.5881285667419434, 0.2947291433811188
36.42920398712158, 0.6706538796424866, -0.40155649185180664, 18.47257423400879, -17.924118041992188, 1.5879460573196411, 0.13318917155265808
36.442017793655396, 0.6686460971832275, -0.44617387652397156, 17.775653839111328, -33.12598419189453, 1.5879815816879272, -0.1610177755355835
36.44922876358032, 0.6686460971832275, -0.36139488220214844, 17.11211395263672, -40.26298522949219, 1.5884857177734375, 0.11270810663700104
36.45922875404358, 0.6666383147239685, -0.4015631079673767, 16.36334991455078, -56.18709945678711, 1.5896989107131958, -0.016430193558335304
36.46923279762268, 0.6338382363319397, -0.6291627883911133, 14.998836517333984, -65.55633544921875, 1.5913255214691162, 0.283346563577652
36.47998547554016, 0.6338382363319397, -0.5354664325714111, 13.632156372070312, -72.25851440429688, 1.5926568508148193, -0.0255768783390522
36.4892258644104, 0.6626227498054504, -0.30115991830825806, 12.952046394348145, -101.9735336303711, 1.5934178829193115, 0.1688811182975769
36.49921894073486, 0.6586072444915771, -0.24093389511108398, 12.375615119934082, -81.82849884033203, 1.5937496423721313, 0.3501838147640228
36.5092396736145, 0.6545916795730591, -0.2453923225402832, 11.91374397277832, -88.5722885131836, 1.5942637920379639, 0.2693828344345093
36.519211769104004, 0.629355788230896, -0.4531443119049072, 10.996363639831543, -81.92567443847656, 1.5953280925750732, 0.12716121971607208
36.52920961380005, 0.648568332195282, -0.2453923225402832, 10.4013032913208, -89.68077850341797, 1.59696364402771, 0.3784179389476776
36.53923726081848, 0.6211824417114258, -0.4746377468109131, 9.240952491760254, -85.34717559814453, 1.59696364402771, 0.11678017675876617
36.54926419258118, 0.6153565049171448, -0.5921059250831604, 7.892858028411865, -102.43606567382812, 1.6014951467514038, 0.039622846990823746
36.55922341346741, 0.6153565049171448, -0.5697939395904541, 6.51575231552124, -109.41780853271484, 1.6041109561920166, 0.15194983780384064
36.569222927093506, 0.6110151410102844, -0.22823214530944824, 5.62518310546875, -93.73655700683594, 1.606789231300354, 0.10184404253959656
36.579264879226685, 0.6100689768791199, -0.2641015648841858, 4.706057548522949, -99.17884063720703, 1.606789231300354, 0.28632089495658875
36.58923816680908, 0.6100689768791199, -0.5255401134490967, 3.336223602294922, -96.15830993652344, 1.6108673810958862, 0.16373211145401
36.59941506385803, 0.6125363111495972, -0.5119045376777649, 2.171386480331421, -113.3802719116211, 1.6124857664108276, 0.1454494148492813
36.60923409461975, 0.6132687330245972, -0.4132270812988281, 1.1258125305175781, -107.87930297851562, 1.6141993999481201, 0.23230841755867004
36.619219064712524, 0.6132687330245972, -0.16086101531982422, 0.5217682123184204, -104.74595642089844, 1.616233229637146, 0.0015878832200542092
36.62921667098999, 0.6112145185470581, -0.4150470197200775, -0.5271868109703064, -121.42764282226562, 1.6187629699707031, 0.0512053444981575
36.639217138290405, 0.603406548500061, -0.19750329852104187, -1.3103268146514893, -117.23640441894531, 1.6212750673294067, -0.08028542250394821
36.64925289154053, 0.603406548500061, -0.13278590142726898, -1.9843578338623047, -109.74687957763672, 1.623607873916626, 0.2674996852874756
36.65920877456665, 0.6011965274810791, -0.1416027545928955, -2.665964126586914, -91.817138671875, 1.6253215074539185, 0.041280779987573624
36.66922307014465, 0.6011965274810791, -0.09818673133850098, -3.156055212020874, -87.81238555908203, 1.626099705696106, 0.08282317221164703
36.67924952507019, 0.5993054509162903, -0.11960002779960632, -3.4932548999786377, -91.10347747802734, 1.626099705696106, -0.1507406085729599
36.689225912094116, 0.5993054509162903, -0.11958678811788559, -3.7247049808502197, -78.45475769042969, 1.6264063119888306, 0.2178233116865158
36.69920825958252, 0.5955555438995361, -0.1698017120361328, -4.05341911315918, -62.24806213378906, 1.62715744972229, 0.1471162587404251
36.7092227935791, 0.5894519686698914, -0.26463139057159424, -4.62302303314209, -63.875953674316406, 1.6285144090652466, 0.09536740183830261
36.71922326087952, 0.578161895275116, -0.3510713577270508, -5.508054256439209, -60.2982292175293, 1.6294807195663452, 0.12637211382389069
36.729215145111084, 0.5750007629394531, -0.40238434076309204, -6.342194080352783, -64.61119842529297, 1.6294329166412354, -0.015093772672116756
36.7392041683197, 0.5734919905662537, -0.3323819935321808, -6.877400875091553, -61.85634994506836, 1.6290518045425415, 0.15834322571754456
36.74921011924744, 0.5734919905662537, -0.3323819935321808, -7.352005481719971, -59.640567779541016, 1.6291979551315308, 0.23804958164691925
36.75921010971069, 0.5716068148612976, -0.3287726044654846, -7.916569709777832, -58.34001922607422, 1.6299500465393066, 0.10315041989088058
36.76983618736267, 0.5691714286804199, -0.3202497959136963, -8.63558578491211, -54.795310974121094, 1.630549430847168, -0.1386067271232605
36.779210805892944, 0.5691714286804199, -0.33481916785240173, -9.292450904846191, -64.43553161621094, 1.630549430847168, 0.20276843011379242
36.789207458496094, 0.5740737318992615, -0.2523183822631836, -9.824384689331055, -60.99677276611328, 1.63151216506958, 0.18398381769657135
36.7993803024292, 0.5861729979515076, -0.09382367134094238, -10.096842765808105, -60.43419647216797, 1.632649540901184, 0.25181686878204346
36.80921792984009, 0.5951744318008423, 0.06358490884304047, -10.199589729309082, -61.9619140625, 1.6338108777999878, 0.2404155135154724
36.81922507286072, 0.6013835072517395, 0.2580152750015259, -9.98853588104248, -49.7830696105957, 1.6346251964569092, -0.03669658303260803
36.829230070114136, 0.6013835072517395, 0.2638280391693115, -9.656906127929688, -33.14714431762695, 1.6352720260620117, 0.013029450550675392
36.84048533439636, 0.6084456443786621, 0.3883706331253052, -9.138996124267578, -25.128894805908203, 1.6364431381225586, -0.02748214639723301
36.85395574569702, 0.613372802734375, 0.39881467819213867, -8.626808166503906, -12.748050689697266, 1.638632893562317, 0.023724669590592384
36.859230518341064, 0.613372802734375, 0.46405526995658875, -8.265582084655762, -3.8777456283569336, 1.6407438516616821, -0.010425196029245853
36.86923551559448, 0.6166579723358154, 0.4748702049255371, -7.78599214553833, 8.495807647705078, 1.6419979333877563, -0.018171856179833412
36.87925863265991, 0.6166579723358154, 0.5276269316673279, -7.150617599487305, 23.798200607299805, 1.6421681642532349, 0.027407407760620117
36.88923215866089, 0.6251736283302307, 0.5677739977836609, -6.25248384475708, 39.687686920166016, 1.6421681642532349, 0.06795357912778854
36.899208068847656, 0.6251736283302307, 0.39000511169433594, -5.499319553375244, 45.975303649902344, 1.6416162252426147, 0.018309393897652626
36.90921974182129, 0.6317563056945801, 0.3658175468444824, -4.7779083251953125, 54.21672058105469, 1.641291856765747, -0.03168877214193344
36.919217109680176, 0.6339408159255981, 0.36175382137298584, -4.126971244812012, 65.12859344482422, 1.6412162780761719, -0.012053263373672962
36.92923855781555, 0.6339408159255981, 0.32556653022766113, -3.5212907791137695, 61.356117248535156, 1.6415125131607056, -0.01425449550151825
36.93922448158264, 0.6358209848403931, 0.27375221252441406, -3.077420234680176, 60.61577606201172, 1.6415125131607056, 0.039841607213020325
36.94923400878906, 0.6358209848403931, 0.24942557513713837, -2.8033039569854736, 64.70563507080078, 1.6427398920059204, -0.01341194473206997
36.95921564102173, 0.6370704174041748, 0.23697614669799805, -2.4615633487701416, 58.04023742675781, 1.6427348852157593, 0.0029410875868052244
36.969207763671875, 0.6565994620323181, 0.443796306848526, -1.7344409227371216, 67.23944091796875, 1.6421281099319458, 0.028929032385349274
36.979259729385376, 0.6565994620323181, 0.39942264556884766, -0.8978952169418335, 62.527156829833984, 1.641502857208252, 0.04981110244989395
36.98973202705383, 0.6586072444915771, 0.33434033393859863, -0.1763213723897934, 60.761619567871094, 1.641324758529663, 0.01956930384039879
36.99922490119934, 0.6586072444915771, 0.37147602438926697, 0.46393004059791565, 66.25835418701172, 1.6413681507110596, -0.019985990598797798
37.013092279434204, 0.6586072444915771, 0.29834774136543274, 0.9442459344863892, 63.579505920410156, 1.6415088176727295, -0.01103800069540739
37.02195119857788, 0.6565994620323181, 0.25177001953125, 1.3306574821472168, 60.64033508300781, 1.6417542695999146, 0.04616495966911316
37.02928185462952, 0.6565994620323181, 0.2517501413822174, 1.6979845762252808, 57.9919548034668, 1.6421254873275757, 0.010225880891084671
37.03922772407532, 0.6565994620323181, 0.20778775215148926, 2.008286476135254, 50.85704803466797, 1.6424617767333984, -0.009430578909814358
37.049222230911255, 0.6565994620323181, 0.20778775215148926, 2.008286476135254, 50.85704803466797, 1.6423753499984741, 0.00413708807900548
37.05923056602478, 0.6565994620323181, 0.20778775215148926, 2.008286476135254, 50.85704803466797, 1.6419848203659058, 0.019195720553398132
37.06922888755798, 0.6565994620323181, 0.20778775215148926, 2.008286476135254, 50.85704803466797, 1.6419848203659058, 0.02643159031867981
37.07922577857971, 0.6565994620323181, 0.20778775215148926, 2.008286476135254, 50.85704803466797, 1.6419315338134766, 0.016406888142228127
37.08922815322876, 0.657518744468689, 0.04428138583898544, 2.4380576610565186, 10.696654319763184, 1.6421940326690674, -0.011508838273584843
37.09922194480896, 0.657518744468689, 0.20448565483093262, 2.762122631072998, 52.236873626708984, 1.642399549484253, -0.011141457594931126
37.1092255115509, 0.6445736885070801, -0.12025833129882812, 2.5061044692993164, 42.40543746948242, 1.6425570249557495, 0.009079311974346638
37.119216442108154, 0.6386256217956543, -0.19971530139446259, 2.150665521621704, 33.87290954589844, 1.6427035331726074, -0.059973664581775665
37.12923049926758, 0.6386256217956543, -0.199812650680542, 1.7607320547103882, 19.37054443359375, 1.642845869064331, 0.13371087610721588
37.140089988708496, 0.6362273693084717, -0.22380352020263672, 1.3279372453689575, 8.64006233215332, 1.6428276300430298, 0.19665974378585815
37.1492395401001, 0.650576114654541, -0.08923477679491043, 1.1852329969406128, 2.677612781524658, 1.6428276300430298, 0.15154817700386047
37.159255266189575, 0.6525838971138, -0.040149688720703125, 1.1558207273483276, -1.748347282409668, 1.6424387693405151, -0.1643039584159851
37.169241428375244, 0.6545916795730591, -0.022318627685308456, 1.146414041519165, -6.128589153289795, 1.6428170204162598, -0.050743550062179565
37.17923426628113, 0.6545916795730591, -0.022305382415652275, 1.041141390800476, -10.746042251586914, 1.644015908241272, -0.0247237179428339
37.189239740371704, 0.8082934021949768, 1.5077471733093262, 3.5645203590393066, 11.26462173461914, 1.644015908241272, 0.0017059027450159192
37.19921946525574, 0.8082934021949768, 1.6752680540084839, 6.037733554840088, 36.39568328857422, 1.6464685201644897, 0.048686545342206955
37.20926856994629, 0.6545916795730591, 0.10018348693847656, 6.04209041595459, 35.359859466552734, 1.6463632583618164, -0.005672150291502476
37.21925210952759, 0.6545916795730591, 0.17739666998386383, 6.3515143394470215, 46.67610549926758, 1.645290493965149, -0.04132178798317909
37.22922396659851, 0.6545916795730591, 0.17739666998386383, 6.3515143394470215, 46.67610549926758, 1.6442211866378784, 0.0008318242616951466
37.23921728134155, 0.6545916795730591, 0.17739666998386383, 6.3515143394470215, 46.67610549926758, 1.6438543796539307, 0.01694965735077858
37.24922156333923, 0.6545916795730591, 0.17739666998386383, 6.3515143394470215, 46.67610549926758, 1.6442763805389404, 0.027137117460370064
37.259215116500854, 0.6604494452476501, 0.055958062410354614, 7.127740383148193, 13.761556625366211, 1.6446272134780884, 0.028609808534383774
37.26925277709961, 0.6604494452476501, 0.24222731590270996, 7.50436544418335, 61.76428985595703, 1.6446356773376465, -0.011765673756599426
37.27923107147217, 0.6516469717025757, 0.010710954666137695, 7.522301197052002, 63.37065887451172, 1.6442762613296509, 0.030331596732139587
37.28923559188843, 0.6516469717025757, -0.010410944931209087, 7.570613384246826, 71.27549743652344, 1.6441116333007812, -0.010073059238493443
37.29922914505005, 0.6458860635757446, -0.09672509133815765, 7.442268371582031, 69.95391845703125, 1.6442687511444092, -0.05508944019675255
37.309231758117676, 0.6394405364990234, -0.16834338009357452, 7.138230800628662, 67.74542236328125, 1.644431710243225, 0.02152383327484131
37.319257974624634, 0.6394405364990234, -1.688528060913086, 4.038550853729248, 4.740333557128906, 1.6444690227508545, 0.13705775141716003
37.32923173904419, 0.6378092169761658, -1.8942753076553345, 0.9320432543754578, -56.7298469543457, 1.6445281505584717, -0.20089268684387207
37.339229106903076, 0.6378092169761658, -0.16782283782958984, 0.6161603331565857, -54.259300231933594, 1.6445281505584717, 0.057058364152908325
37.34925627708435, 0.6545916795730591, -6.62273851048667e-06, 0.6372386813163757, -63.491981506347656, 1.6444121599197388, 0.33042559027671814
37.35925030708313, 0.6545916795730591, -0.058579444885253906, 0.525355339050293, -66.0238265991211, 1.6444417238235474, 0.16425089538097382
37.36923909187317, 0.6379809975624084, -0.22467970848083496, 0.060579992830753326, -74.43785858154297, 1.6450822353363037, 0.02688414417207241
37.37922382354736, 0.6545916795730591, 0.02944469451904297, 0.05392594635486603, -74.68376159667969, 1.6451337337493896, 0.013030506670475006
37.39396381378174, 0.6545916795730591, 0.03271632641553879, 0.09809840470552444, -83.02794647216797, 1.645211935043335, -0.01718597672879696
37.39923620223999, 0.6525838971138, 0.0744263306260109, 0.20566853880882263, -80.40669250488281, 1.6457942724227905, -0.0009704619296826422
37.40923237800598, 0.648568332195282, 0.09127259254455566, 0.26573917269706726, -68.72491455078125, 1.647127628326416, -0.02148040384054184
