31.009116172790527, 1.3710277080535889, 1.2373791933059692, 132.30296325683594, -85.54755401611328, 1.5031476020812988, 0.0
31.019121408462524, 1.3710277080535889, 1.2949585914611816, 143.17605590820312, 55.64727783203125, 1.5031476020812988, 4.026454925537109
31.029122352600098, 1.3710277080535889, 1.6081862449645996, 145.80763244628906, 118.44550323486328, 1.5031476020812988, 5.3918046951293945
31.03910255432129, 1.3710277080535889, 1.6081862449645996, 145.80763244628906, 118.44550323486328, 1.5030630826950073, 3.9981253147125244
31.049206018447876, 1.3710277080535889, 1.6081862449645996, 145.80763244628906, 118.44550323486328, 1.503064513206482, 3.918182134628296
31.059312343597412, 1.3710277080535889, 1.6081862449645996, 145.80763244628906, 118.44550323486328, 1.5039812326431274, 3.808232545852661
31.069106817245483, 1.3710277080535889, 1.6081862449645996, 145.80763244628906, 118.44550323486328, 1.5052865743637085, 3.6070380210876465
31.079121589660645, 1.3710277080535889, 1.6081862449645996, 145.80763244628906, 118.44550323486328, 1.507039189338684, 3.4982552528381348
31.08912205696106, 1.3710277080535889, 0.2676127254962921, 147.9708251953125, 25.86545753479004, 1.507039189338684, 3.9275054931640625
31.099111795425415, 1.3710277080535889, 0.2676127254962921, 147.9708251953125, 25.86545753479004, 1.5088895559310913, 3.8228299617767334
31.109107494354248, 1.3710277080535889, 0.2676127254962921, 147.9708251953125, 25.86545753479004, 1.5127116441726685, 3.918504476547241
31.119115829467773, 1.3710277080535889, 0.2676127254962921, 147.9708251953125, 25.86545753479004, 1.5127116441726685, 4.010527610778809
31.129144430160522, 1.3710277080535889, 0.2676127254962921, 147.9708251953125, 25.86545753479004, 1.5155972242355347, 3.625579833984375
31.139098405838013, 1.3710277080535889, 0.3157806396484375, 149.28555297851562, 38.02642822265625, 1.5171524286270142, 3.8830323219299316
31.149144649505615, 1.3710277080535889, 1.90888512134552, 152.1264190673828, 270.4959411621094, 1.5171524286270142, 4.094249725341797
31.159091234207153, 1.3710277080535889, 1.7180085182189941, 155.2500762939453, 294.4976806640625, 1.521372675895691, 3.80960750579834
31.16909956932068, 1.3710277080535889, 0.0, 154.48275756835938, 272.943115234375, 1.5242146253585815, 4.096802234649658
31.179096460342407, 1.3710277080535889, 0.0, 153.96603393554688, 282.0993957519531, 1.5242146253585815, -0.028150096535682678
31.189096212387085, 1.3710277080535889, 0.0, 153.96603393554688, 236.87896728515625, 1.5308451652526855, -0.02679036371409893
31.19913601875305, 1.3710277080535889, 0.0, 153.96603393554688, 236.87896728515625, 1.5308451652526855, -0.025209970772266388
31.20914316177368, 1.3710277080535889, 0.0, 152.13693237304688, 104.39019775390625, 1.534274697303772, -0.029082419350743294
31.21913981437683, 1.3710277080535889, 0.0, 151.5393524169922, 83.63189697265625, 1.5405175685882568, -0.02747354470193386
31.229113578796387, 1.3710277080535889, 0.0, 151.00186157226562, 57.71213150024414, 1.5405175685882568, 0.04309024661779404
31.239094257354736, 1.3710277080535889, 0.0, 150.44615173339844, 24.75433349609375, 1.546676754951477, -0.024428874254226685
31.249110460281372, 1.3710277080535889, 0.0, 149.88201904296875, 6.627400875091553, 1.546676754951477, 0.022542808204889297
31.259108543395996, 1.3710277080535889, 0.0, 149.2684326171875, -28.57818603515625, 1.5535476207733154, -0.00328059121966362
31.269110679626465, 1.3710277080535889, 0.0, 149.2684326171875, -28.57818603515625, 1.5573344230651855, 0.047654952853918076
31.279090881347656, 1.3710277080535889, 0.0, 147.9442596435547, -38.45295333862305, 1.5613372325897217, -0.0014698398299515247
31.28910255432129, 1.3710277080535889, 0.0, 147.2164764404297, -72.662353515625, 1.5655845403671265, 0.02333531342446804
31.299160718917847, 1.3710277080535889, 0.0, 146.44422912597656, -75.2197265625, 1.5694705247879028, 0.04687577486038208
31.309101581573486, 1.3710277080535889, 0.0, 145.73768615722656, -82.28302001953125, 1.5726014375686646, -0.027292387560009956
31.31912064552307, 1.3710277080535889, 0.0, 145.16844177246094, -69.683837890625, 1.5726014375686646, -0.025198902934789658
31.3291015625, 1.3710277080535889, 0.0, 144.74313354492188, -75.51235961914062, 1.5766147375106812, -0.0014442662941291928
31.33912992477417, 1.3710277080535889, 0.0, 144.43875122070312, -65.631103515625, 1.5766147375106812, -0.026269426569342613
31.349108934402466, 1.3710277080535889, 0.0, 144.16680908203125, -69.77165985107422, 1.5798966884613037, -0.003406980074942112
31.35917091369629, 1.3710277080535889, 0.0, 143.84202575683594, -60.400390625, 1.5816669464111328, -0.00428568571805954
31.36915874481201, 1.3710277080535889, 0.0, 143.52015686035156, -63.86820602416992, 1.5816669464111328, -0.027922943234443665
31.379282236099243, 1.3710277080535889, 0.0, 143.30911254882812, -51.50349807739258, 1.582681655883789, -0.0025943827349692583
31.38911008834839, 1.3710277080535889, 0.0, 143.33566284179688, -38.80615234375, 1.582681655883789, 0.023138433694839478
31.399160146713257, 1.3710277080535889, 0.0, 143.49432373046875, -32.77757263183594, 1.5818090438842773, 0.02103975974023342
31.409213066101074, 1.3710277080535889, 0.0, 143.6929473876953, -20.44830322265625, 1.5795656442642212, 0.022066326811909676
31.419164419174194, 1.3710277080535889, 0.0, 143.9022216796875, -14.06690788269043, 1.5783886909484863, 0.00040777158574201167
31.42928981781006, 1.3710277080535889, 0.0, 144.1162109375, -6.26983642578125, 1.5783886909484863, -0.0025879330933094025
31.43914222717285, 1.3710277080535889, 0.0, 144.35716247558594, -0.9070502519607544, 1.57587730884552, 0.04524865373969078
31.4490966796875, 1.3710277080535889, 0.0, 144.57281494140625, 4.058837890625, 1.5749354362487793, -0.027746086940169334
31.4591281414032, 1.3710277080535889, 0.0, 144.7440643310547, 9.01947021484375, 1.5740264654159546, 0.004288220312446356
31.46911096572876, 1.3710277080535889, 0.0, 144.90933227539062, 15.436808586120605, 1.5740264654159546, 0.003255013609305024
31.479126453399658, 1.3710277080535889, 0.0, 145.0225067138672, 19.03788185119629, 1.57340407371521, -0.029238352552056313
31.489136934280396, 1.3710277080535889, 0.0, 145.0540771484375, 19.09383201599121, 1.5732303857803345, 0.0011207106290385127
31.499122142791748, 1.3710277080535889, 0.0, 145.00242614746094, 15.081787109375, 1.573514461517334, -0.02717873826622963
31.509121656417847, 1.3710277080535889, 0.0, 144.91162109375, 12.18719482421875, 1.5740139484405518, -0.02697901241481304
31.51910138130188, 1.3710277080535889, 0.0, 144.8231658935547, 9.2071533203125, 1.5745004415512085, -0.02948930487036705
31.529121160507202, 1.3710277080535889, 0.0, 144.8231658935547, 9.2071533203125, 1.5748440027236938, -0.0282894279807806
31.539117574691772, 1.3710277080535889, 0.0, 144.75074768066406, 3.3400685787200928, 1.5748987197875977, -0.028863627463579178
31.549114227294922, 1.3710277080535889, 0.0, 144.78750610351562, 4.302978515625, 1.5746965408325195, -0.026195760816335678
31.559118509292603, 1.3710277080535889, 0.0, 144.78750610351562, 2.387152671813965, 1.5733288526535034, 0.0023951453622430563
31.569096326828003, 1.3710277080535889, 0.0, 145.0361785888672, 2.91900634765625, 1.572312831878662, -0.026709716767072678
31.57911729812622, 1.3710277080535889, 0.0, 145.2209014892578, 3.4637451171875, 1.5711133480072021, -0.028627963736653328
31.589097261428833, 1.3710277080535889, 0.0, 145.43899536132812, 4.16412353515625, 1.5697394609451294, 0.002635092008858919
31.599108457565308, 1.3710277080535889, 0.0, 145.6887969970703, 6.34765625, 1.5697394609451294, -0.029476791620254517
31.60909104347229, 1.3710277080535889, 0.0, 145.6887969970703, 6.34765625, 1.5681966543197632, -0.029088327661156654
31.61909818649292, 1.3710277080535889, 0.0, 145.96929931640625, 5.089207649230957, 1.5650972127914429, 0.0008977969991974533
31.6291081905365, 1.3710277080535889, 0.0, 145.96929931640625, 5.089207649230957, 1.5650972127914429, -0.026318974792957306
31.63911008834839, 1.3710277080535889, 0.0, 145.96929931640625, 5.089207649230957, 1.5637810230255127, -0.028358787298202515
31.649139165878296, 1.3710277080535889, 0.0, 145.96929931640625, 5.089207649230957, 1.562758207321167, -0.0003245341940782964
31.65917658805847, 1.3710277080535889, 0.0, 147.09507751464844, 5.598801612854004, 1.5615625381469727, -0.02896818332374096
31.669144868850708, 1.3710277080535889, 0.0, 147.17550659179688, 23.52294921875, 1.5615625381469727, 0.0030371081084012985
31.679194450378418, 1.3710277080535889, 0.0, 147.17550659179688, 24.24774169921875, 1.5615625381469727, -0.026675039902329445
31.69234609603882, 1.3710277080535889, 0.0, 147.23838806152344, 27.23015594482422, 1.5609761476516724, 0.0032877197954803705
31.69913077354431, 1.3710277080535889, 0.0, 147.28211975097656, 27.71843719482422, 1.5609761476516724, -0.029409898445010185
31.712332725524902, 1.3710277080535889, 0.0, 147.35792541503906, 23.2177734375, 1.5599987506866455, 0.006416623480618
31.719100952148438, 1.3710277080535889, 0.0, 147.35792541503906, 23.2177734375, 1.5592142343521118, -0.028045639395713806
31.7291157245636, 1.3710277080535889, 0.0, 147.35792541503906, 23.2177734375, 1.5582165718078613, 0.0027224731165915728
31.73911714553833, 1.3710277080535889, 0.0, 147.7838592529297, 8.542887687683105, 1.5572010278701782, -0.02685270830988884
31.749110460281372, 1.3710277080535889, 0.0, 147.7838592529297, 8.542887687683105, 1.5559546947479248, -0.0003746839356608689
31.75911784172058, 1.3710277080535889, 0.0, 147.7838592529297, 8.542887687683105, 1.5559546947479248, -0.02821095660328865
31.769291400909424, 1.3710277080535889, 0.0, 147.7838592529297, 8.542887687683105, 1.553481101989746, 0.0031831555534154177
31.779110431671143, 1.3710277080535889, 0.0, 147.7838592529297, 8.542887687683105, 1.5521628856658936, -0.028727738186717033
31.78911304473877, 1.3710277080535889, 0.0, 148.88453674316406, 7.031810760498047, 1.5521628856658936, 0.0013338010758161545
31.799110889434814, 1.3710277080535889, 0.0, 149.1062469482422, 37.97064971923828, 1.5498539209365845, -0.028198864310979843
31.809109210968018, 1.3710277080535889, 0.0, 149.1062469482422, 37.97064971923828, 1.5498539209365845, 0.000150689113070257
31.81908369064331, 1.3710277080535889, 0.0, 149.1062469482422, 37.97064971923828, 1.5486009120941162, -0.02865813858807087
31.829100131988525, 1.3710277080535889, 0.0, 149.1062469482422, 37.97064971923828, 1.5486009120941162, 0.001731032389216125
31.839113473892212, 1.3710277080535889, 0.0, 149.54464721679688, 8.938217163085938, 1.5487456321716309, 0.001409404445439577
31.84909749031067, 1.3710277080535889, 0.0, 149.54464721679688, 8.938217163085938, 1.5487456321716309, -0.027485134080052376
31.85931706428528, 1.3710277080535889, 0.0, 149.505859375, 12.688887596130371, 1.5488430261611938, 0.000419939577113837
31.869102478027344, 1.3710277080535889, 0.0, 149.505859375, 12.688887596130371, 1.5486927032470703, -0.02701406739652157
31.879100799560547, 1.3710277080535889, 0.0, 149.51547241210938, 12.315448760986328, 1.5483644008636475, -0.029531121253967285
31.889105796813965, 1.3710277080535889, 0.0, 149.57516479492188, 23.9990234375, 1.548060655593872, -0.02912321127951145
31.89918851852417, 1.3710277080535889, 0.0, 149.63040161132812, 23.919677734375, 1.548060655593872, -0.02850106544792652
31.909099340438843, 1.3710277080535889, 0.0, 149.63040161132812, 23.48175048828125, 1.5476006269454956, -0.028601597994565964
31.919106245040894, 1.3710277080535889, 0.0, 149.63040161132812, 23.48175048828125, 1.5474916696548462, -0.02714499831199646
31.929114818572998, 1.3710277080535889, 0.0, 149.7338409423828, 12.504979133605957, 1.5474916696548462, -0.029055729508399963
31.939111709594727, 1.3710277080535889, 0.0, 149.76254272460938, 21.98621940612793, 1.5471162796020508, 0.0005379147478379309
31.949218273162842, 1.3710277080535889, 0.0, 149.80209350585938, 9.17510986328125, 1.546781063079834, -0.0012995892902836204
31.963038682937622, 1.3710277080535889, 0.0, 149.80209350585938, 9.17510986328125, 1.5463496446609497, 0.0002458380185998976
31.969128847122192, 1.3710277080535889, 0.0, 149.9414825439453, 4.17633056640625, 1.5459904670715332, -0.0003738205414265394
31.979128122329712, 1.3710277080535889, 0.0, 149.9414825439453, 4.17633056640625, 1.5456948280334473, -0.0010286683682352304
31.989113092422485, 1.3710277080535889, 0.0, 150.060546875, 2.579498291015625, 1.5456948280334473, -0.026091236621141434
31.999107837677002, 1.3710277080535889, 0.0, 150.09791564941406, 5.92041015625, 1.5454893112182617, -0.0012057404965162277
32.00913071632385, 1.3710277080535889, 0.0, 150.11868286132812, 6.701999187469482, 1.545375108718872, -0.027761928737163544
32.01913928985596, 1.3710277080535889, 0.0, 150.11868286132812, 6.701999187469482, 1.545375108718872, 0.001605143421329558
32.029109477996826, 1.3710277080535889, 0.0, 150.12767028808594, 2.7618408203125, 1.545184850692749, 0.005394530016928911
32.03919339179993, 1.3710277080535889, 0.0, 150.1532745361328, 5.810207843780518, 1.545184850692749, -0.028583262115716934
32.04912805557251, 1.3710277080535889, 0.0, 150.19261169433594, 5.62286376953125, 1.5449684858322144, 0.002502403687685728
32.05915665626526, 1.3710277080535889, 0.0, 150.19261169433594, 5.62286376953125, 1.544490933418274, -0.0004002912319265306
32.06911492347717, 1.3710277080535889, 0.0, 150.27943420410156, 2.8710615634918213, 1.544490933418274, -0.027976490557193756
32.07911658287048, 1.3710277080535889, 0.0, 150.3255615234375, 5.63201904296875, 1.5442372560501099, -0.0001821113983169198
32.08910036087036, 1.3710277080535889, 0.0, 150.37001037597656, 6.308661460876465, 1.5438135862350464, -2.6492045435588807e-05
32.099093437194824, 1.3710277080535889, 0.0, 150.402587890625, 5.123562335968018, 1.5436384677886963, -0.026593124493956566
32.10909652709961, 1.3710277080535889, 0.0, 150.43443298339844, 3.7384033203125, 1.5433930158615112, 0.0005312924622558057
32.11907911300659, 1.3710277080535889, 0.0, 150.4790496826172, 3.8116455078125, 1.543097734451294, 0.0037185358814895153
32.12909960746765, 1.3710277080535889, 0.0, 150.53274536132812, 4.13970947265625, 1.543097734451294, -0.02806132659316063
32.1391396522522, 1.3710277080535889, 0.0, 150.57464599609375, 4.965888023376465, 1.5425924062728882, 0.0003735957434400916
32.149107933044434, 1.3710277080535889, 0.0, 150.62461853027344, 4.7149658203125, 1.5425924062728882, -0.0009731024620123208
32.15914583206177, 1.3710277080535889, 0.0, 150.6579132080078, 5.17103385925293, 1.5422968864440918, -0.028010888025164604
32.16910719871521, 1.3710277080535889, 0.0, 150.67835998535156, 3.99017333984375, 1.5422968864440918, 0.0008776112226769328
32.17911386489868, 1.3710277080535889, 0.0, 150.6926727294922, 3.66973876953125, 1.5422180891036987, 0.0007373580592684448
32.18911623954773, 1.3710277080535889, 0.0, 150.6926727294922, 3.584120035171509, 1.542114019393921, -0.02863510511815548
32.19923949241638, 1.3710277080535889, 0.0, 150.71160888671875, 3.08990478515625, 1.542114019393921, 0.0005224497872404754
32.20913505554199, 1.3710277080535889, 0.0, 150.71160888671875, 3.080579996109009, 1.5417956113815308, -0.00038418700569309294
32.21915078163147, 1.3710277080535889, 0.0, 150.76950073242188, 3.228081703186035, 1.5416202545166016, -0.028421038761734962
32.229106426239014, 1.3710277080535889, 0.0, 150.80137634277344, 2.68707275390625, 1.5416202545166016, 0.0005230153910815716
32.23913645744324, 1.3710277080535889, 0.0, 150.85060119628906, 2.7587890625, 1.5411075353622437, 0.0025112349539995193
32.249101638793945, 1.3710277080535889, 0.0, 150.89459228515625, 2.69927978515625, 1.5411075353622437, -0.02670184336602688
32.25909352302551, 1.3710277080535889, 0.0, 150.89459228515625, 2.6279025077819824, 1.540614366531372, 0.0007031008717603981
32.26911544799805, 1.3710277080535889, 0.0, 150.98426818847656, 3.401014566421509, 1.540614366531372, 0.000346308370353654
32.279107093811035, 1.3710277080535889, 0.0, 150.98426818847656, 3.401014566421509, 1.5401002168655396, -0.025577541440725327
32.28909516334534, 1.3710277080535889, 0.0, 150.98426818847656, 3.401014566421509, 1.5398257970809937, 0.0002834379847627133
32.29917550086975, 1.3710277080535889, 0.0, 151.1276397705078, 1.4495849609375, 1.5398257970809937, 0.00137266144156456
32.30909299850464, 1.3710277080535889, 0.0, 151.17430114746094, 5.350748538970947, 1.5393054485321045, -0.02722330577671528
32.31915807723999, 1.3710277080535889, 0.0, 151.2222442626953, 5.67626953125, 1.5391215085983276, 0.00035197334364056587
32.329108238220215, 1.3710277080535889, 0.0, 151.2556915283203, 6.04417610168457, 1.5391215085983276, 6.672823656117544e-05
32.33911085128784, 1.3710277080535889, 0.0, 151.285888671875, 5.16357421875, 1.538848876953125, -0.028611456975340843
32.349159955978394, 1.3710277080535889, 0.0, 151.30526733398438, 5.5999755859375, 1.538848876953125, 2.3037187929730862e-05
32.35911297798157, 1.3710277080535889, 0.0, 151.31776428222656, 4.67071533203125, 1.5387800931930542, -0.0003042491152882576
32.36915469169617, 1.3710277080535889, 0.0, 151.31776428222656, 4.23126220703125, 1.5386371612548828, -0.028488246724009514
32.3790922164917, 1.3710277080535889, 0.0, 151.34375, 4.9896240234375, 1.5383610725402832, 0.0006409910856746137
32.38909578323364, 1.3710277080535889, 0.0, 151.39395141601562, 4.09698486328125, 1.5381587743759155, 0.003802401013672352
32.39910554885864, 1.3710277080535889, 0.0, 151.4307403564453, 3.3688015937805176, 1.5381587743759155, -0.02958572655916214
32.40909457206726, 1.3710277080535889, 0.0, 151.4676055908203, 2.93426513671875, 1.5377132892608643, -0.00038968640728853643
32.419108152389526, 1.3710277080535889, 0.0, 151.51173400878906, 3.2162137031555176, 1.5377132892608643, 0.0012493700487539172
32.42909646034241, 1.3710277080535889, 0.0, 151.55662536621094, 3.009033203125, 1.5372670888900757, -0.02884300984442234
32.43909788131714, 1.3710277080535889, 0.0, 151.59286499023438, 3.409491539001465, 1.5370333194732666, 0.003081202507019043
32.44912505149841, 1.3710277080535889, 0.0, 151.63536071777344, 3.668890953063965, 1.5368292331695557, -0.0005779643543064594
32.4591429233551, 1.3710277080535889, 0.0, 151.67247009277344, 3.546142578125, 1.5366177558898926, -0.02705072984099388
32.469138622283936, 1.3710277080535889, 0.0, 151.71092224121094, 4.369100093841553, 1.5366177558898926, -0.00029548167367465794
32.479087114334106, 1.3710277080535889, 0.0, 151.75572204589844, 4.119873046875, 1.5363713502883911, -0.0004414949216879904
32.48910593986511, 1.3710277080535889, 0.0, 151.75572204589844, 4.019843101501465, 1.5363713502883911, -0.02814452350139618
32.49918746948242, 1.3710277080535889, 0.0, 151.813720703125, 4.25550651550293, 1.5359688997268677, 0.00016218055679928511
32.509085178375244, 1.3710277080535889, 0.0, 151.8289031982422, 3.61175537109375, 1.5358144044876099, 0.00031210744054988027
32.51908278465271, 1.3710277080535889, 0.0, 151.8569793701172, 3.45306396484375, 1.5357242822647095, -0.028373928740620613
32.52908492088318, 1.3710277080535889, 0.0, 151.8733673095703, 3.5196940898895264, 1.535578727722168, 0.00015995156718418002
32.53911304473877, 1.3710277080535889, 0.0, 151.89984130859375, 3.411187171936035, 1.535578727722168, 0.0008700749021954834
32.549116373062134, 1.3710277080535889, 0.0, 151.89984130859375, 2.6458740234375, 1.535578727722168, -0.026383014395833015
32.55910015106201, 1.3710277080535889, 0.0, 151.95785522460938, 3.1704373359680176, 1.5350675582885742, 0.00014398919302038848
32.569109201431274, 1.2441504001617432, -1.26878023147583, 149.68589782714844, -20.25146484375, 1.5350675582885742, 0.000668468652293086
32.580310583114624, 1.2441504001617432, -1.268768310546875, 147.40969848632812, -43.45855712890625, 1.5348989963531494, -0.38999152183532715
32.589131593704224, 1.2441504001617432, -1.409755825996399, 145.1028289794922, -73.92374420166016, 1.5348989963531494, -0.30983439087867737
32.599188566207886, 1.2441504001617432, -1.26878023147583, 142.89419555664062, -89.19525146484375, 1.534091830253601, -0.32156869769096375
32.60909056663513, 1.2441504001617432, -1.26878023147583, 140.63583374023438, -111.9293212890625, 1.5338432788848877, -0.353201299905777
32.619133949279785, 1.2441504001617432, -1.409755825996399, 138.37416076660156, -149.810791015625, 1.5336109399795532, -0.3099820911884308
32.62910747528076, 1.2441504001617432, -1.268768310546875, 136.1095428466797, -157.63702392578125, 1.5336109399795532, -0.36200425028800964
32.639174938201904, 1.2441504001617432, -1.268768310546875, 133.8026885986328, -180.97076416015625, 1.5332132577896118, -0.3565395474433899
32.64908838272095, 1.2441504001617432, -1.4097425937652588, 131.56814575195312, -225.90975952148438, 1.5330506563186646, -0.39432671666145325
32.65909218788147, 1.2441504001617432, -1.26878023147583, 129.2908477783203, -226.66778564453125, 1.5330506563186646, -0.4012044370174408
32.66911768913269, 1.2441504001617432, 0.0, 129.31866455078125, -203.67431640625, 1.5328975915908813, -0.3617915213108063
32.67912435531616, 1.2441504001617432, 0.0, 129.3395233154297, -200.77853393554688, 1.5327829122543335, -0.006332647521048784
32.68915843963623, 1.2441504001617432, 0.0, 129.3395233154297, -157.635498046875, 1.5327829122543335, -0.03131108731031418
32.699204206466675, 1.2441504001617432, 0.0, 129.3887176513672, -150.0600128173828, 1.5325123071670532, -0.003842692356556654
32.709105491638184, 1.2441504001617432, 0.0, 129.41551208496094, -124.66939544677734, 1.5322054624557495, -0.032813478261232376
32.719101667404175, 1.2441504001617432, 0.0, 129.44451904296875, -99.21603393554688, 1.532099723815918, -0.005883936770260334
32.72925639152527, 1.2441504001617432, 0.0, 129.4637451171875, -66.4581298828125, 1.5319583415985107, -0.03424381464719772
32.739120960235596, 1.2441504001617432, 0.0, 129.48944091796875, -43.133544921875, 1.5319583415985107, -0.002070950111374259
32.74915623664856, 1.2441504001617432, 0.0, 129.51829528808594, -22.77628517150879, 1.5315968990325928, -0.03014259971678257
32.75910472869873, 1.2441504001617432, 0.0, 129.55516052246094, 2.938164710998535, 1.5313981771469116, -0.006417123135179281
32.7691125869751, 1.2441504001617432, 0.0, 129.59129333496094, 2.7252197265625, 1.5313981771469116, -0.030138403177261353
32.7791211605072, 1.2441504001617432, 0.0, 129.6355743408203, 3.289116859436035, 1.5311546325683594, -0.033044394105672836
32.78911328315735, 1.2441504001617432, 0.0, 129.6355743408203, 2.96173095703125, 1.5311546325683594, -0.03029095195233822
32.799121141433716, 1.2441504001617432, 0.0, 129.71734619140625, 3.6519367694854736, 1.5307048559188843, -0.006367610301822424
32.80926156044006, 1.2441504001617432, 0.0, 129.74632263183594, 3.30810546875, 1.5303316116333008, -0.031107163056731224
32.81909370422363, 1.2441504001617432, 0.0, 129.78521728515625, 3.7841796875, 1.5303316116333008, -0.0093027139082551
32.82910871505737, 1.2441504001617432, 0.0, 129.78521728515625, 3.21502685546875, 1.5301989316940308, -0.03128093108534813
32.83909845352173, 1.2441504001617432, 0.0, 129.80934143066406, 3.553602457046509, 1.530073642730713, -0.006180607248097658
32.8491427898407, 1.2441504001617432, 0.0, 129.83212280273438, 3.487481117248535, 1.5298725366592407, -0.029172662645578384
32.85913848876953, 1.2441504001617432, 0.0, 129.86868286132812, 3.13568115234375, 1.5294883251190186, -0.001040913164615631
32.86910820007324, 1.2441504001617432, 0.0, 129.93853759765625, 3.8570828437805176, 1.5292961597442627, -0.028358610346913338
32.87938070297241, 1.2441504001617432, 0.0, 129.97348022460938, 3.37982177734375, 1.5291355848312378, -0.003792394418269396
32.889094829559326, 1.2441504001617432, 0.0, 130.00267028808594, 3.66973876953125, 1.5289430618286133, -0.03297289460897446
32.89912700653076, 1.2441504001617432, 0.0, 130.0376739501953, 3.5603840351104736, 1.5287741422653198, -0.004501619376242161
32.90913152694702, 1.2441504001617432, 0.0, 130.06838989257812, 3.2196044921875, 1.5287741422653198, -0.033869221806526184
32.91912317276001, 1.2441504001617432, 0.0, 130.06838989257812, 2.83203125, 1.5285893678665161, -0.03404099494218826
32.93231916427612, 1.2441504001617432, 0.0, 130.10198974609375, 3.5213894844055176, 1.528181552886963, -0.028837647289037704
32.93910193443298, 1.2441504001617432, 0.0, 130.17613220214844, 3.66668701171875, 1.527822732925415, -0.0018991869874298573
32.949172496795654, 1.2441504001617432, 0.0, 130.2413787841797, 4.547119140625, 1.527822732925415, -0.027575762942433357
32.95917367935181, 1.2441504001617432, 0.0, 130.30702209472656, 4.38232421875, 1.527219295501709, -0.008428448811173439
32.96924042701721, 1.2441504001617432, 0.0, 130.35108947753906, 4.584418296813965, 1.527219295501709, -0.029626134783029556
32.979156255722046, 1.2441504001617432, 0.0, 130.35108947753906, 4.1961669921875, 1.527219295501709, -0.007183196488767862
32.9891037940979, 1.2441504001617432, 0.0, 130.39747619628906, 3.948974609375, 1.5269978046417236, -0.03339923545718193
32.99911332130432, 1.2441504001617432, 0.0, 130.391357421875, 3.929986000061035, 1.5269978046417236, -0.002258762251585722
33.00909733772278, 1.2441504001617432, 0.0, 130.391357421875, 3.587510824203491, 1.5269978046417236, -0.02852456457912922
33.0191011428833, 1.2441504001617432, 0.0, 130.39903259277344, 3.6739773750305176, 1.5269556045532227, -0.032643817365169525
33.029696464538574, 1.2441504001617432, 0.0, 130.4208221435547, 3.1890869140625, 1.5266653299331665, -0.008579409681260586
33.03911352157593, 1.2441504001617432, 0.0, 130.45181274414062, 2.75421142578125, 1.5266653299331665, -0.026858393102884293
33.049134969711304, 1.2441504001617432, 0.0, 130.45181274414062, 2.3396809101104736, 1.5266653299331665, -0.028744108974933624
33.05919289588928, 1.2441504001617432, 0.0, 130.46502685546875, 1.7547607421875, 1.526597023010254, -0.030347466468811035
33.06909465789795, 1.2441504001617432, 0.0, 130.4642333984375, 1.2580024003982544, 1.526597023010254, 0.0034667793661355972
33.07911229133606, 1.2441504001617432, 0.0, 130.4642333984375, 1.2580024003982544, 1.5263841152191162, -0.03329578414559364
33.08910322189331, 1.2441504001617432, 0.0, 130.50294494628906, 1.055908203125, 1.5262010097503662, -0.0039525870233774185
33.09911870956421, 1.2441504001617432, 0.0, 130.53622436523438, 1.446533203125, 1.5258961915969849, -0.029495852068066597
33.10912203788757, 1.2441504001617432, 0.0, 130.59165954589844, 2.0050048828125, 1.5258961915969849, -0.03365805745124817
33.119235038757324, 1.2441504001617432, 0.0, 130.66209411621094, 2.921210289001465, 1.5251307487487793, -0.006649847142398357
33.1291389465332, 1.2441504001617432, 0.0, 130.73081970214844, 3.1005859375, 1.5251307487487793, -0.032555367797613144
33.139147996902466, 1.2441504001617432, 0.0, 130.7903594970703, 3.762139320373535, 1.5248032808303833, -0.006701243110001087
33.14913892745972, 1.2441504001617432, 0.0, 130.7903594970703, 3.762139320373535, 1.52428138256073, -0.004249862395226955
33.15918731689453, 1.2441504001617432, 0.0, 130.88525390625, 4.669189453125, 1.5241748094558716, -0.029386861249804497
33.169175148010254, 1.2441504001617432, 0.0, 130.90463256835938, 4.4036865234375, 1.5241748094558716, -0.004137389827519655
33.17915344238281, 1.2441504001617432, 0.0, 130.93556213378906, 5.237155437469482, 1.5240046977996826, -0.030048558488488197
33.18911051750183, 1.2441504001617432, 0.0, 130.93556213378906, 4.80482292175293, 1.5238709449768066, -0.005074242129921913
33.199145793914795, 1.2441504001617432, 0.0, 130.9598846435547, 4.23583984375, 1.5237793922424316, -0.035430002957582474
33.209120750427246, 1.2441504001617432, 0.0, 130.97653198242188, 3.84979248046875, 1.5236095190048218, -0.004862457513809204
33.21911025047302, 1.2441504001617432, 0.0, 131.00741577148438, 3.836737632751465, 1.5235800743103027, -0.0310665350407362
33.229153633117676, 1.2441504001617432, 0.0, 131.0127716064453, 2.81982421875, 1.5235800743103027, -0.005922699812799692
33.239150047302246, 1.2441504001617432, 0.0, 131.01864624023438, 2.28424072265625, 1.523450493812561, -0.028411012142896652
33.2491192817688, 1.2441504001617432, 0.0, 131.0363311767578, 2.733018636703491, 1.523450493812561, -0.005076589994132519
33.259114503860474, 1.2441504001617432, 0.0, 131.0363311767578, 1.5106201171875, 1.523215889930725, -0.03236209228634834
33.26917552947998, 1.2441504001617432, 0.0, 131.0789794921875, 1.7425537109375, 1.5230400562286377, -0.03148237615823746
33.27911853790283, 1.2441504001617432, 0.0, 131.11094665527344, 1.75323486328125, 1.5230400562286377, -0.03019735775887966
33.28912925720215, 1.2441504001617432, 0.0, 131.15087890625, 2.15301513671875, 1.5228204727172852, -0.002330203540623188
33.299158811569214, 1.2441504001617432, 0.0, 131.19387817382812, 2.600775718688965, 1.5225839614868164, -0.031190164387226105
33.30913305282593, 1.2441504001617432, 0.0, 131.22801208496094, 2.7957491874694824, 1.522396206855774, -0.0005545851890929043
33.31960129737854, 1.2441504001617432, 0.0, 131.26988220214844, 2.916124105453491, 1.522007942199707, -0.03226654231548309
33.32909655570984, 1.2441504001617432, 0.0, 131.29861450195312, 2.8564453125, 1.522007942199707, -0.006774043198674917
33.33910274505615, 1.2441504001617432, 0.0, 131.29861450195312, 3.111097574234009, 1.522007942199707, -0.005836380645632744
33.3490948677063, 1.2441504001617432, 0.0, 131.36155700683594, 3.253173828125, 1.5215038061141968, -0.005355285480618477
33.359130859375, 1.2441504001617432, 0.0, 131.39027404785156, 3.9316813945770264, 1.5213353633880615, -0.02684897929430008
33.36911940574646, 1.2441504001617432, 0.0, 131.4208984375, 3.7994384765625, 1.5212206840515137, -0.03282477334141731
33.37912034988403, 1.2441504001617432, 0.0, 131.44174194335938, 3.30810546875, 1.5212206840515137, -0.03000885248184204
33.38912487030029, 1.2441504001617432, 0.0, 131.44174194335938, 2.9083251953125, 1.5211032629013062, -0.008471113629639149
33.399113178253174, 1.2441504001617432, 0.0, 131.4630889892578, 2.992418050765991, 1.521018385887146, -0.027858270332217216
33.40911817550659, 1.2441504001617432, 0.0, 131.47853088378906, 2.5054931640625, 1.5208635330200195, -0.00642379792407155
33.41910934448242, 1.2441504001617432, 0.0, 131.50668334960938, 2.3681640625, 1.5207198858261108, -0.032718904316425323
33.42912292480469, 1.2441504001617432, 0.0, 131.53280639648438, 2.602471351623535, 1.5207198858261108, -0.0017004614928737283
33.439088106155396, 1.2441504001617432, 0.0, 131.60108947753906, 3.02276611328125, 1.5202207565307617, -0.0325414314866066
33.449164390563965, 1.2441504001617432, 0.0, 131.62355041503906, 2.61993408203125, 1.5202207565307617, -0.0005014461930841208
33.45910692214966, 1.2441504001617432, 0.0, 131.62355041503906, 2.592298746109009, 1.5198640823364258, -0.03207334131002426
33.469096660614014, 1.2441504001617432, 0.0, 131.6884002685547, 2.67486572265625, 1.5198640823364258, -0.029929179698228836
33.47908806800842, 1.2441504001617432, 0.0, 131.6884002685547, 2.739800453186035, 1.5198640823364258, -0.027987947687506676
33.48909068107605, 1.2441504001617432, 0.0, 131.6884002685547, 2.739800453186035, 1.519547939300537, -0.0037756951060146093
33.49911689758301, 1.2441504001617432, 0.0, 131.76986694335938, 3.411187171936035, 1.5194159746170044, -0.031808726489543915
33.509106159210205, 1.2441504001617432, 0.0, 131.76986694335938, 2.6480934619903564, 1.5191845893859863, -0.0032480424270033836
33.51912021636963, 1.2441504001617432, 0.0, 131.81195068359375, 3.814697265625, 1.5190309286117554, -0.02608727104961872
33.529151916503906, 1.2441504001617432, 0.0, 131.8398895263672, 3.07159423828125, 1.5190309286117554, 0.004764560144394636
33.53913474082947, 1.2441504001617432, 0.0, 131.8398895263672, 2.38800048828125, 1.5190309286117554, -0.029894260689616203
33.54912972450256, 1.2441504001617432, 0.0, 131.86729431152344, 2.709282875061035, 1.5187581777572632, -0.004850264173001051
33.55909562110901, 1.2441504001617432, 0.0, 131.86729431152344, 2.43682861328125, 1.5186277627944946, -0.03173758462071419
33.569106101989746, 1.2441504001617432, 0.0, 131.91317749023438, 2.4973552227020264, 1.5186277627944946, -0.004558026324957609
33.57923865318298, 1.2441504001617432, 0.0, 131.93894958496094, 2.5054931640625, 1.518196940422058, -0.03056025132536888
33.58919882774353, 1.2441504001617432, 0.0, 131.99151611328125, 3.033447265625, 1.518196940422058, -0.03176937997341156
33.599098443984985, 1.2441504001617432, 0.0, 131.99151611328125, 2.4600558280944824, 1.518196940422058, -0.02745281532406807
33.60907554626465, 1.2441504001617432, 0.0, 132.04420471191406, 2.7435302734375, 1.5179071426391602, -0.004647625144571066
33.61909580230713, 1.2441504001617432, 0.0, 132.07115173339844, 2.8805203437805176, 1.5177589654922485, -0.023992132395505905
33.62913370132446, 1.2441504001617432, 0.0, 132.07115173339844, 2.313232421875, 1.5177589654922485, -0.0021390365436673164
33.63910388946533, 1.2441504001617432, 0.0, 132.12869262695312, 3.2077364921569824, 1.517295479774475, -0.025324838235974312
33.649346113204956, 1.2441504001617432, 0.0, 132.15542602539062, 2.880859375, 1.517176866531372, -0.008175362832844257
33.65910792350769, 1.2441504001617432, 0.0, 132.17698669433594, 3.441704750061035, 1.517176866531372, -0.03533942997455597
33.66912627220154, 1.2441504001617432, 0.0, 132.17698669433594, 2.63824462890625, 1.517012596130371, -0.0030946522019803524
33.679102420806885, 1.2441504001617432, 0.0, 132.20684814453125, 2.9754638671875, 1.517012596130371, -0.03381827473640442
33.68910837173462, 1.2441504001617432, 0.0, 132.22781372070312, 2.36358642578125, 1.5168973207473755, -0.003957297187298536
33.69912123680115, 1.2441504001617432, 0.0, 132.25442504882812, 2.921210289001465, 1.5167509317398071, -0.024363195523619652
33.7092490196228, 1.2441504001617432, 0.0, 132.2722930908203, 2.534654378890991, 1.5166527032852173, -0.004664279520511627
33.71914577484131, 1.2441504001617432, 0.0, 132.2722930908203, 2.236260414123535, 1.5162831544876099, -0.032155781984329224
33.729095697402954, 1.2441504001617432, 0.0, 132.3394775390625, 2.6824951171875, 1.5161081552505493, -0.03138932213187218
33.73909592628479, 1.2441504001617432, 0.0, 132.3712921142578, 2.6957194805145264, 1.5159542560577393, -0.026227828115224838
33.749112606048584, 1.2441504001617432, 0.0, 132.39927673339844, 2.709282875061035, 1.515787124633789, -0.002584095112979412
33.759090423583984, 1.2441504001617432, 0.0, 132.42967224121094, 2.52685546875, 1.5156015157699585, -0.029966242611408234
33.76912069320679, 1.2441504001617432, 0.0, 132.46340942382812, 2.862548828125, 1.5156015157699585, -0.005847013555467129
33.77909708023071, 1.2441504001617432, 0.0, 132.46340942382812, 2.851698160171509, 1.5152310132980347, -0.0310747642070055
33.78916692733765, 1.2441504001617432, 0.0, 132.53077697753906, 3.365410804748535, 1.5150567293167114, -3.7709774915128946e-05
33.799161434173584, 1.2441504001617432, 0.0, 132.56246948242188, 3.08074951171875, 1.5150567293167114, -0.026440467685461044
33.809099435806274, 1.2441504001617432, 0.0, 132.56246948242188, 3.2246906757354736, 1.5148098468780518, -0.0015549190575256944
33.81912016868591, 1.2441504001617432, 0.0, 132.6073455810547, 3.72314453125, 1.5148098468780518, -0.03319164738059044
33.82913017272949, 1.2441504001617432, 0.0, 132.6073455810547, 2.67791748046875, 1.5147175788879395, -0.003909716382622719
33.83910322189331, 1.2441504001617432, 0.0, 132.62413024902344, 2.809312582015991, 1.5145727396011353, -0.032953254878520966
33.84920692443848, 1.2441504001617432, 0.0, 132.6504669189453, 2.51312255859375, 1.5145727396011353, -0.005682994145900011
33.85923194885254, 1.2441504001617432, 0.0, 132.6651153564453, 2.35443115234375, 1.5144121646881104, -0.03275025635957718
33.869136810302734, 1.2441504001617432, 0.0, 132.67965698242188, 2.1636962890625, 1.5144121646881104, -0.029904499650001526
33.879130840301514, 1.2441504001617432, 0.0, 132.67965698242188, 2.402411460876465, 1.5144121646881104, -0.02162548154592514
33.88912606239319, 1.2441504001617432, 0.0, 132.7074432373047, 1.76544189453125, 1.5141465663909912, -0.024723300710320473
33.899091482162476, 1.2441504001617432, 0.0, 132.7279510498047, 1.654052734375, 1.5140163898468018, -0.02593226172029972
33.909085512161255, 1.2441504001617432, 0.0, 132.75161743164062, 2.1006267070770264, 1.513824462890625, -0.004215800203382969
33.9192852973938, 1.2441504001617432, 0.0, 132.78651428222656, 1.79290771484375, 1.5136346817016602, -0.02834467776119709
33.92915081977844, 1.2441504001617432, 0.0, 132.82101440429688, 2.3752849102020264, 1.5134632587432861, -0.030996428802609444
33.939122438430786, 1.2441504001617432, 0.0, 132.85218811035156, 2.532958984375, 1.5134632587432861, -0.006038483697921038
33.94912624359131, 1.2441504001617432, 0.0, 132.85218811035156, 2.0172119140625, 1.5134632587432861, -0.029354721307754517
33.95910692214966, 1.2441504001617432, 0.0, 132.89100646972656, 2.510918617248535, 1.5130796432495117, -0.001358146546408534
33.96910738945007, 1.2441504001617432, 0.0, 132.92193603515625, 2.6906330585479736, 1.512940764427185, -0.030798722058534622
33.97927975654602, 1.2441504001617432, 0.0, 132.9471893310547, 2.67486572265625, 1.5126327276229858, -0.0038878514897078276
33.989123582839966, 1.2441504001617432, 0.0, 133.00318908691406, 2.95562744140625, 1.5126327276229858, -0.030711956322193146
33.999107360839844, 1.2441504001617432, 0.0, 133.0205078125, 3.2535128593444824, 1.5125374794006348, -0.0044538346119225025
34.00911498069763, 1.2441504001617432, 0.0, 133.04554748535156, 2.9388427734375, 1.5123997926712036, -0.03374910727143288
34.019105195999146, 1.2441504001617432, 0.0, 133.0642852783203, 3.0873615741729736, 1.5122966766357422, -0.0309617780148983
34.02909970283508, 1.2441504001617432, 0.0, 133.0642852783203, 2.43377685546875, 1.5122966766357422, -0.031382277607917786
34.03913450241089, 1.2441504001617432, 0.0, 133.1078338623047, 2.838134765625, 1.5120571851730347, 0.0013054568553343415
34.049134969711304, 1.2441504001617432, 0.0, 133.1142120361328, 2.61993408203125, 1.5120221376419067, -0.022562656551599503
34.05910634994507, 1.2441504001617432, 0.0, 133.13870239257812, 2.7516682147979736, 1.5118874311447144, -0.0006469152867794037
34.06910181045532, 1.2441504001617432, 0.0, 133.13870239257812, 2.16827392578125, 1.5116525888442993, -0.03377892076969147
34.079182863235474, 1.2441504001617432, 0.0, 133.181396484375, 2.34222412109375, 1.5116525888442993, -0.006640306673943996
34.089111328125, 1.2441504001617432, 0.0, 133.181396484375, 1.9802517890930176, 1.5116525888442993, -0.02597302757203579
34.099111557006836, 1.2441504001617432, 0.0, 133.2117919921875, 2.1260578632354736, 1.5113507509231567, -0.009037154726684093
34.10910677909851, 1.2441504001617432, 0.0, 133.2362823486328, 1.9073486328125, 1.5111337900161743, -0.03397909551858902
34.11914658546448, 1.2441504001617432, 0.0, 133.27572631835938, 2.349853515625, 1.510868787765503, -0.0009140846668742597
34.12915658950806, 1.2441504001617432, 0.0, 133.32391357421875, 2.59552001953125, 1.5107630491256714, -0.024990348145365715
34.13916063308716, 1.2441504001617432, 0.0, 133.3431396484375, 2.137617588043213, 1.5107630491256714, -0.007826878689229488
34.14916253089905, 1.2441504001617432, 0.0, 133.3566436767578, 3.0345916748046875, 1.510583519935608, -0.03191208094358444
34.15911316871643, 1.2441504001617432, 0.0, 133.3757781982422, 2.632988929748535, 1.510583519935608, -0.03271310403943062
34.16913986206055, 1.2441504001617432, 0.0, 133.3757781982422, 2.3681640625, 1.510583519935608, -0.031898967921733856
34.179155588150024, 1.2441504001617432, 0.0, 133.40985107421875, 2.5380451679229736, 1.510396122932434, -0.02855023927986622
34.18911838531494, 1.2441504001617432, 0.0, 133.43331909179688, 2.52227783203125, 1.5102670192718506, -0.033079806715250015
34.19993567466736, 1.2441504001617432, 0.0, 133.45567321777344, 2.4383544921875, 1.5100823640823364, 0.00230785901658237
34.20912766456604, 1.2441504001617432, 0.0, 133.46688842773438, 2.5634765625, 1.5100823640823364, -0.028267787769436836
34.21911025047302, 1.2441504001617432, 0.0, 133.47686767578125, 2.2328693866729736, 1.510027527809143, -0.0011228325311094522
34.22913980484009, 1.2441504001617432, 0.0, 133.47686767578125, 1.53045654296875, 1.5097252130508423, -0.0332823172211647
34.239134311676025, 1.2441504001617432, 0.0, 133.53182983398438, 1.885986328125, 1.5097252130508423, 0.005815040785819292
34.249184370040894, 1.2441504001617432, 0.0, 133.53182983398438, 1.9480386972427368, 1.5094252824783325, -0.030605221167206764
34.25909781455994, 1.2441504001617432, 0.0, 133.58636474609375, 2.3396809101104736, 1.5094252824783325, -0.030162809416651726
34.269187211990356, 1.2441504001617432, 0.0, 133.58636474609375, 2.341376304626465, 1.509124755859375, -0.032319243997335434
34.27910375595093, 1.2441504001617432, 0.0, 133.64100646972656, 2.5668673515319824, 1.5089954137802124, -0.0015642038779333234
34.28911590576172, 1.2441504001617432, 0.0, 133.66452026367188, 2.5685627460479736, 1.5089954137802124, -0.0334630012512207
34.29912853240967, 1.2441504001617432, 0.0, 133.6847686767578, 2.29034423828125, 1.508884072303772, -0.008139170706272125
34.309115171432495, 1.2441504001617432, 0.0, 133.6847686767578, 2.4210612773895264, 1.508493423461914, -0.03133011236786842
34.31913161277771, 1.2441504001617432, 0.0, 133.75579833984375, 2.79083251953125, 1.508249282836914, -0.00464294571429491
34.32911801338196, 1.2441504001617432, 0.0, 133.80018615722656, 3.5909016132354736, 1.5080626010894775, -0.034123025834560394
34.339189767837524, 1.2441504001617432, 0.0, 133.83412170410156, 3.02276611328125, 1.5080626010894775, -0.009138175286352634
34.34925603866577, 1.2441504001617432, 0.0, 133.83412170410156, 3.02276611328125, 1.5078922510147095, -0.03036569431424141
34.359129667282104, 1.2441504001617432, 0.0, 133.86509704589844, 3.0975341796875, 1.5078922510147095, -0.0010721253929659724
34.3691086769104, 1.2441504001617432, 0.0, 133.86947631835938, 2.83203125, 1.5078681707382202, -0.03444211557507515
34.37910079956055, 1.2441504001617432, 0.0, 133.86947631835938, 2.28271484375, 1.5078681707382202, -0.005060742609202862
34.38914680480957, 1.2441504001617432, 0.0, 133.87989807128906, 2.393934488296509, 1.5078108310699463, -0.03106875903904438
34.39913010597229, 1.2441504001617432, 0.0, 133.8900909423828, 2.0538330078125, 1.5077548027038574, -0.02429364062845707
34.40911078453064, 1.2441504001617432, 0.0, 133.90658569335938, 2.2186279296875, 1.5076338052749634, -0.027486125007271767
34.41910409927368, 1.2441504001617432, 0.0, 133.91207885742188, 1.5625, 1.5076338052749634, -0.005557211581617594
34.42910575866699, 1.2441504001617432, 0.0, 133.90872192382812, 1.2054443359375, 1.5076453685760498, -0.030029460787773132
34.43909192085266, 1.2441504001617432, 0.0, 133.9099884033203, 0.8426242470741272, 1.5076382160186768, -0.006213383283466101
34.44910025596619, 1.2441504001617432, 0.0, 133.91128540039062, 0.8578830361366272, 1.5076382160186768, -0.02782878465950489
34.45910668373108, 1.2441504001617432, 0.0, 133.91128540039062, 0.4608154296875, 1.5076382160186768, -0.006691027898341417
34.46910500526428, 1.2441504001617432, 0.0, 133.93060302734375, 0.6798638105392456, 1.507532000541687, -0.029366446658968925
34.48030424118042, 1.2441504001617432, 0.0, 133.9969482421875, 1.4156765937805176, 1.5068843364715576, -0.00036853397614322603
34.489113092422485, 1.2441504001617432, 0.0, 134.04835510253906, 1.6845703125, 1.5068843364715576, -0.03309841826558113
34.49911856651306, 1.2441504001617432, 0.0, 134.0920867919922, 2.020263671875, 1.5064109563827515, -0.005535310134291649
34.50911235809326, 1.2441504001617432, 0.0, 134.13442993164062, 2.27813720703125, 1.5064109563827515, -0.030421743169426918
34.51929330825806, 1.2441504001617432, 0.0, 134.16314697265625, 2.5115966796875, 1.506119966506958, -0.03489157557487488
34.5291051864624, 1.2441504001617432, 0.0, 134.1873321533203, 3.095838785171509, 1.5059560537338257, -0.031015601009130478
34.539103984832764, 1.2441504001617432, 0.0, 134.21713256835938, 3.0731201171875, 1.5059560537338257, -0.0019144394900649786
34.549126625061035, 1.2441504001617432, 0.0, 134.22862243652344, 3.5247802734375, 1.5058928728103638, -0.026540478691458702
34.55914759635925, 1.2441504001617432, 0.0, 134.22862243652344, 3.5247802734375, 1.5057892799377441, -0.009030603803694248
34.56914973258972, 1.2441504001617432, 0.0, 134.24745178222656, 3.5213894844055176, 1.5057122707366943, -0.0309427622705698
34.579121112823486, 1.2441504001617432, 0.0, 134.26145935058594, 2.64434814453125, 1.5056673288345337, -0.006812585983425379
34.589112281799316, 1.2441504001617432, 0.0, 134.26962280273438, 2.458360433578491, 1.5056673288345337, -0.028819218277931213
34.59913492202759, 1.2441504001617432, 0.0, 134.26962280273438, 1.776123046875, 1.5057004690170288, -0.00871655810624361
34.60912346839905, 1.2441504001617432, 0.0, 134.2635955810547, 1.434326171875, 1.5057004690170288, -0.031435444951057434
34.61911940574646, 1.2441504001617432, 0.0, 134.25794982910156, 0.94757080078125, 1.5057315826416016, -0.00558514753356576
34.6291139125824, 1.2441504001617432, 0.0, 134.2715301513672, 0.84228515625, 1.505497694015503, -0.03256389871239662
34.639111042022705, 1.2441504001617432, 0.0, 134.30047607421875, 0.9290907382965088, 1.505497694015503, -0.0077344621531665325
34.64910650253296, 1.2441504001617432, 0.0, 134.33116149902344, 1.02386474609375, 1.505185842514038, -0.03122316487133503
34.66340684890747, 1.2441504001617432, 0.0, 134.357177734375, 1.4275444746017456, 1.504940390586853, -0.031677260994911194
34.66914701461792, 1.2441504001617432, 0.0, 134.40179443359375, 1.54266357421875, 1.504940390586853, -0.031677260994911194
34.67916011810303, 1.2441504001617432, 0.0, 134.430908203125, 1.8836127519607544, 1.5046018362045288, -0.005926518701016903
34.6890926361084, 1.2441504001617432, 0.0, 134.46334838867188, 1.9378662109375, 1.504431128501892, -0.03242478892207146
34.699105978012085, 1.2441504001617432, 0.0, 134.494384765625, 2.24761962890625, 1.504286766052246, -0.004597996361553669
34.709115982055664, 1.2441504001617432, 0.0, 134.52064514160156, 2.855088949203491, 1.504286766052246, -0.024501746520400047
34.71910500526428, 1.2441504001617432, 0.0, 134.52064514160156, 2.9195148944854736, 1.5041792392730713, -0.006417961325496435
34.72910523414612, 1.2441504001617432, 0.0, 134.54019165039062, 2.685546875, 1.5041792392730713, -0.03277384862303734
34.739243507385254, 1.2441504001617432, 0.0, 134.58839416503906, 3.1992595195770264, 1.5038646459579468, -0.007559448014944792
34.749099254608154, 1.2441504001617432, 0.0, 134.59738159179688, 2.958509683609009, 1.5038658380508423, -0.03368600085377693
34.759361028671265, 1.2441504001617432, 0.0, 134.59716796875, 2.6652019023895264, 1.5038658380508423, -0.006991170346736908
34.769129276275635, 1.2441504001617432, 0.0, 134.5966796875, 1.9500732421875, 1.503868579864502, -0.02711191214621067
34.77914500236511, 1.2441504001617432, 0.0, 134.6026153564453, 1.7181396484375, 1.5037965774536133, -0.010068757459521294
34.78910493850708, 1.2441504001617432, 0.0, 134.60977172851562, 1.6259087324142456, 1.5037965774536133, -0.029447896406054497
34.79910397529602, 1.2441504001617432, 0.0, 134.6260223388672, 1.3153076171875, 1.5037071704864502, -0.03061044029891491
34.80914044380188, 1.2441504001617432, 0.0, 134.6260223388672, 1.05438232421875, 1.503584623336792, -0.0334053635597229
34.819777488708496, 1.2441504001617432, 0.0, 134.64830017089844, 1.4173719882965088, 1.503509759902954, -0.029821861535310745
34.829102516174316, 1.2441504001617432, 0.0, 134.6619110107422, 1.3546414375305176, 1.5034356117248535, -0.02749462239444256
34.83911371231079, 1.2441504001617432, 0.0, 134.67539978027344, 0.8697509765625, 1.5033032894134521, -0.006059788633137941
34.84917640686035, 1.2441504001617432, 0.0, 134.69944763183594, 1.02081298828125, 1.50321364402771, -0.03456564247608185
34.859097480773926, 1.2441504001617432, 0.0, 134.71575927734375, 1.3173421621322632, 1.50321364402771, -0.006867002230137587
34.86910605430603, 1.2441504001617432, 0.0, 134.71575927734375, 1.3241238594055176, 1.5030817985534668, -0.02981230616569519
34.8791024684906, 1.2441504001617432, 0.0, 134.73973083496094, 1.5241835117340088, 1.5029339790344238, -0.0069444430992007256
34.88910484313965, 1.2441504001617432, 0.0, 134.7666015625, 1.56707763671875, 1.502801775932312, -0.03038940764963627
34.89913368225098, 1.2441504001617432, 0.0, 134.79063415527344, 1.6448974609375, 1.502801775932312, -0.02996215969324112
34.90910267829895, 1.2441504001617432, 0.0, 134.82394409179688, 1.9805908203125, 1.5026185512542725, -0.03372001647949219
34.9191312789917, 1.2441504001617432, 0.0, 134.82394409179688, 1.9514296054840088, 1.5024703741073608, -0.006114006973803043
34.92909121513367, 1.2441504001617432, 0.0, 134.85089111328125, 2.1006267070770264, 1.5024703741073608, -0.02947046235203743
34.93911266326904, 1.2441504001617432, 0.0, 134.85089111328125, 1.75323486328125, 1.5024703741073608, -0.002665191423147917
34.9491126537323, 1.2441504001617432, 0.0, 134.8863525390625, 1.86920166015625, 1.5021508932113647, -0.03296547755599022
34.959115505218506, 1.2441504001617432, 0.0, 134.9089813232422, 2.1464030742645264, 1.5020136833190918, -0.007676810957491398
34.96913528442383, 1.2441504001617432, 0.0, 134.93392944335938, 2.18353271484375, 1.5020136833190918, -0.03032994456589222
34.9792320728302, 1.2441504001617432, 0.0, 134.95059204101562, 2.341376304626465, 1.5018646717071533, -0.006780145689845085
34.98911166191101, 1.2441504001617432, 0.0, 134.9610137939453, 1.94549560546875, 1.5018646717071533, -0.0330108217895031
34.99911904335022, 1.2441504001617432, 0.0, 134.9610137939453, 1.8937852382659912, 1.5017560720443726, -0.0036471430212259293
35.00912547111511, 1.2441504001617432, 0.0, 134.9807586669922, 1.56707763671875, 1.5017560720443726, -0.030506420880556107
35.01913094520569, 1.2441504001617432, 0.0, 135.01023864746094, 2.068413734436035, 1.501494288444519, -0.009713335894048214
35.0291211605072, 1.2441504001617432, 0.0, 135.0283660888672, 1.77459716796875, 1.501494288444519, -0.02545463666319847
35.03909254074097, 1.2441504001617432, 0.0, 135.0283660888672, 1.9717745780944824, 1.5013251304626465, -0.03082622028887272
35.0523362159729, 1.2441504001617432, 0.0, 135.05911254882812, 1.9192166328430176, 1.5013251304626465, -0.0295111034065485
35.059120178222656, 1.2441504001617432, 0.0, 135.0745086669922, 1.65557861328125, 1.5011566877365112, -0.03627752512693405
35.0691123008728, 1.2441504001617432, 0.0, 135.08973693847656, 1.5594482421875, 1.5011147260665894, -0.03143525496125221
35.07911467552185, 1.2441504001617432, 0.0, 135.0973663330078, 1.6309950351715088, 1.5010305643081665, -0.0038390911649912596
35.0891797542572, 1.2441504001617432, 0.0, 135.1126708984375, 1.6852484941482544, 1.5009558200836182, -0.006626846734434366
35.099395513534546, 1.2441504001617432, 0.0, 135.1262664794922, 1.6510009765625, 1.5008583068847656, -0.03115791268646717
35.10908269882202, 1.2441504001617432, 0.0, 135.1439971923828, 1.8141005039215088, 1.5008583068847656, -0.004403563216328621
35.11909604072571, 1.2441504001617432, 0.0, 135.1439971923828, 1.33819580078125, 1.5008583068847656, -0.031605783849954605
35.12919616699219, 1.2441504001617432, 0.0, 135.1685028076172, 1.40228271484375, 1.5006415843963623, -0.03168947249650955
35.13911437988281, 1.2441504001617432, 0.0, 135.1833953857422, 1.7208523750305176, 1.5004258155822754, -0.03320174291729927
35.14915108680725, 1.2441504001617432, 0.0, 135.22262573242188, 1.8174912929534912, 1.5004258155822754, -0.006025205831974745
35.15914011001587, 1.2441504001617432, 0.0, 135.22262573242188, 1.48162841796875, 1.5002760887145996, -0.008139075711369514
35.169089794158936, 1.2441504001617432, 0.0, 135.24984741210938, 1.7801920175552368, 1.5002760887145996, -0.02745792269706726
35.17910933494568, 1.2441504001617432, 0.0, 135.24984741210938, 1.52435302734375, 1.500112771987915, -0.0289304256439209
35.189138412475586, 1.2441504001617432, 0.0, 135.279541015625, 1.8530951738357544, 1.500112771987915, -0.004408350680023432
35.19910216331482, 1.2441504001617432, 0.0, 135.291748046875, 1.65557861328125, 1.5000157356262207, -0.03496439754962921
35.20912027359009, 1.2441504001617432, 0.0, 135.2971954345703, 1.531982421875, 1.4999346733093262, -0.006865509320050478
35.219096183776855, 1.2441504001617432, 0.0, 135.3119354248047, 1.8649630546569824, 1.4999346733093262, -0.007265610154718161
35.22918462753296, 1.2441504001617432, 0.0, 135.3119354248047, 1.43280029296875, 1.4998244047164917, -0.003027695929631591
35.23912739753723, 1.2441504001617432, 0.0, 135.33197021484375, 1.6530355215072632, 1.4997440576553345, -0.029522566124796867
35.24918055534363, 1.2441504001617432, 0.0, 135.34658813476562, 1.3766818046569824, 1.4997440576553345, -0.003546852385625243
35.25910782814026, 1.2441504001617432, 0.0, 135.3610382080078, 1.38397216796875, 1.499664545059204, -0.0048848362639546394
35.26911997795105, 1.2441504001617432, 0.0, 135.3610382080078, 1.1138916015625, 1.499664545059204, -0.03451550006866455
35.279133796691895, 1.2441504001617432, 0.0, 135.39390563964844, 1.6004774570465088, 1.4994838237762451, -0.005540483631193638
35.28911352157593, 1.2441504001617432, 0.0, 135.39390563964844, 1.141357421875, 1.4994838237762451, -0.006668844260275364
35.29910969734192, 1.2441504001617432, 0.0, 135.4197540283203, 1.4241536855697632, 1.4992138147354126, -0.024294458329677582
35.30911636352539, 1.2441504001617432, 0.0, 135.4429931640625, 1.45721435546875, 1.499121904373169, -0.0008916977676562965
35.319196939468384, 1.2441504001617432, 0.0, 135.45970153808594, 1.47857666015625, 1.4989094734191895, -0.004838575143367052
35.329102993011475, 1.2441504001617432, 0.0, 135.49832153320312, 2.0701091289520264, 1.4988183975219727, -0.03626304492354393
35.33912420272827, 1.2441504001617432, 0.0, 135.514892578125, 2.0328097343444824, 1.4987335205078125, -0.00923480000346899
35.34912180900574, 1.2441504001617432, 0.0, 135.5303192138672, 1.837158203125, 1.498699426651001, -0.006667366251349449
35.359110832214355, 1.2441504001617432, 0.0, 135.53651428222656, 1.9480386972427368, 1.4986299276351929, -0.029191933572292328
35.36909508705139, 1.2441504001617432, 0.0, 135.5491485595703, 2.092149496078491, 1.4986299276351929, -0.0008385857217945158
35.38031315803528, 1.2441504001617432, 0.0, 135.5491485595703, 1.5533447265625, 1.4985536336898804, -0.004281398840248585
35.389232873916626, 1.2441504001617432, 0.0, 135.5630340576172, 1.8768310546875, 1.498435616493225, -0.028008785098791122
35.399099588394165, 1.2441504001617432, 0.0, 135.58448791503906, 1.8310546875, 1.498435616493225, -0.007346427999436855
35.41042375564575, 1.2441504001617432, 0.0, 135.58448791503906, 1.2858997583389282, 1.4983043670654297, -0.0032950907479971647
35.420321464538574, 1.2441504001617432, 0.0, 135.6083526611328, 1.857757568359375, 1.4982283115386963, -0.03375840187072754
35.42912292480469, 1.2441504001617432, 0.0, 135.62217712402344, 1.239013671875, 1.4982283115386963, -0.0073949540965259075
35.439109325408936, 1.2441504001617432, 0.0, 135.6350555419922, 1.20086669921875, 1.4980586767196655, -0.004916396923363209
35.449079751968384, 1.2441504001617432, 0.0, 135.65301513671875, 1.226806640625, 1.4979840517044067, -0.029204048216342926
35.459089279174805, 1.2441504001617432, 0.0, 135.6665802001953, 1.4461941719055176, 1.4979840517044067, -0.0040059769526124
35.46909999847412, 1.2441504001617432, 0.0, 135.6802215576172, 1.4563666582107544, 1.4979090690612793, -0.0028147033881396055
35.47912526130676, 1.2441504001617432, 0.0, 135.6802215576172, 1.4563666582107544, 1.4977525472640991, -0.02406570501625538
35.489094495773315, 1.2441504001617432, 0.0, 135.70867919921875, 1.6191270351409912, 1.4977525472640991, -0.005307202693074942
35.499085664749146, 1.2441504001617432, 0.0, 135.70867919921875, 1.2420654296875, 1.4976904392242432, -0.002314165234565735
35.50917196273804, 1.2441504001617432, 0.0, 135.719970703125, 1.35498046875, 1.4974387884140015, -0.0279768705368042
35.51909327507019, 1.2441504001617432, 0.0, 135.76573181152344, 1.7496744394302368, 1.4972716569900513, 0.005958141293376684
35.52913522720337, 1.2441504001617432, 0.0, 135.79611206054688, 1.73797607421875, 1.4971208572387695, -0.00368129531852901
35.53912162780762, 1.2441504001617432, 0.0, 135.8235321044922, 2.0938448905944824, 1.4970662593841553, -0.027996772900223732
35.549118995666504, 1.2441504001617432, 0.0, 135.83346557617188, 2.0039875507354736, 1.4970662593841553, -0.0064466968178749084
35.55912923812866, 1.2441504001617432, 0.0, 135.83660888671875, 1.70135498046875, 1.49703848361969, -0.004351485520601273
35.56914138793945, 1.2441504001617432, 0.0, 135.8385009765625, 1.58233642578125, 1.49703848361969, -0.034603092819452286
35.579094648361206, 1.2441504001617432, 0.0, 135.83013916015625, 1.6682943105697632, 1.497063159942627, -0.008578933775424957
35.589091062545776, 1.2441504001617432, 0.0, 135.83401489257812, 1.24969482421875, 1.497074842453003, -0.002585258800536394
