36.33238482475281, 1.133191704750061, -1.193392276763916, 124.07569122314453, -150.12664794921875, 1.5026944875717163, 0.0
36.342390060424805, 1.1085662841796875, -1.5996297597885132, 121.46316528320312, -170.16177368164062, 1.502666711807251, -0.17546771466732025
36.35238432884216, 1.0850753784179688, -1.5094995498657227, 118.71121215820312, -156.15463256835938, 1.5027074813842773, -0.20828013122081757
36.362383127212524, 1.066097617149353, -1.6853809356689453, 115.96367645263672, -178.5990447998047, 1.502650499343872, -0.20492644608020782
36.37239408493042, 1.066097617149353, -1.3549327850341797, 113.50518798828125, -162.48779296875, 1.5026228427886963, -0.14868152141571045
36.38238477706909, 1.04696786403656, -1.5265941619873047, 111.01245880126953, -182.1501007080078, 1.5025935173034668, -0.1689956933259964
36.39237141609192, 1.04696786403656, -1.2274980545043945, 108.79663848876953, -162.24517822265625, 1.5025055408477783, -0.20873135328292847
36.402369022369385, 1.0181772708892822, -1.5154123306274414, 106.12229919433594, -165.13748168945312, 1.5020602941513062, -0.15225152671337128
36.412375688552856, 0.9844692945480347, -1.8725130558013916, 103.21456909179688, -188.35873413085938, 1.5012001991271973, -0.11171937733888626
36.422375202178955, 0.9844692945480347, -1.4872193336486816, 100.7427978515625, -169.01779174804688, 1.499922752380371, -0.1372433751821518
36.432377099990845, 0.9844692945480347, -1.4872193336486816, 100.7427978515625, -169.01779174804688, 1.498409390449524, -0.12263547629117966
36.44236660003662, 0.9337856769561768, -1.049512267112732, 97.72079467773438, -138.70962524414062, 1.496603012084961, -0.2036689966917038
36.452386140823364, 0.9012041091918945, -2.0736217498779297, 94.28852081298828, -271.74530029296875, 1.4947443008422852, -0.13525865972042084
36.46238827705383, 0.8863343000411987, -1.9874036312103271, 90.99200439453125, -277.19268798828125, 1.493001103401184, -0.20082153379917145
36.47242760658264, 0.8863343000411987, -1.797640323638916, 88.04337310791016, -279.20379638671875, 1.4912421703338623, -0.12762507796287537
36.482393741607666, 0.8640937209129333, -2.244479179382324, 84.69074249267578, -320.159912109375, 1.4894813299179077, -0.19472965598106384
36.494673013687134, 0.8351101875305176, -2.118581533432007, 81.19709777832031, -298.1536865234375, 1.4875105619430542, -0.020024916157126427
36.5026798248291, 0.8351101875305176, -2.3539860248565674, 77.73123168945312, -345.1716003417969, 1.4853869676589966, -0.013435262255370617
36.512375831604004, 0.8090559840202332, -2.323554515838623, 74.32746887207031, -353.2765808105469, 1.4831956624984741, -0.13523660600185394
36.522361516952515, 0.7801228165626526, -2.043461799621582, 70.6120834350586, -326.025390625, 1.4809516668319702, -0.14722172915935516
36.532368659973145, 0.7490633726119995, -2.3540735244750977, 67.1609115600586, -335.8192443847656, 1.478636384010315, -0.10438517481088638
36.54263782501221, 0.7490633726119995, -2.0524661540985107, 64.2014389038086, -372.4365234375, 1.4764412641525269, -0.07308681309223175
36.55239224433899, 0.727168083190918, -1.7403602600097656, 61.38712692260742, -329.0130615234375, 1.4745163917541504, -0.058611419051885605
36.56240153312683, 0.727168083190918, -1.7685095071792603, 58.7547492980957, -358.19158935546875, 1.4730778932571411, -0.0721137672662735
36.57236909866333, 0.7048404216766357, -1.8149316310882568, 55.654296875, -323.89068603515625, 1.4719810485839844, -0.0942416712641716
36.58237338066101, 0.6596034169197083, -2.272122383117676, 52.11927795410156, -361.9054260253906, 1.4709745645523071, -0.00033393484773114324
36.59236931800842, 0.6420891880989075, -2.144667863845825, 48.796566009521484, -360.0057067871094, 1.4699474573135376, -0.032192014157772064
36.602383613586426, 0.622875988483429, -2.3581650257110596, 45.0882568359375, -362.69970703125, 1.469119668006897, -0.022369518876075745
36.612390995025635, 0.6006996631622314, -2.0835578441619873, 41.44328308105469, -328.841796875, 1.4683314561843872, 0.0018890175269916654
36.622363805770874, 0.5831483602523804, -1.969742774963379, 37.987449645996094, -326.24700927734375, 1.4676411151885986, 0.03583469241857529
36.63238191604614, 0.5831483602523804, -1.8434988260269165, 35.032283782958984, -356.9840393066406, 1.4673030376434326, 0.07551286369562149
36.64240527153015, 0.5694351196289062, -1.99588143825531, 31.774141311645508, -360.3036804199219, 1.4672598838806152, -0.01394600048661232
36.652379512786865, 0.5472778677940369, -1.7989039421081543, 28.460491180419922, -329.2659912109375, 1.4674959182739258, -0.08785254508256912
36.66238498687744, 0.5332254767417908, -2.1549131870269775, 24.843236923217773, -376.7950134277344, 1.467996597290039, -0.005353076849132776
36.67237687110901, 0.509940505027771, -1.949000358581543, 21.20297622680664, -344.512939453125, 1.4685280323028564, 0.03828834742307663
36.68240237236023, 0.48809459805488586, -1.9056532382965088, 17.965208053588867, -379.4898986816406, 1.4691848754882812, 0.01605217158794403
36.69238233566284, 0.47337666153907776, -1.6871213912963867, 14.790968894958496, -340.05584716796875, 1.4697719812393188, 0.09652544558048248
36.70240378379822, 0.47337666153907776, -1.4949917793273926, 11.986841201782227, -331.0142517089844, 1.4702447652816772, 0.05950269475579262
36.71239638328552, 0.4571073353290558, -1.435929536819458, 9.336287498474121, -321.0699157714844, 1.470463514328003, 0.028310831636190414
36.72238731384277, 0.4422495365142822, -1.565542459487915, 6.7603373527526855, -346.96771240234375, 1.4705413579940796, 0.17557330429553986
36.73239755630493, 0.4422495365142822, -1.5655391216278076, 4.186559677124023, -342.73040771484375, 1.4706072807312012, 0.014679206535220146
36.74241089820862, 0.41855427622795105, -1.5088081359863281, 1.384903073310852, -303.8926086425781, 1.4709283113479614, 0.017822828143835068
36.752389430999756, 0.41855427622795105, -1.2872397899627686, -1.0615640878677368, -295.22027587890625, 1.4715114831924438, 0.10730075091123581
36.762383460998535, 0.4042908549308777, -1.4326108694076538, -3.546720266342163, -315.4440002441406, 1.472286343574524, 0.04148055240511894
36.772377014160156, 0.4042908549308777, -1.1738836765289307, -5.467620849609375, -296.3398742675781, 1.4729541540145874, 0.11795186996459961
36.78240609169006, 0.3886718451976776, -1.1046925783157349, -7.521585941314697, -283.1866760253906, 1.4736409187316895, 0.07683166861534119
36.79240274429321, 0.4101945161819458, -0.6318181753158569, -8.78543758392334, -235.76409912109375, 1.474273920059204, 0.08788283914327621
36.80238962173462, 0.427824467420578, -0.4555225372314453, -9.737052917480469, -217.23895263671875, 1.4749525785446167, 0.07625819742679596
36.81238794326782, 0.45126014947891235, -0.06497237086296082, -9.970990180969238, -214.5252685546875, 1.4756544828414917, 0.12993645668029785
36.8223922252655, 0.45126014947891235, 0.09010732173919678, -9.972101211547852, -167.32440185546875, 1.4765616655349731, 0.0701548159122467
36.83241081237793, 0.4819278419017792, 0.39678215980529785, -9.439765930175781, -136.26327514648438, 1.4776016473770142, -0.021306343376636505
36.842384576797485, 0.5043542385101318, 0.9533332586288452, -8.085911750793457, -105.23128509521484, 1.4787354469299316, 0.006381892133504152
36.85239052772522, 0.5269123911857605, 1.203977346420288, -6.328935146331787, -58.5263557434082, 1.4799078702926636, -0.004091658163815737
36.86244297027588, 0.5445181131362915, 1.5580753087997437, -4.005161285400391, -5.093733310699463, 1.4811497926712036, 6.0932663473067805e-05
36.87243437767029, 0.5445181131362915, 1.4022797346115112, -1.6768574714660645, 37.90764617919922, 1.482366919517517, 0.016740605235099792
36.88237404823303, 0.5541895627975464, 1.8390847444534302, 1.141797423362732, 96.25980377197266, 1.4834160804748535, -0.005515529308468103
36.892418384552, 0.5741472840309143, 1.8216967582702637, 3.993988037109375, 141.9935760498047, 1.4841243028640747, -0.0008578954148106277
36.90236711502075, 0.5925283432006836, 1.6470372676849365, 6.943670272827148, 166.80722045898438, 1.4843714237213135, -0.01210050005465746
36.91239261627197, 0.5925283432006836, 1.5696486234664917, 9.550484657287598, 216.90530395507812, 1.4841607809066772, 0.005761364474892616
36.92240047454834, 0.5978102684020996, 1.4654994010925293, 12.287335395812988, 222.59437561035156, 1.4837630987167358, 0.007448496762663126
36.93242383003235, 0.5978102684020996, 1.1588215827941895, 14.465808868408203, 239.05575561523438, 1.4833697080612183, -0.0035162856802344322
36.942371129989624, 0.6180496215820312, 1.2632807493209839, 16.581653594970703, 274.0840759277344, 1.4831020832061768, -0.0029158652760088444
36.95238018035889, 0.6395049691200256, 1.251035213470459, 18.656936645507812, 277.6207275390625, 1.4829473495483398, 0.026428692042827606
36.96240520477295, 0.6551369428634644, 1.106184720993042, 20.674964904785156, 246.80128479003906, 1.4829100370407104, -0.0012566110817715526
36.97237277030945, 0.6682584881782532, 1.3749003410339355, 22.92538833618164, 273.35833740234375, 1.4829068183898926, 0.00875071156769991
36.982372760772705, 0.6682584881782532, 1.1406898498535156, 25.007259368896484, 238.6546173095703, 1.482863426208496, 0.013924362137913704
36.99239206314087, 0.68686842918396, 1.2524524927139282, 27.08607292175293, 256.5786437988281, 1.4827020168304443, 0.025329159572720528
37.00239324569702, 0.7022896409034729, 1.2195706367492676, 29.121463775634766, 246.4201202392578, 1.4824835062026978, 0.018393026664853096
37.01237511634827, 0.7180009484291077, 1.3941394090652466, 31.449338912963867, 243.32046508789062, 1.4822274446487427, 0.01485702395439148
37.02239179611206, 0.7372835874557495, 1.394730806350708, 34.034088134765625, 217.46749877929688, 1.4819586277008057, 0.00855337455868721
37.03235960006714, 0.7372835874557495, 1.3947367668151855, 36.59236526489258, 221.2657928466797, 1.4818354845046997, -0.001938285888172686
37.042393922805786, 0.7372835874557495, 1.3947367668151855, 36.59236526489258, 221.2657928466797, 1.481868028640747, 0.009979423135519028
37.05237817764282, 0.7654989957809448, 0.7372468709945679, 39.23734664916992, 113.27828979492188, 1.4820330142974854, 0.027987493202090263
37.062376737594604, 0.7654989957809448, 1.2599468231201172, 41.481300354003906, 228.24383544921875, 1.4822907447814941, 0.04588775336742401
37.07237982749939, 0.7857457995414734, 1.4512009620666504, 43.801002502441406, 256.9559020996094, 1.4825931787490845, 0.016328420490026474
37.082420110702515, 0.7857457995414734, 1.4512009620666504, 43.801002502441406, 256.9559020996094, 1.4828170537948608, 0.011564456857740879
37.09238815307617, 0.7857457995414734, 1.4512009620666504, 43.801002502441406, 256.9559020996094, 1.482927918434143, 0.018449319526553154
37.102374792099, 0.8197232484817505, 0.5222929120063782, 46.46836471557617, 81.18267822265625, 1.4830691814422607, 0.03879760578274727
37.11238169670105, 0.8357688784599304, 1.6750991344451904, 49.48394012451172, 244.76661682128906, 1.4832345247268677, 0.02182622067630291
37.1223726272583, 0.8499304056167603, 1.8118023872375488, 52.392852783203125, 281.1864318847656, 1.48354172706604, 0.014156696386635303
37.132380962371826, 0.8499304056167603, 1.8118023872375488, 52.392852783203125, 281.1864318847656, 1.483979344367981, 0.03286423906683922
37.14241123199463, 0.8499304056167603, 1.8118023872375488, 52.392852783203125, 281.1864318847656, 1.4844077825546265, 0.009043307974934578
37.15238547325134, 0.8878880739212036, 0.6399935483932495, 55.54654312133789, 91.12101745605469, 1.4847562313079834, 0.02578870952129364
37.16613030433655, 0.895361602306366, 1.7736077308654785, 58.70136260986328, 272.52008056640625, 1.4853975772857666, 0.04867912828922272
37.17239236831665, 0.895361602306366, 1.756422996520996, 61.52882385253906, 305.4970703125, 1.4853975772857666, 0.013828261755406857
37.18242621421814, 0.9095708131790161, 1.9142959117889404, 64.62721252441406, 311.4984436035156, 1.48558509349823, 0.022413544356822968
37.1923930644989, 0.9095708131790161, 1.9142959117889404, 64.62721252441406, 311.4984436035156, 1.4857691526412964, 0.03224689140915871
37.202402114868164, 0.9095708131790161, 1.9142959117889404, 64.62721252441406, 311.4984436035156, 1.4858540296554565, 0.012448866851627827
37.212390661239624, 0.9095708131790161, 1.9142959117889404, 64.62721252441406, 311.4984436035156, 1.486057996749878, 0.020145177841186523
37.2223756313324, 0.9095708131790161, 1.9142959117889404, 64.62721252441406, 311.4984436035156, 1.486223578453064, 0.024305008351802826
37.232404470443726, 0.9095708131790161, 1.9142959117889404, 64.62721252441406, 311.4984436035156, 1.4865072965621948, 0.03568471968173981
37.242380142211914, 0.9095708131790161, 1.9142959117889404, 64.62721252441406, 311.4984436035156, 1.4868180751800537, 0.023373352363705635
37.252373695373535, 0.9095708131790161, 1.9142959117889404, 64.62721252441406, 311.4984436035156, 1.4870485067367554, 0.03288310766220093
37.2623987197876, 0.9872247576713562, 0.27715712785720825, 68.36125946044922, 36.4048957824707, 1.4872204065322876, 0.029458418488502502
37.27238726615906, 0.9872247576713562, 0.27715712785720825, 68.36125946044922, 36.4048957824707, 1.4873056411743164, 0.051607538014650345
37.28237056732178, 1.0041412115097046, 1.2560079097747803, 72.6580810546875, 164.08819580078125, 1.4874520301818848, 0.03125680238008499
37.29236173629761, 1.0141133069992065, 2.2836804389953613, 76.78014373779297, 329.7916259765625, 1.4876174926757812, 0.04141969978809357
37.302375078201294, 1.0141133069992065, 2.2836804389953613, 76.78014373779297, 329.7916259765625, 1.4878748655319214, 0.045278213918209076
37.31237864494324, 1.0141133069992065, 2.2836804389953613, 76.78014373779297, 329.7916259765625, 1.4882631301879883, 0.01635424792766571
37.322376012802124, 1.0288074016571045, 0.696951150894165, 80.38322448730469, 113.04944610595703, 1.4887090921401978, 0.010262706317007542
37.33241248130798, 1.0288074016571045, 0.696951150894165, 80.38322448730469, 113.04944610595703, 1.489158034324646, 0.030176857486367226
37.34241342544556, 1.0288074016571045, 0.696951150894165, 80.38322448730469, 113.04944610595703, 1.4897555112838745, 0.038806285709142685
37.35237979888916, 1.0288074016571045, 0.696951150894165, 80.38322448730469, 113.04944610595703, 1.4903309345245361, 0.03477257862687111
37.362377405166626, 1.0288074016571045, 0.696951150894165, 80.38322448730469, 113.04944610595703, 1.4907877445220947, 0.017053941264748573
37.37237048149109, 1.0288074016571045, 0.696951150894165, 80.38322448730469, 113.04944610595703, 1.491208791732788, 0.0502326563000679
37.382617473602295, 1.0689139366149902, 0.39516061544418335, 84.12208557128906, 58.708709716796875, 1.491459846496582, 0.06780301034450531
37.39238095283508, 1.0736838579177856, 2.4861559867858887, 88.15626525878906, 397.3719177246094, 1.4916472434997559, 0.06439002603292465
37.40501856803894, 1.0766113996505737, 1.8872380256652832, 91.53971099853516, 359.9311828613281, 1.491910696029663, 0.07822689414024353
37.41236758232117, 1.0807472467422485, 2.059830665588379, 94.84819793701172, 401.6316833496094, 1.4922524690628052, 0.06698384135961533
37.422374963760376, 1.084183931350708, 1.8882155418395996, 98.21100616455078, 366.8220520019531, 1.492639183998108, 0.05158795043826103
37.43463110923767, 1.0864945650100708, 1.9658141136169434, 101.34833526611328, 408.01239013671875, 1.493076205253601, 0.05929034948348999
37.442375898361206, 1.0907756090164185, 1.1505683660507202, 103.13341522216797, 386.3567810058594, 1.493613362312317, 0.057190436869859695
37.452391624450684, 1.0936999320983887, 0.8955836296081543, 104.650390625, 319.92340087890625, 1.4942258596420288, 0.06750436872243881
37.46238827705383, 1.0951586961746216, 0.9005202054977417, 105.9779052734375, 324.4196472167969, 1.4950292110443115, 0.07069209963083267
37.47238230705261, 1.0951586961746216, 0.6634950637817383, 107.05115509033203, 266.67938232421875, 1.4957612752914429, 0.057261113077402115
37.482388496398926, 1.100359559059143, 0.31447410583496094, 107.49305725097656, 233.709716796875, 1.4964755773544312, 0.06534859538078308
37.49237418174744, 1.101420521736145, 0.3081825077533722, 107.87946319580078, 219.146728515625, 1.4971239566802979, 0.09582266956567764
37.50237679481506, 1.101420521736145, 0.24808645248413086, 108.19799041748047, 166.58248901367188, 1.4978529214859009, 0.09392379224300385
37.51237940788269, 1.101420521736145, 0.24808645248413086, 108.19799041748047, 166.58248901367188, 1.4986263513565063, 0.06953857839107513
37.52238988876343, 1.101420521736145, 0.24808645248413086, 108.19799041748047, 166.58248901367188, 1.4994770288467407, 0.08126550912857056
37.53236246109009, 1.1038463115692139, 0.07699728012084961, 108.18746185302734, 44.464111328125, 1.500220775604248, 0.0740867406129837
37.542381048202515, 1.103920340538025, 0.21929210424423218, 108.38761901855469, 113.07356262207031, 1.5010935068130493, 0.07352373003959656
37.55239176750183, 1.1032320261001587, 0.16736984252929688, 108.5367202758789, 71.88339233398438, 1.5019471645355225, 0.0843474492430687
37.56237554550171, 1.1032320261001587, 0.1245737075805664, 108.58746337890625, 54.541015625, 1.5029138326644897, 0.07293242961168289
37.57236409187317, 1.102694034576416, 0.09993711858987808, 108.5745849609375, 43.60283660888672, 1.5038840770721436, 0.06463679671287537
37.582385778427124, 1.1010218858718872, 0.0586390495300293, 108.53136444091797, 25.5340576171875, 1.504708170890808, 0.0836917832493782
37.592381715774536, 1.1010218858718872, 0.0586390495300293, 108.53136444091797, 25.5340576171875, 1.505505919456482, 0.06175015866756439
37.602378368377686, 1.1010218858718872, 0.0586390495300293, 108.53136444091797, 25.5340576171875, 1.5063713788986206, 0.05839553102850914
37.61238217353821, 1.1010218858718872, 0.0586390495300293, 108.53136444091797, 25.5340576171875, 1.5071308612823486, 0.08053972572088242
37.622384786605835, 1.1010218858718872, 0.0586390495300293, 108.53136444091797, 25.5340576171875, 1.5079602003097534, 0.06571240723133087
37.63240337371826, 1.1010218858718872, 0.0586390495300293, 108.53136444091797, 25.5340576171875, 1.5086735486984253, 0.07490916550159454
37.64236617088318, 1.1010218858718872, 0.0586390495300293, 108.53136444091797, 25.5340576171875, 1.5094561576843262, 0.06432344019412994
37.65239930152893, 1.086718201637268, -0.012233637273311615, 107.37293243408203, 0.4666093587875366, 1.5102354288101196, 0.08553101867437363
37.66238808631897, 1.0837883949279785, -0.1841253638267517, 106.93933868408203, -6.154378414154053, 1.5109630823135376, -0.2047187238931656
37.67239046096802, 1.0837883949279785, -0.1841253638267517, 106.93933868408203, -6.154378414154053, 1.511620044708252, -0.1945486217737198
37.68239378929138, 1.0763682126998901, -0.12526512145996094, 106.24185180664062, -8.188247680664062, 1.5122939348220825, -0.20129327476024628
37.69237303733826, 1.0763682126998901, -0.27836692333221436, 105.6678695678711, -28.11262321472168, 1.512945532798767, -0.2516850531101227
37.70238423347473, 1.0733011960983276, -0.3054380416870117, 105.02696228027344, -31.60400390625, 1.5134161710739136, -0.14184322953224182
37.712379693984985, 1.0733011960983276, -0.3054380416870117, 105.02696228027344, -31.60400390625, 1.5136867761611938, -0.1834898740053177
37.72238802909851, 1.0733011960983276, -0.3054380416870117, 105.02696228027344, -31.60400390625, 1.5133823156356812, -0.19642066955566406
37.73238444328308, 1.0733011960983276, -0.3054380416870117, 105.02696228027344, -31.60400390625, 1.5123965740203857, -0.20925164222717285
37.7424042224884, 1.0733011960983276, -0.3054380416870117, 105.02696228027344, -31.60400390625, 1.5108816623687744, -0.18384239077568054
37.752378940582275, 1.0733011960983276, -0.3054380416870117, 105.02696228027344, -31.60400390625, 1.508984923362732, -0.15263128280639648
37.762415409088135, 1.0733011960983276, -0.3054380416870117, 105.02696228027344, -31.60400390625, 1.5068609714508057, -0.19888059794902802
37.7724130153656, 1.0733011960983276, -0.3054380416870117, 105.02696228027344, -31.60400390625, 1.5047757625579834, -0.24669522047042847
37.78237867355347, 1.010193943977356, -0.11864040791988373, 105.27389526367188, -3.9414031505584717, 1.5026854276657104, -0.1951432228088379
37.79241895675659, 1.0025029182434082, -1.1192295551300049, 103.86701202392578, -51.88496780395508, 1.5003502368927002, -0.183603897690773
37.80238628387451, 1.0025029182434082, -1.0072827339172363, 102.48444366455078, -61.031341552734375, 1.497881531715393, -0.1305982619524002
37.812371492385864, 1.0025029182434082, -1.0072827339172363, 102.48444366455078, -61.031341552734375, 1.495182752609253, -0.1524975597858429
37.82238984107971, 1.0025029182434082, -1.0072827339172363, 102.48444366455078, -61.031341552734375, 1.4923547506332397, -0.25747719407081604
37.83241629600525, 1.0025029182434082, -1.0072827339172363, 102.48444366455078, -61.031341552734375, 1.4893437623977661, -0.1784011721611023
37.84239387512207, 1.0025029182434082, -1.0072827339172363, 102.48444366455078, -61.031341552734375, 1.4862529039382935, -0.14014248549938202
37.852376222610474, 1.0025029182434082, -1.0072827339172363, 102.48444366455078, -61.031341552734375, 1.4832332134246826, -0.16547220945358276
37.86237287521362, 1.0025029182434082, -1.0072827339172363, 102.48444366455078, -61.031341552734375, 1.4804939031600952, -0.19785457849502563
37.87237286567688, 1.0025029182434082, -1.0072827339172363, 102.48444366455078, -61.031341552734375, 1.4780603647232056, -0.1743730902671814
37.88237404823303, 1.0025029182434082, -1.0072827339172363, 102.48444366455078, -61.031341552734375, 1.4756559133529663, -0.15158183872699738
37.89236855506897, 1.0025029182434082, -1.0072827339172363, 102.48444366455078, -61.031341552734375, 1.4733818769454956, -0.1818935126066208
37.902376651763916, 1.0025029182434082, -1.0072827339172363, 102.48444366455078, -61.031341552734375, 1.471055269241333, -0.1310451775789261
37.912660121917725, 1.0025029182434082, -1.0072827339172363, 102.48444366455078, -61.031341552734375, 1.4690062999725342, -0.20188330113887787
37.922388315200806, 0.8529828786849976, -0.20809273421764374, 103.56283569335938, -4.17645788192749, 1.4669792652130127, -0.16418570280075073
37.932387590408325, 0.8529828786849976, -0.20809273421764374, 103.56283569335938, -4.17645788192749, 1.4651511907577515, -0.19241195917129517
37.94238781929016, 0.8529828786849976, -0.20809273421764374, 103.56283569335938, -4.17645788192749, 1.4634813070297241, -0.05227704718708992
37.95238924026489, 0.8529828786849976, -0.20809273421764374, 103.56283569335938, -4.17645788192749, 1.4618781805038452, -0.09941980987787247
37.9623646736145, 0.8152335286140442, -0.7327917218208313, 99.56424713134766, -22.992647171020508, 1.4603925943374634, -0.1481918841600418
37.97236347198486, 0.7952987551689148, -2.9141902923583984, 94.50320434570312, -128.69644165039062, 1.4590864181518555, -0.12130889296531677
37.982399225234985, 0.7814590334892273, -3.0232906341552734, 89.2374267578125, -177.01873779296875, 1.4578152894973755, -0.02283601462841034
37.992374897003174, 0.7616679072380066, -3.496666669845581, 83.73664855957031, -250.05764770507812, 1.4565995931625366, -0.14290134608745575
38.00237536430359, 0.747575044631958, -3.287935256958008, 77.9603042602539, -277.07672119140625, 1.4554901123046875, -0.06254012137651443
38.0123724937439, 0.7347667217254639, -3.7614901065826416, 71.96206665039062, -367.3875732421875, 1.4546270370483398, -0.017612678930163383
38.02303171157837, 0.7347667217254639, -3.0603010654449463, 67.0970458984375, -424.18756103515625, 1.4538419246673584, -0.051759276539087296
38.03261423110962, 0.7234700918197632, -2.7903318405151367, 62.167266845703125, -416.99676513671875, 1.4530524015426636, -0.0068417759612202644
38.043134927749634, 0.7234700918197632, -2.7903318405151367, 62.167266845703125, -416.99676513671875, 1.4523934125900269, -0.013039295561611652
38.05238080024719, 0.6893528699874878, -1.6481531858444214, 56.679508209228516, -241.0792236328125, 1.4519201517105103, -0.00815045926719904
38.062411069869995, 0.6776605248451233, -1.75323486328125, 53.56766891479492, -499.951171875, 1.4515029191970825, 0.04423562437295914
38.07240605354309, 0.6668469309806824, -1.6487373113632202, 50.933719635009766, -540.3391723632812, 1.4511510133743286, -0.09301772713661194
38.08239674568176, 0.6668469309806824, -1.4272464513778687, 48.63197326660156, -509.67999267578125, 1.450965404510498, -0.021656079217791557
38.092405557632446, 0.649232029914856, -1.3222694396972656, 46.2276496887207, -430.09796142578125, 1.450966477394104, -0.12350189685821533
38.10236120223999, 0.6322019100189209, -1.4385184049606323, 43.84416961669922, -443.2500305175781, 1.4511289596557617, 0.05076933652162552
38.11239814758301, 0.6171098947525024, -1.4496114253997803, 41.42506408691406, -405.9469299316406, 1.4513875246047974, 0.026616482064127922
38.122652530670166, 0.6008621454238892, -1.4878180027008057, 38.947669982910156, -366.8263854980469, 1.4516228437423706, -0.02834284119307995
38.13238477706909, 0.5897828936576843, -1.4498472213745117, 36.29190444946289, -308.0513000488281, 1.4517310857772827, 0.03427839279174805
38.14239978790283, 0.5897828936576843, -1.3368666172027588, 33.865116119384766, -283.02191162109375, 1.4517097473144531, 0.13209033012390137
38.15240144729614, 0.5785255432128906, -1.1082768440246582, 31.87302017211914, -248.06480407714844, 1.4515835046768188, 0.02154473401606083
38.162378787994385, 0.5597201585769653, -1.1794030666351318, 29.735197067260742, -238.32473754882812, 1.4515475034713745, 0.06470239907503128
38.172385454177856, 0.5488578677177429, -1.17989182472229, 27.596181869506836, -233.3751678466797, 1.4515131711959839, 0.17732377350330353
38.18272137641907, 0.5337254405021667, -1.4791289567947388, 25.150146484375, -260.9091796875, 1.4516541957855225, 0.060524970293045044
38.19237565994263, 0.5125208497047424, -1.367110013961792, 22.615747451782227, -236.11907958984375, 1.4519222974777222, 0.004900449886918068
38.20236277580261, 0.5125208497047424, -1.196807622909546, 20.33088493347168, -235.1331787109375, 1.4525209665298462, 0.07953568547964096
38.21236610412598, 0.4975520372390747, -1.328421950340271, 18.020532608032227, -260.05023193359375, 1.4532721042633057, 0.04390455037355423
38.222373485565186, 0.4826878607273102, -1.3130439519882202, 15.709941864013672, -258.1965026855469, 1.4541629552841187, 0.01618144102394581
38.23237419128418, 0.4684784412384033, -1.2130379676818848, 13.340277671813965, -229.51641845703125, 1.4550657272338867, 0.07141552120447159
38.24240708351135, 0.45614510774612427, -1.4848709106445312, 10.739456176757812, -256.9518737792969, 1.456006407737732, 0.013580594211816788
38.25239086151123, 0.4473896622657776, -1.3113617897033691, 8.20701789855957, -236.66018676757812, 1.4568212032318115, 0.05704415962100029
38.26237154006958, 0.4364277124404907, -1.2329250574111938, 5.828570365905762, -239.06631469726562, 1.457573413848877, 0.01582629606127739
38.272366523742676, 0.42649614810943604, -1.3595720529556274, 3.479339838027954, -267.9646911621094, 1.458258032798767, 0.13729797303676605
38.28238606452942, 0.419575035572052, -1.268333911895752, 1.2926946878433228, -265.0828857421875, 1.4588695764541626, 0.1492256224155426
38.292396545410156, 0.40869492292404175, -1.0382622480392456, -0.6983551383018494, -233.1410369873047, 1.4594377279281616, 0.09859868884086609
38.302388191223145, 0.39654532074928284, -1.2886192798614502, -2.902805805206299, -258.152099609375, 1.459964632987976, 0.07799316942691803
38.31239700317383, 0.39654532074928284, -1.010066270828247, -4.834527492523193, -228.55047607421875, 1.4604884386062622, 0.16506853699684143
38.32238698005676, 0.383495032787323, -0.9919255971908569, -6.717074871063232, -224.2702178955078, 1.460923194885254, 0.14984498918056488
38.33237910270691, 0.3829553425312042, -0.9502503871917725, -8.354522705078125, -241.0533447265625, 1.4613769054412842, 0.04792069271206856
38.34236526489258, 0.3829553425312042, -0.7319033145904541, -9.817708969116211, -205.57162475585938, 1.462105393409729, 0.1174788698554039
38.352376222610474, 0.3949012756347656, -0.5248844623565674, -10.957707405090332, -191.6472625732422, 1.463126540184021, 0.12311913818120956
38.36239504814148, 0.4211350977420807, -0.1699162870645523, -11.4425687789917, -191.90158081054688, 1.4642640352249146, 0.132428377866745
38.372387170791626, 0.4362369775772095, 0.09740889072418213, -11.503664016723633, -149.8300018310547, 1.4655741453170776, 0.016690772026777267
38.38237738609314, 0.4362369775772095, 0.18512871861457825, -11.200725555419922, -138.8157196044922, 1.4668983221054077, -0.0043879966251552105
38.39240312576294, 0.4678767919540405, 0.6575782895088196, -10.594633102416992, -109.95870208740234, 1.4681588411331177, -0.023149961605668068
38.40236043930054, 0.4814658761024475, 0.9435613751411438, -9.286896705627441, -70.93440246582031, 1.4694583415985107, -0.0017981568817049265
38.412373542785645, 0.5019076466560364, 1.1706914901733398, -7.5958099365234375, -30.68086814880371, 1.470693588256836, -0.024273214861750603
38.42237305641174, 0.5019076466560364, 1.1841267347335815, -5.688553333282471, 10.285282135009766, 1.4720449447631836, -0.01653626561164856
38.43249464035034, 0.521212637424469, 1.5361871719360352, -3.388784170150757, 55.174827575683594, 1.4732218980789185, 0.012451494112610817
38.44239330291748, 0.5303815603256226, 1.6380747556686401, -0.8694041967391968, 99.4256362915039, 1.4741079807281494, 0.011216945946216583
38.45242786407471, 0.5418834686279297, 1.4698177576065063, 1.7245954275131226, 126.82295227050781, 1.4745391607284546, 0.0010082414373755455
38.462409257888794, 0.5514042973518372, 1.3026952743530273, 4.100826740264893, 155.4340362548828, 1.474496841430664, -0.016553591936826706
38.47238302230835, 0.5635238885879517, 1.4142956733703613, 6.4715471267700195, 199.72451782226562, 1.4741865396499634, -0.009532034397125244
38.48239064216614, 0.5635238885879517, 1.2728691101074219, 8.879141807556152, 200.79867553710938, 1.4736734628677368, 0.0002045135770458728
38.49238348007202, 0.5697594881057739, 1.0188281536102295, 10.824625968933105, 214.19261169433594, 1.4731615781784058, -0.006473524961620569
38.50239300727844, 0.5791327953338623, 1.0851820707321167, 12.669454574584961, 243.95944213867188, 1.4727816581726074, 0.015582635998725891
38.512375593185425, 0.5858404636383057, 0.8393287658691406, 14.258991241455078, 218.54798889160156, 1.4724324941635132, 0.0006802506395615637
38.5223822593689, 0.5938266515731812, 1.0213322639465332, 15.973069190979004, 240.68472290039062, 1.4721970558166504, 0.003079140093177557
38.53238487243652, 0.604366660118103, 0.9239315986633301, 17.529346466064453, 232.42367553710938, 1.4719529151916504, 0.006121566519141197
38.54238295555115, 0.604366660118103, 0.7398545742034912, 18.921831130981445, 197.9123077392578, 1.4716928005218506, -0.008623852394521236
38.552396059036255, 0.616680920124054, 0.7479727268218994, 20.33193588256836, 186.07339477539062, 1.47141695022583, -0.0053208437748253345
38.56237578392029, 0.6243552565574646, 0.8105635643005371, 21.725893020629883, 195.83425903320312, 1.4710452556610107, 0.013130645267665386
38.572380781173706, 0.6396154761314392, 0.7609188556671143, 23.149566650390625, 166.78009033203125, 1.4708242416381836, 0.006720396690070629
38.582390546798706, 0.6509231328964233, 0.8739948272705078, 24.77215576171875, 158.93002319335938, 1.470639944076538, 0.003500256920233369
38.592414140701294, 0.6630224585533142, 0.932621955871582, 26.464733123779297, 156.4012451171875, 1.4706569910049438, 0.017633171752095222
38.602379322052, 0.6711835265159607, 1.0227892398834229, 28.140317916870117, 171.8983154296875, 1.4706463813781738, 0.015301525592803955
38.61237549781799, 0.6811808943748474, 1.0593401193618774, 29.863033294677734, 173.37841796875, 1.470705509185791, 0.016520127654075623
38.62237620353699, 0.6811808943748474, 0.9706020355224609, 31.43035316467285, 171.7476348876953, 1.470820665359497, 0.00664531160145998
38.63239502906799, 0.6902886629104614, 0.8592188358306885, 32.975032806396484, 154.4569091796875, 1.4709171056747437, 0.011205427348613739
38.64237999916077, 0.7003581523895264, 1.0665721893310547, 34.70763397216797, 175.3978729248047, 1.4709869623184204, 0.009447125717997551
38.65237259864807, 0.7104027271270752, 0.9372174739837646, 36.411102294921875, 160.79159545898438, 1.4709900617599487, 0.002204487333074212
38.66241264343262, 0.7104027271270752, 0.8604705333709717, 37.96421432495117, 162.38308715820312, 1.471052646636963, 0.016744017601013184
38.67238926887512, 0.7194263935089111, 0.8867912888526917, 39.3925895690918, 180.47799682617188, 1.4711776971817017, 0.004241709131747484
38.68236756324768, 0.7275328636169434, 0.8512139320373535, 40.74907302856445, 177.52117919921875, 1.471377968788147, 0.016864869743585587
38.69240045547485, 0.7383901476860046, 0.837418794631958, 42.093082427978516, 173.64840698242188, 1.4715226888656616, 0.024727486073970795
38.70237970352173, 0.7493273615837097, 0.8682608604431152, 43.4902458190918, 170.5546875, 1.471652626991272, 0.018487658351659775
38.7123818397522, 0.7493273615837097, 0.6814658641815186, 44.71876525878906, 148.55728149414062, 1.471710443496704, -0.0033029294572770596
38.72238206863403, 0.7584819793701172, 0.773012638092041, 46.0953483581543, 146.64955139160156, 1.4718693494796753, 0.018249308690428734
38.7323739528656, 0.768612802028656, 0.8702675700187683, 47.50360107421875, 161.4286651611328, 1.4719563722610474, 0.02422604151070118
38.74238038063049, 0.768612802028656, 0.8702675700187683, 47.50360107421875, 161.4286651611328, 1.4720730781555176, 0.011720994487404823
38.7524151802063, 0.7835600972175598, 0.41601359844207764, 48.953304290771484, 71.22859954833984, 1.4723032712936401, 0.024291273206472397
38.76237773895264, 0.7835600972175598, 0.7315754890441895, 50.24180603027344, 138.3068084716797, 1.4725322723388672, 0.02679813839495182
38.77239394187927, 0.7835600972175598, 0.7315754890441895, 50.24180603027344, 138.3068084716797, 1.4727742671966553, 0.005052507854998112
38.78292226791382, 0.8009468913078308, 0.45272111892700195, 51.82518768310547, 69.30484771728516, 1.472878098487854, 0.0038724367041140795
38.79240155220032, 0.8009468913078308, 0.9057786464691162, 53.29612350463867, 154.48379516601562, 1.4729399681091309, 0.017676955088973045
38.8023955821991, 0.8050388097763062, 0.7750630378723145, 54.68376159667969, 139.34669494628906, 1.4730585813522339, -3.530381582095288e-05
38.81236505508423, 0.8050388097763062, 0.7750630378723145, 54.68376159667969, 139.34669494628906, 1.4732309579849243, 0.01343422383069992
38.82238793373108, 0.8166905045509338, 0.3914982080459595, 56.04481506347656, 69.75879669189453, 1.473402738571167, 0.005307033658027649
38.83238172531128, 0.8207923769950867, 0.794059693813324, 57.3009033203125, 153.45127868652344, 1.4736407995224, 0.011289248242974281
38.84630060195923, 0.8252325654029846, 0.7590532302856445, 58.6603889465332, 139.41650390625, 1.4738236665725708, 0.02323765493929386
38.85239768028259, 0.8252325654029846, 0.6675064563751221, 59.86140060424805, 137.6605987548828, 1.4738236665725708, 0.013306514360010624
38.86240267753601, 0.8301490545272827, 0.6837314963340759, 60.97236633300781, 149.65269470214844, 1.4738669395446777, 0.02186308614909649
38.872408866882324, 0.8333130478858948, 0.4975318908691406, 61.87696838378906, 129.23660278320312, 1.4738669395446777, 0.010437649674713612
38.882378816604614, 0.8366814851760864, 0.5312204360961914, 62.85105895996094, 126.09291076660156, 1.4738216400146484, 0.02017403393983841
38.892395973205566, 0.8389400839805603, 0.42213332653045654, 63.5334358215332, 130.09176635742188, 1.4738677740097046, 0.020012205466628075
38.902424335479736, 0.8389400839805603, 0.37993788719177246, 64.19490814208984, 108.9874267578125, 1.4740290641784668, 0.011919279582798481
38.91237926483154, 0.8419525623321533, 0.410152792930603, 64.83697509765625, 112.81416320800781, 1.474189043045044, 0.02829567715525627
38.922370195388794, 0.8440320491790771, 0.2734184265136719, 65.29447937011719, 92.49610900878906, 1.4744069576263428, 0.026271099224686623
38.932377338409424, 0.8471564650535583, 0.29293695092201233, 65.71847534179688, 93.5283203125, 1.4747114181518555, 0.029730746522545815
38.94240188598633, 0.848406195640564, 0.23173093795776367, 66.11589813232422, 74.55635070800781, 1.47484290599823, 0.013698241673409939
38.95239210128784, 0.848406195640564, 0.23174285888671875, 66.5001449584961, 66.38641357421875, 1.475046992301941, 0.015167186968028545
38.962369203567505, 0.8490893244743347, 0.18939971923828125, 66.81097412109375, 58.38623046875, 1.475231409072876, 0.016151830554008484
38.97236466407776, 0.8654082417488098, 0.3566145896911621, 67.36296844482422, 60.95631790161133, 1.475404977798462, 0.010272123850882053
38.982410192489624, 0.8674160242080688, 0.3073394298553467, 67.86957550048828, 50.18463134765625, 1.4756920337677002, 0.016837988048791885
38.99236035346985, 0.8674160242080688, 0.3164079487323761, 68.32731628417969, 53.26588821411133, 1.4760221242904663, 0.03304390236735344
39.00237154960632, 0.8674160242080688, 0.28475522994995117, 68.79650115966797, 46.01593017578125, 1.47628915309906, 0.03147260472178459
39.0123827457428, 0.8674160242080688, 0.2829233705997467, 69.21038055419922, 48.59246063232422, 1.4765591621398926, 0.01992393657565117
39.0223708152771, 0.8674160242080688, 0.23383498191833496, 69.59915924072266, 43.048095703125, 1.4767591953277588, 0.01918085478246212
39.03240895271301, 0.8674160242080688, 0.20259618759155273, 69.93936157226562, 42.2088623046875, 1.4769140481948853, 0.01102122850716114
39.04240536689758, 0.8674160242080688, 0.21121899783611298, 70.26863098144531, 46.14003372192383, 1.477004051208496, 0.014871417544782162
39.05239486694336, 0.8674160242080688, 0.21121899783611298, 70.58244323730469, 45.35929489135742, 1.4771790504455566, 0.020129770040512085
39.062421798706055, 0.8634004592895508, 0.14311671257019043, 70.79005432128906, 39.791107177734375, 1.4774683713912964, 0.029823066666722298
39.072396993637085, 0.8634004592895508, -0.022318627685308456, 70.69345092773438, 37.00510787963867, 1.4777988195419312, 0.025995546951889992
39.082393407821655, 0.8593848943710327, -0.08030533790588379, 70.49284362792969, 26.232147216796875, 1.4780991077423096, -0.12265271693468094
39.092414140701294, 0.8593848943710327, -0.08923477679491043, 70.31038665771484, 22.03453826904297, 1.4782994985580444, -0.16239827871322632
39.10240435600281, 0.8513537645339966, -0.16061663627624512, 69.99755096435547, 12.01019287109375, 1.4784139394760132, -0.11018974334001541
39.112385272979736, 0.8493459820747375, -0.20078155398368835, 69.65835571289062, 4.976908206939697, 1.4784724712371826, -0.14529994130134583
39.122395038604736, 0.8433226943016052, -0.24092793464660645, 69.22479248046875, -3.74298095703125, 1.4784477949142456, -0.17947176098823547
39.132404804229736, 0.8352915644645691, -0.3212451934814453, 68.63643646240234, -13.028717041015625, 1.478471279144287, -0.11566510796546936
39.14240550994873, 0.831275999546051, -0.40155649185180664, 68.01237487792969, -25.0701904296875, 1.4782896041870117, -0.06449361145496368
39.152398109436035, 0.8252527117729187, -0.4684792757034302, 67.34757995605469, -35.94207763671875, 1.4777296781539917, -0.18788208067417145
39.16268301010132, 0.8212371468544006, -0.42163729667663574, 66.71807861328125, -40.720367431640625, 1.4769755601882935, -0.11273475736379623
39.172378063201904, 0.8172215819358826, -0.5131099224090576, 66.07357788085938, -51.33141326904297, 1.4759023189544678, -0.13996119797229767
39.18236804008484, 0.8132060170173645, -0.5130833983421326, 65.45636749267578, -55.96160888671875, 1.4746792316436768, -0.05882284790277481
39.19238471984863, 0.8091904520988464, -0.5019426345825195, 64.80323028564453, -55.07049560546875, 1.4732520580291748, -0.07932272553443909
39.20238423347473, 0.8031671643257141, -0.5354086756706238, 64.18037414550781, -64.63538360595703, 1.471859097480774, -0.10588095337152481
39.212379455566406, 0.797143816947937, -0.5800260305404663, 63.486175537109375, -68.58062744140625, 1.4704569578170776, -0.0503084734082222
39.22237539291382, 0.7871049046516418, -0.5621731281280518, 62.7326545715332, -64.92080688476562, 1.4689795970916748, -0.058922648429870605
39.23237228393555, 0.7790738344192505, -0.5621790885925293, 61.97864532470703, -66.57867431640625, 1.467504858970642, -0.10755876451730728
39.24237132072449, 0.7589960694313049, -0.8031129837036133, 60.92988204956055, -78.69466400146484, 1.4660450220108032, -0.09976965934038162
39.25465106964111, 0.7589960694313049, -0.6625652313232422, 60.021141052246094, -73.26393127441406, 1.4644174575805664, -0.037846602499485016
39.26238298416138, 0.7509649395942688, -0.780807614326477, 59.06258773803711, -85.06139373779297, 1.4626622200012207, -0.06068906560540199
39.27236795425415, 0.7429338693618774, -0.7428765296936035, 57.71190643310547, -83.61625671386719, 1.4610280990600586, -0.0005385869881138206
39.28571629524231, 0.7389183044433594, -0.7428765296936035, 56.898963928222656, -85.57357788085938, 1.4584964513778687, -0.027556531131267548
39.29237699508667, 0.7308871746063232, -0.7830381393432617, 55.69492721557617, -91.08352661132812, 1.4584964513778687, -0.004871791228652
39.30236840248108, 0.7228561043739319, -0.892334520816803, 54.413536071777344, -108.5205078125, 1.4575130939483643, 0.009236081503331661
39.3123881816864, 0.7128171920776367, -0.9369651675224304, 52.99970245361328, -116.51654052734375, 1.4568564891815186, -0.06942860037088394
39.32236933708191, 0.7007705569267273, -0.863349437713623, 51.50139236450195, -112.31231689453125, 1.4564636945724487, -0.12546664476394653
39.33237290382385, 0.6927394270896912, -0.9592705368995667, 49.95848846435547, -133.55763244628906, 1.4563162326812744, -0.002966449595987797
39.342398166656494, 0.682700514793396, -0.7629513740539551, 48.55702209472656, -123.72856140136719, 1.4563947916030884, -0.04119981825351715
39.35237264633179, 0.682700514793396, -0.8477237224578857, 47.1376953125, -143.14906311035156, 1.4565715789794922, -0.01287285890430212
39.36239576339722, 0.6766772270202637, -0.7428765296936035, 45.73323440551758, -133.2935333251953, 1.4568673372268677, -0.03155892714858055
39.372422218322754, 0.6686460971832275, -0.8254249691963196, 44.35618209838867, -148.3968048095703, 1.4570122957229614, 0.05392879992723465
39.3823881149292, 0.6606150269508362, -0.7830321788787842, 42.92717742919922, -139.71824645996094, 1.4570415019989014, -0.06283364444971085
39.392390727996826, 0.650576114654541, -0.8923477530479431, 41.49582290649414, -157.767822265625, 1.4568828344345093, 0.02377108484506607
39.40240836143494, 0.6365216970443726, -0.9592639207839966, 39.9645881652832, -160.5436553955078, 1.4566712379455566, 0.001951825339347124
39.4123809337616, 0.6264827847480774, -0.8633434772491455, 38.421119689941406, -145.78590393066406, 1.4565268754959106, 0.004655767232179642
39.42238259315491, 0.6264827847480774, -0.7428765296936035, 37.094993591308594, -144.06394958496094, 1.4563918113708496, 0.04428726062178612
39.43238639831543, 0.616443932056427, -0.7629573345184326, 35.70521926879883, -142.53273010253906, 1.4564059972763062, -0.04380355030298233
39.442373514175415, 0.6064050197601318, -0.8477303981781006, 34.29238510131836, -158.49559020996094, 1.4565470218658447, 0.01760072074830532
39.45616888999939, 0.5983738899230957, -0.843268632888794, 32.73006057739258, -144.07615661621094, 1.4568692445755005, 0.054990675300359726
39.46237754821777, 0.5903428196907043, -0.863337516784668, 31.130876541137695, -146.0235595703125, 1.4568692445755005, 0.07696357369422913
39.47266888618469, 0.5823116898536682, -0.863349437713623, 29.554929733276367, -148.01292419433594, 1.4569034576416016, -0.09641845524311066
39.48237681388855, 0.5722728371620178, -0.981582522392273, 27.940664291381836, -166.51661682128906, 1.456947684288025, -0.012643987312912941
39.49239540100098, 0.5642417073249817, -0.9592639207839966, 26.38665199279785, -167.87974548339844, 1.4568613767623901, 0.022262532263994217
39.502386808395386, 0.5582183599472046, -0.7830381393432617, 24.96448516845703, -150.0013427734375, 1.456852912902832, 0.05540724843740463
39.51238512992859, 0.5542028546333313, -0.8030997514724731, 23.63356590270996, -164.30599975585938, 1.4569450616836548, 0.018047131597995758
39.52237367630005, 0.5321173071861267, -1.0485119819641113, 21.86640739440918, -169.2068328857422, 1.4572278261184692, 0.0034991379361599684
39.53239560127258, 0.5321173071861267, -0.843268632888794, 20.282041549682617, -154.2314453125, 1.457509160041809, 0.06450336426496506
39.54237341880798, 0.5200706124305725, -0.9592705368995667, 18.68592643737793, -173.40533447265625, 1.457654356956482, 0.024318935349583626
39.55237150192261, 0.504008412361145, -1.0485119819641113, 16.944429397583008, -175.39596557617188, 1.4577959775924683, 0.05977396294474602
39.56241488456726, 0.504008412361145, -0.863337516784668, 15.348477363586426, -157.82376098632812, 1.4579403400421143, 0.05691460147500038
39.57330846786499, 0.4919617474079132, -0.9034991264343262, 13.685052871704102, -158.6986541748047, 1.4580541849136353, 0.014623560011386871
39.58239221572876, 0.48192286491394043, -1.003894567489624, 12.010541915893555, -177.00152587890625, 1.4582289457321167, 0.0794835016131401
39.592411518096924, 0.4758995473384857, -0.8834183216094971, 10.374784469604492, -160.1184844970703, 1.4583914279937744, 0.11162770539522171
39.60242438316345, 0.4678684175014496, -0.9034991264343262, 8.66014289855957, -163.04359436035156, 1.458786964416504, 0.12056781351566315
39.61239981651306, 0.45983731746673584, -1.0485053062438965, 6.846893787384033, -186.5186767578125, 1.4593232870101929, 0.06774639338254929
39.62238669395447, 0.4518062174320221, -0.8031129837036133, 5.278208255767822, -165.88192749023438, 1.4599199295043945, 0.12171750515699387
39.63237977027893, 0.4457828998565674, -0.9592705368995667, 3.579508066177368, -185.58375549316406, 1.4606293439865112, 0.062655508518219
39.64237594604492, 0.43775177001953125, -0.8231878280639648, 1.9482048749923706, -167.37728881835938, 1.4613696336746216, 0.10868634283542633
39.65240550041199, 0.43172845244407654, -0.8031096458435059, 0.47242099046707153, -183.0222930908203, 1.4622584581375122, 0.1556961089372635
39.66238594055176, 0.42570510506629944, -0.8700390458106995, -1.1293996572494507, -183.0874481201172, 1.4632381200790405, 0.11783403158187866
39.672364473342896, 0.4176740050315857, -0.7428765296936035, -2.686532974243164, -163.71583557128906, 1.4643735885620117, 0.15501712262630463
39.68243598937988, 0.411650687456131, -0.780807614326477, -4.1530890464782715, -179.595947265625, 1.4654123783111572, 0.0054557230323553085
39.69239377975464, 0.41365846991539, -0.622403621673584, -5.473169326782227, -158.47955322265625, 1.4664487838745117, 0.11067928373813629
39.70237326622009, 0.4417673349380493, -0.2610117197036743, -6.123147010803223, -147.83287048339844, 1.4674135446548462, 0.14080196619033813
39.71238732337952, 0.4417673349380493, -0.20078155398368835, -6.656283855438232, -150.03529357910156, 1.468538761138916, 0.12554870545864105
39.72241020202637, 0.45582178235054016, 0.040158629417419434, -6.821296215057373, -120.99505615234375, 1.4698479175567627, 0.01801423728466034
39.7324001789093, 0.46586066484451294, 0.2230803221464157, -6.719578266143799, -114.43426513671875, 1.4712961912155151, -0.02759949117898941
39.742462396621704, 0.4799150824546814, 0.4684825837612152, -6.2162065505981445, -90.7156982421875, 1.4727439880371094, -0.005343809258192778
39.7524094581604, 0.4959773123264313, 0.6424903869628906, -5.299378395080566, -57.71799087524414, 1.4741263389587402, 0.0005216039717197418
39.7624135017395, 0.5220783948898315, 1.0708173513412476, -3.8056862354278564, -29.73651885986328, 1.4755483865737915, 0.0052779181860387325
39.772382974624634, 0.5220783948898315, 1.0440438985824585, -2.147642135620117, 5.388927459716797, 1.4768695831298828, -0.011439287103712559
39.78238344192505, 0.5301095247268677, 1.3162096738815308, -0.15464696288108826, 44.42707824707031, 1.47775399684906, -0.008615232072770596
39.79238796234131, 0.538140594959259, 1.3831356763839722, 2.0317435264587402, 83.38795471191406, 1.4781770706176758, -0.000667877437081188
39.80238389968872, 0.5461717247962952, 1.0440438985824585, 3.9324326515197754, 100.55580139160156, 1.478163719177246, -0.016148589551448822
39.81241726875305, 0.5542028546333313, 1.2492802143096924, 6.049795627593994, 141.17864990234375, 1.4777617454528809, -0.008332209661602974
39.82236981391907, 0.5622339248657227, 1.0641276836395264, 8.110913276672363, 149.3220672607422, 1.4770668745040894, 0.00708797387778759
39.832377433776855, 0.5662494897842407, 1.1154214143753052, 10.053927421569824, 186.37229919433594, 1.4764190912246704, 0.012409636750817299
39.84245991706848, 0.5702650547027588, 0.7529159188270569, 11.792757034301758, 150.07470703125, 1.4758905172348022, -0.016152409836649895
39.85242557525635, 0.5722728371620178, 1.089938998222351, 13.237953186035156, 264.81903076171875, 1.4755715131759644, 0.015723394230008125
39.8623743057251, 0.5762884020805359, 0.6023247838020325, 14.247482299804688, 200.5907745361328, 1.4754400253295898, 0.008721387945115566
39.872448444366455, 0.5782961249351501, 0.5621910095214844, 15.295548439025879, 174.43194580078125, 1.4752975702285767, 0.010079745203256607
39.882384300231934, 0.5782961249351501, 0.5354086756706238, 16.189987182617188, 181.60704040527344, 1.4751968383789062, -0.016785990446805954
39.892382860183716, 0.5803039073944092, 0.4216313362121582, 16.98810386657715, 149.5635986328125, 1.4750235080718994, -0.0017118033720180392
39.90239334106445, 0.5843194723129272, 0.38147568702697754, 17.73664093017578, 138.0420684814453, 1.4747213125228882, -0.003282414050772786
39.912405252456665, 0.5903428196907043, 0.361400842666626, 18.449220657348633, 123.99425506591797, 1.4744161367416382, -0.00929128099232912
39.92237377166748, 0.5963661670684814, 0.3792511224746704, 19.113378524780273, 122.24949645996094, 1.4741765260696411, -0.008084353990852833
39.93238615989685, 0.6104205846786499, 0.4417121410369873, 19.949892044067383, 98.95973205566406, 1.4739928245544434, -0.0029423334635794163
39.9423987865448, 0.6104205846786499, 0.40155649185180664, 20.676677703857422, 88.83914947509766, 1.4740110635757446, -0.003081070724874735
39.95239853858948, 0.616443932056427, 0.44170618057250977, 21.463891983032227, 82.25955963134766, 1.4740984439849854, 0.0087892422452569
39.96239638328552, 0.6224672198295593, 0.46178698539733887, 22.272315979003906, 80.2480697631836, 1.474269986152649, 0.013880182057619095
39.97238540649414, 0.6304983496665955, 0.5800260305404663, 23.195505142211914, 87.77766418457031, 1.4744126796722412, 0.009058029390871525
39.98253917694092, 0.6365216970443726, 0.5822539329528809, 24.23635482788086, 80.4636001586914, 1.4745105504989624, -0.0018425026210024953
39.99239659309387, 0.6425449848175049, 0.6915728449821472, 25.37614631652832, 93.20046997070312, 1.4744658470153809, 0.011247077025473118
40.00237798690796, 0.648568332195282, 0.6424784660339355, 26.557531356811523, 88.20877075195312, 1.4743930101394653, -0.00108711130451411
40.012378215789795, 0.6565994620323181, 0.7361901998519897, 27.775146484375, 103.62137603759766, 1.4743218421936035, 0.0045938738621771336
40.022387742996216, 0.6586072444915771, 0.622403621673584, 28.907678604125977, 97.94292449951172, 1.474316954612732, 0.0005021861870773137
40.03237295150757, 0.6586072444915771, 0.5354219079017639, 29.78885269165039, 109.32180786132812, 1.4742892980575562, 0.0027245183009654284
40.04240345954895, 0.6606150269508362, 0.5577074289321899, 30.69637107849121, 111.32981872558594, 1.4743173122406006, 0.007825958542525768
40.05238342285156, 0.6646305322647095, 0.48186779022216797, 31.564300537109375, 101.0040283203125, 1.4743623733520508, 0.008306015282869339
40.062376260757446, 0.6686460971832275, 0.5130966305732727, 32.38360595703125, 112.34812927246094, 1.4744740724563599, 0.01719772443175316
40.07237362861633, 0.6726616621017456, 0.46848589181900024, 33.1397705078125, 110.49164581298828, 1.4745315313339233, 0.025043193250894547
40.0851035118103, 0.682700514793396, 0.46178102493286133, 33.986698150634766, 97.50328063964844, 1.4744631052017212, -0.004680642392486334
40.0923707485199, 0.682700514793396, 0.4461804926395416, 34.721927642822266, 103.84220886230469, 1.4744631052017212, -0.004680642392486334
40.10239553451538, 0.6867160797119141, 0.42386186122894287, 35.4254035949707, 98.53215026855469, 1.474408745765686, 0.006893885787576437
40.112384557724, 0.6907316446304321, 0.37924447655677795, 36.04264831542969, 91.86129760742188, 1.4744271039962769, -0.0009745892020873725
40.12239217758179, 0.6947472095489502, 0.4015498757362366, 36.678531646728516, 86.34228515625, 1.4745436906814575, 0.012615694664418697
40.13239073753357, 0.6967549920082092, 0.3814876079559326, 37.33796310424805, 75.49095153808594, 1.474731683731079, 0.026791317388415337
40.1423876285553, 0.6987627744674683, 0.4238552451133728, 37.9947624206543, 81.09326171875, 1.4749339818954468, 0.007788350339978933
40.15240716934204, 0.7007705569267273, 0.361400842666626, 38.61381912231445, 70.49522399902344, 1.4751431941986084, 0.006733020301908255
40.16237807273865, 0.7027782797813416, 0.37924447655677795, 39.21656036376953, 75.92179870605469, 1.4752413034439087, 0.005172183737158775
40.172369718551636, 0.7047860622406006, 0.3569457232952118, 39.798423767089844, 73.9852066040039, 1.4752535820007324, 0.020978033542633057
40.182435512542725, 0.7047860622406006, 0.22085309028625488, 40.20458984375, 62.178802490234375, 1.475228190422058, 0.01661529764533043
40.19238018989563, 0.7047860622406006, 0.22085905075073242, 40.60047149658203, 58.78562927246094, 1.4752594232559204, 0.0178401879966259
40.20237708091736, 0.6810795068740845, -0.06262461096048355, 40.470035552978516, 56.05104064941406, 1.475413203239441, 0.020571568980813026
40.212406635284424, 0.6810795068740845, -0.09652972221374512, 40.268821716308594, 42.26226806640625, 1.4755545854568481, 0.006461775861680508
40.22264623641968, 0.6817230582237244, -0.13023614883422852, 40.00075149536133, 33.222198486328125, 1.47572660446167, -0.05994817987084389
40.23237586021423, 0.6823177337646484, -0.1443803310394287, 39.71897506713867, 23.809814453125, 1.4758325815200806, 0.09398244321346283
40.242392778396606, 0.6833692193031311, -0.17103883624076843, 39.40458679199219, 15.66484260559082, 1.4760223627090454, -0.10051417350769043
40.252376317977905, 0.6844662427902222, -0.16304254531860352, 39.06291198730469, 4.4910430908203125, 1.476271152496338, -0.0643640086054802
40.26237416267395, 0.6853542327880859, -0.19359588623046875, 38.704978942871094, -5.68389892578125, 1.4764974117279053, -0.0454949252307415
40.27237510681152, 0.6853542327880859, -0.19432306289672852, 38.346832275390625, -14.516448974609375, 1.476523995399475, -0.051694002002477646
40.28238248825073, 0.6853542327880859, -0.19432306289672852, 38.346832275390625, -14.516448974609375, 1.4764158725738525, -0.12619759142398834
40.29238557815552, 0.6987627744674683, -0.0317002609372139, 38.318450927734375, -9.927046775817871, 1.4760777950286865, -0.025855503976345062
40.30238676071167, 0.7007705569267273, -0.040155649185180664, 38.35149383544922, -22.489547729492188, 1.4754945039749146, -0.0357818603515625
40.31236124038696, 0.7007705569267273, 0.19690990447998047, 38.82384490966797, -16.461944580078125, 1.4748656749725342, -0.10416815429925919
40.32237100601196, 0.7007705569267273, 0.21878878772258759, 39.325801849365234, -10.477702140808105, 1.4740740060806274, 0.006276264786720276
40.33238506317139, 0.7007705569267273, 0.19047260284423828, 39.83159637451172, -1.6918182373046875, 1.4731968641281128, 0.009436973370611668
40.34239149093628, 0.7007705569267273, 0.1845240592956543, 40.31127166748047, 5.9230804443359375, 1.472403883934021, 0.01481438335031271
40.35238599777222, 0.6987627744674683, 0.1710454672574997, 40.71980285644531, 14.61325740814209, 1.471696376800537, -0.007207173388451338
40.36237716674805, 0.6967549920082092, 0.1365409940481186, 41.06593322753906, 22.255367279052734, 1.4710215330123901, 0.0012730807065963745
40.37237882614136, 0.6907316446304321, 0.05377531051635742, 41.28961181640625, 25.84686279296875, 1.4703290462493896, 0.003518870798870921
40.38238263130188, 0.6887238621711731, 0.03744496405124664, 41.480995178222656, 34.823524475097656, 1.4696134328842163, 0.019165683537721634
40.39231610298157, 0.682700514793396, -0.16062259674072266, 41.29533386230469, 29.768753051757812, 1.469028353691101, 0.008453922346234322
40.402371406555176, 0.6766772270202637, -0.24093389511108398, 40.94043731689453, 25.88958740234375, 1.4685709476470947, 0.004442497156560421
40.412386417388916, 0.6706538796424866, -0.30117034912109375, 40.43035125732422, 16.065597534179688, 1.4683647155761719, -0.10105697810649872
40.422404527664185, 0.6646305322647095, -0.4015498757362366, 39.769344329833984, 4.928164958953857, 1.4683862924575806, -0.02115296944975853
40.43238925933838, 0.6586072444915771, -0.4216432571411133, 38.96696090698242, -8.646392822265625, 1.4685829877853394, 0.033499523997306824
40.44236397743225, 0.6565994620323181, -0.4907846450805664, 38.11907958984375, -24.35811424255371, 1.4688292741775513, -0.04855206981301308
40.452375173568726, 0.6525838971138, -0.46178698539733887, 37.22751235961914, -34.92279052734375, 1.4691150188446045, 0.02290121465921402
40.46238899230957, 0.6525838971138, -0.44170618057250977, 36.38957977294922, -46.76361083984375, 1.4693065881729126, 0.01350785419344902
40.472389221191406, 0.6525838971138, -0.42386186122894287, 35.6954231262207, -62.15752410888672, 1.469309687614441, 0.031958479434251785
40.4823853969574, 0.6525838971138, -0.40155649185180664, 35.057987213134766, -71.36663055419922, 1.4692015647888184, -0.09692653268575668
40.492377042770386, 0.650576114654541, -0.3212451934814453, 34.50767517089844, -67.87643432617188, 1.4690158367156982, -0.021886801347136497
40.50241756439209, 0.646560549736023, -0.33462709188461304, 33.98247146606445, -77.31077575683594, 1.4688928127288818, 0.029118705540895462
40.512425661087036, 0.6405372023582458, -0.30117034912109375, 33.43540954589844, -69.9493408203125, 1.4688899517059326, -0.040894780308008194
40.52241516113281, 0.6325061321258545, -0.3212451934814453, 32.85095977783203, -69.18449401855469, 1.468891978263855, -0.051651276648044586
40.532382011413574, 0.6244750022888184, -0.37924447655677795, 32.20479965209961, -75.13470458984375, 1.469032645225525, 0.07411950826644897
40.54237389564514, 0.616443932056427, -0.4015624523162842, 31.444257736206055, -66.74842834472656, 1.4692000150680542, -0.036237020045518875
40.555861711502075, 0.6104205846786499, -0.4684726297855377, 30.698299407958984, -72.54663848876953, 1.4689266681671143, -0.061277445405721664
40.562397956848145, 0.6043972373008728, -0.5354086756706238, 29.851242065429688, -72.64836883544922, 1.4689266681671143, 0.07957413047552109
40.57238531112671, 0.6023894548416138, -0.5019485950469971, 28.990345001220703, -67.05055236816406, 1.4686421155929565, 0.021922972053289413
40.582393407821655, 0.6003816723823547, -0.5800260305404663, 28.113235473632812, -77.16348266601562, 1.4682459831237793, -0.022590721026062965
40.59236288070679, 0.5963661670684814, -0.5421042442321777, 27.173736572265625, -73.33984375, 1.4679921865463257, -0.002473606262356043
40.602372884750366, 0.5843194723129272, -0.6915529370307922, 26.067874908447266, -87.94021606445312, 1.4678504467010498, -0.015578550286591053
40.61240601539612, 0.5843194723129272, -0.5621790885925293, 25.059429168701172, -83.75968933105469, 1.4677751064300537, 0.11491972208023071
40.62240219116211, 0.5742806196212769, -0.5822598934173584, 23.98540687561035, -88.65547180175781, 1.4678596258163452, 0.021269863471388817
40.63239288330078, 0.5662494897842407, -0.6469488143920898, 22.892410278320312, -103.47090911865234, 1.4680485725402832, 0.08274175971746445
40.6423716545105, 0.5562105774879456, -0.6692607998847961, 21.763206481933594, -107.5672607421875, 1.4682358503341675, 0.02353046089410782
40.65240240097046, 0.5562105774879456, -0.49281662702560425, 20.76920509338379, -90.264404296875, 1.468281865119934, -0.040648870170116425
40.66239953041077, 0.5521950721740723, -0.6525292992591858, 19.810123443603516, -125.51403045654297, 1.468336582183838, 0.034668561071157455
40.6723895072937, 0.5421561598777771, -0.6692607998847961, 18.664121627807617, -114.73592376708984, 1.468616247177124, 0.028445541858673096
40.682392835617065, 0.5421561598777771, -0.5822539329528809, 17.519214630126953, -105.94024658203125, 1.4690907001495361, 0.020805951207876205
40.69241762161255, 0.5341250896453857, -0.6224155426025391, 16.275188446044922, -108.9853286743164, 1.4697086811065674, -0.08196596801280975
40.70238900184631, 0.5240861773490906, -0.6692541837692261, 15.08923053741455, -121.98490905761719, 1.4702081680297852, -0.05701817199587822
40.71238136291504, 0.5180628299713135, -0.6625652313232422, 13.797717094421387, -112.61711120605469, 1.4706858396530151, 0.06804695725440979
40.72243285179138, 0.5140473246574402, -0.6023406982421875, 12.652809143066406, -113.32626342773438, 1.4709594249725342, 0.09682665765285492
40.73239302635193, 0.5100317597389221, -0.6246302127838135, 11.61037826538086, -125.3556137084961, 1.4710711240768433, 0.07208814471960068
40.74244666099548, 0.504008412361145, -0.5220234394073486, 10.652097702026367, -111.11116027832031, 1.4711214303970337, 0.026914943009614944
40.752410650253296, 0.49396952986717224, -0.6915662288665771, 9.5507230758667, -124.64989471435547, 1.4709548950195312, 0.024901654571294785
40.762770891189575, 0.4799150824546814, -0.8031129837036133, 8.254961967468262, -128.390625, 1.470853567123413, 0.11336719244718552
40.772372007369995, 0.4799150824546814, -0.6224095821380615, 7.128661155700684, -115.35462951660156, 1.470824122428894, 0.05333469435572624
40.78241586685181, 0.4738917648792267, -0.758495569229126, 5.82070779800415, -129.98336791992188, 1.47119140625, 0.01525319553911686
40.792393922805786, 0.4678684175014496, -0.7361835837364197, 4.521608352661133, -130.5954132080078, 1.4717108011245728, 0.03569374233484268
40.80240797996521, 0.45983731746673584, -0.6424903869628906, 3.231807231903076, -118.57414245605469, 1.4723798036575317, 0.034017082303762436
40.81240725517273, 0.44779065251350403, -0.7027208805084229, 1.842227816581726, -119.55494689941406, 1.4729952812194824, 0.09846474975347519
40.82236075401306, 0.44779065251350403, -0.7361869215965271, 0.5242445468902588, -134.76170349121094, 1.473618507385254, -0.013401979580521584
40.83236527442932, 0.4457828998565674, -0.6424903869628906, -0.7476535439491272, -123.58031463623047, 1.474189043045044, 0.015818512067198753
40.84240746498108, 0.4417673349380493, -0.6915695071220398, -1.9732279777526855, -140.28143310546875, 1.4747055768966675, 0.08049049973487854
40.85241198539734, 0.43373623490333557, -0.6023257970809937, -3.1447465419769287, -126.95471954345703, 1.4751256704330444, 0.01728198491036892
40.86238670349121, 0.42570510506629944, -0.60233473777771, -4.2238450050354, -138.65338134765625, 1.4756397008895874, 0.14997918903827667
40.87237477302551, 0.42168956995010376, -0.5822569131851196, -5.373223304748535, -125.01885986328125, 1.476138710975647, 0.09450415521860123
40.882359743118286, 0.4196817874908447, -0.5420953035354614, -6.466031074523926, -122.86737823486328, 1.4767282009124756, 0.08443349599838257
40.892369747161865, 0.41566622257232666, -0.5220234394073486, -7.487188816070557, -120.08796691894531, 1.4771243333816528, 0.17930859327316284
40.902403593063354, 0.4076351225376129, -0.5800260305404663, -8.505376815795898, -130.4131622314453, 1.4775041341781616, 0.12711067497730255
40.91240644454956, 0.4056273400783539, -0.4216313362121582, -9.328939437866211, -111.711669921875, 1.477817416191101, 0.09981776773929596
40.922388553619385, 0.41365846991539, -0.37924447655677795, -10.053472518920898, -117.53024291992188, 1.4783891439437866, 0.10346012562513351
40.93239641189575, 0.4297206699848175, -0.1606285572052002, -10.486342430114746, -97.38688659667969, 1.479163646697998, 0.11901917308568954
40.942399740219116, 0.44377511739730835, 0.0200808048248291, -10.648846626281738, -86.75617980957031, 1.4802582263946533, 0.03444833680987358
40.952380895614624, 0.45582178235054016, 0.22085607051849365, -10.456317901611328, -73.11568450927734, 1.481407880783081, -0.008655491285026073
40.962371587753296, 0.4738917648792267, 0.5354086756706238, -9.822103500366211, -62.202877044677734, 1.4827383756637573, -0.0081950007006526
40.972389221191406, 0.4738917648792267, 0.5800227522850037, -9.117072105407715, -41.59832000732422, 1.4840809106826782, 0.0037894167471677065
40.98239088058472, 0.48192286491394043, 0.6224125623703003, -8.228469848632812, -17.624378204345703, 1.4854177236557007, -0.021087320521473885
40.99239253997803, 0.49396952986717224, 0.8700324296951294, -7.023843765258789, 5.148252010345459, 1.4866225719451904, -0.006684366147965193
41.00243282318115, 0.502000629901886, 0.9436607360839844, -5.500240802764893, 30.051422119140625, 1.487679362297058, 0.01923323981463909
41.01237511634827, 0.5100317597389221, 1.044037938117981, -3.7322747707366943, 55.96656799316406, 1.4883959293365479, 0.0018712750170379877
41.02238869667053, 0.5160550475120544, 1.137740135192871, -1.941241979598999, 90.13589477539062, 1.488784909248352, -0.002790275262668729
41.03239560127258, 0.5200706124305725, 0.9034961462020874, -0.3099658191204071, 101.76387023925781, 1.4888478517532349, 0.002265642397105694
41.04240679740906, 0.5220783948898315, 0.7830381393432617, 1.1516051292419434, 118.00446319580078, 1.4886395931243896, -0.00112921220716089
41.05379009246826, 0.5240861773490906, 0.7584889531135559, 2.4459362030029297, 143.35833740234375, 1.4883471727371216, 0.013083433732390404
41.06236791610718, 0.5281017422676086, 0.6023380756378174, 3.47072434425354, 147.69810485839844, 1.4881318807601929, 0.011958575807511806
41.07242178916931, 0.5301095247268677, 0.5621731281280518, 4.532217979431152, 136.492919921875, 1.4879153966903687, -0.012291539460420609
41.08236813545227, 0.5321173071861267, 0.5019485950469971, 5.460110664367676, 136.88580322265625, 1.487831473350525, -0.011756272055208683
41.09238004684448, 0.5321173071861267, 0.38147568702697754, 6.184632301330566, 132.08473205566406, 1.487661361694336, -0.012377637438476086
41.10244536399841, 0.5341250896453857, 0.3569391071796417, 6.817936897277832, 136.86865234375, 1.4873906373977661, -0.023589378222823143
41.11238980293274, 0.5341250896453857, 0.2677043378353119, 7.302988529205322, 122.6140365600586, 1.48713219165802, 0.0015645476523786783
41.12238311767578, 0.538140594959259, 0.24539893865585327, 7.76194429397583, 107.81317138671875, 1.4868165254592896, 0.010595110245049
41.13236117362976, 0.5441639423370361, 0.24092793464660645, 8.260120391845703, 85.70089721679688, 1.4864858388900757, -0.004943388514220715
41.142375469207764, 0.5602261424064636, 0.42386186122894287, 8.994633674621582, 87.14469146728516, 1.4862607717514038, 0.02418312430381775
41.152379751205444, 0.5602261424064636, 0.40155649185180664, 9.679816246032715, 80.37651824951172, 1.486106276512146, 0.00317526631988585
41.162413120269775, 0.5662494897842407, 0.38147568702697754, 10.391267776489258, 69.20538330078125, 1.4860080480575562, -0.012863131240010262
41.17239570617676, 0.5722728371620178, 0.46848589181900024, 11.1598539352417, 73.64039611816406, 1.485997200012207, 0.027239441871643066
41.1823627948761, 0.5782961249351501, 0.46178698539733887, 12.001373291015625, 65.41261291503906, 1.4859867095947266, 0.008797434158623219
41.19236969947815, 0.5803039073944092, 0.48186779022216797, 12.864730834960938, 66.80097961425781, 1.486056923866272, -0.006669715978205204
41.202425956726074, 0.5803039073944092, 0.46178698539733887, 13.704364776611328, 68.86434936523438, 1.4860568046569824, -0.013592313043773174
41.21239709854126, 0.5823116898536682, 0.5354086756706238, 14.56440544128418, 80.68232727050781, 1.486145257949829, 0.013381497003138065
41.2223846912384, 0.5823116898536682, 0.4417121410369873, 15.367475509643555, 76.05533599853516, 1.4861454963684082, -0.012334526516497135
41.2323853969574, 0.5823116898536682, 0.38147568702697754, 16.050382614135742, 77.90269470214844, 1.4862042665481567, 0.014908756129443645
41.24241495132446, 0.5823116898536682, 0.2453923225402832, 16.44935417175293, 82.83021545410156, 1.4862184524536133, 0.03347392380237579
41.25244188308716, 0.5823116898536682, 0.22085905075073242, 16.838735580444336, 71.58927917480469, 1.4862854480743408, 0.011779319494962692
41.26239275932312, 0.5578352212905884, -0.0934998169541359, 16.680749893188477, 69.88313293457031, 1.4863128662109375, -0.00023134771618060768
41.27240610122681, 0.5585219264030457, -0.15278656780719757, 16.430736541748047, 58.56535339355469, 1.4863128662109375, 0.005097535438835621
41.28236532211304, 0.5585219264030457, -0.19774436950683594, 16.06890296936035, 40.67535400390625, 1.4863255023956299, 0.07838684320449829
41.29237103462219, 0.5591179728507996, -0.23539860546588898, 15.674688339233398, 31.221601486206055, 1.486375093460083, -0.007317255716770887
41.30237317085266, 0.5603100061416626, -0.22215312719345093, 15.282012939453125, 17.529380798339844, 1.4865354299545288, 0.08223427832126617
41.312373638153076, 0.561365008354187, -0.20946264266967773, 14.875531196594238, 3.11126708984375, 1.4866764545440674, 0.06975578516721725
41.322426557540894, 0.561365008354187, -0.2094566822052002, 14.4536714553833, -9.138107299804688, 1.486902117729187, 0.08184821158647537
41.332438230514526, 0.5614667534828186, -0.2316170334815979, 14.03963565826416, -22.34140968322754, 1.487094759941101, 0.021401701495051384
41.342445850372314, 0.5614669919013977, -0.23160378634929657, 13.599244117736816, -31.66792106628418, 1.4874324798583984, -0.061636507511138916
41.35245966911316, 0.5616385340690613, -0.20673274993896484, 13.140331268310547, -36.98406219482422, 1.4878891706466675, 0.050399623811244965
41.362431049346924, 0.5843194723129272, 0.29426151514053345, 13.514540672302246, -35.180198669433594, 1.4884793758392334, 0.08883143216371536
41.372387647628784, 0.5843194723129272, 0.2866453528404236, 13.859944343566895, -28.564453125, 1.4891594648361206, -0.018353862687945366
41.3823778629303, 0.5843194723129272, 0.25797486305236816, 14.181429862976074, -18.874740600585938, 1.4899710416793823, 0.0004971592570655048
41.39238929748535, 0.5883350372314453, 0.29217004776000977, 14.600266456604004, -10.744094848632812, 1.4905891418457031, 0.015182632952928543
41.402416467666626, 0.5903428196907043, 0.33369991183280945, 15.082597732543945, -2.215703248977661, 1.4909396171569824, 0.005951557774096727
41.4124014377594, 0.5943583846092224, 0.366595059633255, 15.642317771911621, 8.519702911376953, 1.49116051197052, -0.009887431748211384
41.42237710952759, 0.5963661670684814, 0.35001039505004883, 16.226703643798828, 17.730331420898438, 1.4914464950561523, 0.001607449259608984
41.43239188194275, 0.6003816723823547, 0.3891468048095703, 16.8875789642334, 28.479385375976562, 1.4917031526565552, -0.012174044735729694
41.44240665435791, 0.6023894548416138, 0.4092216491699219, 17.59336280822754, 39.94140625, 1.4919135570526123, -0.009791855700314045
41.4523766040802, 0.6043972373008728, 0.47509539127349854, 18.35570526123047, 57.94864273071289, 1.4919965267181396, -0.012316319160163403
41.462397813797, 0.6064050197601318, 0.22085309028625488, 18.748218536376953, 52.33650207519531, 1.4920462369918823, 0.007996618747711182
41.47235679626465, 0.6064050197601318, 0.24539893865585327, 19.17552947998047, 59.062320709228516, 1.491904616355896, 0.01940208673477173
41.482380867004395, 0.6043972373008728, 0.20078420639038086, 19.568334579467773, 53.868865966796875, 1.491752028465271, 0.015061200596392155
41.49238109588623, 0.5562950968742371, -0.32039880752563477, 19.027450561523438, 44.2718505859375, 1.4915229082107544, 0.017402283847332
41.50238084793091, 0.5562950968742371, -0.37831729650497437, 18.447139739990234, 37.384033203125, 1.4913097620010376, 0.12484690546989441
41.51242208480835, 0.5549102425575256, -0.3944873809814453, 17.767602920532227, 21.252822875976562, 1.4911023378372192, 0.056478459388017654
41.522390365600586, 0.5943583846092224, -0.022305382415652275, 17.7609920501709, 17.047670364379883, 1.4909379482269287, 0.05817799270153046
41.532368898391724, 0.5903428196907043, -0.11153353750705719, 17.577659606933594, 7.66754150390625, 1.4909424781799316, 0.010078447870910168
41.54239082336426, 0.5474118590354919, -0.6108615398406982, 16.56352424621582, -11.443032264709473, 1.4910224676132202, 0.01227144617587328
41.55239963531494, 0.5474118590354919, -0.5698561668395996, 15.48082160949707, -28.748512268066406, 1.4912787675857544, 0.05438470095396042
41.56238842010498, 0.5463980436325073, -0.6667441725730896, 14.291448593139648, -49.51985549926758, 1.4918196201324463, 0.010893851518630981
