29.42441439628601, 1.1881550550460815, -1.1915100812911987, 66.88035583496094, -203.09786987304688, 1.434991478919983, 0.0
29.434409856796265, 1.1881550550460815, -1.1915100812911987, 66.88035583496094, -203.09786987304688, 1.434991478919983, 0.0
29.44443416595459, 1.162415623664856, -0.655563235282898, 85.52632141113281, 9.682103157043457, 1.4349504709243774, 0.0
29.454395532608032, 1.1491228342056274, -1.290297508239746, 83.18778228759766, 9.95025634765625, 1.4349504709243774, -0.1908486932516098
29.464410305023193, 1.1491228342056274, -1.290297508239746, 83.18778228759766, 9.95025634765625, 1.4349504709243774, -0.1908486932516098
29.474433183670044, 1.1216539144515991, -0.716109037399292, 80.71395111083984, 1.2873599529266357, 1.434991478919983, -0.23590916395187378
29.484410762786865, 1.109139084815979, -1.4817979335784912, 78.28173828125, -3.507826089859009, 1.434991478919983, -0.23590916395187378
29.494400024414062, 1.109139084815979, -1.4817979335784912, 78.28173828125, -3.507826089859009, 1.434991478919983, -0.20578601956367493
29.504401206970215, 1.109139084815979, -1.4817979335784912, 78.28173828125, -3.507826089859009, 1.434991478919983, -0.20578601956367493
29.514405965805054, 1.109139084815979, -1.4817979335784912, 78.28173828125, -3.507826089859009, 1.434991478919983, -0.28091323375701904
29.524424076080322, 1.109139084815979, -1.4817979335784912, 78.28173828125, -3.507826089859009, 1.434991478919983, -0.28091323375701904
29.534401655197144, 1.109139084815979, -1.4817979335784912, 78.28173828125, -3.507826089859009, 1.434991478919983, -0.3028203248977661
29.54440999031067, 1.109139084815979, -1.4817979335784912, 78.28173828125, -3.507826089859009, 1.434991478919983, -0.3028203248977661
29.55443048477173, 1.0197267532348633, -0.2999356687068939, 74.46437072753906, -3.016444683074951, 1.4349504709243774, -0.23322764039039612
29.56440782546997, 1.0197267532348633, -0.2999356687068939, 74.46437072753906, -3.016444683074951, 1.4349504709243774, -0.23322764039039612
29.574415683746338, 1.0197267532348633, -0.2999356687068939, 74.46437072753906, -3.016444683074951, 1.4349504709243774, -0.3055320382118225
29.584426879882812, 1.0197267532348633, -0.2999356687068939, 74.46437072753906, -3.016444683074951, 1.4349504709243774, -0.3055320382118225
29.594409227371216, 1.0197267532348633, -0.2999356687068939, 74.46437072753906, -3.016444683074951, 1.4349504709243774, -0.29071399569511414
29.60615634918213, 0.9512618780136108, -0.568202555179596, 69.40966033935547, -10.981501579284668, 1.4349786043167114, -0.29071399569511414
29.61441445350647, 0.9512618780136108, -2.9549732208251953, 64.56913757324219, -92.9845199584961, 1.435019612312317, -0.30845126509666443
29.626437425613403, 0.9512618780136108, -2.9549732208251953, 64.56913757324219, -92.9845199584961, 1.434991478919983, -0.30845126509666443
29.63445210456848, 0.9226495027542114, -1.4712998867034912, 59.4841194152832, -60.2637825012207, 1.434991478919983, -0.41668838262557983
29.644418001174927, 0.9047812819480896, -2.833735942840576, 54.33187484741211, -144.98291015625, 1.434991478919983, -0.41668838262557983
29.65442156791687, 0.8913272023200989, -2.968275547027588, 48.93500900268555, -179.45327758789062, 1.434991478919983, -0.4472272992134094
29.664437294006348, 0.8913272023200989, -2.7108967304229736, 44.006107330322266, -415.20233154296875, 1.434991478919983, -0.4472272992134094
29.674404621124268, 0.8692074418067932, -3.110157012939453, 38.9167594909668, -491.9001159667969, 1.434991478919983, -0.6128385066986084
29.68444538116455, 0.8498638272285461, -2.7178943157196045, 33.97513198852539, -467.38739013671875, 1.4349504709243774, -0.6128385066986084
29.694406509399414, 0.8498638272285461, -2.88083815574646, 29.268489837646484, -544.5929565429688, 1.4349504709243774, -0.7014052867889404
29.704407453536987, 0.8304659128189087, -1.8926024436950684, 25.827394485473633, -486.36932373046875, 1.4349504709243774, -0.7014052867889404
29.714404344558716, 0.813480019569397, -1.5309253931045532, 23.322242736816406, -512.0823974609375, 1.4349504709243774, -0.7159494757652283
29.72442889213562, 0.7990355491638184, -1.6914076805114746, 20.554485321044922, -489.05181884765625, 1.4349504709243774, -0.7159494757652283
29.73441767692566, 0.7990355491638184, -1.236128807067871, 18.306978225708008, -411.7713928222656, 1.4349504709243774, -0.5460517406463623
29.744420051574707, 0.7990355491638184, -1.236128807067871, 18.306978225708008, -411.7713928222656, 1.4349504709243774, -0.5460517406463623
29.75438690185547, 0.7681750059127808, -0.6830364465713501, 15.823209762573242, -192.54331970214844, 1.4349504709243774, -1.1621711254119873
29.764411211013794, 0.7546963095664978, -1.5181236267089844, 13.339007377624512, -395.510986328125, 1.4349504709243774, -1.1621711254119873
29.774402618408203, 0.7468344569206238, -1.4449238777160645, 10.711873054504395, -332.94219970703125, 1.4348641633987427, -1.1621711254119873
29.78474473953247, 0.7468344569206238, -1.359701156616211, 8.502599716186523, -337.935546875, 1.4347498416900635, -0.8837014436721802
29.794400930404663, 0.7338101863861084, -1.1605381965637207, 6.413315773010254, -275.61798095703125, 1.4345647096633911, -0.8837014436721802
29.804417371749878, 0.7304067611694336, -1.3273026943206787, 4.275026321411133, -277.705078125, 1.4344077110290527, 0.019442155957221985
29.814406633377075, 0.7304067611694336, -1.3273026943206787, 4.275026321411133, -277.705078125, 1.4342970848083496, 0.019442155957221985
29.824450969696045, 0.7304067611694336, -1.3273026943206787, 4.275026321411133, -277.705078125, 1.4342727661132812, -0.41435015201568604
29.834417581558228, 0.7554877996444702, -0.25854232907295227, 2.964883804321289, -78.83624267578125, 1.4344451427459717, -0.41435015201568604
29.84441065788269, 0.7752740383148193, -0.4245108962059021, 2.2388885021209717, -234.2593994140625, 1.4347163438796997, -0.2864875793457031
29.854407787322998, 0.7906830906867981, -0.0928044319152832, 2.037717342376709, -205.74188232421875, 1.4349297285079956, -0.2864875793457031
29.864413738250732, 0.7906830906867981, -0.0928044319152832, 2.037717342376709, -205.74188232421875, 1.4351394176483154, -0.903586208820343
29.874398231506348, 0.8181644082069397, 0.10067851841449738, 2.308593273162842, -84.20206451416016, 1.4352633953094482, -0.903586208820343
29.884422063827515, 0.8181644082069397, 0.4998922348022461, 3.1949470043182373, -126.28264617919922, 1.43534517288208, -0.5454866290092468
29.894395112991333, 0.8252838253974915, 0.705873966217041, 4.4634857177734375, -88.75518035888672, 1.4353413581848145, -0.5454866290092468
29.90438938140869, 0.8374152779579163, 1.0064575672149658, 6.111109733581543, -51.119590759277344, 1.4352960586547852, -0.1846151500940323
29.914408206939697, 0.8374152779579163, 1.0064575672149658, 6.111109733581543, -51.119590759277344, 1.435251235961914, -0.1846151500940323
29.924397468566895, 0.8374152779579163, 1.0064575672149658, 6.111109733581543, -51.119590759277344, 1.43520987033844, -0.10557067394256592
29.934417009353638, 0.8629658818244934, 0.3871043622493744, 8.246495246887207, -0.8536815643310547, 1.4350827932357788, -0.10557067394256592
29.944400787353516, 0.8727777600288391, 1.5440782308578491, 10.796273231506348, 48.699485778808594, 1.435041904449463, -0.25463420152664185
29.954416275024414, 0.8821057677268982, 1.6855465173721313, 13.561874389648438, 103.18724060058594, 1.4349876642227173, -0.25463420152664185
29.964410305023193, 0.8821057677268982, 1.2661874294281006, 15.873895645141602, 129.09007263183594, 1.435032844543457, 2.1598172187805176
29.9744234085083, 0.8955655694007874, 1.3365745544433594, 18.05280303955078, 175.7102508544922, 1.435032844543457, 2.1598172187805176
29.984400987625122, 0.9065136313438416, 1.2870033979415894, 20.1588077545166, 201.3453369140625, 1.435032844543457, 4.642406463623047
29.994401216506958, 0.9065136313438416, 1.2870033979415894, 20.1588077545166, 201.3453369140625, 1.435032844543457, 4.642406463623047
30.004415035247803, 0.9065136313438416, 1.2870033979415894, 20.1588077545166, 201.3453369140625, 1.434991478919983, 10.0
30.014395236968994, 0.9065136313438416, 1.2870033979415894, 20.1588077545166, 201.3453369140625, 1.434950590133667, 10.0
30.024408102035522, 0.9065136313438416, 1.2870033979415894, 20.1588077545166, 201.3453369140625, 1.4349223375320435, 10.0
30.034403085708618, 0.9065136313438416, 1.2870033979415894, 20.1588077545166, 201.3453369140625, 1.4348942041397095, 10.0
30.04442071914673, 0.9065136313438416, 1.2870033979415894, 20.1588077545166, 201.3453369140625, 1.4348770380020142, 10.0
30.054405689239502, 0.9065136313438416, 1.2870033979415894, 20.1588077545166, 201.3453369140625, 1.4349015951156616, 10.0
30.064401388168335, 0.979164719581604, 0.2012498676776886, 23.109943389892578, 26.001680374145508, 1.4349595308303833, 10.0
30.074400663375854, 0.9896847009658813, 1.9057856798171997, 26.217967987060547, 255.8114776611328, 1.435045599937439, 10.0
30.084405660629272, 0.9896847009658813, 1.8266770839691162, 29.191425323486328, 274.7548522949219, 1.4351600408554077, 10.0
30.094414234161377, 0.9896847009658813, 1.8266770839691162, 29.191425323486328, 274.7548522949219, 1.435259222984314, 10.0
30.10440182685852, 0.9896847009658813, 1.8266770839691162, 29.191425323486328, 274.7548522949219, 1.435259222984314, 10.0
30.11438298225403, 1.0180870294570923, 0.6022393703460693, 32.43752670288086, 87.7547607421875, 1.4352010488510132, 10.0
30.124420642852783, 1.0180870294570923, 0.6022393703460693, 32.43752670288086, 87.7547607421875, 1.4352010488510132, 10.0
30.1343994140625, 1.0180870294570923, 0.6022393703460693, 32.43752670288086, 87.7547607421875, 1.4350738525390625, 10.0
30.14442276954651, 1.0180870294570923, 0.6022393703460693, 32.43752670288086, 87.7547607421875, 1.4350045919418335, 10.0
30.154399156570435, 1.0180870294570923, 0.6022393703460693, 32.43752670288086, 87.7547607421875, 1.4349632263183594, 10.0
30.16441559791565, 1.0180870294570923, 0.6022393703460693, 32.43752670288086, 87.7547607421875, 1.4349054098129272, 10.0
30.17439293861389, 1.0180870294570923, 0.6022393703460693, 32.43752670288086, 87.7547607421875, 1.4348771572113037, 10.0
30.184394359588623, 1.0718834400177002, 0.3027777671813965, 36.305477142333984, 40.66516876220703, 1.4349052906036377, 10.0
30.194402933120728, 1.0786058902740479, 2.0582735538482666, 40.04267883300781, 292.4642639160156, 1.4349052906036377, 10.0
30.20440149307251, 1.0847904682159424, 2.026844024658203, 43.72785186767578, 301.6595764160156, 1.434991478919983, 10.0
30.21441411972046, 1.0847904682159424, 2.026844024658203, 43.72785186767578, 301.6595764160156, 1.4350907802581787, 10.0
30.224390268325806, 1.0847904682159424, 2.026844024658203, 43.72785186767578, 301.6595764160156, 1.4350910186767578, 10.0
30.23441433906555, 1.1014927625656128, 0.7312913537025452, 47.682945251464844, 106.03021240234375, 1.4351189136505127, 10.0
30.2443950176239, 1.1014927625656128, 0.7312913537025452, 47.682945251464844, 106.03021240234375, 1.4351319074630737, 10.0
30.254387617111206, 1.1121755838394165, 1.1400549411773682, 51.6138801574707, 176.6372528076172, 1.4350738525390625, 10.0
30.264400243759155, 1.1121755838394165, 1.1400549411773682, 51.6138801574707, 176.6372528076172, 1.435045599937439, 10.0
30.274404525756836, 1.1121755838394165, 1.1400549411773682, 51.6138801574707, 176.6372528076172, 1.4350045919418335, 10.0
30.284403562545776, 1.1121755838394165, 1.1400549411773682, 51.6138801574707, 176.6372528076172, 1.4350045919418335, 10.0
30.294402360916138, 1.1331995725631714, 0.5667179822921753, 55.75861358642578, 88.99955749511719, 1.4350045919418335, 10.0
30.304402589797974, 1.1377067565917969, 1.7615689039230347, 58.64118194580078, 394.79150390625, 1.434991478919983, 10.0
30.314398050308228, 1.1425426006317139, 1.5285730361938477, 61.42279052734375, 352.048095703125, 1.434991478919983, 10.0
30.324389219284058, 1.1425426006317139, 1.5285730361938477, 61.42279052734375, 352.048095703125, 1.434991478919983, 10.0
30.33439040184021, 1.1425426006317139, 1.5285730361938477, 61.42279052734375, 352.048095703125, 1.434991478919983, 10.0
30.344400644302368, 1.1425426006317139, 1.5285730361938477, 61.42279052734375, 352.048095703125, 1.434991478919983, 10.0
30.354400634765625, 1.1533927917480469, 0.41976648569107056, 64.3993148803711, 90.27657318115234, 1.434991478919983, 10.0
30.364410638809204, 1.1565505266189575, 1.3846278190612793, 66.91681671142578, 344.7929382324219, 1.4349632263183594, 10.0
30.374391078948975, 1.159332036972046, 0.8744955062866211, 68.51194763183594, 322.0649719238281, 1.4349632263183594, 10.0
30.384410858154297, 1.161463737487793, 0.8285760879516602, 70.01844787597656, 299.75738525390625, 1.4350045919418335, 10.0
30.394415855407715, 1.161463737487793, 0.8285760879516602, 70.01844787597656, 299.75738525390625, 1.435032844543457, 10.0
30.404396295547485, 1.1652344465255737, 0.42338746786117554, 71.4684066772461, 146.00291442871094, 1.435032844543457, 10.0
30.41439723968506, 1.1668272018432617, 0.7259448170661926, 72.65631103515625, 277.4810791015625, 1.435032844543457, 10.0
30.424394845962524, 1.1679660081863403, 0.5578994750976562, 73.6706771850586, 220.56808471679688, 1.435032844543457, 10.0
30.434415340423584, 1.1690142154693604, 0.3581523895263672, 74.32186126708984, 185.63232421875, 1.435032844543457, 10.0
30.44440269470215, 1.1695404052734375, 0.31833648681640625, 74.9006576538086, 162.59536743164062, 1.434991478919983, 10.0
30.45440411567688, 1.1698819398880005, 0.27338266372680664, 75.40523529052734, 139.82467651367188, 1.434991478919983, 10.0
30.46440887451172, 1.1698716878890991, 0.18309222161769867, 75.70484161376953, 125.61713409423828, 1.4349632263183594, 10.0
30.47440814971924, 1.1694780588150024, 0.1436471939086914, 75.94503784179688, 100.31297302246094, 1.4349632263183594, 10.0
30.484402179718018, 1.1686642169952393, 0.10368558764457703, 76.11470794677734, 84.4751968383789, 1.4349632263183594, 10.0
30.49439001083374, 1.1686642169952393, 0.10368558764457703, 76.11470794677734, 84.4751968383789, 1.4349632263183594, 10.0
30.50439691543579, 1.165703296661377, 0.021195411682128906, 76.19178009033203, 30.86700439453125, 1.4349632263183594, 10.0
30.51439380645752, 1.1846446990966797, 0.21567609906196594, 76.54470825195312, 56.40326690673828, 1.434991478919983, 10.0
30.524428367614746, 1.1826369762420654, 0.15811920166015625, 76.82705688476562, 41.706085205078125, 1.434991478919983, 1.846286654472351
30.534399032592773, 1.1806291341781616, 0.1406802088022232, 77.05725860595703, 37.62902069091797, 1.434991478919983, 1.846286654472351
30.544405698776245, 1.1766135692596436, 0.07599592208862305, 77.1954345703125, 28.73687744140625, 1.434991478919983, 10.0
30.554415464401245, 1.172598123550415, 0.030565261840820312, 77.25100708007812, 23.50311279296875, 1.434991478919983, 10.0
30.564401865005493, 1.1705902814865112, 0.007894303649663925, 77.26392364501953, 20.65192413330078, 1.434991478919983, 10.0
30.574397802352905, 1.1665747165679932, -0.03665023297071457, 77.2039566040039, 16.65666389465332, 1.434991478919983, 10.0
30.58439540863037, 1.162559151649475, -0.07686349749565125, 77.07817840576172, 12.591044425964355, 1.434991478919983, 0.04878433421254158
30.594393730163574, 1.141036868095398, -0.30697715282440186, 76.57585144042969, 5.124410152435303, 1.434991478919983, 0.04878433421254158
30.604397773742676, 1.154528021812439, -0.11174678802490234, 76.37267303466797, 1.80816650390625, 1.434991478919983, -0.17324256896972656
30.61440682411194, 1.1525202989578247, -0.3212451934814453, 75.78858947753906, -7.561492919921875, 1.434991478919983, -0.17324256896972656
30.624399423599243, 1.1359081268310547, -0.5192226767539978, 74.93895721435547, -20.97829246520996, 1.434991478919983, -0.22405919432640076
30.634390115737915, 1.1320432424545288, -0.48584938049316406, 74.05559539794922, -30.016326904296875, 1.434991478919983, -0.22405919432640076
30.644395112991333, 1.1424814462661743, -0.3413200378417969, 73.43501281738281, -37.604522705078125, 1.434991478919983, -0.18839989602565765
30.6543972492218, 1.1384658813476562, -0.37924447655677795, 72.8144302368164, -49.29521179199219, 1.434991478919983, -0.18839989602565765
30.66441297531128, 1.1324424743652344, -0.3814697265625, 72.120849609375, -51.4312744140625, 1.434991478919983, -0.1999048888683319
30.674424409866333, 1.126419186592102, -0.4015684127807617, 71.3907241821289, -58.13140869140625, 1.434991478919983, -0.1999048888683319
30.684390783309937, 1.118388056755066, -0.4907846450805664, 70.5876235961914, -72.11727905273438, 1.4349632263183594, -0.2625175714492798
30.694393157958984, 1.1123647689819336, -0.3185802102088928, 70.07144165039062, -72.27156066894531, 1.4349632263183594, -0.2625175714492798
30.70442008972168, 1.1043336391448975, -0.5019426345825195, 69.15882110595703, -72.13897705078125, 1.4349632263183594, -0.23826274275779724
30.714407444000244, 1.0888183116912842, -0.7077985405921936, 68.00060272216797, -86.53343963623047, 1.4349632263183594, -0.23826274275779724
30.724399089813232, 1.0847007036209106, -0.5689727067947388, 67.0695571899414, -87.43710327148438, 1.434991478919983, -0.23593805730342865
30.73439931869507, 1.0806814432144165, -0.570694625377655, 66.13056182861328, -88.05677795410156, 1.434991478919983, -0.23593805730342865
30.744431495666504, 1.086263656616211, -0.5621671676635742, 65.10843658447266, -83.26492309570312, 1.434991478919983, -0.2919456362724304
30.754444122314453, 1.0802403688430786, -0.6469488143920898, 64.04979705810547, -97.38497924804688, 1.434991478919983, -0.2919456362724304
30.764416694641113, 1.0722092390060425, -0.6023406982421875, 62.954627990722656, -91.66183471679688, 1.434991478919983, -0.2503856420516968
30.774399042129517, 1.0641781091690063, -0.6915595531463623, 61.8229866027832, -106.30883026123047, 1.434991478919983, -0.2503856420516968
30.784404277801514, 1.0561469793319702, -0.6224155426025391, 60.691322326660156, -98.96316528320312, 1.4349632263183594, -0.25126326084136963
30.794400930404663, 1.0461081266403198, -0.7361835837364197, 59.49179458618164, -117.5511703491211, 1.4349632263183594, -0.25126326084136963
30.804408073425293, 1.0400848388671875, -0.6424903869628906, 58.323631286621094, -108.35227966308594, 1.4349632263183594, -0.3109606206417084
30.8144052028656, 1.0340614318847656, -0.5475640296936035, 57.328060150146484, -106.72531127929688, 1.434991478919983, -0.3109606206417084
30.82439398765564, 1.0300458669662476, -0.60727858543396, 56.329193115234375, -119.33814239501953, 1.434991478919983, -0.34311947226524353
30.835274696350098, 1.022014856338501, -0.6518628597259521, 55.262508392333984, -120.75508880615234, 1.434991478919983, -0.34311947226524353
30.84439969062805, 1.011975884437561, -0.8254183530807495, 53.91182327270508, -124.4074478149414, 1.434991478919983, -0.1571090668439865
30.85440754890442, 1.0039448738098145, -0.762939453125, 52.524662017822266, -115.25077819824219, 1.434991478919983, -0.1571090668439865
30.8643958568573, 0.9939059615135193, -0.8700423836708069, 51.100955963134766, -131.70709228515625, 1.434991478919983, -0.3004330098628998
30.87439799308777, 0.9858748316764832, -0.7830381393432617, 49.677249908447266, -121.45767211914062, 1.434991478919983, -0.3004330098628998
30.884406566619873, 0.979851484298706, -0.762939453125, 48.29008865356445, -124.01237487792969, 1.4349632263183594, -0.2387802004814148
30.894402742385864, 0.9740641117095947, -0.7204532623291016, 46.98530960083008, -125.06523132324219, 1.4349632263183594, -0.2387802004814148
30.904412746429443, 0.9637892842292786, -0.8477370142936707, 45.59810256958008, -141.39430236816406, 1.4349632263183594, -0.32037562131881714
30.914395093917847, 0.9557581543922424, -0.8700357675552368, 44.174407958984375, -146.15164184570312, 1.4349632263183594, -0.32037562131881714
30.92440104484558, 0.945719301700592, -0.8432507514953613, 42.6412239074707, -136.8793487548828, 1.434991478919983, -0.2747615873813629
30.934455633163452, 0.9376881718635559, -0.8432745933532715, 41.10286331176758, -141.59698486328125, 1.434991478919983, -0.2747615873813629
30.94443392753601, 0.9267654418945312, -0.946786642074585, 39.55357360839844, -159.53614807128906, 1.434991478919983, -0.48740077018737793
30.95442271232605, 0.9196181893348694, -0.9369518756866455, 38.020381927490234, -161.15866088867188, 1.434991478919983, -0.48740077018737793
30.964402675628662, 0.911587119102478, -0.8231937885284424, 36.52366256713867, -145.77293395996094, 1.4349632263183594, -0.4538098871707916
30.974403381347656, 0.9015482068061829, -0.9369651675224304, 34.99558639526367, -163.1295928955078, 1.4349632263183594, -0.4538098871707916
30.98439860343933, 0.8955248594284058, -0.843268632888794, 33.46236801147461, -148.27728271484375, 1.4349052906036377, -0.6936341524124146
30.994415283203125, 0.8824008703231812, -1.0184777975082397, 31.806303024291992, -168.65582275390625, 1.4349052906036377, -0.6936341524124146
31.004406690597534, 0.8745208978652954, -0.8926808834075928, 30.183246612548828, -154.1484832763672, 1.4349632263183594, -0.5053091049194336
31.01440119743347, 0.8694238066673279, -0.9592705368995667, 28.602998733520508, -173.01559448242188, 1.434991478919983, -0.5053091049194336
31.024393320083618, 0.8613926768302917, -0.8432626724243164, 27.06465721130371, -155.76515197753906, 1.434991478919983, -0.5553711652755737
31.0344021320343, 0.8553693294525146, -0.8231937885284424, 25.56793975830078, -155.3497314453125, 1.4350494146347046, -0.5553711652755737
31.04440450668335, 0.8433226943016052, -0.9271436333656311, 24.04026222229004, -172.37026977539062, 1.4350494146347046, -0.6457740068435669
31.05465054512024, 0.831275999546051, -0.8834242820739746, 22.434036254882812, -155.8635711669922, 1.4350907802581787, -0.6457740068435669
31.064401865005493, 0.8212371468544006, -1.0038813352584839, 20.78380012512207, -174.88670349121094, 1.4350045919418335, -0.7433881759643555
31.074395895004272, 0.8099640011787415, -0.9158492088317871, 19.13429069519043, -158.6134033203125, 1.4349466562271118, -0.7433881759643555
31.08439826965332, 0.8051749467849731, -0.9034931659698486, 17.50210952758789, -159.6025390625, 1.4349052906036377, -0.5658757090568542
31.09440302848816, 0.795136034488678, -0.8726537227630615, 15.922987937927246, -158.8331298828125, 1.4349052906036377, -0.5658757090568542
31.104399919509888, 0.7850971817970276, -0.9935895800590515, 14.297114372253418, -176.5124053955078, 1.4348641633987427, -0.6258509755134583
31.114403009414673, 0.7722955942153931, -0.9712874889373779, 12.538614273071289, -160.64395141601562, 1.4348641633987427, -0.6258509755134583
31.124386310577393, 0.7710427045822144, -1.0038878917694092, 10.895888328552246, -179.6529541015625, 1.4349220991134644, -0.33661437034606934
31.13441514968872, 0.760132908821106, -1.0581811666488647, 9.153785705566406, -182.3791961669922, 1.4349504709243774, -0.33661437034606934
31.144402980804443, 0.7529727220535278, -0.9035050868988037, 7.505890846252441, -165.34405517578125, 1.4349504709243774, -0.7254878878593445
31.154414415359497, 0.7406192421913147, -0.9065687656402588, 5.857583999633789, -165.76461791992188, 1.4349220991134644, -0.7254878878593445
31.16439151763916, 0.7406192421913147, -0.8957518339157104, 4.396966934204102, -182.075927734375, 1.4348077774047852, -0.9149253368377686
31.174400806427002, 0.7389183044433594, -0.7893906831741333, 3.1260223388671875, -177.8695831298828, 1.4345780611038208, -0.9149253368377686
31.184423208236694, 0.7429338693618774, -0.6915728449821472, 2.0361242294311523, -171.8441619873047, 1.434353232383728, -0.4333537220954895
31.194398164749146, 0.7529727220535278, -0.46848589181900024, 1.3103889226913452, -162.3622589111328, 1.43429696559906, -0.4333537220954895
31.204416751861572, 0.7670271396636963, -0.20078155398368835, 0.9920676350593567, -147.83387756347656, 1.4343140125274658, -0.6449861526489258
31.214396476745605, 0.7790738344192505, 0.06778836250305176, 1.1122198104858398, -114.263916015625, 1.4345440864562988, -0.6449861526489258
31.22440457344055, 0.7891126871109009, 0.2007749378681183, 1.3989289999008179, -105.5217056274414, 1.4347575902938843, -1.1084115505218506
31.234400033950806, 0.799151599407196, 0.39018988609313965, 2.0695462226867676, -70.8424301147461, 1.4350701570510864, -1.1084115505218506
31.244420289993286, 0.8071827292442322, 0.5420982837677002, 2.998349189758301, -45.075416564941406, 1.435266375541687, -0.030551210045814514
31.25442337989807, 0.8172215819358826, 0.7660269737243652, 4.355449199676514, -15.021371841430664, 1.4353898763656616, -0.030551210045814514
31.26440668106079, 0.8252527117729187, 0.9403692483901978, 5.871780872344971, 16.38682746887207, 1.4353866577148438, -0.08750693500041962
31.274441242218018, 0.8206806182861328, 0.8176207542419434, 7.358949184417725, 42.329288482666016, 1.4353413581848145, -0.08750693500041962
31.284400939941406, 0.8352915644645691, 1.0261999368667603, 9.046422004699707, 77.89219665527344, 1.4352962970733643, -0.1738487333059311
31.29439878463745, 0.8433226943016052, 0.9034991264343262, 10.69734001159668, 93.86952209472656, 1.43520987033844, -0.1738487333059311
31.304401397705078, 0.8388832807540894, 0.7984042167663574, 12.01953411102295, 122.5274429321289, 1.4351238012313843, -0.18565501272678375
31.314425230026245, 0.8388832807540894, 0.5980968475341797, 13.122632026672363, 120.10407257080078, 1.4350827932357788, -0.18565501272678375
31.324408054351807, 0.8553693294525146, 0.7361835837364197, 14.334752082824707, 143.7313232421875, 1.435041904449463, -0.34389838576316833
31.33442258834839, 0.8593848943710327, 0.60233473777771, 15.437339782714844, 133.6780548095703, 1.4349595308303833, -0.34389838576316833
31.344400882720947, 0.8654082417488098, 0.6469488143920898, 16.51095962524414, 150.1400146484375, 1.4349466562271118, -0.07420410960912704
31.35440683364868, 0.8667815923690796, 0.5506740808486938, 17.414403915405273, 145.09963989257812, 1.4349335432052612, -0.07420410960912704
31.364399909973145, 0.8667815923690796, 0.41528940200805664, 18.171859741210938, 123.00071716308594, 1.434991478919983, 0.5769530534744263
31.374403476715088, 0.8915092945098877, 0.7869799733161926, 19.449111938476562, 134.33499145507812, 1.434991478919983, 0.5769530534744263
31.384419679641724, 0.8975326418876648, 0.6915595531463623, 20.58075523376465, 128.15921020507812, 1.4350085258483887, 0.9774571061134338
31.394392013549805, 0.9035559892654419, 0.6023406982421875, 21.672821044921875, 109.75503540039062, 1.4350085258483887, 0.9774571061134338
31.40439772605896, 0.90757155418396, 0.686877965927124, 22.921689987182617, 109.02137756347656, 1.4349223375320435, 10.0
31.41440486907959, 0.7711285948753357, -0.7528198957443237, 21.705472946166992, 95.36509704589844, 1.4348771572113037, 10.0
31.424402236938477, 0.9216259717941284, 0.6625652313232422, 22.918352127075195, 85.8358383178711, 1.4349185228347778, 10.0
31.434407949447632, 0.9276493191719055, 0.7584889531135559, 24.151994705200195, 96.82952117919922, 1.434942364692688, 10.0
31.444399118423462, 0.9356803894042969, 0.7027208805084229, 25.42533302307129, 89.1439437866211, 1.4350285530090332, 10.0
31.45439910888672, 0.9396959543228149, 0.7291555404663086, 26.735401153564453, 93.2098388671875, 1.4351147413253784, 10.0
31.464412212371826, 0.945719301700592, 0.877082347869873, 28.15495491027832, 110.92333984375, 1.4352589845657349, 10.0
31.47441267967224, 0.9497348666191101, 0.6469421982765198, 29.187362670898438, 108.20282745361328, 1.435259222984314, 10.0
31.484403371810913, 0.9557581543922424, 0.5822539329528809, 30.245962142944336, 96.65184020996094, 1.435259222984314, 10.0
31.494405269622803, 0.9597737193107605, 0.6246368288993835, 31.268095016479492, 106.61400604248047, 1.4352010488510132, 10.0
31.504420042037964, 0.9657970666885376, 0.5822539329528809, 32.33731460571289, 94.15645599365234, 1.4350738525390625, 10.0
31.51441717147827, 0.9718204140663147, 2.0069241523742676, 36.009395599365234, 143.0389404296875, 1.4349749088287354, 10.0
31.524413347244263, 0.975835919380188, 0.6023313999176025, 37.01301956176758, 156.60772705078125, 1.4349052906036377, 10.0
31.53439998626709, 0.979851484298706, 0.5220174789428711, 37.97480010986328, 138.22784423828125, 1.4349052906036377, 10.0
31.544392585754395, 0.9838670492172241, 0.5354086756706238, 38.850921630859375, 149.17330932617188, 1.4349052906036377, 10.0
31.554402351379395, 0.9858748316764832, 0.46178698539733887, 39.69053649902344, 129.5513153076172, 1.4349632263183594, 10.0
31.564395666122437, 0.9878826141357422, 0.46848589181900024, 40.44661331176758, 136.57421875, 1.4349632263183594, 10.0
31.57439661026001, 0.9898903965950012, 0.40155649185180664, 41.17671585083008, 119.89326477050781, 1.435032844543457, 10.0
31.584403038024902, 0.9918981790542603, 0.40155649185180664, 41.82115173339844, 128.61337280273438, 1.435032844543457, 10.0
31.594403505325317, 0.9939059615135193, 0.3413200378417969, 42.441734313964844, 111.73667907714844, 1.4350907802581787, 10.0
31.60440421104431, 0.9979214668273926, 0.35693249106407166, 43.0152702331543, 118.64386749267578, 1.435032844543457, 10.0
31.614403247833252, 0.9999292492866516, 0.2811014652252197, 43.53689956665039, 75.274658203125, 1.435032844543457, 10.0
31.624481439590454, 1.0039448738098145, 0.3123217225074768, 44.047969818115234, 78.1661148071289, 1.435032844543457, 10.0
31.63440775871277, 1.0059525966644287, 0.2900097072124481, 44.52253341674805, 72.75263214111328, 1.435032844543457, 10.0
31.64439821243286, 1.007960319519043, 0.26769769191741943, 44.9605827331543, 67.88550567626953, 1.434991478919983, 10.0
31.65438675880432, 1.007960319519043, 0.22085905075073242, 45.369667053222656, 56.790924072265625, 1.434991478919983, 10.0
31.66440176963806, 1.0099681615829468, 0.22085309028625488, 45.771217346191406, 53.24592590332031, 1.4349632263183594, 10.0
31.674417734146118, 1.0099681615829468, 0.2230803221464157, 46.141395568847656, 55.16306686401367, 1.4349632263183594, 10.0
31.684405088424683, 1.011975884437561, 0.22309356927871704, 46.50645446777344, 52.059173583984375, 1.4349632263183594, 10.0
31.69440269470215, 1.011975884437561, 0.18069744110107422, 46.83499526977539, 43.93310546875, 1.434991478919983, 10.0
31.704400062561035, 1.011975884437561, 0.14055967330932617, 47.08542251586914, 40.70091247558594, 1.434991478919983, 10.0
31.71438431739807, 1.011975884437561, 0.12044906616210938, 47.304420471191406, 37.67547607421875, 1.434991478919983, 10.0
31.72442102432251, 1.011975884437561, 0.08923477679491043, 47.450443267822266, 37.8049201965332, 1.434991478919983, 10.0
31.734402179718018, 1.0043153762817383, -0.018186040222644806, 47.420684814453125, 32.20198059082031, 1.4349632263183594, 10.0
31.74442172050476, 1.0025568008422852, -0.06004174426198006, 47.32756805419922, 26.30021858215332, 1.4349632263183594, 10.0
31.754392862319946, 1.0008702278137207, -0.07877084612846375, 47.198673248291016, 20.321739196777344, 1.4350045919418335, -0.2064758986234665
31.76440668106079, 0.9987044930458069, -0.11265277862548828, 46.986328125, 12.151336669921875, 1.4350045919418335, -0.2064758986234665
31.774396657943726, 0.9958884119987488, -0.15642908215522766, 46.73035430908203, 6.543901443481445, 1.435032844543457, -0.3804173469543457
31.784417629241943, 0.9920797944068909, -0.1989603042602539, 46.363468170166016, -1.4301300048828125, 1.435032844543457, -0.3804173469543457
31.794419050216675, 0.9886388182640076, -0.23337602615356445, 45.939151763916016, -8.95843505859375, 1.434991478919983, -0.3608260750770569
31.804398775100708, 0.9858999252319336, -0.2607583999633789, 45.472564697265625, -16.1285400390625, 1.4349632263183594, -0.3608260750770569
31.81442666053772, 0.9858999252319336, -0.26076436042785645, 45.00358581542969, -23.007965087890625, 1.4349632263183594, -0.4528959095478058
31.824422597885132, 0.981288492679596, -0.30687451362609863, 44.44562911987305, -30.048370361328125, 1.4349632263183594, -0.4528959095478058
31.834400415420532, 0.981288492679596, -0.2558363676071167, 44.0269889831543, -37.708282470703125, 1.4349632263183594, -0.4589866101741791
31.844532251358032, 0.9792923927307129, -0.23266077041625977, 43.60396957397461, -37.23602294921875, 1.434991478919983, -0.4589866101741791
31.854422330856323, 0.9773030281066895, -0.26185643672943115, 43.17034149169922, -44.758689880371094, 1.434991478919983, -0.31135401129722595
31.864423274993896, 0.9753625988960266, -0.21219253540039062, 42.74595642089844, -38.54855728149414, 1.434991478919983, -0.31135401129722595
31.87440013885498, 0.9731069803237915, -0.28476864099502563, 42.33174514770508, -54.982662200927734, 1.434991478919983, -0.32653629779815674
31.88441514968872, 0.9731069803237915, -0.18972158432006836, 41.98679733276367, -43.76678466796875, 1.434991478919983, -0.32653629779815674
31.894389867782593, 0.9716601371765137, -0.18866856396198273, 41.67806625366211, -47.345054626464844, 1.4349632263183594, -0.3505508601665497
31.9044189453125, 0.9703962802886963, -0.15503168106079102, 41.401329040527344, -40.712738037109375, 1.4349632263183594, -0.3505508601665497
31.91439652442932, 0.9691184163093567, -0.18646319210529327, 41.09620666503906, -43.41549301147461, 1.4349632263183594, -0.3152657449245453
31.924409866333008, 0.9668635129928589, -0.1442551612854004, 40.833927154541016, -36.11717224121094, 1.4349632263183594, -0.3152657449245453
31.934401035308838, 0.9668635129928589, -0.1442551612854004, 40.833927154541016, -36.11717224121094, 1.4349632263183594, -0.2800675630569458
31.94440770149231, 0.9590096473693848, -0.11725488305091858, 40.428863525390625, -18.937362670898438, 1.434991478919983, -0.2800675630569458
31.954395532608032, 0.9534693360328674, -0.28692352771759033, 39.95421600341797, -40.55235290527344, 1.4349632263183594, -0.3540142774581909
31.964417695999146, 0.9459090828895569, -0.34880638122558594, 39.38857650756836, -42.019737243652344, 1.4349632263183594, -0.3540142774581909
31.974400281906128, 0.9403324127197266, -0.3892315626144409, 38.751651763916016, -44.38103485107422, 1.4349632263183594, -0.46899282932281494
31.984432458877563, 0.9403324127197266, -0.32774806022644043, 38.15574645996094, -41.76063537597656, 1.4349220991134644, -0.46899282932281494
31.99441909790039, 0.9345099329948425, -0.385969877243042, 37.461463928222656, -45.25299072265625, 1.434991478919983, -0.4947964549064636
32.00441002845764, 0.9314877390861511, -0.4463593065738678, 36.718441009521484, -55.10711669921875, 1.434991478919983, -0.4947964549064636
32.01439595222473, 0.9285069704055786, -0.4188954830169678, 35.95681381225586, -54.44488525390625, 1.434991478919983, -0.31915122270584106
32.02440667152405, 0.9253605604171753, -0.43758153915405273, 35.16120910644531, -59.35020446777344, 1.434991478919983, -0.31915122270584106
32.03440570831299, 0.9207846522331238, -0.5119840502738953, 34.32341766357422, -72.33853149414062, 1.434991478919983, -0.4239947199821472
32.044398069381714, 0.9170751571655273, -0.4659493863582611, 33.56095504760742, -76.31089782714844, 1.4349632263183594, -0.4239947199821472
32.05440020561218, 0.9111238718032837, -0.4234492778778076, 32.79618453979492, -71.57974243164062, 1.4349632263183594, -0.45631635189056396
32.06439924240112, 0.9034703373908997, -0.42438507080078125, 32.024574279785156, -73.64044189453125, 1.4349632263183594, -0.45631635189056396
32.074397563934326, 0.8971235752105713, -0.48010218143463135, 31.238954544067383, -83.47405242919922, 1.4349632263183594, -0.5555398464202881
32.084394693374634, 0.8901868462562561, -0.5014479160308838, 30.32723045349121, -78.28521728515625, 1.434991478919983, -0.5555398464202881
32.094393253326416, 0.8854403495788574, -0.4907071590423584, 29.429899215698242, -80.31539916992188, 1.434991478919983, -0.46093982458114624
32.10439920425415, 0.8796696066856384, -0.5757544040679932, 28.487754821777344, -91.45227813720703, 1.434991478919983, -0.46093982458114624
32.11441612243652, 0.8743073344230652, -0.5419909954071045, 27.502317428588867, -84.54513549804688, 1.434991478919983, -0.4097796380519867
32.124401569366455, 0.8743073344230652, -0.5105316638946533, 26.574077606201172, -85.8713150024414, 1.4349632263183594, -0.4097796380519867
32.13440823554993, 0.8659347295761108, -0.5485057830810547, 25.581932067871094, -87.41493225097656, 1.4349052906036377, -0.5113494992256165
32.14439916610718, 0.8570801019668579, -0.5999445915222168, 24.501657485961914, -90.59295654296875, 1.4349052906036377, -0.5113494992256165
32.154399156570435, 0.8509105443954468, -0.6021380424499512, 23.4068603515625, -93.89305114746094, 1.4349052906036377, -0.5083494186401367
32.16439914703369, 0.8465308547019958, -0.6326569318771362, 22.37160301208496, -107.25508880615234, 1.4348641633987427, -0.5083494186401367
32.174431562423706, 0.8429477214813232, -0.60195392370224, 21.394065856933594, -109.38750457763672, 1.4349504709243774, -0.6073266267776489
32.184401512145996, 0.8389827013015747, -0.5689263343811035, 20.447402954101562, -109.77597045898438, 1.434991478919983, -0.6073266267776489
32.19438886642456, 0.8329484462738037, -0.5249202251434326, 19.485546112060547, -99.44381713867188, 1.4350494146347046, -0.5647624731063843
32.20441222190857, 0.8249104619026184, -0.5475938320159912, 18.479387283325195, -100.08354187011719, 1.4350494146347046, -0.5647624731063843
32.21442103385925, 0.8143545389175415, -0.6661415100097656, 17.38933753967285, -112.3663558959961, 1.4350907802581787, -0.7923334836959839
32.224400997161865, 0.8074076175689697, -0.6690025329589844, 16.165449142456055, -104.0863037109375, 1.435032844543457, -0.7923334836959839
32.23443531990051, 0.8024932146072388, -0.6344139575958252, 15.022502899169922, -105.59425354003906, 1.4350045919418335, -0.15222570300102234
32.24441623687744, 0.7979583740234375, -0.5912184715270996, 13.952696800231934, -105.48954010009766, 1.4349052906036377, -0.15222570300102234
32.25442671775818, 0.792250394821167, -0.5865931510925293, 12.904218673706055, -105.02662658691406, 1.4349052906036377, -0.6840785145759583
32.26442098617554, 0.7845656275749207, -0.6884998679161072, 11.777582168579102, -117.71117401123047, 1.4349052906036377, -0.6840785145759583
32.27440571784973, 0.7771022319793701, -0.6584644317626953, 10.580374717712402, -108.13703918457031, 1.4349220991134644, -0.9782732129096985
32.28443098068237, 0.7704419493675232, -0.761561930179596, 9.33112621307373, -123.51417541503906, 1.4349504709243774, -0.9782732129096985
32.294402837753296, 0.7657146453857422, -0.6723403930664062, 8.103529930114746, -113.82035827636719, 1.4349504709243774, -1.1275744438171387
32.30441427230835, 0.7657146453857422, -0.5919575691223145, 7.027243614196777, -114.52131652832031, 1.4349504709243774, -1.1275744438171387
32.31439709663391, 0.7592175006866455, -0.612629771232605, 6.024758815765381, -126.2730484008789, 1.4349504709243774, -0.5962837934494019
32.32442045211792, 0.7495232224464417, -0.6431605815887451, 4.97231388092041, -124.36824035644531, 1.4349504709243774, -0.5962837934494019
32.334404945373535, 0.7417537569999695, -0.6748901605606079, 3.867948293685913, -123.93940734863281, 1.4349220991134644, -0.24759943783283234
32.34442639350891, 0.7384516000747681, -0.5950689315795898, 2.791163444519043, -111.61528015136719, 1.4348771572113037, -0.24759943783283234
32.35442590713501, 0.735682487487793, -0.6285243630409241, 1.7708402872085571, -123.70427703857422, 1.4347498416900635, -0.44705015420913696
32.36441373825073, 0.7353475093841553, -0.4921853542327881, 0.8991060853004456, -108.78482055664062, 1.4345645904541016, -0.44705015420913696
32.37443208694458, 0.7381294965744019, -0.4330211281776428, 0.22420810163021088, -115.06848907470703, 1.4344656467437744, -1.2406641244888306
32.38443303108215, 0.7451227903366089, -0.2813273072242737, -0.2181558907032013, -106.10310363769531, 1.434482455253601, -1.2406641244888306
32.39442491531372, 0.7569915652275085, -0.09692377597093582, -0.3798145353794098, -94.25939178466797, 1.4346132278442383, -0.1987779587507248
32.40440893173218, 0.767500102519989, 0.019835101440548897, -0.3711339235305786, -82.20417022705078, 1.4347573518753052, -0.1987779587507248
32.414411783218384, 0.7800831198692322, 0.23184220492839813, -0.01796014979481697, -67.1413345336914, 1.4350122213363647, -0.5298957228660583
32.424455404281616, 0.7800831198692322, 0.3055989742279053, 0.4913344383239746, -44.809783935546875, 1.4351394176483154, -0.5298957228660583
32.43444585800171, 0.786532461643219, 0.4477858543395996, 1.2823638916015625, -25.855857849121094, 1.4352219104766846, -0.013623110018670559
32.44442105293274, 0.7924550771713257, 0.6000399589538574, 2.249248743057251, -6.021274566650391, 1.4353041648864746, -0.013623110018670559
32.454400300979614, 0.7979626655578613, 0.6228029727935791, 3.3666625022888184, 15.95822525024414, 1.435300350189209, -0.04483043774962425
32.464420795440674, 0.8030239343643188, 0.751958966255188, 4.597834587097168, 41.09698486328125, 1.4352550506591797, -0.04483043774962425
32.47446846961975, 0.8030239343643188, 0.6489455699920654, 5.785971641540527, 55.617618560791016, 1.4351688623428345, -0.04483043774962425
32.48439598083496, 0.8089885711669922, 0.7096131443977356, 6.962827682495117, 79.78872680664062, 1.4351109266281128, -0.08918435871601105
32.49439859390259, 0.8116257190704346, 0.546342134475708, 7.966710567474365, 83.46526336669922, 1.4351109266281128, -0.11446919292211533
32.504403591156006, 0.8124366402626038, 0.49929487705230713, 8.783738136291504, 101.72075653076172, 1.4350701570510864, -0.11446919292211533
32.51443147659302, 0.8124366402626038, 0.359488844871521, 9.379405975341797, 104.41520690917969, 1.4350286722183228, -0.11446919292211533
32.52444314956665, 0.8160424828529358, 0.3995431661605835, 10.040746688842773, 106.10458374023438, 1.4349876642227173, -0.06888613104820251
32.53442120552063, 0.8206641674041748, 0.3792378604412079, 10.668773651123047, 104.29350280761719, 1.4349466562271118, -0.06888613104820251
32.5444221496582, 0.8275318145751953, 0.3507673740386963, 11.31398868560791, 90.6473617553711, 1.4349335432052612, -0.12058684229850769
32.55443453788757, 0.8336347341537476, 0.3567218780517578, 11.964957237243652, 85.98289489746094, 1.4349504709243774, -0.12058684229850769
32.564425230026245, 0.8379006385803223, 0.3875229060649872, 12.59600830078125, 88.86866760253906, 1.4349504709243774, -0.0731811374425888
32.57440376281738, 0.8421516418457031, 0.4347562789916992, 13.307427406311035, 83.5717544555664, 1.4349223375320435, -0.0731811374425888
32.584492206573486, 0.8453635573387146, 0.36374330520629883, 13.973894119262695, 70.11051177978516, 1.4349223375320435, -0.2445484697818756
32.594990968704224, 0.8573771119117737, 0.5083613991737366, 14.805758476257324, 75.98950958251953, 1.4349632263183594, -0.2445484697818756
32.60440397262573, 0.8593848943710327, 0.5216400027275085, 15.65191650390625, 76.31301879882812, 1.4349466562271118, -0.18376542627811432
32.61440587043762, 0.8536352515220642, 0.4119873046875, 16.40399742126465, 70.24593353271484, 1.4349875450134277, -0.18376542627811432
32.62442064285278, 0.8634004592895508, 0.47357678413391113, 17.257612228393555, 72.16873168945312, 1.435073733329773, 0.017733177170157433
32.634400606155396, 0.8674160242080688, 0.5194743275642395, 18.091989517211914, 82.48021697998047, 1.4351147413253784, 0.017733177170157433
32.64439582824707, 0.8608974814414978, 0.37072765827178955, 18.691179275512695, 81.9686279296875, 1.4351729154586792, -0.12890362739562988
32.65441823005676, 0.8652070760726929, 0.3507998287677765, 19.254638671875, 80.99662017822266, 1.4351600408554077, -0.12890362739562988
32.66440534591675, 0.8774548768997192, 0.39554834365844727, 19.976158142089844, 73.8016128540039, 1.4351600408554077, 0.9055843353271484
32.67439007759094, 0.8714028596878052, 0.32501089572906494, 20.507993698120117, 80.00607299804688, 1.4351319074630737, 0.9055843353271484
32.684401988983154, 0.8834782242774963, 0.42349761724472046, 21.206104278564453, 80.35787200927734, 1.435032844543457, 0.5971930027008057
32.69443678855896, 0.8854860067367554, 0.2810835838317871, 21.735177993774414, 69.2941665649414, 1.4349466562271118, 0.5971930027008057
32.704399824142456, 0.8854860067367554, 0.26100873947143555, 22.22541046142578, 65.73486328125, 1.4348771572113037, 1.865012288093567
32.714415550231934, 0.8874937891960144, 0.37620463967323303, 22.853652954101562, 71.66290283203125, 1.4348771572113037, 1.865012288093567
32.72440814971924, 0.8895015716552734, 0.2900163233280182, 23.32822608947754, 67.45147705078125, 1.4349052906036377, 9.972518920898438
32.73440504074097, 0.8895015716552734, 0.22085905075073242, 23.724672317504883, 56.326866149902344, 1.4349052906036377, 9.972518920898438
32.74440145492554, 0.8915092945098877, 0.30611157417297363, 24.281238555908203, 55.90057373046875, 1.434991478919983, 10.0
32.75439810752869, 0.8915092945098877, 0.26302337646484375, 24.743791580200195, 54.891395568847656, 1.4350494146347046, 10.0
32.76438879966736, 0.8915092945098877, 0.15615755319595337, 24.988788604736328, 55.69585037231445, 1.4350494146347046, 10.0
32.774670124053955, 0.8915092945098877, 0.2010643482208252, 25.354360580444336, 48.46363067626953, 1.4350907802581787, 10.0
32.78442430496216, 0.8935170769691467, 0.10039210319519043, 25.52937126159668, 43.23272705078125, 1.4350907802581787, 10.0
32.794408559799194, 0.8935170769691467, 0.08923477679491043, 25.675392150878906, 43.78001022338867, 1.435032844543457, 10.0
32.80440545082092, 0.8935170769691467, 0.08922815322875977, 25.831933975219727, 40.072757720947266, 1.435032844543457, 10.0
32.81440186500549, 0.8935170769691467, 0.06693601608276367, 25.94146728515625, 34.30875015258789, 1.435032844543457, 10.0
32.82439732551575, 0.8935170769691467, 0.040149688720703125, 26.01446533203125, 26.862525939941406, 1.4350045919418335, 10.0
32.83440279960632, 0.8935170769691467, 0.0401616096496582, 26.09262466430664, 23.679733276367188, 1.4350045919418335, 10.0
32.84440016746521, 0.8955248594284058, 0.040149688720703125, 26.16562271118164, 18.843841552734375, 1.4350045919418335, 4.6499199867248535
32.85439372062683, 0.8955248594284058, 0.040149688720703125, 26.238622665405273, 14.948081970214844, 1.4350045919418335, 0.05374987795948982
32.864434003829956, 0.8975326418876648, 0.066929392516613, 26.34814453125, 15.103870391845703, 1.4349632263183594, 0.05374987795948982
32.874404191970825, 0.8995404243469238, 0.08924802392721176, 26.501707077026367, 12.748082160949707, 1.4349632263183594, 0.05374987795948982
32.88447427749634, 0.9015482068061829, 0.0892215296626091, 26.647705078125, 12.426164627075195, 1.4349632263183594, 0.09471632540225983
32.89441752433777, 0.8813533186912537, -0.12164115905761719, 26.42654037475586, 7.5115203857421875, 1.4349632263183594, 0.09471632540225983
32.90613770484924, 0.8773739337921143, -0.17936362326145172, 26.13303565979004, 3.345489501953125, 1.4349220991134644, 10.0
32.91440939903259, 0.8743412494659424, -0.19175410270690918, 25.7918701171875, -1.4957427978515625, 1.4349220991134644, 10.0
32.92440986633301, 0.8711381554603577, -0.24865733087062836, 25.38497543334961, -6.9942474365234375, 1.4349632263183594, -0.6802288889884949
32.934406757354736, 0.8711381554603577, -0.2237856388092041, 24.97061538696289, -11.219978332519531, 1.434991478919983, -0.6802288889884949
32.94459867477417, 0.8995404243469238, 0.04013776779174805, 25.038455963134766, -11.27166748046875, 1.434991478919983, -0.5974817276000977
32.95442867279053, 0.8975326418876648, 0.018266113474965096, 25.074989318847656, -10.578502655029297, 1.434991478919983, -0.5974817276000977
32.96439290046692, 0.8915092945098877, -0.07528811693191528, 24.965478897094727, -17.28367805480957, 1.434991478919983, -0.430390328168869
32.974390506744385, 0.8854860067367554, -0.1561707854270935, 24.70992660522461, -19.908693313598633, 1.434991478919983, -0.430390328168869
32.984408140182495, 0.8794626593589783, -0.22085309028625488, 24.308374404907227, -23.39324951171875, 1.4349632263183594, 0.04323679581284523
32.994396924972534, 0.8734393119812012, -0.07914304733276367, 24.169614791870117, -22.56927490234375, 1.4349632263183594, 0.04323679581284523
33.00440168380737, 0.8674160242080688, -0.09957551956176758, 23.988569259643555, -21.44451141357422, 1.4349052906036377, -0.5623772144317627
33.01439833641052, 0.8624449968338013, -0.13217660784721375, 23.782814025878906, -22.32276153564453, 1.4349052906036377, -0.5623772144317627
33.02440667152405, 0.8624449968338013, -0.09658601880073547, 23.62476348876953, -19.558164596557617, 1.4348641633987427, -0.5486736297607422
33.03439235687256, 0.8591222763061523, -0.1201629638671875, 23.41376304626465, -15.568733215332031, 1.4349220991134644, -0.6788079738616943
33.044414043426514, 0.8591222763061523, -0.4490945041179657, 22.66834831237793, -26.334550857543945, 1.4349504709243774, -0.6788079738616943
33.05441927909851, 0.848240315914154, -0.49293041229248047, 21.766952514648438, -33.080291748046875, 1.4349504709243774, -0.4695579707622528
33.06439280509949, 0.8416220545768738, -0.5542967319488525, 20.859920501708984, -45.61699676513672, 1.434991478919983, -0.4695579707622528
33.07440400123596, 0.8371259570121765, -0.4835963249206543, 19.97319984436035, -47.367286682128906, 1.434991478919983, -0.4695579707622528
33.08440542221069, 0.8350261449813843, -0.4937383830547333, 19.165264129638672, -57.14564895629883, 1.434991478919983, -0.5288772583007812
33.094391107559204, 0.8320404291152954, -0.4139900207519531, 18.412553787231445, -57.570648193359375, 1.434991478919983, -0.5288772583007812
33.10440015792847, 0.8302595019340515, -0.4128548800945282, 17.736974716186523, -69.46224975585938, 1.4349632263183594, -0.8826621770858765
33.11439847946167, 0.8281331658363342, -0.3812379240989685, 17.118267059326172, -74.0502700805664, 1.4349632263183594, -0.8826621770858765
33.12439489364624, 0.824283242225647, -0.38161277770996094, 16.42442512512207, -72.00374603271484, 1.4349632263183594, -0.598913848400116
33.134392738342285, 0.8193268775939941, -0.39795637130737305, 15.700868606567383, -77.12879180908203, 1.4349632263183594, -0.598913848400116
33.14439272880554, 0.8193268775939941, -0.4421803653240204, 14.977300643920898, -85.45621490478516, 1.4349632263183594, -0.7992292642593384
33.15440058708191, 0.8131393790245056, -0.35100579261779785, 14.33910846710205, -74.27825927734375, 1.4349220991134644, -0.7992292642593384
33.16443109512329, 0.8031399846076965, -0.38481950759887695, 13.6469144821167, -72.13020324707031, 1.4349220991134644, -0.7695357203483582
33.174396276474, 0.8031399846076965, -0.3776153028011322, 13.028998374938965, -77.15797424316406, 1.4349220991134644, -0.7695357203483582
33.18439483642578, 0.7998300194740295, -0.3910660743713379, 12.389071464538574, -75.2908935546875, 1.4349504709243774, -0.4494387209415436
33.194392681121826, 0.7981789708137512, -0.33861398696899414, 11.768251419067383, -66.44296264648438, 1.434991478919983, -0.4494387209415436
33.20440888404846, 0.7954919338226318, -0.3863109350204468, 11.128650665283203, -73.42581939697266, 1.434991478919983, -0.5671524405479431
33.21440005302429, 0.7909272313117981, -0.4133979380130768, 10.452180862426758, -74.06764221191406, 1.434991478919983, -0.5671524405479431
33.22439646720886, 0.7838600277900696, -0.4042327404022217, 9.717212677001953, -67.07220458984375, 1.4349632263183594, -0.09965157508850098
33.23440194129944, 0.7756162285804749, -0.48567187786102295, 8.927613258361816, -75.25836181640625, 1.4350045919418335, -0.09965157508850098
33.244420289993286, 0.7683823704719543, -0.5094408988952637, 7.993835926055908, -69.83460998535156, 1.4349052906036377, -0.8065307140350342
33.254390716552734, 0.7640638947486877, -0.5452897548675537, 7.119598388671875, -80.21662139892578, 1.4349052906036377, -0.8065307140350342
33.26440453529358, 0.7625117897987366, -0.4062831401824951, 6.38090181350708, -72.6602554321289, 1.4349052906036377, -0.5799891352653503
33.27439785003662, 0.761789083480835, -0.41350722312927246, 5.62907075881958, -73.99911499023438, 1.4349220991134644, -0.5799891352653503
33.28440523147583, 0.7591426968574524, -0.45208799839019775, 4.886234283447266, -83.36491394042969, 1.4349504709243774, -1.1052662134170532
33.29440379142761, 0.753302812576294, -0.49861934781074524, 4.065153121948242, -85.58993530273438, 1.4349504709243774, -1.1052662134170532
33.30442142486572, 0.7451268434524536, -0.5596213936805725, 3.149409055709839, -88.65838623046875, 1.4350084066390991, -0.7846810221672058
33.314422369003296, 0.7364445328712463, -0.6053580045700073, 2.148289442062378, -92.26539611816406, 1.4349632263183594, -0.7846810221672058
33.324414014816284, 0.7330878973007202, -0.5077242851257324, 1.2333688735961914, -84.83839416503906, 1.4349350929260254, -0.9496427774429321
33.33440184593201, 0.7338222861289978, -0.41792988777160645, 0.478611558675766, -84.4901123046875, 1.4347498416900635, -0.9496427774429321
33.34495782852173, 0.7377651929855347, -0.34019020199775696, -0.044381264597177505, -89.31350708007812, 1.4345365762710571, -0.2953788936138153
33.35441827774048, 0.7427380084991455, -0.21325945854187012, -0.393350213766098, -75.12950897216797, 1.434523582458496, -0.2953788936138153
33.36451530456543, 0.7483850121498108, -0.15696552395820618, -0.6478403806686401, -78.09712982177734, 1.4345107078552246, -0.531997561454773
33.37440776824951, 0.7521573901176453, -0.09632110595703125, -0.820628821849823, -64.4969482421875, 1.4346132278442383, -0.531997561454773
33.38441276550293, 0.7568857669830322, -0.02506706491112709, -0.8802876472473145, -64.07247161865234, 1.4347988367080688, -0.9061335325241089
33.394399881362915, 0.7621587514877319, 0.08855462074279785, -0.7530263066291809, -48.18178939819336, 1.4349260330200195, -0.9061335325241089
33.4043972492218, 0.7682981491088867, 0.23171305656433105, -0.3548564314842224, -35.042659759521484, 1.435180902481079, 0.028344204649329185
33.4144070148468, 0.776971161365509, 0.4052698612213135, 0.3356579542160034, -18.126312255859375, 1.4352912902832031, 0.028344204649329185
33.424394845962524, 0.7832133769989014, 0.55694580078125, 1.2269532680511475, -0.07128218561410904, 1.4353041648864746, -0.007622837089002132
33.434412479400635, 0.789092481136322, 0.5527019500732422, 2.229525089263916, 17.509136199951172, 1.4352589845657349, -0.007622837089002132
33.44441246986389, 0.7908332347869873, 0.5896422863006592, 3.202608823776245, 36.077667236328125, 1.4352142810821533, -0.039504580199718475
33.45440220832825, 0.7933550477027893, 0.5624161958694458, 4.131053924560547, 50.27115249633789, 1.435197353363037, -0.039504580199718475
33.46440768241882, 0.7933550477027893, 0.4496932029724121, 4.951756000518799, 55.99595260620117, 1.4350699186325073, -0.05020114779472351
33.474406719207764, 0.7884754538536072, 0.40353667736053467, 5.635258674621582, 71.73209381103516, 1.4350417852401733, -0.05020114779472351
33.484405279159546, 0.7884754538536072, 0.3158986568450928, 6.21473503112793, 70.95022583007812, 1.4350005388259888, -0.05249350145459175
33.49440956115723, 0.7883902192115784, 0.2623140811920166, 6.699169158935547, 74.52192687988281, 1.4349595308303833, -0.05249350145459175
33.50440192222595, 0.790679395198822, 0.2238154411315918, 7.113562107086182, 74.68421173095703, 1.4349466562271118, -0.024232251569628716
33.51439332962036, 0.7953688502311707, 0.20441082119941711, 7.4503936767578125, 79.05265808105469, 1.4349052906036377, -0.024232251569628716
33.52438974380493, 0.8022177815437317, 0.19004344940185547, 7.80344820022583, 65.76495361328125, 1.4349504709243774, -0.024232251569628716
33.53439903259277, 0.8065118193626404, 0.17420053482055664, 8.111961364746094, 58.824302673339844, 1.434950590133667, -0.043197598308324814
33.544397830963135, 0.8106769919395447, 0.22048419713974, 8.472732543945312, 58.55703353881836, 1.4350085258483887, -0.043197598308324814
33.554394006729126, 0.8140559196472168, 0.23000770807266235, 8.838574409484863, 52.30569839477539, 1.4350085258483887, -0.14784018695354462
33.56439995765686, 0.8157844543457031, 0.22430419921875, 9.246400833129883, 42.946434020996094, 1.4349223375320435, -0.14784018695354462
33.574421405792236, 0.8159998059272766, 0.30581820011138916, 9.762500762939453, 45.85816955566406, 1.4349632263183594, -0.08149702101945877
33.584389448165894, 0.8154594898223877, 0.299824595451355, 10.245688438415527, 44.78857421875, 1.4349464178085327, -0.08149702101945877
33.59440040588379, 0.8141971826553345, 0.25807619094848633, 10.717974662780762, 40.187931060791016, 1.4349875450134277, -0.1508205682039261
33.60440015792847, 0.8135761618614197, 0.25439924001693726, 11.126786231994629, 44.59126663208008, 1.4349875450134277, -0.1508205682039261
33.61440348625183, 0.8137957453727722, 0.2047419548034668, 11.46181869506836, 44.57155990600586, 1.435045599937439, -0.12580658495426178
33.624411821365356, 0.8147748112678528, 0.12556910514831543, 11.679570198059082, 38.761234283447266, 1.4350738525390625, -0.12580658495426178
33.63445568084717, 0.8162738084793091, 0.1084672063589096, 11.85192584991455, 41.5552978515625, 1.4351319074630737, -0.11626128107309341
33.64440560340881, 0.8179125189781189, 0.08039341866970062, 11.972923278808594, 38.89094543457031, 1.4350907802581787, -0.11626128107309341
33.65440034866333, 0.8186643719673157, 0.04608035087585449, 12.064183235168457, 32.25603103637695, 1.4350907802581787, -0.10437684506177902
33.66439986228943, 0.8196731209754944, 0.03889203071594238, 12.134896278381348, 28.88498306274414, 1.4350907802581787, -0.10437684506177902
33.67440223693848, 0.8199817538261414, 0.04424651339650154, 12.20729923248291, 27.164352416992188, 1.434991478919983, 0.011472685262560844
33.68441867828369, 0.8198743462562561, 0.044149160385131836, 12.305624961853027, 20.599365234375, 1.4349632263183594, 0.011472685262560844
33.69440531730652, 0.8200293183326721, 0.06479687243700027, 12.416793823242188, 18.875757217407227, 1.4349052906036377, 0.011472685262560844
33.70441818237305, 0.8200293183326721, 0.06453394889831543, 12.544661521911621, 14.178752899169922, 1.4349052906036377, 0.014332517981529236
33.714394092559814, 0.829268217086792, 0.1719130426645279, 12.825973510742188, 15.157276153564453, 1.4349052906036377, 0.014332517981529236
33.72440433502197, 0.831275999546051, 0.1650094985961914, 13.125990867614746, 14.464187622070312, 1.4349052906036377, -0.08004799485206604
33.73439979553223, 0.8332837820053101, 0.18899308145046234, 13.43525218963623, 17.592430114746094, 1.4349052906036377, -0.08004799485206604
33.74439334869385, 0.8352915644645691, 0.19311243295669556, 13.75125503540039, 19.759389877319336, 1.434991478919983, -0.1430644989013672
33.754414081573486, 0.8372993469238281, 0.18634796142578125, 14.0743989944458, 20.10211944580078, 1.434991478919983, -0.1430644989013672
33.76440644264221, 0.8393071293830872, 0.19633769989013672, 14.431376457214355, 22.964954376220703, 1.434991478919983, -0.14805400371551514
33.774399280548096, 0.8413149118423462, 0.23704105615615845, 14.81926155090332, 29.021686553955078, 1.434991478919983, -0.14805400371551514
33.78439807891846, 0.8413149118423462, 0.21440982818603516, 15.209097862243652, 29.034709930419922, 1.434991478919983, -0.1499738246202469
33.794394731521606, 0.8433226943016052, 0.2588033676147461, 15.632594108581543, 35.73120880126953, 1.434991478919983, -0.1499738246202469
33.80440902709961, 0.8433226943016052, 0.23293495178222656, 16.05611228942871, 35.114383697509766, 1.4349632263183594, -0.22905385494232178
33.81440472602844, 0.8433226943016052, 0.14054179191589355, 16.31678009033203, 34.90800857543945, 1.4349632263183594, -0.22905385494232178
33.82440757751465, 0.8413149118423462, 0.11154678463935852, 16.499311447143555, 37.48152160644531, 1.4349632263183594, -0.21906369924545288
33.83441233634949, 0.8393071293830872, 0.066929392516613, 16.60883140563965, 35.26189422607422, 1.4349632263183594, -0.21906369924545288
33.84441304206848, 0.8352915644645691, 0.0, 16.60883140563965, 31.75078582763672, 1.434991478919983, -0.2393704652786255
33.85440754890442, 0.831275999546051, -0.066929392516613, 16.494173049926758, 26.886516571044922, 1.434991478919983, -0.2393704652786255
33.86442184448242, 0.8272604942321777, -0.12046694755554199, 16.275142669677734, 18.437576293945312, 1.434991478919983, -0.027168171480298042
33.87440633773804, 0.8212371468544006, -0.22308693826198578, 15.910091400146484, 12.120564460754395, 1.434991478919983, -0.027168171480298042
33.88440656661987, 0.8172215819358826, -0.24093389511108398, 15.472029685974121, 2.62908935546875, 1.4349632263183594, -0.8547016382217407
33.894407510757446, 0.8132060170173645, -0.33462047576904297, 14.929606437683105, -7.81080436706543, 1.4349632263183594, -0.8547016382217407
33.904401540756226, 0.8111982345581055, -0.3212451934814453, 14.345523834228516, -17.105960845947266, 1.4349052906036377, -0.672934889793396
33.91440272331238, 0.8111982345581055, -0.3569391071796417, 13.77197551727295, -28.27570152282715, 1.4348641633987427, -0.672934889793396
33.92439913749695, 0.8091904520988464, -0.3212451934814453, 13.1953706741333, -33.039283752441406, 1.4349220991134644, -0.47444960474967957
33.934401512145996, 0.8111982345581055, -0.3123217225074768, 12.673765182495117, -43.722999572753906, 1.434991478919983, -0.47444960474967957
33.94441056251526, 0.8111982345581055, -0.24093389511108398, 12.223089218139648, -43.857574462890625, 1.434991478919983, -0.47444960474967957
33.95440864562988, 0.8091904520988464, -0.24540556967258453, 11.821516036987305, -51.918243408203125, 1.434991478919983, -0.9220317006111145
33.96440553665161, 0.8091904520988464, -0.18069148063659668, 11.492986679077148, -47.82142639160156, 1.434991478919983, -0.9220317006111145
33.974403381347656, 0.8071827292442322, -0.1561707854270935, 11.237434387207031, -51.91856002807617, 1.434991478919983, -0.7954922914505005
33.98439812660217, 0.8031671643257141, -0.14054179191589355, 10.981904029846191, -44.901180267333984, 1.434991478919983, -0.7954922914505005
33.99442934989929, 0.797143816947937, -0.16061663627624512, 10.689873695373535, -42.397403717041016, 1.434991478919983, -0.6151078343391418
34.00441932678223, 0.7911204695701599, -0.20077824592590332, 10.324822425842285, -40.20700454711914, 1.434991478919983, -0.6151078343391418
34.01440453529358, 0.7850971817970276, -0.29000309109687805, 9.850271224975586, -43.574546813964844, 1.434991478919983, -0.6226702928543091
34.024405002593994, 0.7810816168785095, -0.3123283386230469, 9.339188575744629, -42.846466064453125, 1.4349632263183594, -0.6226702928543091
34.034414529800415, 0.7770660519599915, -0.3792378604412079, 8.7237548828125, -43.88904571533203, 1.4349632263183594, -1.0877572298049927
34.04440784454346, 0.7770660519599915, -0.3413259983062744, 8.103161811828613, -41.1992073059082, 1.4349632263183594, -1.0877572298049927
34.05439901351929, 0.7676107287406921, -0.46199560165405273, 7.347168922424316, -49.714935302734375, 1.4349220991134644, -0.6658629179000854
34.06440711021423, 0.7750582695007324, -0.3413259983062744, 6.734054088592529, -47.58939743041992, 1.4349220991134644, -0.6658629179000854
34.074400424957275, 0.7585638165473938, -0.5402035117149353, 5.8500847816467285, -59.85948944091797, 1.4349220991134644, -1.1978106498718262
34.08440589904785, 0.7710427045822144, -0.3212451934814453, 5.266002655029297, -57.15904235839844, 1.4349504709243774, -1.1978106498718262
34.09439206123352, 0.7670271396636963, -0.30117034912109375, 4.713261604309082, -59.765960693359375, 1.4349504709243774, -0.754367470741272
34.10475730895996, 0.761003851890564, -0.33462709188461304, 4.165689945220947, -68.43492889404297, 1.434991478919983, -0.754367470741272
34.11440634727478, 0.7549805045127869, -0.3011643886566162, 3.6106622219085693, -62.396095275878906, 1.434991478919983, -0.754367470741272
34.12439441680908, 0.7446737289428711, -0.40453672409057617, 2.948693037033081, -71.00550079345703, 1.4349632263183594, -0.43048739433288574
34.1343948841095, 0.7446737289428711, -0.3239274024963379, 2.364871025085449, -63.588809967041016, 1.4349052906036377, -0.43048739433288574
34.14441752433777, 0.7469493746757507, -0.3011643886566162, 1.8278331756591797, -62.75325012207031, 1.434819221496582, -0.8232695460319519
34.15439796447754, 0.7363912463188171, -0.3468858003616333, 1.275850772857666, -67.4590835571289, 1.4347498416900635, -0.8232695460319519
34.16440534591675, 0.7529727220535278, -0.22085309028625488, 0.8869141936302185, -58.47144317626953, 1.4346507787704468, -0.850903332233429
34.17442011833191, 0.7569882869720459, -0.017503896728157997, 0.8762829303741455, -55.26447296142578, 1.4346381425857544, -0.850903332233429
34.184404134750366, 0.7483044266700745, -0.2526508569717407, 0.46515175700187683, -53.34279251098633, 1.434781789779663, -0.5256049633026123
34.19440746307373, 0.7556100487709045, -0.11417269706726074, 0.23144735395908356, -44.818138122558594, 1.4348397254943848, -0.5256049633026123
