30.941978216171265, 1.173179268836975, -1.057291030883789, 85.03925323486328, 34.295654296875, 1.4349894523620605, 0.0
30.951980113983154, 1.1626380681991577, -1.0968711376190186, 83.26234436035156, 36.60414123535156, 1.434890627861023, -0.0684622973203659
30.961984157562256, 1.1486623287200928, -1.2521346807479858, 81.21339416503906, 30.05727195739746, 1.434890627861023, -0.08072977513074875
30.971990823745728, 1.1397370100021362, -1.0680675506591797, 79.27145385742188, 22.403717041015625, 1.434890627861023, -0.0855792835354805
30.98197031021118, 1.1203243732452393, -1.1645317077636719, 77.14361572265625, 17.67120361328125, 1.434948444366455, -0.10721522569656372
30.991978883743286, 1.1052786111831665, -1.2928379774093628, 75.02294158935547, 16.48796844482422, 1.434976577758789, -0.06929253786802292
31.001973152160645, 1.1052786111831665, -1.1819071769714355, 73.08891296386719, 14.500935554504395, 1.434976577758789, -0.07385928928852081
31.0120050907135, 1.0911693572998047, -1.0674118995666504, 71.15328216552734, 11.705780029296875, 1.434948444366455, -0.06541041284799576
31.02200722694397, 1.0911693572998047, -0.9429812431335449, 69.43876647949219, 13.104248046875, 1.434948444366455, -0.07869856059551239
31.031991243362427, 1.0691616535186768, -1.1557605266571045, 67.54752349853516, 16.63292694091797, 1.434948444366455, -0.07018859684467316
31.042010068893433, 1.0525707006454468, -1.3400979042053223, 65.3546371459961, -218.7186279296875, 1.434948444366455, -0.10540774464607239
31.051968574523926, 1.0371911525726318, -1.2544631958007812, 63.073795318603516, -201.885986328125, 1.434948444366455, -0.048002660274505615
31.0619535446167, 1.0371911525726318, -1.238571286201477, 61.04704284667969, -224.0702362060547, 1.434948444366455, -0.08720608055591583
31.07196831703186, 1.0184146165847778, -1.3480186462402344, 58.84119415283203, -227.00245666503906, 1.434948444366455, -0.06256436556577682
31.081956148147583, 1.0184146165847778, -1.3480186462402344, 58.84119415283203, -227.00245666503906, 1.434948444366455, -0.07932713627815247
31.093512535095215, 1.0184146165847778, -1.3480186462402344, 58.84119415283203, -227.00245666503906, 1.434948444366455, -0.07131551951169968
31.101953506469727, 0.9796123504638672, -0.46904483437538147, 56.28276824951172, -69.53607940673828, 1.434948444366455, -0.076528400182724
31.111969709396362, 0.9607855677604675, -1.4449119567871094, 53.65565490722656, -213.67340087890625, 1.434948444366455, -0.07831093668937683
31.121986865997314, 0.9488247632980347, -1.7383893728256226, 50.81101608276367, -247.53189086914062, 1.434948444366455, -0.09742646664381027
31.131999969482422, 0.9488247632980347, -1.5816025733947754, 48.222938537597656, -254.7810821533203, 1.434948444366455, -0.07344304770231247
31.141987085342407, 0.937484622001648, -1.707613468170166, 45.42866516113281, -266.7799987792969, 1.434948444366455, -0.05891745910048485
31.151968717575073, 0.937484622001648, -1.316767930984497, 43.03453826904297, -245.12939453125, 1.434948444366455, -0.05589616671204567
31.162030696868896, 0.9210611581802368, -1.4612078666687012, 40.65398406982422, -274.45220947265625, 1.434890627861023, -0.07455985248088837
31.172104120254517, 0.8908606767654419, -1.4633119106292725, 37.99341583251953, -250.8037567138672, 1.434890627861023, -0.06624557822942734
31.18197226524353, 0.8735138177871704, -1.8186304569244385, 35.01747512817383, -289.216796875, 1.434890627861023, -0.03735382482409477
31.191960334777832, 0.8735138177871704, -1.4490067958831787, 32.372406005859375, -264.6881103515625, 1.434948444366455, -0.01770015060901642
31.201960802078247, 0.8590734004974365, -1.3393296003341675, 30.175661087036133, -290.07891845703125, 1.434976577758789, -0.04499038681387901
31.211966037750244, 0.8385990858078003, -1.2218654155731201, 27.95408821105957, -257.015625, 1.434976577758789, -0.07586408406496048
31.221968173980713, 0.822105348110199, -1.2671947479248047, 25.642641067504883, -251.68418884277344, 1.4350175857543945, -0.051207397133111954
31.23197031021118, 0.8072827458381653, -1.572695016860962, 23.074254989624023, -279.4295349121094, 1.4349894523620605, -0.04557155445218086
31.24197816848755, 0.7953782677650452, -1.578953504562378, 20.501026153564453, -276.9737243652344, 1.4349316358566284, -0.013506301678717136
31.251978158950806, 0.7845767140388489, -1.529073715209961, 17.726028442382812, -253.0853271484375, 1.4349033832550049, -0.015299763530492783
31.261961936950684, 0.7761821746826172, -1.6097625494003296, 15.099327087402344, -283.9406433105469, 1.4348623752593994, -0.017535071820020676
31.273208141326904, 0.7628105282783508, -1.4227827787399292, 12.771137237548828, -280.24737548828125, 1.4348623752593994, -0.011064862832427025
31.281986236572266, 0.7528610825538635, -1.2065231800079346, 10.585001945495605, -244.3248748779297, 1.4348208904266357, -0.032120153307914734
31.291976928710938, 0.7441681027412415, -1.437180519104004, 8.228093147277832, -268.2698669433594, 1.4348492622375488, -0.00967353768646717
31.301960468292236, 0.7441681027412415, -1.2767248153686523, 6.138906955718994, -267.07501220703125, 1.4348492622375488, -0.03812096640467644
31.31199026107788, 0.7323324680328369, -1.0626673698425293, 4.206784725189209, -237.47300720214844, 1.4347927570343018, -0.007838922552764416
31.321967601776123, 0.7293971180915833, -1.0300941467285156, 2.573216199874878, -256.3269958496094, 1.4345630407333374, -0.0449380986392498
31.33198618888855, 0.7357110381126404, -0.7157087326049805, 1.3130006790161133, -217.61245727539062, 1.4343371391296387, -0.012790592387318611
31.341981649398804, 0.7544400095939636, -0.4548761546611786, 0.5941687226295471, -221.18727111816406, 1.4341968297958374, -0.025554513558745384
31.35197424888611, 0.7680205702781677, -0.16556382179260254, 0.30066460371017456, -174.25379943847656, 1.4341554641723633, -0.010401570238173008
31.361977338790894, 0.7793398499488831, 0.031572580337524414, 0.3236936628818512, -147.75633239746094, 1.4343445301055908, -0.013487615622580051
31.37197518348694, 0.7960113883018494, 0.36889976263046265, 0.888637363910675, -132.0277862548828, 1.4345574378967285, 0.01228141225874424
31.38197946548462, 0.8079050779342651, 0.5504488945007324, 1.843178629875183, -87.41817474365234, 1.4348119497299194, -0.001554424874484539
31.391969203948975, 0.82014399766922, 0.8441739678382874, 3.170823335647583, -56.19189453125, 1.4351074695587158, 0.006307501345872879
31.401979446411133, 0.82014399766922, 0.7597625255584717, 4.532073974609375, -16.068326950073242, 1.4352182149887085, 0.0017720878822728992
31.411999464035034, 0.8283872008323669, 1.0672740936279297, 6.2612481117248535, 22.827346801757812, 1.4353132247924805, 0.015104313381016254
31.42197871208191, 0.8434579968452454, 1.2673404216766357, 8.335771560668945, 64.0284194946289, 1.4353094100952148, 0.009877924807369709
31.431982278823853, 0.8538118600845337, 1.1810123920440674, 10.491281509399414, 91.78276062011719, 1.435264229774475, 0.004201569128781557
31.4419949054718, 0.8538118600845337, 0.9937107563018799, 12.324211120605469, 117.30046081542969, 1.4351202249526978, 0.010418755002319813
31.452003717422485, 0.8606125116348267, 1.0288026332855225, 14.012843132019043, 152.35757446289062, 1.4350919723510742, 0.0018112646648660302
31.46199941635132, 0.872062623500824, 0.9272217750549316, 15.706156730651855, 153.82456970214844, 1.4350509643554688, 0.0167225394397974
31.472009897232056, 0.872062623500824, 0.8450150489807129, 17.103864669799805, 180.16920471191406, 1.4349687099456787, 0.008658605627715588
31.48198390007019, 0.8845473527908325, 0.7664203643798828, 18.5152587890625, 166.7208709716797, 1.4348702430725098, 0.0015823992434889078
31.491998434066772, 0.8845473527908325, 0.6440341472625732, 19.70118522644043, 165.30361938476562, 1.4347879886627197, 0.012842323631048203
31.50199246406555, 0.9045857787132263, 0.8444130420684814, 21.236482620239258, 167.0440673828125, 1.4347879886627197, 0.008984241634607315
31.51199769973755, 0.9190618395805359, 1.0075039863586426, 22.879987716674805, 184.65264892578125, 1.4348162412643433, 0.005301338154822588
31.5220148563385, 0.9190618395805359, 0.7560372352600098, 24.24647331237793, 159.10720825195312, 1.4348609447479248, 0.004631927702575922
31.531976222991943, 0.9345622658729553, 0.8972287178039551, 25.71466636657715, 169.14854431152344, 1.4349768161773682, 0.009594022296369076
31.541971445083618, 0.9345622658729553, 0.897222101688385, 27.161779403686523, 164.86167907714844, 1.4349768161773682, 0.0028970062267035246
31.551973342895508, 0.9345622658729553, 0.897222101688385, 27.161779403686523, 164.86167907714844, 1.4349766969680786, 0.0032250082585960627
31.561969995498657, 0.9666023850440979, 0.5299478769302368, 29.097055435180664, 75.42105102539062, 1.434931755065918, 0.01697705127298832
31.572006940841675, 0.9666023850440979, 0.5299478769302368, 29.097055435180664, 75.42105102539062, 1.4348868131637573, 0.0077896397560834885
31.581979751586914, 0.9666023850440979, 0.5299478769302368, 29.097055435180664, 75.42105102539062, 1.4348419904708862, 0.007044406142085791
31.59198021888733, 0.9839966893196106, 0.37311315536499023, 31.14110565185547, 51.4498405456543, 1.4348828792572021, 0.010833904147148132
31.60196614265442, 0.9839966893196106, 1.2437171936035156, 33.17859649658203, 178.608154296875, 1.4348701238632202, 0.013842389918863773
31.61198663711548, 0.9986613392829895, 1.141136884689331, 35.24522018432617, 167.29965209960938, 1.4349150657653809, 0.01185171864926815
31.62198805809021, 1.017297625541687, 1.4750162363052368, 37.64323425292969, 199.35629272460938, 1.4350011348724365, 0.017927372828125954
31.631993293762207, 1.017297625541687, 1.1271178722381592, 39.6820068359375, 184.45492553710938, 1.4350590705871582, 0.02622031979262829
31.641977548599243, 1.0264517068862915, 1.073896884918213, 41.64508056640625, 187.65106201171875, 1.4350011348724365, 0.012851712293922901
31.651997089385986, 1.0358142852783203, 1.2972487211227417, 43.77537155151367, 216.988037109375, 1.4349597692489624, 0.025193484500050545
31.661994457244873, 1.049628496170044, 1.2785063982009888, 45.86747360229492, 223.91934204101562, 1.4349597692489624, 0.01488193403929472
31.671966552734375, 1.049628496170044, 1.150667667388916, 47.9670524597168, 208.05282592773438, 1.434918761253357, 0.02465909533202648
31.68196749687195, 1.05763578414917, 1.011490821838379, 49.62733459472656, 228.11465454101562, 1.434890627861023, 0.015580132603645325
31.69199538230896, 1.0649830102920532, 0.8098602294921875, 51.115478515625, 199.74365234375, 1.4348044395446777, 0.025097554549574852
31.704591274261475, 1.0729875564575195, 0.988774836063385, 52.743919372558594, 217.39239501953125, 1.4347469806671143, 0.023512912914156914
31.71320605278015, 1.0804057121276855, 0.9082688093185425, 54.23017883300781, 210.9447021484375, 1.4347469806671143, 0.016364693641662598
31.721991300582886, 1.0804057121276855, 0.6310820579528809, 55.377620697021484, 177.34375, 1.4347468614578247, 0.035238876938819885
31.73200798034668, 1.0879188776016235, 0.7846885323524475, 56.646053314208984, 188.48927307128906, 1.4348326921463013, 0.02238316275179386
31.741967916488647, 1.0983182191848755, 0.7186651229858398, 57.95271682739258, 163.0756378173828, 1.4348326921463013, 0.02165939472615719
31.75197124481201, 1.1057496070861816, 0.6993532180786133, 59.2011604309082, 154.2583465576172, 1.4349597692489624, 0.02667720429599285
31.761988639831543, 1.111533761024475, 0.619053840637207, 60.32671356201172, 144.59228515625, 1.4349597692489624, 0.02754710428416729
31.77198338508606, 1.111533761024475, 0.6878376007080078, 61.44712829589844, 149.7790069580078, 1.434988021850586, 0.03442860767245293
31.781978130340576, 1.1147128343582153, 0.6341801881790161, 62.49001693725586, 142.91848754882812, 1.4349597692489624, 0.030909983441233635
31.79197096824646, 1.1259816884994507, 0.6777577996253967, 63.604190826416016, 138.763427734375, 1.4349316358566284, 0.04785812646150589
31.8019802570343, 1.1259816884994507, 0.529932975769043, 64.56770324707031, 118.23806762695312, 1.4349316358566284, 0.03718239814043045
31.811946630477905, 1.130138635635376, 0.5526012778282166, 65.48249053955078, 125.0258560180664, 1.4348737001419067, 0.03292467072606087
31.823398113250732, 1.130138635635376, 0.5526012778282166, 65.48249053955078, 125.0258560180664, 1.4348161220550537, 0.03845805674791336
31.831968545913696, 1.1422030925750732, 0.308990478515625, 66.6217041015625, 56.220436096191406, 1.4347878694534302, 0.04691233113408089
31.84197688102722, 1.1457688808441162, 0.5784988403320312, 67.66536712646484, 110.19210815429688, 1.4348326921463013, 0.042695220559835434
31.85198736190796, 1.149194359779358, 0.5653036832809448, 68.59040832519531, 118.19670104980469, 1.4348326921463013, 0.04771476984024048
31.86198854446411, 1.149194359779358, 0.4827314019203186, 69.36468505859375, 112.92817687988281, 1.434918761253357, 0.05227046459913254
31.871983528137207, 1.1532604694366455, 0.41725635528564453, 70.12333679199219, 97.96676635742188, 1.434918761253357, 0.06850975751876831
31.881993532180786, 1.1556956768035889, 0.49067866802215576, 70.92626190185547, 105.32379150390625, 1.434918761253357, 0.05654344707727432
31.89200782775879, 1.1556956768035889, 0.45536625385284424, 71.67652130126953, 102.07197570800781, 1.434890627861023, 0.05133280158042908
31.90198588371277, 1.1598973274230957, 0.33915042877197266, 72.30369567871094, 86.99569702148438, 1.4348326921463013, 0.04861580953001976
31.911979913711548, 1.1643173694610596, 0.42596128582954407, 72.9932632446289, 93.61775970458984, 1.4348737001419067, 0.05781058222055435
31.92196774482727, 1.1643173694610596, 0.37976107001304626, 73.61469268798828, 90.35746002197266, 1.4348737001419067, 0.059012945741415024
31.931987285614014, 1.1664727926254272, 0.2696514129638672, 74.05593872070312, 82.60260772705078, 1.4348737001419067, 0.05067671090364456
31.941999912261963, 1.1664727926254272, 0.23004743456840515, 74.43238067626953, 75.18852996826172, 1.4348737001419067, 0.05634234473109245
31.951980352401733, 1.1682559251785278, 0.19060373306274414, 74.76840209960938, 61.77978515625, 1.4349316358566284, 0.056628212332725525
31.96198582649231, 1.1697479486465454, 0.20554065704345703, 75.13699340820312, 57.721710205078125, 1.4349597692489624, 0.05391562357544899
31.971992015838623, 1.1697479486465454, 0.18321143090724945, 75.43679809570312, 59.03879928588867, 1.4349597692489624, 0.07231097668409348
31.981985330581665, 1.1702309846878052, 0.16150209307670593, 75.7010726928711, 53.05311584472656, 1.4349597692489624, 0.058430977165699005
31.991960525512695, 1.1696975231170654, 0.14002323150634766, 75.96077728271484, 42.8436279296875, 1.4349316358566284, 0.06672967225313187
32.00197148323059, 1.1688110828399658, 0.08913278579711914, 76.13028717041016, 38.2659912109375, 1.434890627861023, 0.06763316690921783
32.01196241378784, 1.1688110828399658, 0.08913278579711914, 76.13028717041016, 38.2659912109375, 1.4348326921463013, 0.062132980674505234
32.022061586380005, 1.1846446990966797, 0.10698092728853226, 76.51039123535156, 18.51091957092285, 1.4348326921463013, 0.051520898938179016
32.03200054168701, 1.1826369762420654, 0.18320083618164062, 76.8434829711914, 32.28912353515625, 1.4348326921463013, 0.07755473256111145
32.041980504989624, 1.1826369762420654, 0.17959541082382202, 77.13736724853516, 34.23817825317383, 1.4348326921463013, 0.06927791982889175
32.05197858810425, 1.162551760673523, -0.03920793533325195, 77.06608581542969, 26.336669921875, 1.4348326921463013, 0.0692271888256073
32.064129114151, 1.162551760673523, -0.03920793533325195, 77.06608581542969, 26.336669921875, 1.4348326921463013, -0.07605724036693573
32.07196855545044, 1.1553159952163696, -0.06809987872838974, 76.83082580566406, 10.855022430419922, 1.4348326921463013, -0.08473909646272659
32.08196759223938, 1.1553159952163696, -0.14431476593017578, 76.56843566894531, 14.313507080078125, 1.4348326921463013, -0.07008963823318481
32.09199833869934, 1.1524502038955688, -0.1729726791381836, 76.2464828491211, 8.097076416015625, 1.4348737001419067, -0.07593338936567307
32.10198140144348, 1.148468255996704, -0.2418094277381897, 75.84026336669922, 1.5462239980697632, 1.4349316358566284, -0.06772418320178986
32.11196947097778, 1.148468255996704, -0.23590193688869476, 75.4542465209961, -5.627950191497803, 1.4349316358566284, -0.05792606994509697
32.121970415115356, 1.1428450345993042, -0.2596616744995117, 74.98213195800781, -11.48223876953125, 1.4349316358566284, -0.09348928928375244
32.13197326660156, 1.1428450345993042, -0.4179954528808594, 74.22213745117188, -22.882080078125, 1.4349316358566284, -0.08315148204565048
32.1419563293457, 1.139302372932434, -0.4814995527267456, 73.44476318359375, -37.76211166381836, 1.4348737001419067, -0.058247074484825134
32.151971101760864, 1.1345996856689453, -0.5337397456169128, 72.57137298583984, -50.73462677001953, 1.4348737001419067, -0.08476219326257706
32.16196870803833, 1.131199836730957, -0.3483560383319855, 72.00133514404297, -56.2744140625, 1.4348737001419067, -0.09205834567546844
32.173189878463745, 1.1268177032470703, -0.28498172760009766, 71.49063873291016, -53.401947021484375, 1.4348326921463013, -0.07614701986312866
32.18199133872986, 1.121816873550415, -0.37221112847328186, 70.8815689086914, -63.1866455078125, 1.4348326921463013, -0.08362220227718353
32.19196677207947, 1.1304347515106201, -0.2201557159423828, 70.48128509521484, -57.65228271484375, 1.4348326921463013, -0.1003325879573822
32.201987981796265, 1.1135996580123901, -0.38743019104003906, 69.8473129272461, -66.58935546875, 1.4348326921463013, -0.09486991167068481
32.211973905563354, 1.1135996580123901, -0.3486752510070801, 69.2133560180664, -62.408447265625, 1.4348326921463013, -0.07891861349344254
32.221983671188354, 1.10512113571167, -0.37724971771240234, 68.5274429321289, -64.54620361328125, 1.4348326921463013, -0.06119665130972862
32.231987714767456, 1.0960434675216675, -0.5200173854827881, 67.67650604248047, -72.72932434082031, 1.4348326921463013, -0.07811317592859268
32.24198365211487, 1.0960434675216675, -0.4325747489929199, 66.89000701904297, -65.54794311523438, 1.4348326921463013, -0.10685385763645172
32.251981258392334, 1.0882714986801147, -0.46329498291015625, 66.04765319824219, -65.2374267578125, 1.4348326921463013, -0.09106722474098206
32.26198101043701, 1.078462839126587, -0.5273699760437012, 65.07080841064453, -69.305419921875, 1.4349316358566284, -0.08235404640436172
32.271974325180054, 1.0712112188339233, -0.5560636520385742, 64.05978393554688, -74.30877685546875, 1.4349316358566284, -0.08275249600410461
32.281975984573364, 1.0641851425170898, -0.6403525471687317, 63.02246856689453, -87.32266235351562, 1.4348737001419067, -0.07878807187080383
32.29197382926941, 1.0641851425170898, -0.6624937057495117, 61.82538986206055, -86.55929565429688, 1.4348326921463013, -0.05985953286290169
32.30198287963867, 1.0568978786468506, -0.567018985748291, 60.79444885253906, -90.52810668945312, 1.4348326921463013, -0.0768122673034668
32.31196141242981, 1.0474907159805298, -0.7345278859138489, 59.59249496459961, -106.89968872070312, 1.4348326921463013, -0.09874223172664642
32.32197427749634, 1.0388991832733154, -0.7358127236366272, 58.38843536376953, -112.6556396484375, 1.4348326921463013, -0.07734248042106628
32.33197593688965, 1.0388991832733154, -0.5714297294616699, 57.34947204589844, -103.26957702636719, 1.4348326921463013, -0.07336416840553284
32.34197926521301, 1.0294071435928345, -0.6663799285888672, 56.137874603271484, -107.52143859863281, 1.4348326921463013, -0.08262539654970169
32.35208582878113, 1.0294071435928345, -0.5886435508728027, 55.06761169433594, -109.80033874511719, 1.4348326921463013, -0.05408668890595436
32.36200261116028, 1.0193380117416382, -0.6569359302520752, 53.99262619018555, -123.09095764160156, 1.4348326921463013, -0.06015372648835182
32.37198877334595, 1.0193380117416382, -0.5187511444091797, 53.04198455810547, -110.1776123046875, 1.4348737001419067, -0.027231240645051003
32.38196134567261, 1.0048848390579224, -0.6588829755783081, 51.96381378173828, -122.87393951416016, 1.4348737001419067, -0.08994627743959427
32.39196801185608, 0.9879211187362671, -0.8473793864250183, 50.57719421386719, -124.98049926757812, 1.4348737001419067, -0.0898568257689476
32.40195870399475, 0.977843701839447, -0.7905364036560059, 49.139854431152344, -116.54586791992188, 1.4348737001419067, -0.06787221878767014
32.41196918487549, 0.9710814952850342, -0.7640957832336426, 47.750587463378906, -118.41926574707031, 1.4348737001419067, -0.0704428106546402
32.42196869850159, 0.9710814952850342, -0.6781697273254395, 46.52500915527344, -118.634033203125, 1.4348326921463013, -0.08623646944761276
32.43198370933533, 0.9596198797225952, -0.7927954196929932, 45.08356475830078, -122.65853881835938, 1.4348326921463013, -0.05021088197827339
32.44199061393738, 0.9479487538337708, -0.814586877822876, 43.60249710083008, -125.35400390625, 1.4348326921463013, -0.09255655854940414
32.452022075653076, 0.9479487538337708, -0.8145749568939209, 42.12145233154297, -129.46205139160156, 1.4348326921463013, -0.05143030360341072
32.46197724342346, 0.9330793619155884, -0.9584294557571411, 40.5531120300293, -149.32801818847656, 1.4348326921463013, -0.0752389132976532
32.47198271751404, 0.9198248982429504, -1.1056993007659912, 38.7437858581543, -158.8685760498047, 1.4348326921463013, -0.07422785460948944
32.48199009895325, 0.9198248982429504, -0.8506119251251221, 37.19721984863281, -147.66616821289062, 1.4348326921463013, -0.06473559141159058
32.49197864532471, 0.9063954949378967, -0.9058250188827515, 35.71495819091797, -165.13612365722656, 1.4348326921463013, -0.07530644536018372
32.50198936462402, 0.8944113254547119, -0.8343279361724854, 34.197998046875, -149.4182586669922, 1.4348326921463013, -0.036166246980428696
32.51199007034302, 0.8827555179595947, -0.9814037084579468, 32.59206771850586, -168.4273681640625, 1.4348326921463013, -0.027927817776799202
32.5219841003418, 0.8768985867500305, -0.9418308734893799, 30.872190475463867, -156.52847290039062, 1.4348737001419067, -0.04844916984438896
32.53201365470886, 0.8623953461647034, -1.0802679061889648, 29.10447883605957, -177.5453338623047, 1.4348737001419067, -0.016378676518797874
32.54198384284973, 0.8623953461647034, -0.95060133934021, 27.5489501953125, -178.37269592285156, 1.4348737001419067, -0.06046922504901886
32.5519814491272, 0.8548617362976074, -0.9308755397796631, 25.856449127197266, -162.65029907226562, 1.4348737001419067, -0.033377621322870255
32.56199240684509, 0.8428385853767395, -0.9023964405059814, 24.22318458557129, -163.29917907714844, 1.4348326921463013, -0.04021835699677467
32.57199048995972, 0.8428385853767395, -0.8554127216339111, 22.82341766357422, -176.8930206298828, 1.4348326921463013, -0.05734838545322418
32.58199167251587, 0.8253411054611206, -0.9448349475860596, 21.10553550720215, -160.91708374023438, 1.4348326921463013, -0.04556742310523987
32.59198355674744, 0.8253411054611206, -0.8105337619781494, 19.631837844848633, -160.83087158203125, 1.4348326921463013, -0.02354092337191105
32.601970911026, 0.8103886246681213, -0.9335875511169434, 18.104148864746094, -178.8205108642578, 1.4348326921463013, -0.017930975183844566
32.61201763153076, 0.8103886246681213, -0.8040732741355896, 16.788393020629883, -175.59645080566406, 1.4348326921463013, -0.013400587253272533
32.62196207046509, 0.7977045178413391, -0.8799433708190918, 15.348485946655273, -172.48599243164062, 1.4348326921463013, -0.03387272730469704
32.63198900222778, 0.7768940329551697, -0.8550167083740234, 13.793910026550293, -153.1055450439453, 1.4348326921463013, -0.03786401450634003
32.64199233055115, 0.7768940329551697, -0.8550047874450684, 12.23935604095459, -153.09600830078125, 1.4348326921463013, -0.016403252258896828
32.65200972557068, 0.763174831867218, -0.9168744087219238, 10.572311401367188, -152.84136962890625, 1.4348326921463013, -0.008402282372117043
32.662012815475464, 0.7541841268539429, -0.8865416049957275, 8.960417747497559, -152.6275634765625, 1.4348326921463013, 0.007640214171260595
32.67198395729065, 0.7541841268539429, -0.9850462079048157, 7.3485236167907715, -171.9432373046875, 1.4348326921463013, -0.020104030147194862
32.68199300765991, 0.7408366799354553, -0.9389453530311584, 5.81206750869751, -169.92738342285156, 1.4348326921463013, 0.0031512510031461716
32.69198441505432, 0.7323830723762512, -0.929570198059082, 4.14263916015625, -154.8919677734375, 1.4347188472747803, -0.02741832658648491
32.70426273345947, 0.7329952120780945, -0.8599360585212708, 2.758662700653076, -170.5054168701172, 1.434591293334961, -0.005534768104553223
32.711979150772095, 0.7329952120780945, -0.8599294424057007, 1.3851439952850342, -171.14724731445312, 1.4344062805175781, -0.01083738636225462
32.724733114242554, 0.7376195788383484, -0.6008505821228027, 0.3181992173194885, -150.30288696289062, 1.4342659711837769, -0.028306229040026665
32.73197340965271, 0.7654131054878235, -0.11481046676635742, 0.10637514293193817, -136.8752899169922, 1.434282898902893, -0.028306229040026665
32.74198508262634, 0.7654131054878235, -0.11480450630187988, -0.1336798518896103, -123.7303237915039, 1.434455156326294, -0.019259857013821602
32.75199890136719, 0.7875615358352661, 0.2438664436340332, 0.2889062464237213, -102.8341293334961, 1.4345695972442627, 0.005374482832849026
32.76199197769165, 0.7875615358352661, 0.37086009979248047, 0.854695200920105, -90.06356811523438, 1.4347954988479614, 0.006887351628392935
32.77198100090027, 0.7956663370132446, 0.4148244857788086, 1.5783389806747437, -57.70182800292969, 1.4349637031555176, 0.008455362170934677
32.78197002410889, 0.8088966608047485, 0.7562107443809509, 2.7957041263580322, -33.51516342163086, 1.4350740909576416, 0.010709347203373909
32.79197931289673, 0.8158881068229675, 0.8350491523742676, 4.2915425300598145, 1.4890432357788086, 1.4351974725723267, 0.005260272417217493
32.801987648010254, 0.8220444917678833, 0.9894371032714844, 5.90825891494751, 34.99550247192383, 1.4352104663848877, 0.007120068650692701
32.81198453903198, 0.8255069851875305, 0.9251236915588379, 7.598516464233398, 62.13374328613281, 1.435165286064148, 0.014362200163304806
32.82197952270508, 0.8335528373718262, 1.0659230947494507, 9.350947380065918, 100.36386108398438, 1.4351202249526978, 0.010358781553804874
32.831990242004395, 0.8389111757278442, 0.7349789142608643, 10.687272071838379, 105.80895233154297, 1.4351202249526978, 0.004864492453634739
32.84197378158569, 0.842089831829071, 0.7667720317840576, 12.104443550109863, 122.38121032714844, 1.4349935054779053, 0.002676841104403138
32.85204601287842, 0.842089831829071, 0.545281171798706, 13.10329818725586, 128.14389038085938, 1.4349526166915894, 0.007613003719598055
32.86196231842041, 0.848624050617218, 0.6784664392471313, 14.228492736816406, 148.5978240966797, 1.4348702430725098, 0.011918611824512482
32.87197399139404, 0.855682909488678, 0.6668633818626404, 15.327157974243164, 152.76463317871094, 1.4348293542861938, 0.005697916261851788
32.88197588920593, 0.855682909488678, 0.46785473823547363, 16.180187225341797, 133.84475708007812, 1.4348162412643433, 0.004595950245857239
32.891984701156616, 0.8776451945304871, 0.6861885190010071, 17.310497283935547, 144.65512084960938, 1.4347752332687378, 0.013287889771163464
32.901981830596924, 0.8776451945304871, 0.5560100078582764, 18.310977935791016, 124.02716064453125, 1.4348326921463013, 0.012422367930412292
32.91197919845581, 0.883298397064209, 0.5779087543487549, 19.364126205444336, 117.65603637695312, 1.4348194599151611, 0.007955890148878098
32.92201590538025, 0.8889893293380737, 0.5543708801269531, 20.377166748046875, 110.26220703125, 1.4347914457321167, 0.015492917969822884
32.93199706077576, 0.9055637717247009, 0.7405810952186584, 21.589027404785156, 121.1305160522461, 1.4347914457321167, 0.012738416902720928
32.94200301170349, 0.9176104068756104, 0.8391141891479492, 22.97020721435547, 120.73092651367188, 1.4347469806671143, 0.006058936472982168
32.95198726654053, 0.9047252535820007, 0.6263673305511475, 24.10162353515625, 109.9832534790039, 1.4347878694534302, 0.008901866152882576
32.961978912353516, 0.9150457382202148, 0.7380180954933167, 25.301767349243164, 123.03649139404297, 1.4348292350769043, 0.006308429874479771
32.97319149971008, 0.9218403697013855, 0.6615698337554932, 26.504621505737305, 111.7746353149414, 1.4348292350769043, 0.006371851544827223
32.98197841644287, 0.9287760257720947, 0.8121530413627625, 27.817995071411133, 129.3089141845703, 1.4349150657653809, 0.003745889291167259
32.99195623397827, 0.9287760257720947, 0.5681117177009583, 28.731983184814453, 126.90522766113281, 1.4350011348724365, 0.010895091108977795
33.001953125, 0.9517426490783691, 0.7409751415252686, 30.074073791503906, 117.6309585571289, 1.43502938747406, 0.01935746893286705
33.011963844299316, 0.9557581543922424, 0.7245957851409912, 31.396657943725586, 120.32527923583984, 1.4350011348724365, 0.013119450770318508
33.021981954574585, 0.9440526366233826, 0.6118218302726746, 32.39781951904297, 133.5629425048828, 1.4350011348724365, 0.012307658791542053
33.031977891922, 0.9678048491477966, 0.6915595531463623, 33.55263137817383, 132.92884826660156, 1.4348737001419067, 0.008014626801013947
33.041977643966675, 0.956078827381134, 0.42743152379989624, 34.25206756591797, 125.35433959960938, 1.4348737001419067, 0.014097516424953938
33.05198001861572, 0.975835919380188, 0.7111072540283203, 35.56802749633789, 114.6636962890625, 1.4347469806671143, 0.017707768827676773
33.06196069717407, 0.979851484298706, 0.6480693817138672, 36.746337890625, 114.44568634033203, 1.4347469806671143, 0.01670270971953869
33.07196807861328, 0.9818592667579651, 0.6668567657470703, 37.837554931640625, 125.92188262939453, 1.4347469806671143, 0.01878507435321808
33.084168910980225, 0.9858748316764832, 0.6344384551048279, 38.875728607177734, 122.86376953125, 1.4347469806671143, 0.017662588506937027
33.093650341033936, 0.9728795289993286, 0.4410386085510254, 39.672481536865234, 109.40475463867188, 1.4347752332687378, 0.01320563443005085
33.10197186470032, 0.9766579270362854, 0.2768304646015167, 40.115028381347656, 111.56632995605469, 1.4348326921463013, 0.008069564588367939
33.11490249633789, 0.9959136843681335, 0.4461672604084015, 40.84511947631836, 104.98258972167969, 1.4348608255386353, 0.00965692475438118
33.12196373939514, 0.9979214668273926, 0.5386948585510254, 41.81945037841797, 94.21653747558594, 1.4348608255386353, 0.01843556948006153
33.13197302818298, 1.0019370317459106, 0.3792312443256378, 42.43255615234375, 98.6658706665039, 1.4349018335342407, 0.017432568594813347
33.14195990562439, 1.0039448738098145, 0.47867894172668457, 43.2923469543457, 90.40298461914062, 1.4349597692489624, 0.009301412850618362
33.15343427658081, 1.0059525966644287, 0.3346138596534729, 43.84501266479492, 91.96641540527344, 1.4349316358566284, 0.02093867026269436
33.16196870803833, 1.007960319519043, 0.3123283386230469, 44.36662673950195, 84.66974639892578, 1.4348737001419067, 0.015204726718366146
33.17198944091797, 1.0099681615829468, 0.2810835838317871, 44.877689361572266, 70.40138244628906, 1.4348737001419067, 0.012305200099945068
33.18198490142822, 1.011975884437561, 0.2900163233280182, 45.35226058959961, 71.96129608154297, 1.4348737001419067, 0.023101935163140297
33.19198513031006, 1.011975884437561, 0.3909647464752197, 46.063106536865234, 63.90647888183594, 1.4348737001419067, 0.020755816251039505
33.201982259750366, 0.9055011868476868, -0.7906224727630615, 44.76935958862305, 51.71415710449219, 1.4348737001419067, 0.020018408074975014
33.21197819709778, 1.0139837265014648, 0.2007749378681183, 45.097900390625, 47.253501892089844, 1.4348737001419067, -0.05124160274863243
33.22197341918945, 1.0139837265014648, 0.16062259674072266, 45.397396087646484, 35.77919006347656, 1.4348326921463013, 0.01425472367554903
33.231974363327026, 1.0139837265014648, 0.13385216891765594, 45.61642837524414, 35.3762321472168, 1.4348326921463013, 0.01974176988005638
33.24197506904602, 1.0139837265014648, 0.10038018226623535, 45.7989387512207, 25.066375732421875, 1.4348326921463013, 0.018229272216558456
33.251973152160645, 1.0139837265014648, 0.08924802392721176, 45.94498062133789, 23.332807540893555, 1.4348326921463013, 0.02603842131793499
33.261967182159424, 1.0139837265014648, 0.06691614538431168, 46.05447769165039, 18.75389862060547, 1.4348326921463013, 0.010540942661464214
33.27199101448059, 1.0139837265014648, 0.04462401196360588, 46.12750244140625, 13.88676929473877, 1.4348326921463013, 0.016486188396811485
33.28198838233948, 1.0139837265014648, 0.020074844360351562, 46.16400146484375, 8.117294311523438, 1.4348326921463013, 0.017796475440263748
33.29197287559509, 1.005481481552124, -0.06494522094726562, 46.04591751098633, -0.171661376953125, 1.4348326921463013, 0.022957798093557358
33.30197334289551, 1.0012881755828857, 1.064300537109375, 47.78004455566406, 33.451927185058594, 1.4348737001419067, -0.08507564663887024
33.311980962753296, 1.0012881755828857, -0.12694597244262695, 47.549232482910156, 24.51324462890625, 1.4348737001419067, 0.014698810875415802
33.32197594642639, 0.9953487515449524, -0.18634796142578125, 47.210418701171875, 18.130111694335938, 1.4348737001419067, -0.03069039061665535
33.331971645355225, 0.9906686544418335, -0.2590682804584503, 46.7939453125, 13.083988189697266, 1.4348326921463013, -0.06832370907068253
33.34196639060974, 0.9880276322364807, -0.2883937656879425, 46.32202911376953, 5.811479568481445, 1.4348326921463013, -0.04882742837071419
33.351969957351685, 0.9848542809486389, -0.291287899017334, 45.792415618896484, -1.5254974365234375, 1.4348326921463013, -0.07322955131530762
33.36197376251221, 0.9815579652786255, -0.3242611885070801, 45.20284652709961, -8.516311645507812, 1.4348326921463013, -0.06366266310214996
33.371989488601685, 0.977861762046814, -0.4013710618019104, 44.546058654785156, -17.57134246826172, 1.4348326921463013, -0.06603473424911499
33.381964683532715, 0.977861762046814, -0.3612220287322998, 43.8892936706543, -22.747421264648438, 1.4348326921463013, -0.06630253791809082
33.39199757575989, 0.975726306438446, -0.3306070864200592, 43.340843200683594, -30.055999755859375, 1.4348737001419067, -0.060444142669439316
33.4019775390625, 0.9733527898788452, -0.3103944957256317, 42.832923889160156, -54.96809387207031, 1.4348737001419067, -0.06961285322904587
33.41197848320007, 0.9707387685775757, -0.3054976463317871, 42.27747344970703, -52.71759033203125, 1.4348737001419067, -0.06019868329167366
33.42197227478027, 0.9693655967712402, -0.2886851727962494, 41.80508041381836, -60.05944061279297, 1.4348737001419067, -0.06552151590585709
33.43196511268616, 0.9685438275337219, -0.2458360493183136, 41.402801513671875, -59.90176773071289, 1.4348737001419067, -0.0486760213971138
33.4419584274292, 0.9676637053489685, -0.20363926887512207, 41.03255081176758, -52.89459228515625, 1.4348737001419067, -0.07987195998430252
33.451977014541626, 0.9676637053489685, -0.17191171646118164, 40.74302291870117, -50.49400329589844, 1.4347469806671143, -0.07646284252405167
33.46195960044861, 0.964144229888916, -0.19347667694091797, 40.421287536621094, -53.128135681152344, 1.4347752332687378, -0.06777362525463104
33.47198700904846, 0.9588730335235596, -0.18988847732543945, 40.07603454589844, -44.70062255859375, 1.4347752332687378, -0.09626243263483047
33.48197150230408, 0.9541542530059814, -0.2634260356426239, 39.63452911376953, -47.27511978149414, 1.4348326921463013, -0.0779934823513031
33.4919855594635, 0.9440083503723145, -0.3524223864078522, 39.057838439941406, -47.58877182006836, 1.4348326921463013, -0.05320414900779724
33.50197196006775, 0.937924325466156, -0.3936489522457123, 38.4136848449707, -49.102783203125, 1.4348326921463013, -0.0501815602183342
33.5119686126709, 0.9333409667015076, -0.37398338317871094, 37.73371505737305, -45.43724060058594, 1.4348326921463013, -0.0631478875875473
33.52198147773743, 0.9333409667015076, -0.36023855209350586, 37.0787353515625, -47.263336181640625, 1.4348326921463013, -0.06761990487575531
33.531980752944946, 0.930492103099823, -0.38051605224609375, 36.379432678222656, -50.234222412109375, 1.4348737001419067, -0.046382252126932144
33.54197406768799, 0.9269862771034241, -0.451968789100647, 35.63984680175781, -59.91872024536133, 1.4348737001419067, -0.08742474764585495
33.5519802570343, 0.9232847690582275, -0.44379234313964844, 34.832950592041016, -59.100341796875, 1.4348737001419067, -0.07664727419614792
33.56199598312378, 0.9232847690582275, -0.4086017608642578, 34.09003829956055, -63.31291198730469, 1.4348737001419067, -0.03525879234075546
33.571983098983765, 0.914397120475769, -0.49416887760162354, 33.28139877319336, -75.49539947509766, 1.4348737001419067, -0.06398661434650421
33.58197784423828, 0.914397120475769, -0.44174325466156006, 32.55854797363281, -78.62175750732422, 1.4348737001419067, -0.06373989582061768
33.5919713973999, 0.9045653343200684, -0.39443373680114746, 31.84885025024414, -72.09014892578125, 1.4348326921463013, -0.029940439388155937
33.60199594497681, 0.8939703702926636, -0.4395484924316406, 31.049671173095703, -73.64044189453125, 1.4348326921463013, -0.08805102109909058
33.611974477767944, 0.888635516166687, -0.4470407962799072, 30.23686981201172, -74.96795654296875, 1.4348326921463013, -0.05289903283119202
33.62197256088257, 0.8842852711677551, -0.5450712442398071, 29.339820861816406, -85.98836517333984, 1.4348608255386353, -0.037902411073446274
33.63198280334473, 0.878564178943634, -0.5192756652832031, 28.39568328857422, -79.83741760253906, 1.4348608255386353, -0.047280069440603256
33.6419563293457, 0.8694031834602356, -0.6398094892501831, 27.353836059570312, -92.0668716430664, 1.4348326921463013, -0.016978856176137924
33.651973724365234, 0.8694031834602356, -0.5388140678405762, 26.374174118041992, -84.5876693725586, 1.4348326921463013, -0.01499001681804657
33.661948680877686, 0.8606970310211182, -0.6954206228256226, 25.25179672241211, -98.20281219482422, 1.4347469806671143, -0.03919341042637825
33.671940088272095, 0.8517875075340271, -0.6260931491851807, 24.113447189331055, -91.67976379394531, 1.4347469806671143, -0.03742130473256111
33.681968212127686, 0.8486139178276062, -0.7309317588806152, 22.91739845275879, -107.12348175048828, 1.4347468614578247, -0.05755538120865822
33.69200253486633, 0.8408721685409546, -0.7077124118804932, 21.75416374206543, -112.163330078125, 1.4347752332687378, -0.04487760737538338
33.701972246170044, 0.8408721685409546, -0.5309760570526123, 20.77830696105957, -102.71358489990234, 1.4348326921463013, -0.01011720672249794
33.711987257003784, 0.8329170942306519, -0.6190935969352722, 19.749595642089844, -116.52522277832031, 1.434918761253357, -0.04273803159594536
33.72195076942444, 0.8232197165489197, -0.6106555461883545, 18.639312744140625, -107.00511932373047, 1.434918761253357, -0.04260355234146118
33.731969356536865, 0.8151830434799194, -0.7042222619056702, 17.4794921875, -121.29105377197266, 1.4349597692489624, -0.04852205887436867
33.74198389053345, 0.8103439211845398, -0.6562139987945557, 16.40568733215332, -121.64624786376953, 1.4349597692489624, -0.0031073116697371006
33.75197744369507, 0.8048577308654785, -0.7171763181686401, 15.24777603149414, -123.626708984375, 1.4348737001419067, -0.019727347418665886
33.76196360588074, 0.7965514659881592, -0.6414592266082764, 14.091933250427246, -111.59858703613281, 1.4348162412643433, -0.0695958137512207
33.7719566822052, 0.787175714969635, -0.717904806137085, 12.922338485717773, -124.34556579589844, 1.4347878694534302, -0.04762351140379906
33.78197121620178, 0.7787763476371765, -0.6983757019042969, 11.660019874572754, -112.57381439208984, 1.4347468614578247, 0.008776459842920303
33.79200291633606, 0.7745327949523926, -0.7371174097061157, 10.45380687713623, -125.55948638916016, 1.4347469806671143, -0.011469571851193905
33.80196976661682, 0.7745327949523926, -0.6633877754211426, 9.242509841918945, -115.35797119140625, 1.4347752332687378, 0.0006371721974574029
33.8119740486145, 0.7710371017456055, -0.6875594258308411, 8.106966018676758, -129.36264038085938, 1.4348326921463013, -0.0015473994426429272
33.825206995010376, 0.7633162140846252, -0.665591835975647, 7.017815589904785, -129.12771606445312, 1.4348326921463013, -0.02432924695312977
33.831979751586914, 0.7527464032173157, -0.6937318444252014, 5.882617950439453, -128.85411071777344, 1.4348326921463013, 0.0024083449970930815
33.84197926521301, 0.7527464032173157, -0.6399750709533691, 4.835385799407959, -128.55889892578125, 1.4348326921463013, -0.013750859536230564
33.85199952125549, 0.7454791069030762, -0.593787431716919, 3.755772352218628, -114.91995239257812, 1.4348326921463013, 0.012157227843999863
33.86199450492859, 0.7454791069030762, -0.510716438293457, 2.8271970748901367, -112.64739227294922, 1.4348326921463013, -0.022381039336323738
33.87201118469238, 0.7454791069030762, -0.41697025299072266, 2.089768409729004, -108.32572174072266, 1.4347188472747803, -0.004439927637577057
33.881990909576416, 0.7366201877593994, -0.46841302514076233, 1.3545939922332764, -114.50470733642578, 1.4345465898513794, -0.00494448933750391
33.89198327064514, 0.7366201877593994, -0.42124590277671814, 0.6989861726760864, -108.3869400024414, 1.434361219406128, -0.009295809082686901
33.90196251869202, 0.7382294535636902, -0.4033777415752411, 0.059244122356176376, -102.03626251220703, 1.4342494010925293, -0.017548924311995506
33.911977767944336, 0.7603105306625366, -0.10726451873779297, -0.15446563065052032, -82.61432647705078, 1.434352159500122, 0.002028679708018899
33.922008752822876, 0.7747963666915894, 0.11480450630187988, 0.03554314747452736, -69.82269287109375, 1.434455156326294, -0.0051427255384624004
33.9319703578949, 0.7747963666915894, 0.2450082004070282, 0.39775514602661133, -60.94293975830078, 1.4346680641174316, 0.008035692386329174
33.94198179244995, 0.7829047441482544, 0.30158162117004395, 0.8997887969017029, -39.3559455871582, 1.434922695159912, 0.005209886934608221
33.95199275016785, 0.7931145429611206, 0.5292826294898987, 1.7352616786956787, -22.450136184692383, 1.4350911378860474, 0.007831919938325882
33.96197867393494, 0.7931145429611206, 0.5292826294898987, 2.581268310546875, -2.732541799545288, 1.435201644897461, 0.0015328774461522698
33.972017765045166, 0.8001109957695007, 0.5463182926177979, 3.5699360370635986, 14.801674842834473, 1.4352271556854248, 0.00908624567091465
33.98197340965271, 0.8099775910377502, 0.8150869011878967, 4.911864280700684, 39.52521896362305, 1.4351823329925537, 0.00786274392157793
33.99197745323181, 0.8141837120056152, 0.7756292819976807, 6.335710525512695, 56.36725616455078, 1.4351074695587158, 0.00012893491657450795
34.00195574760437, 0.8141837120056152, 0.7595419883728027, 7.721833229064941, 76.62589263916016, 1.4350792169570923, 0.002587555907666683
34.01198887825012, 0.8156343102455139, 0.6147093176841736, 8.743305206298828, 98.86410522460938, 1.4349935054779053, 0.001992354867979884
34.02196145057678, 0.8161867260932922, 0.4139125347137451, 9.503329277038574, 94.6778564453125, 1.4349524974822998, 0.005444815382361412
34.03198313713074, 0.8175961375236511, 0.47555235028266907, 10.289005279541016, 109.9028091430664, 1.4349112510681152, 0.009323211386799812
34.0451385974884, 0.8175961375236511, 0.3469109535217285, 10.922049522399902, 100.22258758544922, 1.4348576068878174, 0.0018287018174305558
34.05198669433594, 0.8234253525733948, 0.33677947521209717, 11.480599403381348, 108.28150939941406, 1.4348576068878174, 0.0019042190397158265
34.06198525428772, 0.8301079273223877, 0.3699302673339844, 12.160720825195312, 95.79463195800781, 1.4348162412643433, -0.0013782986206933856
34.071982622146606, 0.8374793529510498, 0.3736913204193115, 12.847616195678711, 92.77677917480469, 1.4347752332687378, 0.00927370972931385
34.08197855949402, 0.8374793529510498, 0.3055797815322876, 13.347655296325684, 93.73103332519531, 1.4347752332687378, 0.0036171656101942062
34.09199070930481, 0.8429559469223022, 0.3196795880794525, 13.867841720581055, 83.69032287597656, 1.4347913265228271, 0.005870289169251919
34.10196566581726, 0.8485325574874878, 0.3816617727279663, 14.49235725402832, 75.22795104980469, 1.4347914457321167, 0.0016320496797561646
34.111969232559204, 0.8524790406227112, 0.3684520721435547, 15.162269592285156, 64.1897201538086, 1.4347914457321167, 0.003626439021900296
34.12196063995361, 0.8524790406227112, 0.40324530005455017, 15.814626693725586, 70.1253662109375, 1.4348326921463013, 0.008160983212292194
34.13198232650757, 0.8569911122322083, 0.43771663308143616, 16.523456573486328, 69.27193450927734, 1.4348735809326172, 0.002650932176038623
34.141971588134766, 0.8609303832054138, 0.4333376884460449, 17.303821563720703, 63.817596435546875, 1.4349149465560913, 0.0025705532170832157
34.15196251869202, 0.8632208704948425, 0.4421737492084503, 18.019922256469727, 72.65906524658203, 1.4349559545516968, 0.004400626290589571
34.161964416503906, 0.8713734149932861, 0.4126548767089844, 18.770204544067383, 66.09487915039062, 1.4349559545516968, 0.004645438399165869
34.17198157310486, 0.8742474913597107, 0.4085368514060974, 19.423070907592773, 73.06056213378906, 1.4350420236587524, 0.004168848507106304
34.18199014663696, 0.8761693239212036, 0.38689374923706055, 20.12649154663086, 67.78831481933594, 1.435042142868042, 0.003737528109923005
34.19195747375488, 0.8761693239212036, 0.369038850069046, 20.73037338256836, 76.25050354003906, 1.435042142868042, 0.007927176542580128
34.20201516151428, 0.8783727288246155, 0.2984046936035156, 21.296031951904297, 68.0368423461914, 1.4349150657653809, 0.0046349382027983665
34.21196746826172, 0.8808327317237854, 0.3150436580181122, 21.81907844543457, 73.96443939208984, 1.4348737001419067, 0.008198886178433895
34.221983432769775, 0.8823845982551575, 0.2990543842315674, 22.36281394958496, 65.48175811767578, 1.4348737001419067, 0.004477770067751408
34.23196315765381, 0.8823845982551575, 0.2539336681365967, 22.831968307495117, 63.085174560546875, 1.4348326921463013, 0.0048156194388866425
34.241987466812134, 0.8833720088005066, 0.24935272336006165, 23.239999771118164, 65.95759582519531, 1.4348326921463013, 0.004914938937872648
34.251988649368286, 0.8847033977508545, 0.23869673907756805, 23.63811492919922, 62.42455291748047, 1.4347913265228271, 0.006100751459598541
34.261971950531006, 0.8847033977508545, 0.13330578804016113, 23.880489349365234, 51.10282897949219, 1.4347913265228271, 0.0011920323595404625
34.271981954574585, 0.8862097263336182, 0.1196146011352539, 24.097970962524414, 46.749114990234375, 1.4347913265228271, 0.008489266969263554
34.28198313713074, 0.8878929615020752, 0.11723637580871582, 24.303606033325195, 41.77112579345703, 1.4348326921463013, 0.010088138282299042
34.291982650756836, 0.8878929615020752, 0.11723637580871582, 24.51676368713379, 37.863922119140625, 1.4348326921463013, 0.009288482367992401
34.301963329315186, 0.8895604014396667, 0.12430879473686218, 24.712722778320312, 37.96302032470703, 1.4348737001419067, 0.004524465184658766
34.31196594238281, 0.9015482068061829, 0.23016002774238586, 25.08934783935547, 36.33626174926758, 1.4348737001419067, 0.0015252262819558382
34.321967124938965, 0.9015482068061829, 0.19164085388183594, 25.437786102294922, 30.749893188476562, 1.4348737001419067, 0.009799432009458542
34.332005977630615, 0.9035559892654419, 0.2352396696805954, 25.810087203979492, 33.0899543762207, 1.4349431991577148, 0.005213892553001642
34.3419623374939, 0.9055637717247009, 0.22192001342773438, 26.213577270507812, 29.735755920410156, 1.4349431991577148, 0.011014147661626339
34.35195708274841, 0.9055637717247009, 0.20859837532043457, 26.605484008789062, 29.67376708984375, 1.4348737001419067, 0.004874174017459154
34.361960887908936, 0.90757155418396, 0.2541012167930603, 27.021286010742188, 34.89769744873047, 1.4348737001419067, 0.005676164757460356
34.37350583076477, 0.909579336643219, 0.23369789123535156, 27.446191787719727, 33.48236083984375, 1.4348737001419067, 0.008578915148973465
34.38199996948242, 0.911587119102478, 0.2632538378238678, 27.876970291137695, 39.70400619506836, 1.4348737001419067, 0.004407934378832579
34.391990184783936, 0.911587119102478, 0.2369403839111328, 28.315227508544922, 37.984657287597656, 1.4348326921463013, 0.0060326154343783855
34.40200686454773, 0.911587119102478, 0.24474991858005524, 28.715726852416992, 44.47767639160156, 1.4348326921463013, 0.003908626735210419
34.41200494766235, 0.9135948419570923, 0.12047290802001953, 28.934768676757812, 38.454437255859375, 1.4348326921463013, 0.010718921199440956
34.42199182510376, 0.9135948419570923, 0.12047290802001953, 29.161331176757812, 37.235260009765625, 1.4347913265228271, 0.009795636869966984
34.432000160217285, 0.9156026244163513, 0.13383892178535461, 29.380340576171875, 39.66946029663086, 1.4347913265228271, 0.003483697073534131
34.441991329193115, 0.9135948419570923, 0.08923477679491043, 29.51883888244629, 36.72515106201172, 1.4348326921463013, 0.006742649246007204
34.45197367668152, 0.911587119102478, 0.06692276895046234, 29.62834930419922, 33.58734893798828, 1.4348326921463013, 0.008976555429399014
34.461957693099976, 0.909579336643219, 0.020074844360351562, 29.66485023498535, 26.43585205078125, 1.4348326921463013, 0.005639537703245878
34.471999645233154, 0.9035559892654419, -0.06692276895046234, 29.547883987426758, 23.35188102722168, 1.4348737001419067, 0.00565686309710145
34.48196864128113, 0.8975326418876648, -0.14054179191589355, 29.2923526763916, 14.153861999511719, 1.4348737001419067, -0.037958528846502304
34.49197697639465, 0.8935170769691467, -0.2007749378681183, 28.96381187438965, 7.20659875869751, 1.4348737001419067, -0.045666445046663284
34.50195932388306, 0.8874937891960144, -0.24093389511108398, 28.5257511138916, -1.89971923828125, 1.4348737001419067, -0.038272108882665634
34.511988401412964, 0.8834782242774963, -0.3346337080001831, 27.978168487548828, -10.62901782989502, 1.4348737001419067, -0.030101245269179344
34.52198624610901, 0.8814704418182373, -0.3212451934814453, 27.394086837768555, -17.672348022460938, 1.4348737001419067, 0.0038233427330851555
34.53202176094055, 0.8814704418182373, -0.3413200378417969, 26.77350425720215, -26.068878173828125, 1.4348737001419067, -0.0437052883207798
34.54198908805847, 0.8774548768997192, -0.4015498757362366, 26.123878479003906, -37.72142028808594, 1.4348326921463013, -0.04811422899365425
34.55198311805725, 0.8774548768997192, -0.34133195877075195, 25.50327491760254, -41.25080108642578, 1.4348326921463013, -0.020716018974781036
34.56197142601013, 0.8754470944404602, -0.37924447655677795, 24.882692337036133, -53.134918212890625, 1.4348326921463013, -0.02084844931960106
34.5732147693634, 0.8754470944404602, -0.31231510639190674, 24.371631622314453, -57.51397705078125, 1.4348326921463013, -0.04926401749253273
34.5842080116272, 0.8734393119812012, -0.2677043378353119, 23.933570861816406, -59.54233932495117, 1.4348326921463013, -0.02980988286435604
34.59197664260864, 0.8694238066673279, -0.26769769191741943, 23.495519638061523, -60.75837707519531, 1.4348326921463013, -0.015764396637678146
34.601980447769165, 0.8634004592895508, -0.24093985557556152, 23.05744743347168, -54.68311309814453, 1.4348326921463013, -0.0424484983086586
34.61198878288269, 0.8593848943710327, -0.2677043378353119, 22.619384765625, -59.5421257019043, 1.4348326921463013, -0.026678958907723427
34.62195539474487, 0.8513537645339966, -0.33462047576904297, 22.07182502746582, -59.13607406616211, 1.4348326921463013, -0.03055143915116787
34.631961822509766, 0.8433226943016052, -0.42388173937797546, 21.370744705200195, -60.03083038330078, 1.4348737001419067, -0.018471581861376762
34.64195728302002, 0.8433226943016052, -0.3413200378417969, 20.75016212463379, -53.73706817626953, 1.4348737001419067, -0.018719954416155815
34.65198588371277, 0.8372993469238281, -0.4461672604084015, 20.020071029663086, -60.92431640625, 1.4348737001419067, -0.052442535758018494
34.66198468208313, 0.8332837820053101, -0.4216313362121582, 19.253467559814453, -56.29253387451172, 1.4348737001419067, 0.0024889179039746523
34.6719856262207, 0.8332837820053101, -0.4684726297855377, 18.486875534057617, -65.38603210449219, 1.4348737001419067, -0.018792228773236275
34.68198013305664, 0.8332837820053101, -0.40155649185180664, 17.76422882080078, -61.693572998046875, 1.4348326921463013, -0.0006464173784479499
34.69198298454285, 0.831275999546051, -0.4238685071468353, 17.070627212524414, -71.38761138916016, 1.4348326921463013, -0.007691773120313883
34.70198678970337, 0.8212371468544006, -0.42162537574768066, 16.304035186767578, -67.53406524658203, 1.4348326921463013, -0.036209575831890106
34.71198272705078, 0.8132060170173645, -0.5131099224090576, 15.464400291442871, -79.49977111816406, 1.4348326921463013, -0.006491216830909252
34.721993923187256, 0.8091904520988464, -0.4216313362121582, 14.697797775268555, -73.74038696289062, 1.4348326921463013, -0.018620802089571953
34.73200988769531, 0.8031671643257141, -0.4461672604084015, 13.967706680297852, -82.25588989257812, 1.4348326921463013, -0.03118978999555111
34.74197602272034, 0.8031671643257141, -0.4461804926395416, 13.237592697143555, -83.4727783203125, 1.4348326921463013, -0.022209836170077324
34.75196123123169, 0.7960788011550903, -0.45800209045410156, 12.488134384155273, -83.68841552734375, 1.4348326921463013, -0.022185055539011955
34.761958360672, 0.793128252029419, -0.4461804926395416, 11.750565528869629, -83.36554718017578, 1.4348737001419067, -0.004103116691112518
34.77197194099426, 0.793128252029419, -0.4015505313873291, 11.02047348022461, -74.66401672363281, 1.4348737001419067, -0.027267515659332275
34.78198599815369, 0.7790738344192505, -0.6023313999176025, 10.050423622131348, -85.70883178710938, 1.4347879886627197, -0.022897202521562576
34.79199838638306, 0.7730504870414734, -0.64696204662323, 8.991758346557617, -89.76533508300781, 1.4347879886627197, -0.0019755337852984667
34.80195617675781, 0.7669973373413086, -0.6026625633239746, 8.007903099060059, -92.17919158935547, 1.4347752332687378, -0.038345493376255035
34.812005043029785, 0.7690349221229553, -0.44170618057250977, 7.1943535804748535, -82.700439453125, 1.4348326921463013, -0.002311528194695711
34.82199144363403, 0.765019416809082, -0.4907846450805664, 6.391251564025879, -92.29501342773438, 1.4348326921463013, -0.010357816703617573
34.83200645446777, 0.7524915933609009, -0.5067586898803711, 5.469871997833252, -84.9783935546875, 1.4348326921463013, -0.007450172211974859
34.841978549957275, 0.761003851890564, -0.4684792757034302, 4.7032694816589355, -94.82585144042969, 1.4348326921463013, 0.014995945617556572
34.85199570655823, 0.7469493746757507, -0.49129724502563477, 3.810001850128174, -86.78121948242188, 1.4348326921463013, -0.0073182350024580956
34.86197829246521, 0.7409260869026184, -0.5800194144248962, 2.8608791828155518, -98.77438354492188, 1.4348326921463013, -0.002354306634515524
34.871983766555786, 0.7389183044433594, -0.6023313999176025, 1.8908298015594482, -101.4404296875, 1.4347469806671143, 0.015539630316197872
34.88201332092285, 0.7354947328567505, -0.435793399810791, 1.119264006614685, -89.3116455078125, 1.434632658958435, -0.019714677706360817
34.8919837474823, 0.7341376543045044, -0.4323654770851135, 0.44546055793762207, -94.95883178710938, 1.4344472885131836, 0.014581887982785702
34.90198516845703, 0.7341376543045044, -0.3286004066467285, -0.1445387452840805, -81.52444458007812, 1.4344062805175781, -0.004653881303966045
34.91344666481018, 0.7469696402549744, -0.24516715109348297, -0.5434021949768066, -85.97503662109375, 1.4343935251235962, 0.01656433939933777
34.922001361846924, 0.7469696402549744, -0.18050074577331543, -0.8902470469474792, -72.81498718261719, 1.4344961643218994, 0.008023845963180065
34.931994915008545, 0.7850971817970276, 0.36229026317596436, -0.3286629021167755, -64.42818450927734, 1.4346680641174316, -0.005511156748980284
34.94195890426636, 0.7891126871109009, 0.2810835838317871, 0.15177220106124878, -45.51497268676758, 1.434836506843567, 0.0056561632081866264
34.951985597610474, 0.7891126871109009, 0.4684792757034302, 0.8901328444480896, -32.4429817199707, 1.4349918365478516, 0.0053004855290055275
34.964797258377075, 0.7891126871109009, 0.48186779022216797, 1.740767002105713, -11.201122283935547, 1.4351320266723633, 0.0026070349849760532
34.973212242126465, 0.7858713865280151, 0.46953558921813965, 2.579491138458252, 6.886610507965088, 1.4352144002914429, 0.0021173013374209404
34.981974363327026, 0.8031671643257141, 0.676727294921875, 3.8181188106536865, 26.988554000854492, 1.4351692199707031, 0.0008185688056983054
34.9919707775116, 0.7897224426269531, 0.6176034808158875, 4.836892127990723, 48.79367446899414, 1.435124397277832, 0.0053491778671741486
35.00198268890381, 0.8071827292442322, 0.8116165995597839, 6.180641174316406, 70.27978515625, 1.4350383281707764, 0.005409436300396919
35.01197052001953, 0.8051749467849731, 0.5820512771606445, 7.25452184677124, 77.97924041748047, 1.4349524974822998, 0.0019006401998922229
35.02198624610901, 0.8051749467849731, 0.5820512771606445, 8.312796592712402, 92.03042602539062, 1.4349524974822998, -0.002669723704457283
35.031983852386475, 0.79510498046875, 0.1000821590423584, 8.502264022827148, 88.30926513671875, 1.4349112510681152, 0.00522723700851202
35.04197883605957, 0.797534167766571, 0.08420348167419434, 8.662817001342773, 85.1104736328125, 1.4348702430725098, -0.00024289624707307667
35.051973819732666, 0.8016951084136963, 0.13980600237846375, 8.899024963378906, 88.98772430419922, 1.4348293542861938, 0.0075504351407289505
35.06197428703308, 0.8016951084136963, 0.139812633395195, 9.130193710327148, 82.104736328125, 1.4348162412643433, 0.0017335403244942427
35.07197976112366, 0.8047437071800232, 0.20968914031982422, 9.4807767868042, 76.68092346191406, 1.4347752332687378, 0.0037837582640349865
35.081971645355225, 0.8073505163192749, 0.04183053970336914, 9.546385765075684, 57.28263854980469, 1.4348326921463013, 0.007723495364189148
35.09197187423706, 0.8095331192016602, 0.22011995315551758, 9.914102554321289, 56.41343688964844, 1.4347913265228271, 0.010232143104076385
35.10199165344238, 0.8112297654151917, 0.04048347473144531, 9.987687110900879, 38.07048797607422, 1.4347914457321167, 0.004937460646033287
35.11196732521057, 0.81236732006073, 0.07191300392150879, 10.110917091369629, 28.563976287841797, 1.4348328113555908, 0.004202603828161955
35.12195634841919, 0.8135443329811096, 0.0929964929819107, 10.263114929199219, 21.670129776000977, 1.4348326921463013, 0.0018590715480968356
35.131961822509766, 0.8135443329811096, 0.20488102734088898, 10.590940475463867, 23.207557678222656, 1.4348735809326172, 0.0099085234105587
35.14247989654541, 0.8135443329811096, 0.16010403633117676, 10.884964942932129, 22.22146987915039, 1.4348574876785278, 0.0053604175336658955
35.15197825431824, 0.818341076374054, 0.18494659662246704, 11.18014907836914, 25.345802307128906, 1.4348984956741333, 0.0030393253546208143
35.16199326515198, 0.821177065372467, 0.1948237419128418, 11.523926734924316, 23.937225341796875, 1.4349559545516968, 0.0066765304654836655
35.17321300506592, 0.8236410021781921, 0.20996730029582977, 11.869828224182129, 26.545101165771484, 1.4349431991577148, 0.0008837048662826419
35.18198847770691, 0.8236410021781921, 0.16291141510009766, 12.155497550964355, 26.09109878540039, 1.4350011348724365, 0.0021439550910145044
35.19198775291443, 0.82769376039505, 0.2017749696969986, 12.485674858093262, 28.573036193847656, 1.4350011348724365, 0.006621845997869968
35.201980113983154, 0.8299018740653992, 0.18672943115234375, 12.83781909942627, 28.501415252685547, 1.4349316358566284, 0.002175692468881607
35.211973428726196, 0.8312587738037109, 0.20990106463432312, 13.191826820373535, 34.23224639892578, 1.4348737001419067, 0.0016933977603912354
35.221978187561035, 0.8312587738037109, 0.1771390438079834, 13.521353721618652, 32.58247375488281, 1.4348326921463013, 0.0026409842539578676
35.23198485374451, 0.8328990936279297, 0.21506017446517944, 13.88371753692627, 36.58633804321289, 1.4347752332687378, 0.006253066007047892
35.24198246002197, 0.8332808613777161, 0.21929210424423218, 14.247695922851562, 37.36368942260742, 1.4347469806671143, 0.005948211532086134
35.25195264816284, 0.8332808613777161, 0.14940500259399414, 14.526863098144531, 33.46710205078125, 1.4347056150436401, 0.0040606241673231125
35.26195693016052, 0.8330807685852051, 0.1322627067565918, 14.73815631866455, 35.71372604370117, 1.4347338676452637, 0.006401116494089365
35.27196383476257, 0.8322908878326416, 0.08649826049804688, 14.887904167175293, 30.180835723876953, 1.4347752332687378, 0.002015277510508895
35.28197956085205, 0.8314254283905029, 0.0778496265411377, 15.019001960754395, 28.634929656982422, 1.4348326921463013, 0.00957527756690979
35.29197669029236, 0.8305634260177612, 0.03188186138868332, 15.071172714233398, 28.72774314880371, 1.4348326921463013, 0.009215051308274269
35.301960706710815, 0.8301921486854553, 0.0029027462005615234, 15.068994522094727, 22.311878204345703, 1.4348737001419067, 0.0005385844269767404
35.31195831298828, 0.8301921486854553, -0.010675191879272461, 15.044469833374023, 18.526268005371094, 1.4349018335342407, 0.0030341462697833776
35.32196021080017, 0.8300151228904724, -0.013815032318234444, 15.021862983703613, 16.672452926635742, 1.4349018335342407, -0.010667148046195507
35.331966161727905, 0.8372993469238281, 0.04400014877319336, 15.106978416442871, 12.232685089111328, 1.4348737001419067, -0.05296565592288971
35.341973304748535, 0.8372993469238281, 0.04465712606906891, 15.1800537109375, 10.35934066772461, 1.4348737001419067, 0.0054071806371212006
35.35197639465332, 0.8393071293830872, 0.06695588678121567, 15.289618492126465, 8.475091934204102, 1.4348737001419067, 0.007468000985682011
35.36198806762695, 0.8393071293830872, 0.06226301193237305, 15.402823448181152, 6.646728515625, 1.4348737001419067, 0.003998596221208572
35.371985912323, 0.8393071293830872, 0.07016658782958984, 15.530399322509766, 6.424999237060547, 1.4348737001419067, 0.0032758968882262707
35.3819739818573, 0.8393071293830872, 0.07882118225097656, 15.681166648864746, 6.621551513671875, 1.4348326921463013, 0.001058545196428895
35.39319181442261, 0.8393071293830872, 0.08742809295654297, 15.840126991271973, 7.689666748046875, 1.4348326921463013, 0.0032516024075448513
35.40197134017944, 0.8393071293830872, 0.10128153860569, 16.005859375, 10.409566879272461, 1.4348326921463013, 0.0005621944437734783
35.411980390548706, 0.8393071293830872, 0.09115338325500488, 16.171592712402344, 11.271381378173828, 1.4348326921463013, 0.007114995736628771
35.42200040817261, 0.8352915644645691, 0.05863110348582268, 16.267534255981445, 13.840569496154785, 1.4348326921463013, 0.0063231270760297775
35.43199563026428, 0.8352915644645691, -0.02008676528930664, 16.231014251708984, 11.240386962890625, 1.4348326921463013, 0.010041718371212482
35.44199252128601, 0.831275999546051, -0.06692276895046234, 16.121503829956055, 10.460536003112793, 1.4348326921463013, -0.03414630517363548
35.45200204849243, 0.8272604942321777, -0.12047886848449707, 15.902451515197754, 6.128215789794922, 1.4348326921463013, -0.02730945125222206
35.461974143981934, 0.8232449293136597, -0.1784629225730896, 15.602965354919434, 2.223862648010254, 1.4348737001419067, -0.023596148937940598
35.47198152542114, 0.8152137994766235, -0.24092793464660645, 15.16491413116455, -3.654766082763672, 1.4348737001419067, -0.028077151626348495
35.48197817802429, 0.8152137994766235, -0.26771095395088196, 14.726841926574707, -10.603693008422852, 1.4348737001419067, -0.0008045512367971241
35.49201703071594, 0.8091904520988464, -0.3346337080001831, 14.179259300231934, -18.45412826538086, 1.4348737001419067, -0.0032011738512665033
35.501978158950806, 0.8091904520988464, -0.30117034912109375, 13.63167667388916, -23.741722106933594, 1.4348737001419067, -0.009212191216647625
35.51199793815613, 0.8071827292442322, -0.3212451934814453, 13.047595024108887, -31.239986419677734, 1.4348737001419067, -0.012360167689621449
35.521968841552734, 0.8071827292442322, -0.2810835838317871, 12.543990135192871, -37.235355377197266, 1.4348326921463013, -0.01463943999260664
35.53198266029358, 0.8051749467849731, -0.33462047576904297, 11.996428489685059, -47.05121612548828, 1.4348326921463013, -0.01817493885755539
35.54197072982788, 0.8031671643257141, -0.3123283386230469, 11.485345840454102, -51.51282501220703, 1.4348326921463013, -0.010938375256955624
35.55199337005615, 0.8031671643257141, -0.24092793464660645, 11.047295570373535, -48.55146408081055, 1.4348326921463013, -0.0154428044334054
35.56197810173035, 0.8011593818664551, -0.22085309028625488, 10.645744323730469, -49.5722770690918, 1.4348326921463013, 0.0011420643422752619
35.57198739051819, 0.7911204695701599, -0.2677043378353119, 10.207682609558105, -55.08030700683594, 1.4348326921463013, -0.01148412749171257
35.581989765167236, 0.7850971817970276, -0.3011643886566162, 9.660111427307129, -50.667381286621094, 1.4348326921463013, -0.012158089317381382
