33.54400086402893, 1.1748251914978027, -1.1517763137817383, 66.74905395507812, -163.12942504882812, 1.4348326921463013, 0.0
33.554006576538086, 1.1618009805679321, -2.1045923233032227, 83.64082336425781, 67.7154541015625, 1.4348326921463013, -0.06829224526882172
33.56397891044617, 1.149021863937378, -1.0332942008972168, 81.7621078491211, 30.393218994140625, 1.4348326921463013, -0.08568199723958969
33.574005126953125, 1.149021863937378, -1.0332942008972168, 81.7621078491211, 30.393218994140625, 1.4348326921463013, -0.06877006590366364
33.58399152755737, 1.112376093864441, -2.6027917861938477, 77.2719497680664, 32.421875, 1.4348326921463013, -0.05940970405936241
33.59401988983154, 1.112376093864441, -1.1225104331970215, 75.23101806640625, 12.94097900390625, 1.4348326921463013, -0.06619361788034439
33.60400080680847, 1.112376093864441, -1.1225104331970215, 75.23101806640625, 12.94097900390625, 1.4348326921463013, -0.06957075744867325
33.61401176452637, 1.0864688158035278, -0.6531978845596313, 72.97451782226562, 4.4816670417785645, 1.4348326921463013, -0.0958244800567627
33.62403059005737, 1.0752028226852417, -1.3537287712097168, 70.51319122314453, 0.180816650390625, 1.4348326921463013, -0.09244630485773087
33.63399815559387, 1.0553016662597656, -1.5982918739318848, 67.8978042602539, -10.504828453063965, 1.4348326921463013, -0.08667410910129547
33.643991231918335, 1.0553016662597656, -1.195228099822998, 65.72466278076172, -10.243988037109375, 1.4348326921463013, -0.08147619664669037
33.654003858566284, 1.0422439575195312, -1.3284153938293457, 63.5508918762207, -244.47970581054688, 1.4348326921463013, -0.10345616191625595
33.66399431228638, 1.0239061117172241, -1.378941535949707, 61.03627014160156, -226.04598999023438, 1.4348737001419067, -0.09845893085002899
33.67400360107422, 1.008754014968872, -1.5585554838180542, 58.485904693603516, -258.6246032714844, 1.4348737001419067, -0.03346722573041916
33.684035539627075, 1.008754014968872, -1.4086298942565918, 56.188331604003906, -260.55230712890625, 1.4348326921463013, -0.06698282063007355
33.69401025772095, 0.9885929226875305, -1.2378215789794922, 53.937747955322266, -233.34274291992188, 1.4348326921463013, -0.06801246851682663
33.70405602455139, 0.975483238697052, -1.5210442543029785, 51.44876480102539, -264.2466125488281, 1.4348326921463013, -0.0974416509270668
33.714027881622314, 0.975483238697052, -1.5210442543029785, 51.44876480102539, -264.2466125488281, 1.4348326921463013, -0.06532124429941177
33.72400212287903, 0.9468614459037781, -0.6980359554290771, 48.91045379638672, -120.32051086425781, 1.4348326921463013, -0.07400384545326233
33.73401212692261, 0.9468614459037781, -0.6980359554290771, 48.91045379638672, -120.32051086425781, 1.4348326921463013, -0.07173892855644226
33.74399757385254, 0.9262046217918396, -1.4343990087509155, 44.22976303100586, -262.97802734375, 1.4348326921463013, -0.0555797778069973
33.75400519371033, 0.906987190246582, -1.483154296875, 41.533119201660156, -241.91513061523438, 1.4348326921463013, -0.07228896766901016
33.76400327682495, 0.906987190246582, -1.483154296875, 41.533119201660156, -241.91513061523438, 1.4348326921463013, -0.06020615994930267
33.774020195007324, 0.8938267230987549, -1.445326566696167, 36.70882797241211, -270.3052062988281, 1.4348326921463013, -0.05411160737276077
33.784011125564575, 0.8671131134033203, -1.41640305519104, 34.133548736572266, -243.52340698242188, 1.4348326921463013, -0.04084377363324165
33.79400610923767, 0.8671131134033203, -1.573787808418274, 31.55826187133789, -273.66766357421875, 1.4348326921463013, -0.042270515114068985
33.80399417877197, 0.8489654064178467, -1.5514161586761475, 29.01212501525879, -276.9512634277344, 1.4348737001419067, -0.02913113683462143
33.81399059295654, 0.8296154141426086, -1.4586806297302246, 26.35997772216797, -250.88768005371094, 1.4348737001419067, -0.05328066647052765
33.82398509979248, 0.8210400938987732, -1.2582123279571533, 24.07231903076172, -248.3814239501953, 1.4348737001419067, -0.02898542396724224
33.83399248123169, 0.8009998798370361, -1.6206834316253662, 21.42542839050293, -279.4617614746094, 1.4348454475402832, -0.04340923950076103
33.8444664478302, 0.8009998798370361, -1.2520551681518555, 19.159412384033203, -250.70343017578125, 1.4347879886627197, -0.027994278818368912
33.85399556159973, 0.7873417139053345, -1.1964499950408936, 16.991504669189453, -245.41587829589844, 1.4347469806671143, -0.010025613941252232
33.86399579048157, 0.7740136981010437, -1.4774866104125977, 14.573799133300781, -272.22357177734375, 1.4347469806671143, -0.019082967191934586
33.87400841712952, 0.7616639137268066, -1.468472957611084, 12.178363800048828, -272.5607604980469, 1.4347056150436401, -0.019497038796544075
33.88398241996765, 0.7502604722976685, -1.1685311794281006, 10.048624992370605, -240.84912109375, 1.4347338676452637, -0.015441336669027805
33.89397692680359, 0.7361747026443481, -1.4548698663711548, 7.657481670379639, -265.5641784667969, 1.4347913265228271, 0.013168515637516975
33.90398383140564, 0.7361747026443481, -1.4548698663711548, 7.657481670379639, -265.5641784667969, 1.4346774816513062, 0.01335716899484396
33.913989543914795, 0.7297940850257874, -1.6636848449707031, 3.727823257446289, -377.2025146484375, 1.4345052242279053, -0.03366158902645111
33.92399835586548, 0.7319985628128052, -0.9893510341644287, 2.1578261852264404, -243.49456787109375, 1.4342360496520996, -0.020867398008704185
33.934003591537476, 0.7455839514732361, -0.5541622638702393, 1.1757041215896606, -202.49710083007812, 1.434096097946167, -0.0006764581194147468
33.9439971446991, 0.7645682692527771, -0.3643155097961426, 0.5234776139259338, -186.35931396484375, 1.4340401887893677, 0.014756068587303162
33.95400023460388, 0.7645682692527771, -0.25303494930267334, 0.08332439512014389, -187.8686981201172, 1.4341837167739868, -0.0060096862725913525
33.96399474143982, 0.7816439270973206, 0.07630586624145508, 0.18020904064178467, -143.9358673095703, 1.4344139099121094, -0.0033728093840181828
33.9740104675293, 0.7816439270973206, 0.07630586624145508, 0.18020904064178467, -143.9358673095703, 1.4347258806228638, -0.014290655963122845
33.98400950431824, 0.8029943704605103, 0.45922067761421204, 0.8749390840530396, -125.59366607666016, 1.4350086450576782, 0.008397204801440239
33.99400782585144, 0.8160924315452576, 0.79917311668396, 3.2077999114990234, -44.496822357177734, 1.4351602792739868, 0.011047378182411194
34.00399851799011, 0.8160924315452576, 0.79917311668396, 3.2077999114990234, -44.496822357177734, 1.4352426528930664, 0.001874377834610641
34.01399064064026, 0.8420259952545166, 0.5907008647918701, 5.22872257232666, -1.4879451990127563, 1.435268521308899, 0.0024340925738215446
34.0240204334259, 0.8528577089309692, 1.2306272983551025, 7.477540493011475, 37.49718475341797, 1.4352062940597534, 0.0057435850612819195
34.03400373458862, 0.8596476912498474, 1.418325662612915, 9.806565284729004, 84.98596954345703, 1.4351615905761719, 0.00391308031976223
34.043994426727295, 0.8596476912498474, 1.1406362056732178, 11.90355396270752, 107.27848815917969, 1.4350345134735107, 0.00357965100556612
34.05399489402771, 0.8685718774795532, 1.0400354862213135, 13.807098388671875, 132.83624267578125, 1.4349653720855713, 0.0027023828588426113
34.06401443481445, 0.8815827369689941, 1.3001693487167358, 15.94210433959961, 176.20864868164062, 1.4349243640899658, 0.005850726272910833
34.073994874954224, 0.8915593028068542, 1.2212727069854736, 17.95039176940918, 197.44656372070312, 1.4348702430725098, 0.003673314582556486
34.0840003490448, 0.8915593028068542, 1.2212727069854736, 17.95039176940918, 197.44656372070312, 1.4348293542861938, 0.004024035297334194
34.09585642814636, 0.8915593028068542, 1.2212727069854736, 17.95039176940918, 197.44656372070312, 1.4347879886627197, 0.004853873513638973
34.10399794578552, 0.8915593028068542, 1.2212727069854736, 17.95039176940918, 197.44656372070312, 1.4348162412643433, 0.0027338548097759485
34.114004373550415, 0.8915593028068542, 1.2212727069854736, 17.95039176940918, 197.44656372070312, 1.4348443746566772, 0.0043937088921666145
34.12399482727051, 0.929594874382019, 0.2532005310058594, 20.246469497680664, 38.74305725097656, 1.4349018335342407, 0.004664675798267126
34.133992433547974, 0.929594874382019, 0.2532005310058594, 20.246469497680664, 38.74305725097656, 1.434918761253357, 0.007593591697514057
34.143985986709595, 0.954220712184906, 0.7959321737289429, 22.998069763183594, 111.66175842285156, 1.4348907470703125, 0.005940733011811972
34.15399146080017, 0.954220712184906, 1.5347599983215332, 25.5125732421875, 247.830810546875, 1.4348738193511963, 0.009376466274261475
34.16399431228638, 0.954220712184906, 1.5347599983215332, 25.5125732421875, 247.830810546875, 1.4348293542861938, 0.013770293444395065
34.174007415771484, 0.9837507009506226, 0.708615779876709, 28.100542068481445, 114.35909271240234, 1.434812307357788, 0.012266664765775204
34.18399715423584, 0.9837507009506226, 1.4543797969818115, 30.472980499267578, 255.50482177734375, 1.4348533153533936, 0.019166506826877594
34.19398522377014, 0.993994414806366, 1.3434648513793945, 32.90513229370117, 230.9856414794922, 1.4349111318588257, 0.014131039381027222
34.203996419906616, 0.993994414806366, 1.3434648513793945, 32.90513229370117, 230.9856414794922, 1.4349111318588257, 0.0206639114767313
34.21400308609009, 1.013283133506775, 2.8942108154296875, 38.176456451416016, 487.3870849609375, 1.435042142868042, 0.02076418325304985
34.223987340927124, 1.013283133506775, 1.463340401649475, 40.571014404296875, 273.6545104980469, 1.435042142868042, 0.00859379954636097
34.2340202331543, 1.013283133506775, 1.463340401649475, 40.571014404296875, 273.6545104980469, 1.435042142868042, 0.023913433775305748
34.24400568008423, 1.0395046472549438, 0.7786656618118286, 43.271484375, 133.26885986328125, 1.4349842071533203, 0.019905243068933487
34.254006147384644, 1.0395046472549438, 0.7786656618118286, 43.271484375, 133.26885986328125, 1.4349433183670044, 0.014117691665887833
34.26400184631348, 1.0582691431045532, 0.6433725357055664, 45.623592376708984, 126.88569641113281, 1.4349150657653809, 0.013571182265877724
34.27400588989258, 1.0649555921554565, 1.2303723096847534, 47.64445114135742, 273.84820556640625, 1.4348737001419067, 0.01642361842095852
34.283989906311035, 1.0696358680725098, 1.154172420501709, 49.76598358154297, 242.5342559814453, 1.4347469806671143, 0.034254688769578934
34.294005393981934, 1.0696358680725098, 0.9542703628540039, 51.327518463134766, 258.07781982421875, 1.4347469806671143, 0.01627945899963379
34.303998947143555, 1.0696358680725098, 0.9542703628540039, 51.327518463134766, 258.07781982421875, 1.4347469806671143, 0.024772122502326965
34.314018964767456, 1.0878748893737793, 0.548017680644989, 53.2206916809082, 119.72467803955078, 1.4347468614578247, 0.027523024007678032
34.3239860534668, 1.0878748893737793, 0.9388208389282227, 54.922481536865234, 220.17364501953125, 1.4347752332687378, 0.024676937609910965
34.33401012420654, 1.0878748893737793, 0.9388208389282227, 54.922481536865234, 220.17364501953125, 1.4348326921463013, 0.02331119403243065
34.34400415420532, 1.1036317348480225, 1.003861427307129, 58.185585021972656, 222.32351684570312, 1.4348737001419067, 0.028578490018844604
34.35402989387512, 1.1036317348480225, 0.9034872055053711, 59.82317352294922, 192.52166748046875, 1.4349018335342407, 0.03186813369393349
34.3640034198761, 1.1036317348480225, 0.9034872055053711, 59.82317352294922, 192.52166748046875, 1.4349018335342407, 0.044011328369379044
34.373993158340454, 1.115488052368164, 0.844253420829773, 61.204681396484375, 199.25775146484375, 1.4349018335342407, 0.03710644319653511
34.386685609817505, 1.1233437061309814, 0.6487634181976318, 63.31175994873047, 174.08116149902344, 1.4348737001419067, 0.03706479072570801
34.39401078224182, 1.1233437061309814, 0.6487634181976318, 63.31175994873047, 174.08116149902344, 1.4348737001419067, 0.04618186131119728
34.404006004333496, 1.1233437061309814, 0.6487634181976318, 63.31175994873047, 174.08116149902344, 1.4348737001419067, 0.04324066638946533
34.41403913497925, 1.136738896369934, 0.22367238998413086, 64.542236328125, 49.25410079956055, 1.4348162412643433, 0.03133469820022583
34.42399835586548, 1.136738896369934, 0.6710410118103027, 65.76231384277344, 144.34814453125, 1.4348162412643433, 0.034362491220235825
34.43398833274841, 1.136738896369934, 0.6710410118103027, 65.76231384277344, 144.34814453125, 1.4348162412643433, 0.03502199798822403
34.443986654281616, 1.1510872840881348, 1.0535517930984497, 67.9403305053711, 216.96408081054688, 1.4348326921463013, 0.03958228603005409
34.454015254974365, 1.1568975448608398, 0.6735324859619141, 69.04247283935547, 138.8011474609375, 1.4348326921463013, 0.04520130529999733
34.464019536972046, 1.1568975448608398, 0.5326628684997559, 70.01094818115234, 118.25408935546875, 1.4348326921463013, 0.040231045335531235
34.47404432296753, 1.1613273620605469, 0.6410678029060364, 71.05997467041016, 124.85334777832031, 1.4348326921463013, 0.04701346904039383
34.484007835388184, 1.1613273620605469, 0.4584074020385742, 71.89344024658203, 106.8878173828125, 1.4348326921463013, 0.052807919681072235
34.494006395339966, 1.1650583744049072, 0.5507733821868896, 72.79470825195312, 117.21886444091797, 1.4348326921463013, 0.06421440839767456
34.503995418548584, 1.1685045957565308, 0.4516005516052246, 73.60834503173828, 102.96554565429688, 1.4348737001419067, 0.06276320666074753
34.51400423049927, 1.1710054874420166, 0.3807412385940552, 74.23136901855469, 107.65753936767578, 1.4348737001419067, 0.06488852947950363
34.52399134635925, 1.1710054874420166, 0.3426671028137207, 74.85440063476562, 90.92025756835938, 1.4348737001419067, 0.053993601351976395
34.53398823738098, 1.1724903583526611, 0.27872323989868164, 75.36117553710938, 85.67123413085938, 1.4348737001419067, 0.051017723977565765
34.54399657249451, 1.173120141029358, 0.24480289220809937, 75.76175689697266, 86.90558624267578, 1.4348737001419067, 0.06889206171035767
34.553985595703125, 1.1738874912261963, 0.16989707946777344, 76.07066345214844, 70.281982421875, 1.4348737001419067, 0.0683228075504303
34.56398582458496, 1.1739696264266968, 0.18968847393989563, 76.38106536865234, 70.77873992919922, 1.4348737001419067, 0.05979890003800392
34.57400178909302, 1.1739696264266968, 0.12642145156860352, 76.61091613769531, 55.509185791015625, 1.4348737001419067, 0.06795103847980499
34.58432960510254, 1.173466444015503, 0.12140274047851562, 76.83164978027344, 49.38201904296875, 1.4348737001419067, 0.05757405608892441
34.59400391578674, 1.1722224950790405, 0.07162094116210938, 76.96186828613281, 41.670989990234375, 1.4348737001419067, 0.05988182872533798
34.6039981842041, 1.1722224950790405, 0.0413258858025074, 77.03694915771484, 38.09611129760742, 1.4348326921463013, 0.06367764621973038
34.61400508880615, 1.1886602640151978, 0.19616550207138062, 77.35794830322266, 34.74002456665039, 1.4348326921463013, 0.055612098425626755
34.623997926712036, 1.1866525411605835, 0.15647411346435547, 77.64244842529297, 27.880096435546875, 1.4348326921463013, 0.06490954756736755
34.63399052619934, 1.16767156124115, -0.05353821814060211, 77.55484008789062, 24.37421989440918, 1.4348326921463013, 0.08518724143505096
34.64400601387024, 1.1826369762420654, 0.09516477584838867, 77.72786712646484, 19.661712646484375, 1.4348326921463013, 0.07590290904045105
34.65402150154114, 1.1826369762420654, 0.09516477584838867, 77.72786712646484, 19.661712646484375, 1.4348326921463013, -0.08459538221359253
34.66399383544922, 1.1746058464050293, 0.01058975886553526, 77.82549285888672, 24.07328224182129, 1.4348326921463013, 0.056462857872247696
34.67399024963379, 1.1705902814865112, -0.03753767907619476, 77.75660705566406, 12.730916023254395, 1.4348737001419067, 0.058223214000463486
34.68401217460632, 1.1558945178985596, -0.17571449279785156, 77.43712615966797, 6.0546875, 1.4348737001419067, 0.04499387741088867
34.69401812553406, 1.1495801210403442, -0.25158458948135376, 77.02544403076172, 0.7069905400276184, 1.4348737001419067, -0.06195259466767311
34.70401310920715, 1.1495801210403442, -0.22643804550170898, 76.61373901367188, -4.232025146484375, 1.4348737001419067, -0.0703597143292427
34.714006185531616, 1.1461375951766968, -0.4724661409854889, 75.84061431884766, -16.85841941833496, 1.4348737001419067, -0.07311056554317474
34.72399163246155, 1.1461375951766968, -0.4724661409854889, 75.84061431884766, -16.85841941833496, 1.4348737001419067, -0.11400548368692398
34.73399019241333, 1.1414748430252075, -0.32269954681396484, 75.01919555664062, -18.737247467041016, 1.4348737001419067, -0.08299301564693451
34.743995666503906, 1.1365995407104492, -0.4603743553161621, 73.70585632324219, -40.22064208984375, 1.4348737001419067, -0.09391283243894577
34.754021644592285, 1.1313276290893555, -0.4729270935058594, 72.84598541259766, -49.6795654296875, 1.4348737001419067, -0.09397830814123154
34.76399827003479, 1.1384658813476562, -0.3614068031311035, 72.18888092041016, -56.365966796875, 1.4348737001419067, -0.10169317573308945
34.774004220962524, 1.1324424743652344, -0.4238685071468353, 71.50273895263672, -69.48683166503906, 1.4348326921463013, -0.05133010074496269
34.78398513793945, 1.126419186592102, -0.3275076448917389, 70.96681213378906, -71.89263153076172, 1.4348326921463013, -0.06764139235019684
34.794010639190674, 1.1203958988189697, -0.32427576184272766, 70.4361801147461, -73.21505737304688, 1.4348326921463013, -0.08175313472747803
34.80401873588562, 1.1203958988189697, -0.32427576184272766, 70.4361801147461, -73.21505737304688, 1.4348326921463013, -0.0838412269949913
34.814008712768555, 1.1063414812088013, -0.44218698143959045, 69.07247161865234, -75.20209503173828, 1.4348326921463013, -0.056289173662662506
34.82402539253235, 1.1004798412322998, -0.40993690490722656, 68.32713317871094, -66.92047119140625, 1.4348326921463013, -0.0650826245546341
34.834033489227295, 1.1004798412322998, -0.45549869537353516, 67.58177185058594, -77.34595489501953, 1.4348326921463013, -0.0756073072552681
34.8439998626709, 1.0892263650894165, -0.5263620018959045, 66.71299743652344, -77.69860076904297, 1.4348737001419067, -0.07965695858001709
34.85399651527405, 1.0794862508773804, -0.5184173583984375, 65.77041625976562, -70.7550048828125, 1.4348737001419067, -0.07314635813236237
34.864001989364624, 1.0728397369384766, -0.6562709808349609, 64.57719421386719, -76.116943359375, 1.4348737001419067, -0.07048024237155914
34.874006032943726, 1.0722092390060425, -0.6692409515380859, 63.48207473754883, -89.11895751953125, 1.4348737001419067, -0.0724094957113266
34.88402724266052, 1.0641781091690063, -0.6224155426025391, 62.35041046142578, -86.16409301757812, 1.4348737001419067, -0.05911489948630333
34.89400386810303, 1.0641781091690063, -0.5621671676635742, 61.32828903198242, -91.07894897460938, 1.4348737001419067, -0.08526378124952316
34.903985261917114, 1.0461081266403198, -0.7584889531135559, 60.08712387084961, -107.87625122070312, 1.4348737001419067, -0.06142319366335869
34.91398096084595, 1.0400848388671875, -0.7361968159675598, 58.892887115478516, -113.10704803466797, 1.4348162412643433, -0.07927583158016205
34.92400121688843, 1.0340614318847656, -0.6641864776611328, 57.69272994995117, -106.34346008300781, 1.4347752332687378, -0.0710177943110466
34.93400955200195, 1.026588797569275, -0.7389187812805176, 56.3492431640625, -112.3260498046875, 1.4347752332687378, -0.0584888830780983
34.943994998931885, 1.019658088684082, -0.7729794979095459, 55.08436584472656, -129.20718383789062, 1.4347752332687378, -0.063741534948349
34.95399856567383, 1.019658088684082, -0.6647639870643616, 53.986122131347656, -130.93609619140625, 1.4348326921463013, -0.0670938640832901
34.964008808135986, 1.0043551921844482, -0.6848335266113281, 52.740970611572266, -118.36204528808594, 1.4348326921463013, -0.09112504124641418
34.97400403022766, 0.9886130094528198, -0.8359551429748535, 51.21359634399414, -122.68486022949219, 1.4348737001419067, -0.07816021889448166
34.984002351760864, 0.9886130094528198, -0.7556557655334473, 49.83967971801758, -125.10795593261719, 1.4348737001419067, -0.04647943004965782
34.994012117385864, 0.9781040549278259, -0.9563896656036377, 48.28512191772461, -144.92373657226562, 1.4348162412643433, -0.06698962301015854
35.00400996208191, 0.9781040549278259, -0.7556014657020569, 47.048683166503906, -144.87118530273438, 1.4348162412643433, -0.0789724811911583
35.01400852203369, 0.9669414758682251, -0.7314324378967285, 45.72626495361328, -131.6661834716797, 1.4347752332687378, -0.05319778248667717
35.02400994300842, 0.9669414758682251, -0.7457600831985474, 44.50592803955078, -146.52040100097656, 1.4347752332687378, -0.06549540162086487
35.03399300575256, 0.9498429298400879, -0.8527371883392334, 43.100093841552734, -147.21255493164062, 1.4348326921463013, -0.04965619742870331
35.04401421546936, 0.9426883459091187, -0.7697105407714844, 41.69550704956055, -133.88900756835938, 1.4348608255386353, -0.057847365736961365
35.05399560928345, 0.9272063374519348, -1.027246356010437, 40.00709915161133, -155.32217407226562, 1.4349018335342407, -0.05364460498094559
35.0668625831604, 0.9141257405281067, -0.9022891521453857, 38.366573333740234, -143.743896484375, 1.4348737001419067, -0.06363886594772339
35.07399606704712, 0.9141257405281067, -0.7448673248291016, 37.01738739013672, -141.96205139160156, 1.4348737001419067, -0.03982565924525261
35.08668303489685, 0.8989685773849487, -0.9960466027259827, 35.3979377746582, -160.46397399902344, 1.4348162412643433, -0.04951608180999756
35.094016790390015, 0.8989685773849487, -0.7913529872894287, 33.964271545410156, -143.20831298828125, 1.4347878694534302, -0.08163969963788986
35.10663437843323, 0.888262927532196, -0.8167407512664795, 32.33079147338867, -133.7991180419922, 1.4347878694534302, -0.000510566052980721
35.11402201652527, 0.86875981092453, -1.227259635925293, 30.553142547607422, -189.66436767578125, 1.4347468614578247, -0.02191765233874321
35.12399768829346, 0.86875981092453, -0.9818196296691895, 28.767993927001953, -157.379150390625, 1.4347469806671143, -0.03208516910672188
35.13402509689331, 0.8571944236755371, -1.0294450521469116, 27.078311920166016, -178.01962280273438, 1.4347752332687378, -0.014265830628573895
35.143996477127075, 0.8465372920036316, -0.9615063667297363, 25.319671630859375, -163.7584686279297, 1.4348326921463013, -0.0364694744348526
35.154021978378296, 0.8393071293830872, -0.8789896965026855, 23.716392517089844, -162.9070281982422, 1.4348608255386353, -0.031196635216474533
35.165703773498535, 0.8272604942321777, -0.9651647806167603, 22.13703155517578, -180.328369140625, 1.4348608255386353, -0.027642149478197098
35.17401456832886, 0.8272604942321777, -0.9651647806167603, 22.13703155517578, -180.328369140625, 1.4348737001419067, -0.04059574380517006
35.18399930000305, 0.8048059940338135, -0.9416282176971436, 18.624237060546875, -167.73681640625, 1.4348737001419067, -0.03659871220588684
35.19398593902588, 0.7968518137931824, -1.134627342224121, 16.783159255981445, -190.90122985839844, 1.4347879886627197, -0.01924116536974907
35.20399522781372, 0.7968518137931824, -0.9141206741333008, 15.121142387390137, -172.096435546875, 1.4347878694534302, -0.012099852785468102
35.21403765678406, 0.7810816168785095, -0.9741981625556946, 13.534456253051758, -189.09666442871094, 1.4347468614578247, -0.026529233902692795
35.224003314971924, 0.7712481617927551, -1.0834600925445557, 11.761500358581543, -188.9608154296875, 1.4347469806671143, -0.052890125662088394
35.233994245529175, 0.7611042261123657, -1.0676648616790771, 10.014411926269531, -189.59893798828125, 1.4347469806671143, -0.017184529453516006
35.24400329589844, 0.7528941035270691, -0.936436653137207, 8.306662559509277, -170.13015747070312, 1.4347752332687378, -0.013546450063586235
35.254000425338745, 0.74982088804245, -0.9942849278450012, 6.679651260375977, -189.2970428466797, 1.4347752332687378, 0.006875074002891779
35.26400279998779, 0.738088846206665, -0.9908080101013184, 5.047882080078125, -189.8795166015625, 1.4348326921463013, -0.006431499496102333
35.2739942073822, 0.738088846206665, -0.9908080101013184, 5.047882080078125, -189.8795166015625, 1.4347469806671143, -0.030411191284656525
35.28401064872742, 0.7369105219841003, -0.6789684295654297, 2.4550256729125977, -161.69204711914062, 1.434591293334961, -0.004630789160728455
35.2940034866333, 0.7350806593894958, -0.6177008152008057, 1.376105785369873, -154.07061767578125, 1.4343483448028564, 0.009146205149590969
35.30400729179382, 0.7472838759422302, -0.5507469177246094, 0.49796682596206665, -162.47972106933594, 1.4342213869094849, -0.020063087344169617
35.313997983932495, 0.7472838759422302, -0.33797621726989746, -0.10667353868484497, -136.41128540039062, 1.4341671466827393, -0.026659229770302773
35.324007749557495, 0.7584172487258911, -0.12831687927246094, -0.3661596477031708, -121.27664184570312, 1.4343111515045166, -0.0022706398740410805
35.334020376205444, 0.7584172487258911, -0.029855303466320038, -0.41501379013061523, -115.88247680664062, 1.4343111515045166, -0.012573739513754845
35.34400987625122, 0.7784992456436157, 0.2845062017440796, -0.014351359568536282, -92.45573425292969, 1.4346680641174316, -0.028218474239110947
35.35399580001831, 0.7784992456436157, 0.2867758274078369, 0.4607626795768738, -62.188865661621094, 1.434922695159912, 0.02600601315498352
35.36400032043457, 0.7987752556800842, 0.6743007302284241, 1.5261036157608032, -39.13088607788086, 1.4351320266723633, 0.0019721114076673985
35.374006271362305, 0.8128685355186462, 0.8308821320533752, 2.8707518577575684, -8.7828369140625, 1.4352144002914429, 0.004228606820106506
35.38401913642883, 0.8128685355186462, 0.8308821320533752, 2.8707518577575684, -8.7828369140625, 1.4352967739105225, 0.007008823566138744
35.39584493637085, 0.831275999546051, 1.2024343013763428, 5.999204635620117, 57.78874588012695, 1.4352232217788696, 0.006823579780757427
35.40399360656738, 0.8265931606292725, 0.7930934429168701, 7.459919452667236, 69.61952209472656, 1.4351202249526978, 0.004431518726050854
35.41400218009949, 0.8346783518791199, 0.9710590243339539, 9.064509391784668, 101.90203094482422, 1.4350345134735107, 0.0077596139162778854
35.42400407791138, 0.8346783518791199, 0.7626056671142578, 10.458520889282227, 108.24675750732422, 1.4349935054779053, 0.005977815017104149
35.434001207351685, 0.8533615469932556, 1.0549359321594238, 12.207862854003906, 140.2542266845703, 1.4348665475845337, 0.006312200333923101
35.44397974014282, 0.8593848943710327, 0.8088588714599609, 13.69347095489502, 137.07823181152344, 1.4347842931747437, 0.006471363361924887
35.4539840221405, 0.8593848943710327, 0.8088588714599609, 13.69347095489502, 137.07823181152344, 1.4347714185714722, 0.009099006652832031
35.46399402618408, 0.8754470944404602, 1.095320463180542, 16.66185760498047, 216.2252197265625, 1.4348162412643433, 0.007709137164056301
35.47400736808777, 0.8649044632911682, 0.5781849026679993, 17.615434646606445, 163.82969665527344, 1.4347752332687378, 0.006274052895605564
35.48399877548218, 0.8895015716552734, 0.8514788150787354, 18.998294830322266, 164.01629638671875, 1.4348328113555908, 0.0046451804228127
35.494004249572754, 0.8935170769691467, 0.6915662288665771, 20.124834060668945, 156.9513702392578, 1.4348609447479248, 0.007722172886133194
35.50398302078247, 0.8995404243469238, 0.7294654846191406, 21.451133728027344, 139.91212463378906, 1.4348609447479248, 0.008333594538271427
35.514013051986694, 0.9055637717247009, 0.7088541984558105, 22.745075225830078, 136.80563354492188, 1.4348328113555908, 0.0047759972512722015
35.52401399612427, 0.9135948419570923, 0.7891654968261719, 24.18505859375, 137.26519775390625, 1.4348045587539673, 0.007025181315839291
35.534013509750366, 0.9135948419570923, 0.6023287773132324, 25.283214569091797, 130.75390625, 1.4347879886627197, 0.010968636721372604
35.54401111602783, 0.9082490801811218, 0.5429387092590332, 26.174694061279297, 138.68014526367188, 1.4347712993621826, 0.008059370331466198
35.55401968955994, 0.9082490801811218, 0.4760093092918396, 26.946163177490234, 129.66897583007812, 1.434812307357788, 0.010927196592092514
35.56432843208313, 0.9376881718635559, 0.6224095821380615, 28.062145233154297, 114.00279998779297, 1.4348984956741333, 0.008028601296246052
35.57402014732361, 0.941703736782074, 0.7679939270019531, 29.458498001098633, 118.43070983886719, 1.4348984956741333, 0.005648682825267315
35.58400273323059, 0.9259201288223267, 0.40465593338012695, 30.094545364379883, 123.2916488647461, 1.435042142868042, 0.0076387375593185425
35.59399127960205, 0.9517426490783691, 0.6469488143920898, 31.155508041381836, 122.5632553100586, 1.43502938747406, 0.01195082999765873
35.60402870178223, 0.9577659368515015, 0.5822539329528809, 32.21928787231445, 107.6812744140625, 1.4350011348724365, 0.0038849585689604282
35.613999366760254, 0.9637892842292786, 0.6469421982765198, 33.28843307495117, 117.14807891845703, 1.4349433183670044, 0.012956901453435421
35.62399458885193, 0.9678048491477966, 0.6023446917533875, 34.286746978759766, 112.24089813232422, 1.4348737001419067, 0.013596094213426113
35.63398313522339, 0.9718204140663147, 0.64696204662323, 35.355857849121094, 111.9185562133789, 1.4348162412643433, 0.009618666023015976
35.6439995765686, 0.975835919380188, 0.6758570671081543, 36.59728240966797, 104.22611236572266, 1.4347469806671143, 0.007823681458830833
35.6540048122406, 0.979851484298706, 0.7160305976867676, 37.89915466308594, 109.52987670898438, 1.4347469806671143, 0.006083069834858179
35.66399383544922, 0.9818592667579651, 0.49077802896499634, 38.70976638793945, 118.30732727050781, 1.4347056150436401, 0.00893114972859621
35.67399334907532, 0.9858748316764832, 0.4907912611961365, 39.512882232666016, 111.71510314941406, 1.4347056150436401, 0.01893778331577778
35.684006214141846, 0.9898903965950012, 0.6397068500518799, 40.663326263427734, 105.68733215332031, 1.4347752332687378, 0.007522337604314089
35.69402766227722, 0.9939059615135193, 0.4216313362121582, 41.429927825927734, 102.74467468261719, 1.4347752332687378, 0.013956408947706223
35.704012393951416, 0.9959136843681335, 0.42386186122894287, 42.113075256347656, 109.93067169189453, 1.4348326921463013, 0.016649341210722923
35.71401071548462, 0.9979214668273926, 0.3792577385902405, 42.721107482910156, 104.80711364746094, 1.4349018335342407, 0.012240489944815636
35.72401475906372, 0.9999292492866516, 0.32123327255249023, 43.29463195800781, 90.07911682128906, 1.4349597692489624, 0.013132541440427303
35.73400163650513, 1.0039448738098145, 0.35693249106407166, 43.87870407104492, 94.69816589355469, 1.4349597692489624, 0.016267867758870125
35.744001150131226, 1.0059525966644287, 0.3346337080001831, 44.43441390991211, 87.0793685913086, 1.4349150657653809, 0.014745804481208324
35.7540168762207, 1.007960319519043, 0.2810955047607422, 44.94549560546875, 70.46318054199219, 1.4349150657653809, 0.011067788116633892
35.76401233673096, 1.0099681615829468, 0.31231510639190674, 45.474525451660156, 75.16436767578125, 1.4348162412643433, 0.017677605152130127
35.773993253707886, 1.011975884437561, 0.2900163233280182, 45.9490966796875, 71.5132827758789, 1.4348162412643433, 0.018169697374105453
35.78400254249573, 1.011975884437561, 0.22085905075073242, 46.35066223144531, 56.873321533203125, 1.4348162412643433, 0.017356257885694504
35.79402160644531, 1.0139837265014648, 0.20077228546142578, 46.715702056884766, 52.85835266113281, 1.4348162412643433, 0.01793203316628933
35.804003953933716, 1.0139837265014648, 0.18069744110107422, 47.03379440307617, 49.20654296875, 1.4348737001419067, 0.01280904933810234
35.81400537490845, 1.0139837265014648, 0.17846955358982086, 47.333290100097656, 51.246219635009766, 1.4348326921463013, 0.01579703390598297
35.8267343044281, 1.015991449356079, 0.17845630645751953, 47.62531280517578, 48.119014739990234, 1.4348326921463013, 0.01448841206729412
35.8340163230896, 1.015991449356079, 0.133858785033226, 47.84435272216797, 44.062721252441406, 1.4348326921463013, 0.01478209812194109
35.84400486946106, 1.015991449356079, 0.10038614273071289, 48.02687454223633, 35.92491149902344, 1.4348326921463013, 0.0067801703698933125
35.85402798652649, 1.015991449356079, 0.08923477679491043, 48.17289352416992, 35.85984802246094, 1.4348326921463013, 0.0125101488083601
35.86436128616333, 1.015991449356079, 0.06022453308105469, 48.29283905029297, 28.1829833984375, 1.4347752332687378, 0.01984284073114395
35.87401103973389, 1.015991449356079, 0.0401616096496582, 48.36585998535156, 24.168014526367188, 1.4347752332687378, 0.012134463526308537
35.884007930755615, 1.015991449356079, 0.04461076483130455, 48.43140411376953, 23.119184494018555, 1.4348162412643433, 0.009583216160535812
35.89399814605713, 1.015991449356079, 0.04461076483130455, 48.43140411376953, 23.119184494018555, 1.4348162412643433, 0.02138984017074108
35.90399432182312, 0.9965802431106567, -0.09159038215875626, 48.10455322265625, 7.309762954711914, 1.4348737001419067, 0.012893741019070148
35.91401124000549, 0.9935095906257629, -0.20475387573242188, 47.73227310180664, 6.984710693359375, 1.4348737001419067, 0.011215089820325375
35.924023389816284, 0.9898561239242554, -0.2680884599685669, 47.293582916259766, -0.4416571855545044, 1.4348737001419067, -0.038013409823179245
35.93399453163147, 0.9898561239242554, -0.2613544464111328, 46.81839370727539, -8.06884765625, 1.4348737001419067, -0.06409721076488495
35.94400119781494, 0.9845718145370483, -0.31418800354003906, 46.24714279174805, -15.972137451171875, 1.4348737001419067, -0.08323009312152863
35.9540159702301, 0.9810095429420471, -0.38868188858032227, 45.61111831665039, -26.84190559387207, 1.4348737001419067, -0.05058193951845169
35.964006185531616, 0.9810095429420471, -0.3886752724647522, 44.98255920410156, -35.44828796386719, 1.4348326921463013, -0.04075091704726219
35.973997831344604, 0.9788434505462646, -0.371474027633667, 44.307151794433594, -39.856719970703125, 1.4348326921463013, -0.03647410497069359
35.98400115966797, 0.9750297665596008, -0.409621000289917, 43.5623893737793, -48.03466796875, 1.4348326921463013, -0.056082360446453094
35.9940025806427, 0.9736655354499817, -0.4702872633934021, 42.785369873046875, -62.733543395996094, 1.4348737001419067, -0.07654813677072525
36.00400352478027, 0.9719368815422058, -0.27382373809814453, 42.33729553222656, -64.08097839355469, 1.4348737001419067, -0.05938025936484337
36.014002323150635, 0.9719368815422058, -0.21572113037109375, 41.94507598876953, -57.87162780761719, 1.4348737001419067, -0.0874084085226059
36.023998975753784, 0.9708585739135742, -0.18998384475708008, 41.59965133666992, -56.93931579589844, 1.4348737001419067, -0.06617970764636993
36.034008264541626, 0.9682146310806274, -0.21640658378601074, 41.20618438720703, -56.122589111328125, 1.4348737001419067, -0.06800942122936249
36.04400038719177, 0.9652910828590393, -0.2142389565706253, 40.873512268066406, -59.70679473876953, 1.4347752332687378, -0.06016239896416664
36.05399990081787, 0.9652910828590393, -0.15718340873718262, 40.58772659301758, -50.23384094238281, 1.4347752332687378, -0.0662371888756752
36.06399703025818, 0.9585326910018921, -0.22476911544799805, 40.16860580444336, -48.13957214355469, 1.4348326921463013, -0.0519384890794754
36.0739963054657, 0.9585326910018921, -0.20311474800109863, 39.79930877685547, -45.07789611816406, 1.4348326921463013, -0.07062605768442154
36.08400511741638, 0.949557900428772, -0.28300946950912476, 39.33620071411133, -46.9576530456543, 1.4348326921463013, -0.029062271118164062
36.094005823135376, 0.9373510479927063, -0.4034903347492218, 38.67594528198242, -45.66107940673828, 1.4348326921463013, -0.06001520901918411
36.104002714157104, 0.9373510479927063, -0.3458559513092041, 38.047115325927734, -42.901611328125, 1.4348326921463013, -0.05169476941227913
36.11400580406189, 0.933077871799469, -0.3885924816131592, 37.34058380126953, -46.044921875, 1.4348326921463013, -0.04997086897492409
36.12399673461914, 0.9291960000991821, -0.46291616559028625, 36.57563018798828, -55.82215881347656, 1.4348737001419067, -0.02776266075670719
36.13584089279175, 0.9239599108695984, -0.4917250871658325, 35.77098846435547, -60.39089584350586, 1.4348737001419067, -0.03569623455405235
36.14399790763855, 0.9175525903701782, -0.47737956047058105, 34.90302658081055, -59.70497131347656, 1.4348737001419067, -0.05471355468034744
36.1539990901947, 0.912316620349884, -0.5886223316192627, 33.939823150634766, -73.86567687988281, 1.4348737001419067, -0.05121740326285362
36.163987159729004, 0.912316620349884, -0.4621565341949463, 33.1099853515625, -70.58639526367188, 1.4348162412643433, -0.04002803564071655
36.175865173339844, 0.903319776058197, -0.5521297454833984, 32.10611343383789, -76.93214416503906, 1.4348162412643433, -0.028687983751296997
36.183995962142944, 0.8955983519554138, -0.5995432734489441, 31.13249969482422, -91.15176391601562, 1.4347752332687378, -0.05793004855513573
36.19400119781494, 0.8921942114830017, -0.4515647888183594, 30.311473846435547, -83.64486694335938, 1.4347752332687378, -0.048756178468465805
36.203988790512085, 0.8873758316040039, -0.5552834868431091, 29.392379760742188, -96.16427612304688, 1.4348326921463013, -0.056215282529592514
36.21399140357971, 0.8873758316040039, -0.4570186138153076, 28.561437606811523, -87.79144287109375, 1.4348326921463013, -0.03229442238807678
36.22399687767029, 0.8801347613334656, -0.4906177520751953, 27.669404983520508, -89.06173706054688, 1.4348326921463013, -0.04849052056670189
36.23397922515869, 0.868459165096283, -0.5550086498260498, 26.66029930114746, -91.10679626464844, 1.4348326921463013, -0.0368889681994915
36.24398875236511, 0.8593553304672241, -0.5819737911224365, 25.60216522216797, -93.0084228515625, 1.4348326921463013, -0.01345041487365961
36.25400733947754, 0.8593553304672241, -0.5884568095207214, 24.647363662719727, -103.24987030029297, 1.4347879886627197, -0.024348102509975433
36.26426029205322, 0.8524982929229736, -0.6646381616592407, 23.559795379638672, -106.11343383789062, 1.4347878694534302, -0.055897850543260574
36.274006605148315, 0.8455711603164673, -0.6416506171226501, 22.517276763916016, -106.54216003417969, 1.4347468614578247, -0.04117889702320099
36.28735303878784, 0.8455711603164673, -0.6416506171226501, 22.517276763916016, -106.54216003417969, 1.4348326921463013, -0.01932176575064659
36.294036626815796, 0.8392845392227173, -1.05818510055542, 20.630084991455078, -193.6279296875, 1.4348326921463013, -0.04057872295379639
36.30400085449219, 0.8392845392227173, -0.4809141159057617, 19.750581741333008, -96.41799926757812, 1.4348608255386353, -0.023114709183573723
36.3140070438385, 0.8255707025527954, -0.6180524826049805, 18.619394302368164, -99.42035675048828, 1.4349018335342407, -0.032743290066719055
36.324029207229614, 0.8255707025527954, -0.6062719821929932, 17.62731170654297, -111.57904815673828, 1.4349018335342407, -0.04245870187878609
36.33402633666992, 0.8145091533660889, -0.5994439125061035, 16.651519775390625, -111.20838928222656, 1.4348737001419067, -0.029967481270432472
36.34401774406433, 0.8145091533660889, -0.4484593868255615, 15.836138725280762, -97.6602554321289, 1.4348737001419067, -0.0058532473631203175
36.35400891304016, 0.8002040982246399, -0.6572405695915222, 14.771122932434082, -109.73612213134766, 1.4348161220550537, -0.04049351438879967
36.36399006843567, 0.7901895642280579, -0.6923145651817322, 13.643381118774414, -110.18223571777344, 1.4347878694534302, -0.020550739020109177
36.37400007247925, 0.7901895642280579, -0.5538046360015869, 12.643898010253906, -98.73390197753906, 1.4347469806671143, -0.006295789964497089
36.383986949920654, 0.7769906520843506, -0.762005627155304, 11.39184284210205, -113.3357162475586, 1.4347752332687378, -0.017328185960650444
36.393980979919434, 0.7739840149879456, -0.7255673408508301, 10.204550743103027, -115.83953094482422, 1.4347752332687378, -0.021328521892428398
36.40398931503296, 0.7694174647331238, -0.6986796855926514, 8.934224128723145, -108.1634521484375, 1.4347752332687378, -0.008874243125319481
36.41399049758911, 0.7625155448913574, -0.7006128430366516, 7.787766456604004, -120.35136413574219, 1.4347752332687378, -0.011659345589578152
36.42400121688843, 0.7524838447570801, -0.7308661937713623, 6.458919048309326, -111.68394470214844, 1.4347752332687378, -0.016199922189116478
36.43399167060852, 0.7452212572097778, -0.6928801536560059, 5.199136734008789, -114.52388763427734, 1.4347752332687378, -0.006781311240047216
36.44397974014282, 0.7400225400924683, -0.827623724937439, 3.8448433876037598, -133.23667907714844, 1.4347752332687378, -0.0008130361093208194
36.453994035720825, 0.7400225400924683, -0.6686780452728271, 2.755779981613159, -133.5037078857422, 1.4347469806671143, 0.009327758103609085
36.46401023864746, 0.7339895367622375, -0.5620062351226807, 1.7547361850738525, -118.88642120361328, 1.434632658958435, 0.015961334109306335
36.473992347717285, 0.7339895367622375, -0.5620062351226807, 1.7547361850738525, -118.88642120361328, 1.4344472885131836, 0.010787834413349628
36.483980655670166, 0.7336117625236511, -0.4337906837463379, 0.006423568818718195, -113.85421752929688, 1.4342905282974243, 0.01787513680756092
36.49398183822632, 0.7551599740982056, -0.20915931463241577, -0.32083845138549805, -116.94873809814453, 1.4342080354690552, 0.013552568852901459
36.50401449203491, 0.7665671110153198, -0.03166993334889412, -0.39141035079956055, -103.61822509765625, 1.4343111515045166, -0.014465798623859882
36.51400089263916, 0.7780259847640991, 0.1723368912935257, -0.1512361317873001, -88.21112823486328, 1.4345412254333496, 0.0029990936163812876
36.524004220962524, 0.7780259847640991, 0.2554178237915039, 0.2744494080543518, -61.844696044921875, 1.4347541332244873, -0.01955370232462883
36.53401160240173, 0.7871071696281433, 0.46539968252182007, 1.0053648948669434, -46.59745407104492, 1.434922695159912, -0.0009024757309816778
36.54400610923767, 0.7935690879821777, 0.5354702472686768, 1.9483429193496704, -18.96500587463379, 1.4350910186767578, -0.000671254878398031
36.55399179458618, 0.8018115162849426, 0.6178915500640869, 3.05680513381958, 3.0102550983428955, 1.4351733922958374, -0.001464111264795065
36.5639967918396, 0.8018115162849426, 0.7535749077796936, 4.2906646728515625, 28.176977157592773, 1.4351693391799927, 0.01034509390592575
36.57399654388428, 0.8105149865150452, 0.7652521133422852, 5.682768821716309, 49.161373138427734, 1.435165286064148, 0.00499745225533843
36.583985805511475, 0.8149538040161133, 0.9038116931915283, 7.177361011505127, 79.67707824707031, 1.4350793361663818, 7.795925193931907e-05
36.59397912025452, 0.816563606262207, 0.6140232086181641, 8.29677963256836, 86.17617797851562, 1.4350627660751343, 0.004506255500018597
36.604002475738525, 0.816563606262207, 0.5555152893066406, 9.21839714050293, 106.7756576538086, 1.4349935054779053, 0.0030293979216367006
36.614009857177734, 0.8177297115325928, 0.4411538541316986, 9.94771957397461, 112.21064758300781, 1.4349526166915894, 0.006832681130617857
36.623985290527344, 0.8206821084022522, 0.42656660079956055, 10.72565746307373, 104.51202392578125, 1.4349396228790283, 0.004556904546916485
36.63399028778076, 0.825214684009552, 0.3810703754425049, 11.425969123840332, 104.20608520507812, 1.4348986148834229, 0.0025909484829753637
36.64397573471069, 0.8272481560707092, 0.37421783804893494, 12.050918579101562, 112.2508544921875, 1.4348293542861938, 0.006388869136571884
36.653992652893066, 0.8344746232032776, 0.3266334533691406, 12.66285228729248, 96.06047058105469, 1.434730052947998, 0.0017417279304936528
36.66399049758911, 0.8398523330688477, 0.38039684295654297, 13.356780052185059, 90.66114807128906, 1.4347174167633057, 0.0073422957211732864
36.67401576042175, 0.8450990319252014, 0.3842777609825134, 13.9826078414917, 92.22041320800781, 1.4347338676452637, 0.0023503839038312435
36.68398904800415, 0.8492960929870605, 0.38157570362091064, 14.596556663513184, 82.43550109863281, 1.4347913265228271, 0.004945782478898764
36.69400119781494, 0.8538462519645691, 0.37282705307006836, 15.274402618408203, 69.77615356445312, 1.4347914457321167, 0.003352054627612233
36.70398569107056, 0.8582584857940674, 0.4632737934589386, 16.032487869262695, 75.71220397949219, 1.4347914457321167, 0.007582884281873703
36.71399688720703, 0.8582584857940674, 0.40528178215026855, 16.761863708496094, 68.14136505126953, 1.4348326921463013, 0.005896002985537052
36.7240092754364, 0.862873911857605, 0.4219233989715576, 17.514041900634766, 67.88387298583984, 1.4349149465560913, 0.008938558399677277
36.73399376869202, 0.862873911857605, 0.4219233989715576, 17.514041900634766, 67.88387298583984, 1.4348984956741333, 0.003985494840890169
36.74399662017822, 0.8715775012969971, 0.7388293743133545, 19.165979385375977, 118.58447265625, 1.4348984956741333, 0.010262159630656242
36.754011392593384, 0.8760885000228882, 0.46237310767173767, 19.904685974121094, 80.46479034423828, 1.4349969625473022, 0.0039830985479056835
36.76448941230774, 0.8791515827178955, 0.39299726486206055, 20.62156867980957, 72.64785766601562, 1.4349840879440308, 0.003524971194565296
36.77400088310242, 0.8791515827178955, 0.3783636689186096, 21.240686416625977, 80.6452407836914, 1.4349842071533203, 0.003678428940474987
36.78400015830994, 0.8815546631813049, 0.32258033752441406, 21.82719612121582, 72.30644226074219, 1.4349842071533203, 0.005898382049053907
36.79400873184204, 0.8848384022712708, 0.3443625271320343, 22.403270721435547, 79.20964813232422, 1.4349150657653809, 0.0026748182717710733
36.80398607254028, 0.8848384022712708, 0.2953343987464905, 22.886545181274414, 76.15618896484375, 1.4349150657653809, 0.004274076782166958
36.813987016677856, 0.886053204536438, 0.3088315427303314, 23.409873962402344, 73.86673736572266, 1.4348162412643433, 0.007145531941205263
36.82397794723511, 0.8877704739570618, 0.2489626407623291, 23.862531661987305, 63.484954833984375, 1.4348162412643433, 0.0025219591334462166
36.83400511741638, 0.8890140652656555, 0.19374820590019226, 24.184711456298828, 64.7190933227539, 1.4347879886627197, 0.005245081149041653
36.84397864341736, 0.8896516561508179, 0.180739164352417, 24.520784378051758, 53.54804992675781, 1.4347469806671143, 0.0024057331029325724
36.85402059555054, 0.8896516561508179, 0.180739164352417, 24.520784378051758, 53.54804992675781, 1.4347879886627197, 0.004409727640450001
36.86399960517883, 0.9015482068061829, 0.2239704132080078, 25.378299713134766, 47.567176818847656, 1.4348162412643433, 0.0037609331775456667
36.87400484085083, 0.9015482068061829, 0.2239704132080078, 25.77507209777832, 45.343971252441406, 1.4348737001419067, 0.002387372311204672
36.88399815559387, 0.9035559892654419, 0.24445851147174835, 26.169979095458984, 48.25316619873047, 1.4349018335342407, 0.002534093800932169
36.89399194717407, 0.9035559892654419, 0.2079804688692093, 26.502790451049805, 45.55023956298828, 1.4349431991577148, 0.00864082109183073
36.90400695800781, 0.9035559892654419, 0.2079606056213379, 26.843090057373047, 43.96184158325195, 1.4349431991577148, 0.006555155385285616
36.91399097442627, 0.9035559892654419, 0.19447670876979828, 27.16132354736328, 41.68277359008789, 1.4349431991577148, 0.007001716177910566
36.92400074005127, 0.9035559892654419, 0.157850980758667, 27.448326110839844, 35.85796356201172, 1.4349431991577148, 0.006151334848254919
36.93399500846863, 0.9035559892654419, 0.1454174518585205, 27.717836380004883, 35.33134460449219, 1.4349150657653809, 0.00535183772444725
36.943981409072876, 0.9035559892654419, 0.1544952392578125, 27.97064781188965, 38.33134841918945, 1.4349150657653809, 0.011614070273935795
36.95398950576782, 0.9035559892654419, 0.1544952392578125, 27.97064781188965, 38.33134841918945, 1.4348162412643433, 0.011868071742355824
36.9640097618103, 0.9055637717247009, 0.06691614538431168, 28.139751434326172, 46.02400588989258, 1.4347879886627197, 0.009890532121062279
36.97399663925171, 0.90757155418396, 0.06693601608276367, 28.249282836914062, 27.49125099182129, 1.4347879886627197, 0.013153744861483574
36.98398280143738, 0.909579336643219, 0.060236454010009766, 28.36625862121582, 21.962928771972656, 1.4347469806671143, 0.004243061412125826
36.9939911365509, 0.911587119102478, 0.08922815322875977, 28.507131576538086, 22.270414352416992, 1.4347752332687378, 0.005297214724123478
37.00399398803711, 0.9135948419570923, 0.10039806365966797, 28.697195053100586, 18.54095458984375, 1.4347338676452637, 0.0037447705399245024
37.014023303985596, 0.9135948419570923, 0.11154678463935852, 28.869279861450195, 18.977272033691406, 1.4347913265228271, 0.010071574710309505
37.023996353149414, 0.9135948419570923, 0.10039210319519043, 29.05181121826172, 16.034698486328125, 1.4347913265228271, 0.010909083299338818
