26.432382583618164, 1.1992392539978027, -1.2649033069610596, 71.16686248779297, -200.73361206054688, 0.0, 0.0
26.442478895187378, 1.1753257513046265, -1.4391210079193115, 89.94584655761719, 24.28182029724121, 1.4336777925491333, 0.0
26.452415704727173, 1.1662184000015259, -1.4086034297943115, 87.65644073486328, 16.47270965576172, 1.4336777925491333, 0.0
26.462381839752197, 1.1662184000015259, -1.1617064476013184, 85.54425048828125, 11.496734619140625, 1.4337060451507568, 0.0
26.47236919403076, 1.164241909980774, -1.181471347808838, 83.39098358154297, 7.75909423828125, 1.4337635040283203, 0.0
26.482365131378174, 1.1620317697525024, -1.2127690315246582, 81.39600372314453, 6.0272216796875, 1.4337635040283203, -0.12498819828033447
26.492377042770386, 1.1620317697525024, -0.896143913269043, 79.76664733886719, 8.975982666015625, 1.433833122253418, -0.12498819828033447
26.502375841140747, 1.1620317697525024, -0.8977121710777283, 78.2850112915039, 13.90245246887207, 1.433833122253418, -0.12498819828033447
26.512360095977783, 1.0907926559448242, -1.2354016304016113, 76.03882598876953, 10.0677490234375, 1.433804988861084, -0.12498819828033447
26.5223867893219, 1.0907926559448242, -1.372694969177246, 73.79771423339844, 6.23321533203125, 1.433804988861084, -0.14257563650608063
26.532366037368774, 1.0747673511505127, -1.2447237968444824, 71.53457641601562, 3.6773681640625, 1.433804988861084, -0.14257563650608063
26.54237151145935, 1.05709969997406, -1.182258129119873, 69.38501739501953, -205.60836791992188, 1.433719277381897, -0.14257563650608063
26.55238389968872, 1.0375940799713135, -1.429160475730896, 67.06197357177734, -228.82757568359375, 1.4336777925491333, -0.14257563650608063
26.562379598617554, 1.0375940799713135, -1.2862443923950195, 64.73088836669922, -208.13446044921875, 1.4336777925491333, -0.16908805072307587
26.572383880615234, 1.0223355293273926, -1.576728343963623, 62.15079116821289, -236.00091552734375, 1.4337060451507568, -0.16908805072307587
26.582385540008545, 1.0223355293273926, -1.576728343963623, 62.15079116821289, -236.00091552734375, 1.4337223768234253, -0.16908805072307587
26.592397212982178, 0.9940986037254333, -0.8838616013526917, 59.0893440246582, -117.40353393554688, 1.4337635040283203, -0.16908805072307587
26.602433443069458, 0.9782136082649231, -1.8381834030151367, 55.739715576171875, -240.26947021484375, 1.4337635040283203, -0.18251214921474457
26.612374544143677, 0.9612276554107666, -2.008044719696045, 52.088722229003906, -261.962890625, 1.4337635040283203, -0.18251214921474457
26.62237572669983, 0.9494342803955078, -1.413571834564209, 49.518592834472656, -265.2015686035156, 1.4337635040283203, -0.18251214921474457
26.63235878944397, 0.9494342803955078, -1.5706486701965332, 46.94844055175781, -298.3262939453125, 1.4337060451507568, -0.18251214921474457
26.642369747161865, 0.9385465383529663, -1.3622105121612549, 44.48214340209961, -270.52459716796875, 1.4337635040283203, -0.25728288292884827
26.65238046646118, 0.9173619151115417, -1.5526347160339355, 41.9310188293457, -305.0447998046875, 1.433804988861084, -0.25728288292884827
26.6623797416687, 0.900838315486908, -1.3675689697265625, 39.436988830566406, -276.24932861328125, 1.433804988861084, -0.25728288292884827
26.672383308410645, 0.900838315486908, -1.3675689697265625, 39.436988830566406, -276.24932861328125, 1.433804988861084, -0.25728288292884827
26.68237853050232, 0.8720912337303162, -0.8710654377937317, 36.427852630615234, -148.9633331298828, 1.433804988861084, -0.262993723154068
26.69237494468689, 0.8576382398605347, -1.6469717025756836, 33.43335723876953, -287.1742248535156, 1.433804988861084, -0.262993723154068
26.702377557754517, 0.8576382398605347, -1.5162229537963867, 30.952266693115234, -312.6343688964844, 1.433804988861084, -0.262993723154068
26.71237826347351, 0.8442606925964355, -1.3395309448242188, 28.516756057739258, -272.2293701171875, 1.4337635040283203, -0.262993723154068
26.72242283821106, 0.8271899223327637, -1.4893015623092651, 26.08725929260254, -288.9056701660156, 1.4337635040283203, -0.4215545952320099
26.73237180709839, 0.8271899223327637, -1.222449541091919, 23.880207061767578, -256.3835144042969, 1.4336366653442383, -0.4215545952320099
26.7423677444458, 0.8101291656494141, -1.5478333234786987, 21.354867935180664, -284.3729553222656, 1.4336366653442383, -0.4215545952320099
26.75238013267517, 0.7872896194458008, -1.6806390285491943, 18.6047306060791, -287.5268859863281, 1.4336366653442383, -0.4215545952320099
26.762390613555908, 0.7768926024436951, -1.4046967029571533, 16.050737380981445, -258.80279541015625, 1.4336366653442383, -0.4215545952320099
26.772432804107666, 0.7679204344749451, -1.4768574237823486, 13.634060859680176, -286.6990966796875, 1.4336366653442383, -0.6847072243690491
26.782402515411377, 0.7541587948799133, -1.3103617429733276, 11.489832878112793, -277.0890197753906, 1.4337060451507568, -0.6847072243690491
26.792396306991577, 0.7429400682449341, -1.1469781398773193, 9.391803741455078, -240.4155731201172, 1.4336777925491333, -0.6847072243690491
26.80241584777832, 0.7339156270027161, -1.374695062637329, 7.147439479827881, -264.4981689453125, 1.4335635900497437, -0.604660153388977
26.812382459640503, 0.7275220155715942, -1.2970963716506958, 5.045681953430176, -260.7896728515625, 1.4335635900497437, -0.604660153388977
26.822449445724487, 0.7285434603691101, -0.9864687919616699, 3.277916669845581, -228.0936279296875, 1.433253288269043, -0.604660153388977
26.83244037628174, 0.7367076873779297, -0.9048223495483398, 1.6633893251419067, -222.16806030273438, 1.433253288269043, -0.604660153388977
26.84238076210022, 0.7367076873779297, -0.8157889246940613, 0.35397282242774963, -233.3433380126953, 1.433071494102478, -1.0934410095214844
26.85240888595581, 0.7494962215423584, -0.41993460059165955, -0.325650155544281, -210.33753967285156, 1.4332005977630615, -1.0934410095214844
26.862384796142578, 0.7639982104301453, -0.12894272804260254, -0.5835648775100708, -166.343017578125, 1.4332005977630615, -1.0934410095214844
26.87239718437195, 0.7800655961036682, 0.12145638465881348, -0.39097684621810913, -140.25035095214844, 1.4335694313049316, -1.0934410095214844
26.88238549232483, 0.7930195331573486, 0.43178266286849976, 0.27675771713256836, -124.58973693847656, 1.4335694313049316, -0.9849876761436462
26.89242196083069, 0.8038635849952698, 0.6769299507141113, 1.3433449268341064, -89.42731475830078, 1.433864712715149, -0.9849876761436462
26.902395963668823, 0.8137300610542297, 0.7981419563293457, 2.7819409370422363, -43.65503692626953, 1.433864712715149, -0.9849876761436462
26.912420988082886, 0.8228832483291626, 1.059578537940979, 4.508318901062012, -5.97068977355957, 1.4339191913604736, -0.9849876761436462
26.922388553619385, 0.8320376873016357, 1.03493332862854, 6.3875885009765625, 31.096721649169922, 1.4338167905807495, -10.0
26.93237328529358, 0.8405214548110962, 1.1534955501556396, 8.293745040893555, 73.67062377929688, 1.4337718486785889, -10.0
26.942405462265015, 0.8496581315994263, 1.2549957036972046, 10.355545997619629, 111.12857055664062, 1.4336446523666382, -10.0
26.952423095703125, 0.8570805191993713, 1.0758519172668457, 12.334766387939453, 126.6041488647461, 1.433586835861206, -10.0
26.962374448776245, 0.8631512522697449, 1.1016793251037598, 14.148026466369629, 163.68431091308594, 1.4335458278656006, -10.0
26.972382068634033, 0.8734368085861206, 0.9337186813354492, 15.853153228759766, 162.44134521484375, 1.433562159538269, -10.0
26.98236393928528, 0.8848264217376709, 1.02008056640625, 17.519405364990234, 191.58489990234375, 1.4335492849349976, -10.0
26.992380142211914, 0.8946030139923096, 0.9073913097381592, 19.17154884338379, 178.28216552734375, 1.4335492849349976, -10.0
27.00236701965332, 0.9044509530067444, 0.907212495803833, 20.821025848388672, 180.39064025878906, 1.4336352348327637, 10.0
27.012371301651, 0.9044509530067444, 0.9063084721565247, 22.288450241088867, 197.55712890625, 1.4336352348327637, 10.0
27.022377490997314, 0.9141091704368591, 0.8207142353057861, 23.780656814575195, 173.9305419921875, 1.4336930513381958, 10.0
27.03237748146057, 0.9282482862472534, 0.974747896194458, 25.36518669128418, 189.682861328125, 1.4336930513381958, 10.0
27.04241633415222, 0.9282482862472534, 0.974747896194458, 25.36518669128418, 189.682861328125, 1.4336930513381958, 10.0
27.05237889289856, 0.9487593770027161, 0.4954993724822998, 27.167003631591797, 84.05732727050781, 1.4336482286453247, 10.0
27.062395095825195, 0.9487593770027161, 0.4954993724822998, 27.167003631591797, 84.05732727050781, 1.4336318969726562, 10.0
27.072415351867676, 0.9650861620903015, 0.5400329828262329, 29.141878128051758, 84.03549194335938, 1.4336446523666382, 10.0
27.08236598968506, 0.9650861620903015, 0.5400329828262329, 29.141878128051758, 84.03549194335938, 1.4336857795715332, -10.0
27.092371225357056, 0.9650861620903015, 0.5400329828262329, 29.141878128051758, 84.03549194335938, 1.4337718486785889, -10.0
27.10239052772522, 0.9650861620903015, 0.5400329828262329, 29.141878128051758, 84.03549194335938, 1.4338167905807495, -10.0
27.11237072944641, 0.9961029291152954, 0.34090495109558105, 31.52558708190918, 44.557865142822266, 1.4338167905807495, -10.0
27.12236499786377, 1.00596284866333, 1.3252437114715576, 33.93511962890625, 180.8197021484375, 1.4337756633758545, -10.0
27.132373809814453, 1.00596284866333, 1.3252437114715576, 33.93511962890625, 180.8197021484375, 1.4337756633758545, -10.0
27.14239501953125, 1.00596284866333, 1.3252437114715576, 33.93511962890625, 180.8197021484375, 1.4337341785430908, -10.0
27.15236735343933, 1.00596284866333, 1.3252437114715576, 33.93511962890625, 180.8197021484375, 1.4336763620376587, -10.0
27.162368535995483, 1.00596284866333, 1.3252437114715576, 33.93511962890625, 180.8197021484375, 1.4336071014404297, -10.0
27.172382593154907, 1.044585943222046, 0.3260398507118225, 36.87796401977539, 39.50726318359375, 1.4336071014404297, -10.0
27.182384729385376, 1.044585943222046, 0.3260398507118225, 36.87796401977539, 39.50726318359375, 1.433521032333374, -10.0
27.192372798919678, 1.059518575668335, 0.8679785132408142, 39.892086029052734, 109.05536651611328, 1.433521032333374, -10.0
27.20238757133484, 1.0662418603897095, 1.7976893186569214, 42.83375930786133, 244.5863037109375, 1.4335904121398926, -10.0
27.21237874031067, 1.0662418603897095, 1.6179084777832031, 45.762794494628906, 234.74331665039062, 1.4335904121398926, -10.0
27.222388744354248, 1.074169397354126, 1.6005933284759521, 48.67296600341797, 248.92311096191406, 1.4336763620376587, -10.0
27.232377290725708, 1.0821001529693604, 1.7094612121582031, 51.45463943481445, 289.8830871582031, 1.4337756633758545, -10.0
27.24237823486328, 1.089314341545105, 1.5617212057113647, 53.99212646484375, 298.05670166015625, 1.433803915977478, -10.0
27.252377033233643, 1.099050760269165, 1.4885001182556152, 56.4227180480957, 303.1205139160156, 1.433845043182373, -10.0
27.262377738952637, 1.1031233072280884, 1.0702013969421387, 58.361061096191406, 268.35479736328125, 1.4338167905807495, -10.0
27.272412061691284, 1.1031233072280884, 1.0702013969421387, 58.361061096191406, 268.35479736328125, 1.4338167905807495, -10.0
27.28238010406494, 1.1138625144958496, 0.5678942203521729, 60.3280143737793, 138.9099884033203, 1.4337307214736938, -10.0
27.29237961769104, 1.119218349456787, 0.7463216781616211, 61.70061111450195, 248.22616577148438, 1.4336897134780884, -10.0
27.302367687225342, 1.1246004104614258, 0.7231235504150391, 62.891361236572266, 255.54742431640625, 1.4336897134780884, -10.0
27.312395572662354, 1.129244327545166, 0.7000367045402527, 64.03687286376953, 235.59019470214844, 1.4336482286453247, -10.0
27.3223934173584, 1.129244327545166, 0.7000367045402527, 64.03687286376953, 235.59019470214844, 1.4336482286453247, -10.0
27.33238410949707, 1.1375359296798706, 0.35646557807922363, 65.34066009521484, 97.8891372680664, 1.4336482286453247, -10.0
27.342376470565796, 1.1375359296798706, 0.6336688995361328, 66.49278259277344, 178.1982421875, 1.4336352348327637, -10.0
27.352359294891357, 1.1417558193206787, 0.6628566384315491, 67.57981872558594, 179.1695556640625, 1.4336352348327637, -10.0
27.362380027770996, 1.1417558193206787, 0.6628566384315491, 67.57981872558594, 179.1695556640625, 1.4336763620376587, 10.0
27.372382164001465, 1.1417558193206787, 0.6628566384315491, 67.57981872558594, 179.1695556640625, 1.4336482286453247, 10.0
27.38239049911499, 1.151551604270935, 0.21460960805416107, 68.70903778076172, 50.74797058105469, 1.4336482286453247, 10.0
27.392374992370605, 1.1539905071258545, 0.6104443073272705, 69.70794677734375, 147.61309814453125, 1.4336897134780884, 10.0
27.402425527572632, 1.156407356262207, 0.532829761505127, 70.66918182373047, 123.08120727539062, 1.4336897134780884, 10.0
27.412415027618408, 1.156407356262207, 0.4254579544067383, 71.44274139404297, 111.14730834960938, 1.4337178468704224, 10.0
27.422398567199707, 1.1586835384368896, 0.43850475549697876, 72.15518188476562, 116.1626205444336, 1.4337178468704224, 10.0
27.432393789291382, 1.1612471342086792, 0.36646127700805664, 72.81401824951172, 99.22637939453125, 1.4338167905807495, 10.0
27.442373275756836, 1.162794828414917, 0.37279394268989563, 73.41351318359375, 104.1844711303711, 1.4338167905807495, 10.0
27.452391147613525, 1.1646612882614136, 0.30138757824897766, 73.90669250488281, 95.17839050292969, 1.4337756633758545, 10.0
27.462406873703003, 1.1646612882614136, 0.30138757824897766, 73.90669250488281, 95.17839050292969, 1.4337756633758545, 10.0
27.472431182861328, 1.1646612882614136, 0.30138757824897766, 73.90669250488281, 95.17839050292969, 1.4337178468704224, 10.0
27.482402086257935, 1.1646612882614136, 0.30138757824897766, 73.90669250488281, 95.17839050292969, 1.4336482286453247, -10.0
27.49237895011902, 1.1646612882614136, 0.30138757824897766, 73.90669250488281, 95.17839050292969, 1.4336482286453247, -10.0
27.502373933792114, 1.1646612882614136, 0.30138757824897766, 73.90669250488281, 95.17839050292969, 1.4336482286453247, -10.0
27.512413024902344, 1.1866525411605835, 0.08186101913452148, 74.83036804199219, 13.89592456817627, 1.4336482286453247, -10.0
27.52241063117981, 1.1846446990966797, 0.4765457510948181, 75.61016845703125, 89.22661590576172, 1.4336482286453247, 10.0
27.532382488250732, 1.1846446990966797, 0.33092498779296875, 76.21185302734375, 75.02822875976562, 1.4336482286453247, 10.0
27.54236888885498, 1.1806291341781616, 0.2663731575012207, 76.6961669921875, 69.88143920898438, 1.4336482286453247, 10.0
27.55238938331604, 1.1786214113235474, 0.22214651107788086, 77.10006713867188, 64.30892944335938, 1.4336763620376587, 10.0
27.562366724014282, 1.1746058464050293, 0.20220544934272766, 77.42583465576172, 66.47915649414062, 1.4337178468704224, -10.0
27.572388410568237, 1.1705902814865112, 0.13229581713676453, 77.63477325439453, 60.88426208496094, 1.4337178468704224, -10.0
27.58240795135498, 1.168582558631897, 0.08152590692043304, 77.76818084716797, 55.04608154296875, 1.4337178468704224, -10.0
27.592386722564697, 1.164566993713379, 0.017714500427246094, 77.8003921508789, 43.8690185546875, 1.4337178468704224, -10.0
27.602386713027954, 1.1605514287948608, -0.04567040503025055, 77.72565460205078, 42.43384552001953, 1.4337178468704224, -10.0
27.612365245819092, 1.1565358638763428, -0.30115842819213867, 77.17809295654297, 23.476409912109375, 1.4337178468704224, -10.0
27.622372150421143, 1.1395490169525146, -0.5010764002799988, 76.358154296875, 8.310954093933105, 1.4337178468704224, -10.0
27.632366180419922, 1.1505125761032104, -0.3413081169128418, 75.73759460449219, -4.742431640625, 1.4337178468704224, -10.0
27.64237117767334, 1.1485047340393066, -0.3569391071796417, 75.15351104736328, -17.14070701599121, 1.4337178468704224, 0.33711299300193787
27.652363777160645, 1.1464970111846924, -0.3212451934814453, 74.56942749023438, -25.305938720703125, 1.4336482286453247, 0.33711299300193787
27.662407398223877, 1.1424814462661743, -0.3212451934814453, 73.99800109863281, -34.27886962890625, 1.4336482286453247, 0.33711299300193787
27.672382593154907, 1.1404736042022705, -0.33462047576904297, 73.450439453125, -46.49268341064453, 1.4336482286453247, 0.33711299300193787
27.682403087615967, 1.1364580392837524, -0.3569391071796417, 72.86636352539062, -54.46455383300781, 1.4336482286453247, -0.14435884356498718
27.692394971847534, 1.1324424743652344, -0.3212571144104004, 72.28225708007812, -55.181884765625, 1.4336482286453247, -0.14435884356498718
27.702389001846313, 1.126419186592102, -0.3413200378417969, 71.66167449951172, -60.639190673828125, 1.4336482286453247, -0.14435884356498718
27.712387084960938, 1.118388056755066, -0.4238685071468353, 70.96807098388672, -69.000244140625, 1.4336482286453247, -0.14435884356498718
27.72238039970398, 1.1103570461273193, -0.29190778732299805, 70.43733215332031, -59.207916259765625, 1.4336482286453247, -0.1429993063211441
27.732381343841553, 1.1043336391448975, -0.5131165385246277, 69.59768676757812, -68.2220458984375, 1.4336897134780884, -0.1429993063211441
27.742374897003174, 1.0963025093078613, -0.522005558013916, 68.64104461669922, -65.12374877929688, 1.4336897134780884, -0.1429993063211441
27.752360343933105, 1.0922869443893433, -0.5421042442321777, 67.6553955078125, -69.140625, 1.4337178468704224, -0.1429993063211441
27.762375831604004, 1.0882714986801147, -0.6023380756378174, 66.66464233398438, -81.48278045654297, 1.4337178468704224, -0.13350960612297058
27.77238154411316, 1.0842559337615967, -0.5621910095214844, 65.64247131347656, -78.07846069335938, 1.4337178468704224, -0.13350960612297058
27.782369136810303, 1.0782325267791748, -0.5822300910949707, 64.58386993408203, -82.82546997070312, 1.4337178468704224, -0.13350960612297058
27.792381525039673, 1.0702013969421387, -0.6224155426025391, 63.45220947265625, -88.30108642578125, 1.4337178468704224, -0.13350960612297058
27.8023898601532, 1.0641781091690063, -0.6915728449821472, 62.3205451965332, -103.790283203125, 1.4336897134780884, -0.17467373609542847
27.812377214431763, 1.054139256477356, -0.6424903869628906, 61.157493591308594, -98.10562133789062, 1.4336897134780884, -0.17467373609542847
27.82240056991577, 1.0441004037857056, -0.7361835837364197, 59.95283126831055, -116.49491882324219, 1.4336897134780884, -0.17467373609542847
27.832392692565918, 1.0380769968032837, -0.7361835837364197, 58.748165130615234, -120.54952239990234, 1.4336482286453247, -0.15975028276443481
27.842395544052124, 1.0320537090301514, -0.6424903869628906, 57.58754348754883, -110.53543090820312, 1.4336482286453247, -0.15975028276443481
27.852405309677124, 1.026030421257019, -0.7361835837364197, 56.38288116455078, -125.24922943115234, 1.4336482286453247, -0.15975028276443481
27.86238670349121, 1.0200070142745972, -0.6826519966125488, 55.14169692993164, -115.22979736328125, 1.4336482286453247, -0.15975028276443481
27.87239718437195, 1.011975884437561, -0.8030997514724731, 53.822418212890625, -131.33409118652344, 1.4336763620376587, -0.15975028276443481
27.88233709335327, 1.0019370317459106, -0.7629632949829102, 52.435211181640625, -121.48666381835938, 1.4336763620376587, -0.21461202204227448
27.89237070083618, 0.9939059615135193, -0.7629513740539551, 51.04802703857422, -124.04098510742188, 1.4337178468704224, -0.21461202204227448
27.90239715576172, 0.9858748316764832, -0.8700291514396667, 49.616798400878906, -141.15354919433594, 1.4336897134780884, -0.21461202204227448
27.912374258041382, 0.977843701839447, -0.8477502465248108, 48.23468780517578, -143.5864715576172, 1.4336897134780884, -0.270114541053772
27.922365188598633, 0.9698126316070557, -0.8254051208496094, 46.88402557373047, -145.20941162109375, 1.4336897134780884, -0.270114541053772
27.932377099990845, 0.9617815017700195, -0.7629632949829102, 45.49681854248047, -132.513427734375, 1.4336482286453247, -0.270114541053772
27.94237232208252, 0.9537503719329834, -0.7830262184143066, 44.0806770324707, -135.06851196289062, 1.4336482286453247, -0.270114541053772
27.952369689941406, 0.9477270841598511, -0.8700357675552368, 42.656982421875, -152.50990295410156, 1.4336763620376587, -0.2895730435848236
27.96236753463745, 0.9396959543228149, -0.892341136932373, 41.191673278808594, -155.0000457763672, 1.4336763620376587, -0.2895730435848236
27.972379684448242, 0.9316648840904236, -0.8923543691635132, 39.7314567565918, -156.56619262695312, 1.4337341785430908, -0.2895730435848236
27.982398986816406, 0.9216259717941284, -0.8031070232391357, 38.26074981689453, -141.74461364746094, 1.4337756633758545, -0.2895730435848236
27.99240255355835, 0.911587119102478, -0.8231937885284424, 36.756492614746094, -142.9157257080078, 1.4337756633758545, -0.2624123990535736
28.002389192581177, 0.9015482068061829, -0.9369518756866455, 35.223297119140625, -159.92779541015625, 1.4336897134780884, -0.2624123990535736
28.012375593185425, 0.8935170769691467, -0.9369651675224304, 33.70570755004883, -161.4329071044922, 1.4336897134780884, -0.2624123990535736
28.022376537322998, 0.8854860067367554, -0.843268632888794, 32.17249298095703, -147.11532592773438, 1.4336897134780884, -0.2624123990535736
28.032374620437622, 0.8754470944404602, -0.863337516784668, 30.6027889251709, -148.94027709960938, 1.4336897134780884, -0.36725300550460815
28.042373180389404, 0.8634004592895508, -0.9035050868988037, 28.960052490234375, -151.20620727539062, 1.4336482286453247, -0.36725300550460815
28.052374839782715, 0.8573771119117737, -1.0038813352584839, 27.324878692626953, -170.35675048828125, 1.4336482286453247, -0.36725300550460815
28.062377214431763, 0.8513537645339966, -0.8834242820739746, 25.718652725219727, -154.730224609375, 1.4336482286453247, -0.36725300550460815
28.07235860824585, 0.8433226943016052, -0.981582522392273, 24.1124267578125, -173.54457092285156, 1.4336763620376587, -0.2657649517059326
28.082366466522217, 0.831275999546051, -0.9035050868988037, 22.464576721191406, -157.9620361328125, 1.4337341785430908, -0.2657649517059326
28.092376947402954, 0.8192293643951416, -0.9235739707946777, 20.774837493896484, -159.8163604736328, 1.4337341785430908, -0.2657649517059326
28.102375030517578, 0.8111982345581055, -1.003894567489624, 19.13210105895996, -178.79104614257812, 1.4336763620376587, -0.2657649517059326
28.112375736236572, 0.8051749467849731, -0.9815692901611328, 17.536409378051758, -179.6591033935547, 1.4336897134780884, -0.4326242506504059
28.122424125671387, 0.795136034488678, -1.003894567489624, 15.89124584197998, -180.90269470214844, 1.4336897134780884, -0.4326242506504059
28.132376432418823, 0.7830893993377686, -0.9235858917236328, 14.21199893951416, -163.90762329101562, 1.4336897134780884, -0.4326242506504059
28.14238977432251, 0.7691838145256042, -0.942152738571167, 12.498993873596191, -164.61087036132812, 1.4336897134780884, -0.4326242506504059
28.15237283706665, 0.7691838145256042, -0.9799401164054871, 10.895455360412598, -182.54873657226562, 1.4336318969726562, -0.36988234519958496
28.1623752117157, 0.761003851890564, -0.9034872055053711, 9.263263702392578, -164.55421447753906, 1.4335904121398926, -0.36988234519958496
28.1723849773407, 0.7529727220535278, -1.003894567489624, 7.6280694007873535, -183.15972900390625, 1.4336482286453247, -0.36988234519958496
28.18240189552307, 0.7449415922164917, -0.9592705368995667, 6.047842025756836, -182.4081268310547, 1.4336482286453247, -0.36988234519958496
28.192384958267212, 0.7389183044433594, -0.892341136932373, 4.587647438049316, -179.8574676513672, 1.433562159538269, -0.5580815672874451
28.202454805374146, 0.7349027395248413, -0.7629513740539551, 3.216111898422241, -159.1600341796875, 1.4333490133285522, -0.5580815672874451
28.212416648864746, 0.7389183044433594, -0.7361901998519897, 2.0501909255981445, -172.0690155029297, 1.4331663846969604, -0.5580815672874451
28.222426652908325, 0.7489571571350098, -0.46178698539733887, 1.2437834739685059, -146.47459411621094, 1.4330260753631592, -0.5580815672874451
28.23236918449402, 0.763011634349823, -0.20077824592590332, 0.9042429327964783, -133.07757568359375, 1.4330012798309326, -0.7352381944656372
28.24237847328186, 0.7730504870414734, 0.04295508190989494, 0.979041337966919, -127.99951934814453, 1.4331427812576294, -0.7352381944656372
28.252459049224854, 0.7850971817970276, 0.15913844108581543, 1.2426564693450928, -96.5279312133789, 1.4331427812576294, -0.7352381944656372
28.26242208480835, 0.795136034488678, 0.37924447655677795, 1.8139723539352417, -82.7698974609375, 1.4336551427841187, -0.7352381944656372
28.272440195083618, 0.8051749467849731, 0.5800260305404663, 2.719215154647827, -54.54280471801758, 1.433851957321167, -0.9565833210945129
28.282451152801514, 0.8152137994766235, 0.7027208805084229, 3.9611051082611084, -20.867395401000977, 1.4339543581008911, -0.9565833210945129
28.292398929595947, 0.8192293643951416, 0.892341136932373, 5.402681350708008, 9.05593204498291, 1.4339756965637207, -0.9565833210945129
28.30238699913025, 0.8252527117729187, 0.9035050868988037, 7.041538238525391, 38.2542839050293, 1.4339884519577026, -0.9565833210945129
28.312357664108276, 0.8207894563674927, 0.818711519241333, 8.527785301208496, 64.77591705322266, 1.4338860511779785, -10.0
28.322368621826172, 0.8372993469238281, 0.9815692901611328, 10.152607917785645, 98.98694610595703, 1.4337421655654907, -10.0
28.332364320755005, 0.8413149118423462, 0.7830440998077393, 11.602485656738281, 106.982421875, 1.4337140321731567, -10.0
28.342374086380005, 0.8473382592201233, 0.8254183530807495, 12.958285331726074, 133.1027374267578, 1.433586835861206, -10.0
28.352374792099, 0.8513537645339966, 0.6625652313232422, 14.186076164245605, 129.43411254882812, 1.433504343032837, -10.0
28.362374782562256, 0.8573771119117737, 0.6224155426025391, 15.332738876342773, 135.18771362304688, 1.433463215827942, -10.0
28.372376918792725, 0.8634004592895508, 0.6469421982765198, 16.398849487304688, 151.9959716796875, 1.4335081577301025, -10.0
28.382377862930298, 0.8734393119812012, 0.6469488143920898, 17.449321746826172, 149.8690643310547, 1.4335362911224365, -10.0
28.392372846603394, 0.8814704418182373, 0.6915728449821472, 18.575870513916016, 146.36866760253906, 1.433552622795105, -10.0
28.402369499206543, 0.8915092945098877, 0.6625652313232422, 19.77756690979004, 127.36044311523438, 1.4335941076278687, -10.0
28.412360906600952, 0.8995404243469238, 0.8750094175338745, 21.20185661315918, 140.8230438232422, 1.4336520433425903, -10.0
28.422365427017212, 0.9055637717247009, 0.6826460361480713, 22.432497024536133, 122.7987289428711, 1.4336930513381958, -10.0
28.432363510131836, 0.909579336643219, 0.7584889531135559, 23.66620635986328, 134.041259765625, 1.4336763620376587, 10.0
28.442368745803833, 0.9156026244163513, 0.6826519966125488, 24.910425186157227, 119.52171325683594, 1.4337178468704224, 10.0
28.45238471031189, 0.9216259717941284, 0.7027149200439453, 26.180545806884766, 119.94438171386719, 1.4337140321731567, 10.0
28.462385416030884, 0.9276493191719055, 0.780800998210907, 27.458913803100586, 134.73532104492188, 1.4337555170059204, 10.0
28.472373723983765, 0.9336726069450378, 0.7027268409729004, 28.72905731201172, 123.3022689819336, 1.4338414669036865, 10.0
28.482367753982544, 0.9376881718635559, 0.6424903869628906, 29.881593704223633, 124.322509765625, 1.43386971950531, 10.0
28.492376565933228, 0.943711519241333, 0.6915595531463623, 31.008100509643555, 138.1359100341797, 1.4338860511779785, 10.0
28.502379417419434, 0.9477270841598511, 0.6246500611305237, 32.027286529541016, 136.10818481445312, 1.433845043182373, 10.0
28.512376308441162, 0.9517426490783691, 0.5800260305404663, 32.9838752746582, 130.9113006591797, 1.433803915977478, -10.0
28.522374868392944, 0.9577659368515015, 0.5220174789428711, 33.94047546386719, 115.07987976074219, 1.4337178468704224, -10.0
28.53238272666931, 0.9617815017700195, 0.5800260305404663, 34.90525817871094, 124.8779296875, 1.4336763620376587, -10.0
28.542372941970825, 0.9678048491477966, 0.5220234394073486, 35.861934661865234, 109.515380859375, 1.4335774183273315, -10.0
28.55237627029419, 0.9718204140663147, 0.5577206611633301, 36.79255676269531, 117.9112319946289, 1.4335081577301025, -10.0
28.562373638153076, 0.977843701839447, 0.5577074289321899, 37.7177619934082, 113.98696899414062, 1.4335081577301025, -10.0
28.572396278381348, 0.979851484298706, 0.46178698539733887, 38.557373046875, 98.28338623046875, 1.433508276939392, -10.0
28.58236813545227, 0.9838670492172241, 0.46178698539733887, 39.39696502685547, 95.15380859375, 1.4335492849349976, -10.0
28.592368364334106, 0.9878826141357422, 0.4907846450805664, 40.19261169433594, 102.04993438720703, 1.4335774183273315, -10.0
28.602367877960205, 0.9898903965950012, 0.46848589181900024, 40.95410919189453, 99.1867904663086, 1.4336763620376587, -10.0
28.612371921539307, 0.9939059615135193, 0.42163729667663574, 41.70273208618164, 87.18833923339844, 1.4337178468704224, -10.0
28.62237000465393, 0.9959136843681335, 0.3814816474914551, 42.3887939453125, 84.48333740234375, 1.4338167905807495, -10.0
28.632365942001343, 0.9979214668273926, 0.4015631079673767, 43.02790832519531, 90.25234985351562, 1.4338860511779785, -10.0
28.642370462417603, 0.9999292492866516, 0.32123327255249023, 43.5993766784668, 77.374267578125, 1.4338860511779785, -10.0
28.652385234832764, 1.0019370317459106, 0.33462047576904297, 44.146934509277344, 81.71463012695312, 1.4338860511779785, -10.0
28.66237163543701, 1.0039448738098145, 0.2900163233280182, 44.62150955200195, 76.70890045166016, 1.433857798576355, -10.0
28.67236638069153, 1.0059525966644287, 0.29002296924591064, 45.101226806640625, 72.70940399169922, 1.4337588548660278, -10.0
28.682374715805054, 1.007960319519043, 0.24092793464660645, 45.55727005004883, 61.60316467285156, 1.4337178468704224, -10.0
28.692368507385254, 1.0099681615829468, 0.22084712982177734, 45.96626281738281, 57.73658752441406, 1.4337178468704224, -10.0
28.702446699142456, 1.0099681615829468, 0.22309356927871704, 46.33132553100586, 59.7470588684082, 1.4336763620376587, -10.0
28.712368726730347, 1.011975884437561, 0.2007749378681183, 46.66741180419922, 55.16306686401367, 1.4335774183273315, -10.0
28.722388744354248, 1.011975884437561, 0.16063451766967773, 46.97746276855469, 45.88623046875, 1.4335774183273315, -10.0
28.732396602630615, 1.0139837265014648, 0.16062259674072266, 47.26950454711914, 42.415618896484375, 1.4335774183273315, -10.0
28.74238085746765, 1.0139837265014648, 0.1561509221792221, 47.5250244140625, 43.6185188293457, 1.4336352348327637, -10.0
28.752405643463135, 1.0139837265014648, 0.13384553790092468, 47.7335319519043, 39.851295471191406, 1.4336352348327637, -10.0
28.762364625930786, 1.015991449356079, 0.12046098709106445, 47.952552795410156, 33.3099365234375, 1.4336482286453247, -10.0
28.772372245788574, 1.015991449356079, 0.11155340075492859, 48.13273239135742, 33.68377685546875, 1.4336482286453247, -10.0
28.782374620437622, 1.015991449356079, 0.08029937744140625, 48.27872848510742, 27.214431762695312, 1.4337178468704224, -10.0
28.792373180389404, 1.0021061897277832, -0.07860660552978516, 48.12314987182617, 21.568679809570312, 1.4337178468704224, -10.0
28.802369117736816, 0.9995653033256531, -0.11560651659965515, 47.93397521972656, 17.807430267333984, 1.4337588548660278, -10.0
28.812382459640503, 0.9970844388008118, -0.14889240264892578, 47.65580749511719, 9.884262084960938, 1.4337588548660278, -10.0
28.822386980056763, 0.994357705116272, -0.1761913299560547, 47.3354606628418, 3.5800933837890625, 1.4337588548660278, -10.0
28.832367181777954, 0.9917279481887817, -0.2472798079252243, 46.93082046508789, -3.763410806655884, 1.4337588548660278, -10.0
28.842376947402954, 0.9895440340042114, -0.2715587615966797, 46.4864501953125, -11.53988265991211, 1.4337178468704224, -10.0
28.852376222610474, 0.9875980615615845, -0.26384592056274414, 46.01418685913086, -17.193222045898438, 1.4337178468704224, -10.0
28.86236262321472, 0.9853907823562622, -0.3400113880634308, 45.45780563354492, -27.719709396362305, 1.4337178468704224, -10.0
28.872366189956665, 0.9836310744285583, -0.3236114978790283, 44.86941909790039, -32.633209228515625, 1.4336763620376587, -0.26758265495300293
28.882365465164185, 0.9815711975097656, -0.3442108631134033, 44.25112533569336, -40.27557373046875, 1.4336763620376587, -0.26758265495300293
28.892380237579346, 0.9797811508178711, -0.22324323654174805, 43.8452262878418, -42.779541015625, 1.4336763620376587, -0.26758265495300293
28.90238118171692, 0.9772557020187378, -0.24788247048854828, 43.43960189819336, -49.937355041503906, 1.4336763620376587, -0.26758265495300293
28.914427995681763, 0.9760318398475647, -0.23391512036323547, 43.05683135986328, -51.09956359863281, 1.4336482286453247, -0.22030305862426758
28.922390937805176, 0.9760318398475647, -0.18324851989746094, 42.72876739501953, -46.06742858886719, 1.4335904121398926, -0.22030305862426758
28.932393789291382, 0.9748769998550415, -0.18723805248737335, 42.432891845703125, -49.976348876953125, 1.4335904121398926, -0.22030305862426758
28.942373752593994, 0.9739049077033997, -0.15639066696166992, 42.14854431152344, -43.37921142578125, 1.4336185455322266, -0.27765756845474243
28.952375411987305, 0.9721956253051758, -0.17114479839801788, 41.863372802734375, -46.120113372802734, 1.4336763620376587, -0.27765756845474243
28.96238374710083, 0.9693081378936768, -0.1786947250366211, 41.56045150756836, -43.304019927978516, 1.4337178468704224, -0.27765756845474243
28.972413778305054, 0.9645107984542847, -0.19120573997497559, 41.20526123046875, -36.641693115234375, 1.4337178468704224, -0.27765756845474243
28.982374906539917, 0.9567956328392029, -0.27528074383735657, 40.75480270385742, -38.84803009033203, 1.4337178468704224, -0.22916293144226074
28.992393970489502, 0.9500413537025452, -0.297391414642334, 40.21409225463867, -36.31172180175781, 1.4337178468704224, -0.22916293144226074
29.002402782440186, 0.9449830055236816, -0.35859477519989014, 39.62730026245117, -42.358821868896484, 1.4337178468704224, -0.22916293144226074
29.012371301651, 0.9397795796394348, -0.3625214099884033, 38.968170166015625, -40.88630676269531, 1.4337178468704224, -0.22916293144226074
29.02237105369568, 0.9358621835708618, -0.44632619619369507, 38.23781967163086, -49.899208068847656, 1.4337178468704224, -0.2950438857078552
29.032471895217896, 0.9338168501853943, -0.4105985164642334, 37.491275787353516, -49.41596984863281, 1.4337178468704224, -0.2950438857078552
29.042388677597046, 0.9306682348251343, -0.4804200530052185, 36.70513153076172, -60.482025146484375, 1.4337178468704224, -0.2950438857078552
29.05241346359253, 0.9265047907829285, -0.5076726078987122, 35.87439727783203, -66.54485321044922, 1.4336763620376587, -0.2950438857078552
29.062373876571655, 0.9203208684921265, -0.48987269401550293, 34.99126052856445, -65.69137573242188, 1.4336482286453247, -0.32644227147102356
29.07237434387207, 0.913848876953125, -0.5629128813743591, 34.07524490356445, -79.22278594970703, 1.4335904121398926, -0.32644227147102356
29.08237862586975, 0.913848876953125, -0.429457426071167, 33.304927825927734, -74.49874877929688, 1.4335904121398926, -0.32644227147102356
29.09238362312317, 0.8984484672546387, -0.5732642412185669, 32.366859436035156, -87.19168853759766, 1.4336185455322266, -0.32644227147102356
29.102408409118652, 0.8949912786483765, -0.49991607666015625, 31.452804565429688, -81.74476623535156, 1.4336763620376587, -0.4349454939365387
29.112382411956787, 0.8911554217338562, -0.4862368106842041, 30.558225631713867, -84.09996032714844, 1.4336763620376587, -0.4349454939365387
29.122382164001465, 0.8872678875923157, -0.5399320125579834, 29.674699783325195, -95.14533233642578, 1.4336763620376587, -0.4349454939365387
29.132380723953247, 0.8819447159767151, -0.5187332630157471, 28.731548309326172, -87.59765625, 1.4337178468704224, -0.4349454939365387
29.142385482788086, 0.8747506141662598, -0.5591630935668945, 27.707345962524414, -89.97764587402344, 1.4337178468704224, -0.5057619214057922
29.15238094329834, 0.8747506141662598, -0.5175411701202393, 26.7663631439209, -91.08028411865234, 1.4337178468704224, -0.5057619214057922
29.16238236427307, 0.8662579655647278, -0.6007088422775269, 25.783384323120117, -102.3095474243164, 1.4337588548660278, -0.5057619214057922
29.172369718551636, 0.8567869067192078, -0.6340146064758301, 24.738449096679688, -103.74238586425781, 1.4337178468704224, -0.5057619214057922
29.182382106781006, 0.8506028652191162, -0.7027387619018555, 23.595970153808594, -107.87730407714844, 1.4337178468704224, -0.40066683292388916
29.192384719848633, 0.8468749523162842, -0.5730324387550354, 22.658279418945312, -107.8730697631836, 1.4337178468704224, -0.40066683292388916
29.202390909194946, 0.8412986993789673, -0.5369305610656738, 21.682043075561523, -97.70736694335938, 1.4336763620376587, -0.40066683292388916
29.212368965148926, 0.8338928818702698, -0.5726218223571777, 20.648454666137695, -99.09782409667969, 1.4336763620376587, -0.40066683292388916
29.22237277030945, 0.8242412209510803, -0.7003082036972046, 19.50249671936035, -113.02460479736328, 1.4336763620376587, -0.545914888381958
29.232407093048096, 0.8151801228523254, -0.6676435470581055, 18.288599014282227, -104.42924499511719, 1.4336763620376587, -0.545914888381958
29.24244499206543, 0.8088942170143127, -0.6585597991943359, 17.091217041015625, -106.16130828857422, 1.4336482286453247, -0.545914888381958
29.252437829971313, 0.8040807843208313, -0.785224974155426, 15.811418533325195, -121.72169494628906, 1.4336482286453247, -0.545914888381958
29.262465953826904, 0.8006672263145447, -0.7287793755531311, 14.629383087158203, -123.93336486816406, 1.4335904121398926, -0.5250436067581177
29.272369146347046, 0.7938957214355469, -0.6289064884185791, 13.485916137695312, -112.52555847167969, 1.4335904121398926, -0.5250436067581177
29.282524824142456, 0.7853037118911743, -0.6529927253723145, 12.298657417297363, -112.9730224609375, 1.4336763620376587, -0.5250436067581177
29.29237651824951, 0.7775366902351379, -0.770429790019989, 11.022326469421387, -129.28836059570312, 1.4336763620376587, -0.5250436067581177
29.30241084098816, 0.771242618560791, -0.7005631923675537, 9.748575210571289, -119.33450317382812, 1.4337178468704224, -0.4691009521484375
29.312386751174927, 0.7672728896141052, -0.666201114654541, 8.529757499694824, -121.18701934814453, 1.4337178468704224, -0.4691009521484375
29.322396755218506, 0.7626258134841919, -0.6161510944366455, 7.409482955932617, -120.93029022216797, 1.4337178468704224, -0.4691009521484375
29.332475662231445, 0.7526577711105347, -0.6946921348571777, 6.272714138031006, -133.5098419189453, 1.4337178468704224, -0.4691009521484375
29.342400074005127, 0.7454104423522949, -0.7053745985031128, 5.118464469909668, -133.03057861328125, 1.4337178468704224, -0.7617632746696472
29.352426290512085, 0.7414577007293701, -0.6262362003326416, 3.979853391647339, -118.31559753417969, 1.4337178468704224, -0.7617632746696472
29.362416982650757, 0.7385841012001038, -0.6208240985870361, 2.8510823249816895, -117.78306579589844, 1.4336897134780884, -0.7617632746696472
29.37245798110962, 0.7344574928283691, -0.6604260802268982, 1.7755002975463867, -130.11566162109375, 1.433562159538269, -0.7617632746696472
29.382380962371826, 0.7308352589607239, -0.5446851253509521, 0.8083552718162537, -114.90296936035156, 1.4333490133285522, -0.623249351978302
29.39238715171814, 0.7331188917160034, -0.4935264587402344, 0.03952040150761604, -122.03115844726562, 1.4331927299499512, -0.623249351978302
29.402381896972656, 0.7331188917160034, -0.381237268447876, -0.6252231001853943, -103.73799896240234, 1.433110237121582, -0.623249351978302
29.412484169006348, 0.7442144155502319, -0.2305924892425537, -1.029483437538147, -95.5924301147461, 1.4331542253494263, -0.623249351978302
29.422420501708984, 0.7579851150512695, -0.0464022159576416, -1.1218490600585938, -85.31329345703125, 1.433298110961914, -0.9459113478660583
29.432597398757935, 0.7680256366729736, 0.1536726951599121, -0.8686051368713379, -71.41321563720703, 1.4335116147994995, -0.9459113478660583
29.442429304122925, 0.7766748666763306, 0.3473891019821167, -0.33896908164024353, -60.63813781738281, 1.4335116147994995, -0.9459113478660583
29.45240807533264, 0.7831864356994629, 0.46365129947662354, 0.3735014796257019, -40.07057571411133, 1.433893084526062, -0.9459113478660583
29.462449550628662, 0.788835346698761, 0.5025088787078857, 1.2640273571014404, -15.8705472946167, 1.4339340925216675, -0.7245045304298401
29.47236919403076, 0.7948881387710571, 0.6714529395103455, 2.3553125858306885, 6.442359924316406, 1.4339884519577026, -0.7245045304298401
29.482364177703857, 0.8007711172103882, 0.7770657539367676, 3.6169912815093994, 31.20706558227539, 1.433943510055542, -0.7245045304298401
29.49238634109497, 0.8059174418449402, 0.7279813289642334, 4.948764801025391, 49.092445373535156, 1.4337999820709229, -0.7245045304298401
29.50238537788391, 0.8076745271682739, 0.7455527782440186, 6.330411434173584, 69.55634307861328, 1.4337421655654907, -10.0
29.512382745742798, 0.8076745271682739, 0.705116331577301, 7.494750022888184, 94.71371459960938, 1.4337140321731567, -10.0
29.522373914718628, 0.808016300201416, 0.5003154277801514, 8.409529685974121, 95.31378936767578, 1.4336729049682617, -10.0
29.532397270202637, 0.808016300201416, 0.3998994827270508, 9.144097328186035, 100.12698364257812, 1.4335904121398926, -10.0
29.542368412017822, 0.8100432753562927, 0.37076738476753235, 9.765806198120117, 112.27533721923828, 1.4335492849349976, -10.0
29.55239486694336, 0.8178161978721619, 0.346297025680542, 10.402915000915527, 100.29411315917969, 1.4335081577301025, -10.0
29.562471866607666, 0.826978862285614, 0.4238221347332001, 11.103919982910156, 109.33219146728516, 1.4335081577301025, -10.0
29.572391986846924, 0.8324963450431824, 0.3760695457458496, 11.78768253326416, 94.32363891601562, 1.4334948062896729, -10.0
29.582379817962646, 0.8369320631027222, 0.4017949104309082, 12.447592735290527, 98.11782836914062, 1.4335942268371582, -10.0
29.592391967773438, 0.8406603932380676, 0.3474235534667969, 13.061195373535156, 81.12430572509766, 1.4335942268371582, -10.0
29.602384328842163, 0.8425574898719788, 0.3875957727432251, 13.695465087890625, 81.83394622802734, 1.4336352348327637, -10.0
29.612380027770996, 0.8451463580131531, 0.37471652030944824, 14.36928939819336, 68.74533081054688, 1.4336763620376587, -10.0
29.622381687164307, 0.8483308553695679, 0.4479421377182007, 15.094808578491211, 74.28105926513672, 1.4337178468704224, -10.0
29.632365703582764, 0.8524512052536011, 0.4937185049057007, 15.89516830444336, 75.01177978515625, 1.4337140321731567, -10.0
29.64236354827881, 0.8567205667495728, 0.518639862537384, 16.744544982910156, 77.54135131835938, 1.4337836503982544, -10.0
29.652363300323486, 0.8611893057823181, 0.4337310791015625, 17.520490646362305, 71.17585754394531, 1.4338414669036865, -10.0
29.662370681762695, 0.8644605278968811, 0.41647088527679443, 18.19147491455078, 78.7506103515625, 1.4339275360107422, -10.0
29.67238736152649, 0.8687775731086731, 0.40311282873153687, 18.835466384887695, 78.30884552001953, 1.4338860511779785, -10.0
29.682384967803955, 0.8712799549102783, 0.38165515661239624, 19.4675350189209, 77.99911499023438, 1.433845043182373, -10.0
29.692362070083618, 0.8731815814971924, 0.3613365888595581, 20.066268920898438, 77.83423614501953, 1.433845043182373, -10.0
29.70238471031189, 0.8743372559547424, 0.31780004501342773, 20.644086837768555, 69.48623657226562, 1.433845043182373, 10.0
29.712448596954346, 0.875308632850647, 0.33514368534088135, 21.21563148498535, 76.07078552246094, 1.4336185455322266, 10.0
29.722381114959717, 0.8760508894920349, 0.3079838156700134, 21.737659454345703, 73.8093032836914, 1.4335492849349976, 10.0
29.73237442970276, 0.8771119117736816, 0.24660825729370117, 22.198631286621094, 63.034629821777344, 1.4335081577301025, 10.0
29.742373943328857, 0.8780840635299683, 0.21364092826843262, 22.594547271728516, 58.500099182128906, 1.433479905128479, 10.0
29.752367734909058, 0.8780840635299683, 0.18771488964557648, 22.90685272216797, 59.84836196899414, 1.4335081577301025, 10.0
29.762373208999634, 0.8797330260276794, 0.16970103979110718, 23.17940902709961, 55.42161560058594, 1.4335362911224365, 10.0
29.772377490997314, 0.882076621055603, 0.14776653051376343, 23.416093826293945, 50.89569091796875, 1.4336352348327637, 10.0
29.78238534927368, 0.8836013674736023, 0.1232147216796875, 23.62213134765625, 41.545867919921875, 1.4336763620376587, 10.0
29.792377948760986, 0.8857892751693726, 0.1400841623544693, 23.843881607055664, 41.97353744506836, 1.433746099472046, 10.0
29.80237913131714, 0.8870105147361755, 0.12673735618591309, 24.061634063720703, 34.17549133300781, 1.433845043182373, 10.0
29.812371492385864, 0.8886388540267944, 0.1481175422668457, 24.28601837158203, 34.115474700927734, 1.4338860511779785, 10.0
29.822389364242554, 0.8903512358665466, 0.1429915428161621, 24.53854751586914, 28.008651733398438, 1.4338860511779785, 10.0
29.832377195358276, 0.8917950391769409, 0.1468360424041748, 24.80552101135254, 26.068878173828125, 1.433857798576355, 10.0
29.842344999313354, 0.8931483030319214, 0.1673830896615982, 25.084558486938477, 27.66693878173828, 1.4337999820709229, 10.0
29.85238027572632, 0.8943641185760498, 0.16279816627502441, 25.39106559753418, 24.842453002929688, 1.4337588548660278, 10.0
29.86237597465515, 0.8955870270729065, 0.17615821957588196, 25.686803817749023, 27.85979461669922, 1.4337178468704224, 10.0
29.872363090515137, 0.9055637717247009, 0.26096901297569275, 26.121299743652344, 30.057695388793945, 1.4336763620376587, 10.0
29.882362127304077, 0.90757155418396, 0.23969411849975586, 26.56464958190918, 29.42523956298828, 1.4336763620376587, 10.0
29.892388820648193, 0.90757155418396, 0.24203459918498993, 26.96070671081543, 34.6310920715332, 1.4336352348327637, 10.0
29.90242648124695, 0.90757155418396, 0.2284579873085022, 27.342023849487305, 36.44900894165039, 1.4336352348327637, 10.0
29.912386894226074, 0.90757155418396, 0.21036465466022491, 27.69676971435547, 37.89732360839844, 1.4335362911224365, 10.0
29.92237424850464, 0.9055637717247009, 0.15212297439575195, 27.9808349609375, 34.422874450683594, 1.4335362911224365, 10.0
29.932373523712158, 0.9035559892654419, 0.13067324459552765, 28.19466209411621, 37.65699768066406, 1.4335774183273315, 10.0
29.942375659942627, 0.9015482068061829, 0.08401274681091309, 28.339935302734375, 32.553672790527344, 1.4336185455322266, 10.0
29.952385425567627, 0.8995404243469238, 0.0517427921295166, 28.426536560058594, 30.354690551757812, 1.4336763620376587, 10.0
29.96241307258606, 0.8955248594284058, -0.0006755192880518734, 28.414918899536133, 30.31243133544922, 1.4337178468704224, 10.0
29.972373247146606, 0.8915092945098877, -0.14055371284484863, 28.151823043823242, 20.305252075195312, 1.4337588548660278, 10.0
29.98237633705139, 0.8895015716552734, -0.18069148063659668, 27.815837860107422, 12.511825561523438, 1.4337588548660278, 10.0
29.99236273765564, 0.8854860067367554, -0.22086501121520996, 27.414264678955078, 4.535865783691406, 1.433787226676941, 10.0
30.00237488746643, 0.8814704418182373, -0.2900097072124481, 26.934545516967773, -4.527833938598633, 1.433845043182373, 10.0
30.01237964630127, 0.8794626593589783, -0.3123283386230469, 26.41295051574707, -14.264636993408203, 1.4338167905807495, -0.12711195647716522
30.022368907928467, 0.8774548768997192, -0.2810835838317871, 25.907026290893555, -20.73822021484375, 1.4337588548660278, -0.12711195647716522
30.032371282577515, 0.8754470944404602, -0.28108954429626465, 25.4064884185791, -27.881813049316406, 1.4337178468704224, -0.12711195647716522
30.04236626625061, 0.8734393119812012, -0.2810835838317871, 24.902883529663086, -34.37042236328125, 1.4336763620376587, -0.12711195647716522
30.052399158477783, 0.8714315295219421, -0.3123283386230469, 24.399343490600586, -44.74639892578125, 1.4336482286453247, -0.32815831899642944
30.062407732009888, 0.8694238066673279, -0.2610146999359131, 23.929885864257812, -44.85015869140625, 1.4335492849349976, -0.32815831899642944
30.072378158569336, 0.8674160242080688, -0.26769107580184937, 23.509836196899414, -51.577884674072266, 1.4335492849349976, -0.32815831899642944
30.082364320755005, 0.8654082417488098, -0.24093985557556152, 23.071762084960938, -47.44071960449219, 1.4335774183273315, -0.32815831899642944
30.092387676239014, 0.8593848943710327, -0.26100873947143555, 22.592086791992188, -48.221778869628906, 1.4336352348327637, -0.48446452617645264
30.10238242149353, 0.8553693294525146, -0.2900163233280182, 22.10700225830078, -53.639095306396484, 1.4336352348327637, -0.48446452617645264
30.11237668991089, 0.8493459820747375, -0.30115842819213867, 21.55944061279297, -48.53515625, 1.4336763620376587, -0.48446452617645264
30.122390270233154, 0.8433226943016052, -0.37924447655677795, 20.931381225585938, -55.28513717651367, 1.4337178468704224, -0.48446452617645264
