34.75552773475647, 1.1689097881317139, -0.7591545581817627, 83.78263854980469, 30.404409408569336, 1.4351587295532227, -0.04764921963214874
34.7654333114624, 1.1543755531311035, -1.173708200454712, 81.86946105957031, 36.0107421875, 1.4351178407669067, -0.07399920374155045
34.77540636062622, 1.1543755531311035, -1.196533441543579, 80.12904357910156, 38.0859375, 1.4351178407669067, -0.10532069206237793
34.785425901412964, 1.140237808227539, -1.0848309993743896, 78.33819580078125, 31.85950469970703, 1.435204029083252, -0.08917561918497086
34.79540014266968, 1.140237808227539, -0.8780717849731445, 76.74170684814453, 29.12750244140625, 1.435204029083252, -0.11229541897773743
34.80540084838867, 1.11509108543396, -1.125666856765747, 74.89226531982422, 32.41221237182617, 1.4352449178695679, -0.10747667402029037
34.815611839294434, 1.11509108543396, -0.7271170616149902, 73.30583190917969, 26.769638061523438, 1.4352449178695679, -0.04527964070439339
34.825913429260254, 1.0869402885437012, -1.4827932119369507, 71.42915344238281, 45.63140869140625, 1.4351871013641357, -0.07503341138362885
34.835394859313965, 1.0869402885437012, -0.9136438369750977, 69.76798248291016, 33.82720947265625, 1.4351871013641357, -0.06992609798908234
34.84543180465698, 1.0680795907974243, -1.1203289031982422, 67.92420196533203, 37.39335632324219, 1.4352449178695679, -0.11620958894491196
34.85560131072998, 1.0459812879562378, -1.3658735752105713, 65.68914031982422, -201.03878784179688, 1.4352449178695679, -0.0968351885676384
34.86540198326111, 1.0366404056549072, -1.0703259706497192, 63.548484802246094, -166.55453491210938, 1.4352449178695679, -0.07409059256315231
34.87568283081055, 1.0366404056549072, -1.0703259706497192, 63.548484802246094, -166.55453491210938, 1.4352449178695679, -0.07409059256315231
34.88544225692749, 1.0099464654922485, -3.257274627685547, 58.55357360839844, -494.61553955078125, 1.4352449178695679, -0.04727793112397194
34.89553689956665, 0.9944848418235779, -1.457536220550537, 55.91402053833008, -208.2763671875, 1.4351871013641357, -0.047661613672971725
34.905394554138184, 0.9944848418235779, -1.3400713205337524, 53.72631072998047, -235.1777801513672, 1.4351588487625122, -0.05827116593718529
34.91539478302002, 0.9785149097442627, -1.3657689094543457, 51.24309539794922, -220.6268310546875, 1.4351588487625122, -0.09208399802446365
34.92538619041443, 0.9570245146751404, -1.2991547584533691, 48.888431549072266, -225.40740966796875, 1.4351179599761963, -0.0018658499466255307
34.935394525527954, 0.942713737487793, -1.6025172472000122, 46.261016845703125, -261.1872253417969, 1.4351460933685303, -0.07483252882957458
34.94551062583923, 0.942713737487793, -1.139689564704895, 43.97110366821289, -217.756103515625, 1.435204029083252, -0.050824444741010666
34.95539331436157, 0.9267958402633667, -1.4898107051849365, 41.809242248535156, -298.49957275390625, 1.4351757764816284, -0.019832944497466087
34.965391635894775, 0.9267958402633667, -1.2204978466033936, 39.82259750366211, -263.6210021972656, 1.4351178407669067, -0.1327662169933319
34.975390911102295, 0.9055901169776917, -1.0435700416564941, 37.92519760131836, -229.97283935546875, 1.4351178407669067, -0.06418977677822113
34.9853949546814, 0.8861228823661804, -1.3758143186569214, 35.66872787475586, -254.27627563476562, 1.4351460933685303, -0.018462326377630234
34.99539756774902, 0.8737084269523621, -1.2077569961547852, 33.454837799072266, -224.59144592285156, 1.4352449178695679, -0.10253456234931946
35.00554895401001, 0.8524734377861023, -1.2910149097442627, 30.8728084564209, -207.75917053222656, 1.4352449178695679, -0.026803988963365555
35.01539373397827, 0.8524734377861023, -1.5755221843719482, 28.581138610839844, -283.274658203125, 1.4352449178695679, -0.09884224832057953
35.025416135787964, 0.8403923511505127, -1.1663258075714111, 26.460546493530273, -224.27902221679688, 1.4352449178695679, -0.05773211643099785
35.03538942337036, 0.821378767490387, -1.3481643199920654, 24.25957489013672, -244.4597930908203, 1.4352167844772339, -0.05610548332333565
35.04539346694946, 0.807118833065033, -1.3559520244598389, 21.80474090576172, -221.66404724121094, 1.4351588487625122, -0.012308629229664803
35.05554413795471, 0.807118833065033, -1.3297399282455444, 19.628803253173828, -246.44937133789062, 1.4351588487625122, -0.015982838347554207
35.065388679504395, 0.793812096118927, -1.2089393138885498, 17.228893280029297, -205.3971710205078, 1.4350600242614746, -0.039710670709609985
35.07540440559387, 0.7769402265548706, -1.6081184148788452, 14.879300117492676, -288.07354736328125, 1.4351178407669067, -0.07474291324615479
35.08540201187134, 0.7646068334579468, -1.3501843214035034, 12.669885635375977, -255.54275512695312, 1.4351179599761963, -0.07089459151029587
35.09538769721985, 0.7646068334579468, -1.0910093784332275, 10.688637733459473, -227.66189575195312, 1.4351047277450562, -0.03817892447113991
35.10541129112244, 0.7458899021148682, -1.1842647790908813, 8.750750541687012, -245.80087280273438, 1.4351047277450562, -0.04892432317137718
35.11538887023926, 0.7359387278556824, -1.1653482913970947, 6.642208576202393, -219.38916015625, 1.435048222541809, -0.021496692672371864
35.12538003921509, 0.7301155924797058, -1.1027753353118896, 4.684044361114502, -217.76513671875, 1.4347903728485107, -0.0027328641153872013
35.13539409637451, 0.7301155924797058, -0.912630558013916, 3.0740253925323486, -211.85560607910156, 1.4345191717147827, -0.03410247713327408
35.145381689071655, 0.7356384992599487, -0.79422527551651, 1.805031657218933, -222.21893310546875, 1.434350609779358, -0.013530995696783066
35.15538692474365, 0.7589887976646423, -0.5347728729248047, 0.934413731098175, -207.71556091308594, 1.4343260526657104, 0.009439438581466675
35.1653950214386, 0.771854043006897, -0.21958351135253906, 0.5141034126281738, -167.1478271484375, 1.4344419240951538, -0.028151532635092735
35.175395250320435, 0.7853854298591614, 0.08445382118225098, 0.618324875831604, -142.6097869873047, 1.4347132444381714, -0.05833972245454788
35.1854031085968, 0.7853854298591614, 0.23087528347969055, 0.9625037312507629, -130.08200073242188, 1.4348981380462646, 5.102803697809577e-05
35.19543981552124, 0.8045143485069275, 0.44341883063316345, 1.6448577642440796, -100.48643493652344, 1.4351359605789185, 0.0014723055064678192
35.20541024208069, 0.8045143485069275, 0.586247444152832, 2.6801578998565674, -60.70592498779297, 1.4353042840957642, 0.0015490941004827619
35.21541357040405, 0.823514997959137, 0.8757591247558594, 4.255129337310791, -23.870777130126953, 1.4353995323181152, 0.008447317406535149
35.22545027732849, 0.823514997959137, 1.037763237953186, 5.954024314880371, 14.110909461975098, 1.4353954792022705, 0.008089398965239525
35.235416412353516, 0.841023325920105, 1.109081506729126, 7.973613739013672, 48.995853424072266, 1.4353785514831543, 0.0012575838482007384
35.245423555374146, 0.841023325920105, 1.1709399223327637, 9.905345916748047, 90.00349426269531, 1.4352924823760986, 0.00505053112283349
35.255407094955444, 0.857552707195282, 0.9856462478637695, 11.713079452514648, 107.78662872314453, 1.435206413269043, 0.004577221814543009
35.265432834625244, 0.857552707195282, 0.9522040486335754, 13.278687477111816, 141.82875061035156, 1.4351654052734375, 0.009582309983670712
35.27541375160217, 0.8716728091239929, 0.9587473273277283, 14.855002403259277, 158.18531799316406, 1.435124397277832, 0.010107371024787426
35.285441398620605, 0.8716728091239929, 0.8628666400909424, 16.431350708007812, 154.6884002685547, 1.4350831508636475, 0.0009213942685164511
35.29539632797241, 0.886676549911499, 0.9129113554954529, 17.932661056518555, 180.9757080078125, 1.435042142868042, 0.007702813483774662
35.30543565750122, 0.9146296977996826, 1.0010546445846558, 19.937068939208984, 156.8809814453125, 1.4350295066833496, 0.00412384420633316
35.31539440155029, 0.9146296977996826, 1.138940453529358, 21.60123062133789, 216.82620239257812, 1.4349881410598755, 0.021398844197392464
35.32539105415344, 0.9310420155525208, 1.19474196434021, 23.556262969970703, 195.58038330078125, 1.4349881410598755, 0.013900942169129848
35.335405349731445, 0.9310420155525208, 0.900191068649292, 25.18478012084961, 172.1118927001953, 1.4350332021713257, 0.010828479193150997
35.345401763916016, 0.9397780299186707, 1.0972751379013062, 26.982423782348633, 189.7451629638672, 1.4350216388702393, 0.016304848715662956
35.35539722442627, 0.9397780299186707, 0.8222579956054688, 28.487972259521484, 167.74884033203125, 1.4349637031555176, 0.008066551759839058
35.36539363861084, 0.9397780299186707, 0.8222579956054688, 28.487972259521484, 167.74884033203125, 1.4349768161773682, 0.009188058786094189
35.375388860702515, 0.9631333947181702, 0.5556846857070923, 30.40080451965332, 90.11640167236328, 1.4350011348724365, 0.012021094560623169
35.385390281677246, 0.9787527918815613, 1.189774990081787, 32.355899810791016, 194.45440673828125, 1.4349560737609863, 0.01654158905148506
35.39541029930115, 0.9876394867897034, 1.159656047821045, 34.45181655883789, 180.20477294921875, 1.4350250959396362, 0.013028111308813095
35.40540838241577, 0.9876394867897034, 1.0096311569213867, 36.2718391418457, 183.39175415039062, 1.4351112842559814, 0.027738403528928757
35.41541504859924, 1.0054293870925903, 1.0088881254196167, 37.90165710449219, 199.60679626464844, 1.4352272748947144, 0.01366955041885376
35.42539191246033, 1.0157462358474731, 1.0111629962921143, 39.735023498535156, 181.33755493164062, 1.4352554082870483, 0.018369384109973907
35.43540000915527, 1.0157462358474731, 0.8470416069030762, 41.27509689331055, 177.18829345703125, 1.4352554082870483, 0.005576509051024914
35.44538378715515, 1.0207202434539795, 0.8967876434326172, 42.9130744934082, 177.28309631347656, 1.4352144002914429, 0.017362337559461594
35.455389976501465, 1.0328906774520874, 1.03457772731781, 44.616554260253906, 195.93472290039062, 1.4351564645767212, 0.018398741260170937
35.46539521217346, 1.0418245792388916, 1.133852481842041, 46.479408264160156, 199.904541015625, 1.4351154565811157, 0.022755255922675133
35.475388526916504, 1.0418245792388916, 0.7869124412536621, 47.9152717590332, 175.14495849609375, 1.4350873231887817, 0.02225586585700512
35.485384702682495, 1.050782322883606, 0.8003314137458801, 49.23756408691406, 187.5741729736328, 1.435017704963684, 0.024220671504735947
35.4953932762146, 1.060696005821228, 0.7305622100830078, 50.576393127441406, 161.24534606933594, 1.4349597692489624, 0.02452327497303486
35.5054132938385, 1.0683823823928833, 0.8074283599853516, 52.04444122314453, 157.72628784179688, 1.4349597692489624, 0.020169280469417572
35.51540517807007, 1.077061653137207, 0.7959206700325012, 53.346858978271484, 171.6134796142578, 1.4349597692489624, 0.014424393884837627
35.52540040016174, 1.077061653137207, 0.6131649017333984, 54.46170425415039, 147.26638793945312, 1.4349597692489624, 0.025198685005307198
35.535399436950684, 1.0845592021942139, 0.6881237030029297, 55.707679748535156, 144.32601928710938, 1.4349881410598755, 0.031752318143844604
35.54538440704346, 1.0845592021942139, 0.7093217372894287, 56.85787582397461, 154.94241333007812, 1.4350459575653076, 0.029805421829223633
35.5553982257843, 1.094984531402588, 0.6209373474121094, 57.98173904418945, 133.65211486816406, 1.4350740909576416, 0.022986052557826042
35.5654034614563, 1.1039453744888306, 0.6902350187301636, 59.10367202758789, 140.26937866210938, 1.4351155757904053, 0.02929934673011303
35.575406074523926, 1.1039453744888306, 0.6212115287780762, 60.23314666748047, 123.17886352539062, 1.4351155757904053, 0.0400068573653698
35.58539891242981, 1.1124639511108398, 0.6853474378585815, 61.35462188720703, 134.6342315673828, 1.4351155757904053, 0.03731733188033104
35.5954053401947, 1.1124639511108398, 0.5176782608032227, 62.300994873046875, 117.2454833984375, 1.4350873231887817, 0.036692481487989426
35.60538911819458, 1.1181221008300781, 0.5526542663574219, 63.20533752441406, 124.00987243652344, 1.4350873231887817, 0.043925970792770386
35.61539101600647, 1.1282036304473877, 0.568244218826294, 64.1532211303711, 120.07098388671875, 1.4349881410598755, 0.04216267541050911
35.625391483306885, 1.1324864625930786, 0.5542397499084473, 65.16609191894531, 107.04345703125, 1.4349597692489624, 0.03734468296170235
35.63539004325867, 1.1365306377410889, 0.5774762630462646, 66.10589599609375, 115.53616333007812, 1.4349881410598755, 0.035856813192367554
35.645402669906616, 1.1402655839920044, 0.6189610958099365, 67.11873626708984, 114.00942993164062, 1.4349881410598755, 0.04781411215662956
35.65541458129883, 1.1402655839920044, 0.4528045654296875, 67.93151092529297, 99.49760437011719, 1.4350459575653076, 0.0414225310087204
35.66545820236206, 1.1444517374038696, 0.4500812888145447, 68.67546081542969, 106.35291290283203, 1.4350049495697021, 0.05032043531537056
35.67539739608765, 1.148787021636963, 0.4982418417930603, 69.49076843261719, 102.86373901367188, 1.4350049495697021, 0.04993509501218796
35.68539309501648, 1.1534579992294312, 0.4554722011089325, 70.22863006591797, 98.5997543334961, 1.4350459575653076, 0.04995156079530716
35.695396423339844, 1.1534579992294312, 0.40993690490722656, 70.97396850585938, 86.73019409179688, 1.4350459575653076, 0.07784239947795868
35.70539593696594, 1.157201886177063, 0.43422645330429077, 71.68451690673828, 94.21285247802734, 1.4350459575653076, 0.06691756099462509
35.71539878845215, 1.1616934537887573, 0.33490657806396484, 72.29344177246094, 81.40182495117188, 1.4350459575653076, 0.06395212560892105
35.72539758682251, 1.1634244918823242, 0.3437466025352478, 72.8559341430664, 85.44328308105469, 1.4350459575653076, 0.04805289953947067
35.735400438308716, 1.1634244918823242, 0.2689480781555176, 73.34493255615234, 72.38998413085938, 1.4350459575653076, 0.07259542495012283
35.74538540840149, 1.1645008325576782, 0.2692805528640747, 73.78557586669922, 74.07548522949219, 1.4350459575653076, 0.06070532277226448
35.75539684295654, 1.1659276485443115, 0.2566218376159668, 74.25215911865234, 63.20648193359375, 1.4350459575653076, 0.04347842559218407
35.765411138534546, 1.16652512550354, 0.22073984146118164, 74.65350341796875, 59.780120849609375, 1.4350459575653076, 0.06516775488853455
35.77539324760437, 1.16652512550354, 0.19707944989204407, 74.97599792480469, 60.94699478149414, 1.4350459575653076, 0.05794908478856087
35.78540349006653, 1.166654109954834, 0.13196468353271484, 75.21593475341797, 49.874114990234375, 1.4350459575653076, 0.04768676310777664
35.79539656639099, 1.1661367416381836, 0.14085239171981812, 75.44641876220703, 49.69363784790039, 1.4350459575653076, 0.0379195362329483
35.80540657043457, 1.1647590398788452, 0.07556676864624023, 75.58380889892578, 38.9923095703125, 1.4350459575653076, 0.0757916048169136
35.815412521362305, 1.1647590398788452, 0.03064870834350586, 75.63953399658203, 33.46099853515625, 1.4350459575653076, 0.06361272931098938
35.82585144042969, 1.1631807088851929, -0.002688831649720669, 75.63513946533203, 30.87955093383789, 1.4350459575653076, 0.06588659435510635
35.83540606498718, 1.1631807088851929, -0.0027153226546943188, 75.63069152832031, 25.39740753173828, 1.4350459575653076, -0.12131286412477493
35.84539175033569, 1.16079580783844, -0.037038326263427734, 75.5633544921875, 17.77801513671875, 1.4350459575653076, -0.12103964388370514
35.855384349823, 1.1562585830688477, -0.09669065475463867, 75.3875503540039, 11.35406494140625, 1.4350459575653076, -0.08029060810804367
35.8654043674469, 1.1562585830688477, -0.11407004296779633, 75.20088958740234, 6.08232307434082, 1.4350459575653076, -0.11188730597496033
35.87545442581177, 1.1535513401031494, -0.12973546981811523, 74.96501159667969, -0.10986328125, 1.4350459575653076, -0.11188730597496033
35.885414838790894, 1.1535513401031494, -0.1455942839384079, 74.72676086425781, -5.435519695281982, 1.4350459575653076, -0.10796483606100082
35.89539909362793, 1.1481958627700806, -0.17940998077392578, 74.40056610107422, -10.4583740234375, 1.4350459575653076, -0.10730121284723282
35.90540885925293, 1.1481958627700806, -0.18401940166950226, 74.09944152832031, -16.49305534362793, 1.4350459575653076, -0.11261505633592606
35.915621757507324, 1.1401822566986084, -0.27306875586509705, 73.65260314941406, -22.07777214050293, 1.4350459575653076, -0.09945879131555557
35.92540526390076, 1.1359368562698364, -0.3027253746986389, 73.15723419189453, -27.53194236755371, 1.4350459575653076, -0.08617299050092697
35.935462951660156, 1.1359368562698364, -0.27244091033935547, 72.6618881225586, -29.688262939453125, 1.4350459575653076, -0.08617299050092697
35.945531129837036, 1.1317471265792847, -0.29048919677734375, 72.13372039794922, -34.296417236328125, 1.4350459575653076, -0.09788654744625092
35.9554123878479, 1.1283297538757324, -0.31032827496528625, 71.62591552734375, -41.79551696777344, 1.4350459575653076, -0.08310594409704208
35.96552062034607, 1.1283297538757324, -0.27927160263061523, 71.11814880371094, -40.827178955078125, 1.4350459575653076, -0.12527747452259064
35.97543787956238, 1.1272623538970947, -0.2628922462463379, 70.6401596069336, -43.248748779296875, 1.4350459575653076, -0.0710861012339592
35.98542022705078, 1.122403621673584, -0.3114938735961914, 70.07380676269531, -46.529388427734375, 1.4350459575653076, -0.10814753919839859
35.99541401863098, 1.109923243522644, -0.42523276805877686, 69.37797546386719, -55.80647659301758, 1.4350459575653076, -0.07625791430473328
36.00538611412048, 1.1022162437438965, -0.5108912587165833, 68.5419692993164, -61.74808120727539, 1.4350459575653076, -0.08106296509504318
36.01549816131592, 1.1043336391448975, -0.3584861755371094, 67.89017486572266, -57.62481689453125, 1.4350459575653076, -0.11574257165193558
36.025399923324585, 1.1043336391448975, -0.35113757848739624, 67.31558990478516, -64.90664672851562, 1.4350459575653076, -0.08799205720424652
36.03538918495178, 1.0883827209472656, -0.4755377769470215, 66.45097351074219, -62.110137939453125, 1.4350459575653076, -0.052463650703430176
36.045395612716675, 1.0823113918304443, -0.5492899417877197, 65.55213165283203, -73.12859344482422, 1.4350459575653076, -0.06263335049152374
36.05539059638977, 1.078134298324585, -0.5019545555114746, 64.63948822021484, -69.86541748046875, 1.4350459575653076, -0.06392688304185867
36.065399169921875, 1.0726853609085083, -0.6182723641395569, 63.627769470214844, -83.22652435302734, 1.4350459575653076, -0.09827064722776413
36.07546520233154, 1.0702013969421387, -0.5705952644348145, 62.59032440185547, -80.49850463867188, 1.4350459575653076, -0.06267920881509781
36.08539605140686, 1.0702013969421387, -0.5220293998718262, 61.64118194580078, -84.32540893554688, 1.4350459575653076, -0.08089844882488251
36.0955331325531, 1.062170386314392, -0.4775404930114746, 60.772926330566406, -86.04965209960938, 1.4350459575653076, -0.08744682371616364
36.1053900718689, 1.045719027519226, -0.6277561187744141, 59.745689392089844, -97.73678588867188, 1.4350459575653076, -0.07350864261388779
36.11539912223816, 1.0358842611312866, -0.6844997406005859, 58.50114440917969, -93.89076232910156, 1.4350459575653076, -0.06802289932966232
36.125409841537476, 1.029620885848999, -0.6225903630256653, 57.142765045166016, -84.77306365966797, 1.4350459575653076, -0.1020011156797409
36.13542437553406, 1.0236554145812988, -0.9246894121170044, 55.965885162353516, -149.787353515625, 1.4350459575653076, -0.11507700383663177
36.14543151855469, 1.0165876150131226, -0.5476872324943542, 54.770931243896484, -89.84375, 1.4350459575653076, -0.07976288348436356
36.155457735061646, 1.0165876150131226, -0.8792536854743958, 53.65188217163086, -156.96607971191406, 1.4350459575653076, -0.07365995645523071
36.1654109954834, 1.0039094686508179, -0.764171302318573, 52.40142059326172, -124.73678588867188, 1.4350459575653076, -0.04147123545408249
36.17540645599365, 1.0039094686508179, -0.6629347801208496, 51.196083068847656, -113.94233703613281, 1.4350459575653076, -0.03560914471745491
36.18554425239563, 0.9898903965950012, -0.892334520816803, 49.73590087890625, -132.2805633544922, 1.4350459575653076, -0.12667329609394073
36.19543480873108, 0.9782848358154297, -0.8388519287109375, 48.22122573852539, -125.51727294921875, 1.4349881410598755, -0.08470550924539566
36.20539140701294, 0.9782848358154297, -0.7492568492889404, 47.000328063964844, -141.6155548095703, 1.4349597692489624, -0.08774898946285248
36.21539306640625, 0.9682166576385498, -0.7518662214279175, 45.77000427246094, -141.45660400390625, 1.4349597692489624, -0.06741517782211304
36.225398540496826, 0.9542303085327148, -0.8376704454421997, 44.40156555175781, -141.5689239501953, 1.43494713306427, -0.056948427110910416
36.23539113998413, 0.9408310055732727, -0.8282482624053955, 42.88514709472656, -130.8074951171875, 1.4350049495697021, -0.09599488228559494
36.24539089202881, 0.9328741431236267, -0.930156946182251, 41.363075256347656, -148.97622680664062, 1.4350049495697021, -0.02261107787489891
36.255393981933594, 0.9256448745727539, -0.909423828125, 39.69700622558594, -139.54925537109375, 1.4350740909576416, -0.0439746268093586
36.265390157699585, 0.9169071316719055, -0.9666879773139954, 38.115150451660156, -158.7359161376953, 1.4350740909576416, -0.06994865089654922
36.275402545928955, 0.9067241549491882, -0.9718596935272217, 36.353248596191406, -148.42872619628906, 1.4350459575653076, -0.0017582136206328869
36.285399198532104, 0.9067241549491882, -0.9240706562995911, 34.84113311767578, -165.496826171875, 1.4350459575653076, -0.04223264753818512
36.29539942741394, 0.8959821462631226, -0.8230328559875488, 33.360382080078125, -148.60877990722656, 1.4349597692489624, -0.05258128046989441
36.30541515350342, 0.8839923739433289, -1.047690749168396, 31.645999908447266, -170.6034393310547, 1.4349596500396729, -0.0864330604672432
36.31542420387268, 0.8839923739433289, -0.8422374725341797, 30.11465835571289, -156.55364990234375, 1.4349596500396729, -0.02752736769616604
36.325419425964355, 0.8734393119812012, -0.8079051971435547, 28.653175354003906, -157.48367309570312, 1.434918761253357, -0.07237309962511063
36.33542013168335, 0.8734393119812012, -0.8079051971435547, 28.653175354003906, -157.48367309570312, 1.43494713306427, -0.06462473422288895
36.34541606903076, 0.8587266802787781, -0.43213680386543274, 27.14466667175293, -82.84478759765625, 1.4350049495697021, -0.037022560834884644
36.35546350479126, 0.8425105810165405, -1.004040241241455, 25.496578216552734, -176.2941131591797, 1.4350330829620361, -0.034656211733818054
36.36541700363159, 0.8425105810165405, -0.8313357830047607, 23.977602005004883, -157.1941375732422, 1.4350740909576416, -0.034656211733818054
36.37549567222595, 0.8425105810165405, -0.8266236782073975, 22.63006019592285, -172.0559844970703, 1.4350459575653076, 0.03297903761267662
36.38539528846741, 0.8315946459770203, -0.8347696661949158, 21.26407241821289, -167.65785217285156, 1.4350459575653076, -0.04565948620438576
36.39540147781372, 0.8315946459770203, -0.7512986660003662, 19.913745880126953, -149.27386474609375, 1.4349597692489624, 0.00039060390554368496
36.40541362762451, 0.805969774723053, -1.0001394748687744, 18.27715492248535, -167.59130859375, 1.4349597692489624, -0.058270350098609924
36.41540217399597, 0.805969774723053, -0.7802188396453857, 16.858596801757812, -147.8740692138672, 1.4349596500396729, 0.004982896149158478
36.42540192604065, 0.7882275581359863, -1.0640687942504883, 15.12482738494873, -166.5537109375, 1.434918761253357, -0.052275869995355606
36.435407876968384, 0.770219624042511, -1.146872878074646, 13.248126029968262, -171.1671600341797, 1.434918761253357, 0.0334811694920063
36.44540309906006, 0.7621029019355774, -1.073598861694336, 11.486169815063477, -173.98326110839844, 1.43494713306427, 0.03144361823797226
36.45539951324463, 0.7510678172111511, -0.9144186973571777, 9.823590278625488, -156.72988891601562, 1.43494713306427, -0.03746688365936279
36.465399503707886, 0.7510678172111511, -1.0160406827926636, 8.150465965270996, -175.85711669921875, 1.4350049495697021, -0.009875541552901268
36.47539758682251, 0.7510678172111511, -0.9144306182861328, 6.493001937866211, -161.37066650390625, 1.4349766969680786, 0.028639087453484535
36.485405683517456, 0.7354138493537903, -1.0686781406402588, 4.770416736602783, -183.26272583007812, 1.4348328113555908, 0.026942018419504166
36.49541711807251, 0.7338871359825134, -0.9770750999450684, 3.032670497894287, -168.8107452392578, 1.434619665145874, 0.033535633236169815
36.50540280342102, 0.7378805875778198, -0.756541907787323, 1.8283532857894897, -182.7644805908203, 1.4344345331192017, -0.045883823186159134
36.51540017127991, 0.7378805875778198, -0.6808876991271973, 0.6053526997566223, -162.532470703125, 1.434352159500122, -0.003763493848964572
36.52541446685791, 0.7540355920791626, -0.3419220447540283, -0.02453833445906639, -151.49365234375, 1.4343973398208618, -0.00015962240286171436
36.53541326522827, 0.771107017993927, 0.009861256927251816, -0.03456275165081024, -147.58538818359375, 1.4345412254333496, -0.006382245570421219
36.54538702964783, 0.7826326489448547, 0.20529627799987793, 0.289480596780777, -111.9668960571289, 1.4348119497299194, 0.0009684484684839845
36.55548548698425, 0.7826326489448547, 0.31565427780151367, 0.8171009421348572, -90.06493377685547, 1.4350665807724, 0.012419207952916622
36.56539750099182, 0.7915715575218201, 0.4500415623188019, 1.5177698135375977, -73.69664001464844, 1.4352632761001587, 0.008434750139713287
36.575398683547974, 0.8057841062545776, 0.6079607605934143, 2.4901816844940186, -44.47578048706055, 1.4353866577148438, 0.005280995275825262
36.5855667591095, 0.8151010870933533, 0.7968664169311523, 3.9366888999938965, -8.337259292602539, 1.4353995323181152, 0.00016245183360297233
36.59541130065918, 0.8332837820053101, 0.9939670562744141, 5.739480018615723, 27.068078994750977, 1.4354238510131836, 0.0022168043069541454
36.605395793914795, 0.8266633749008179, 0.986470103263855, 7.361940383911133, 61.484310150146484, 1.4353785514831543, 0.001714206300675869
36.615400314331055, 0.8333911895751953, 0.9551107883453369, 9.124666213989258, 85.19313049316406, 1.4352346658706665, 0.005167605355381966
36.625404834747314, 0.8388919830322266, 0.8485734462738037, 10.672663688659668, 106.97200012207031, 1.435206413269043, 0.005516015458852053
36.6353874206543, 0.8388919830322266, 0.6778419017791748, 11.912559509277344, 119.4712142944336, 1.4351654052734375, 0.001901881187222898
36.6453971862793, 0.8437058329582214, 0.6785922646522522, 13.037939071655273, 141.6496124267578, 1.4350831508636475, 0.0011876891367137432
36.655385971069336, 0.8496694564819336, 0.7448527812957764, 14.26424503326416, 149.41268920898438, 1.435042142868042, 0.005687609780579805
36.665383100509644, 0.8550606966018677, 0.6348848342895508, 15.420878410339355, 139.03103637695312, 1.4350295066833496, 0.0038038049824535847
36.67538857460022, 0.8625814318656921, 0.6310807466506958, 16.461076736450195, 155.23211669921875, 1.4349881410598755, 0.0030497992411255836
36.68538975715637, 0.8710808157920837, 0.6219943165779114, 17.478885650634766, 150.46893310546875, 1.4349881410598755, 0.00964015070348978
36.695395946502686, 0.8783246278762817, 0.45041441917419434, 18.289628982543945, 125.5014419555664, 1.4350332021713257, -0.0007751926896162331
36.705405473709106, 0.8995404243469238, 0.8097423315048218, 19.614660263061523, 136.14125061035156, 1.4350332021713257, 0.009566954337060452
36.71543216705322, 0.9035559892654419, 0.7016479969024658, 20.90302085876465, 117.7835464477539, 1.4349637031555176, 0.009291296824812889
36.725396394729614, 0.8940396904945374, 0.6127555966377258, 21.90332794189453, 124.7854232788086, 1.4349768161773682, 0.00956646166741848
36.73543834686279, 0.8940396904945374, 0.5514740943908691, 22.909107208251953, 109.96532440185547, 1.4349597692489624, 0.002778025809675455
36.745389223098755, 0.9021965861320496, 0.6498959064483643, 23.9755859375, 121.52947235107422, 1.4349431991577148, 0.012286107987165451
36.75547194480896, 0.9128181338310242, 0.7016460299491882, 25.11627769470215, 120.57791900634766, 1.4349842071533203, 0.005956166889518499
36.765390157699585, 0.9193381071090698, 0.7141960859298706, 26.2692928314209, 120.53807830810547, 1.4350703954696655, 0.010685248300433159
36.775390625, 0.9396959543228149, 0.7711410522460938, 27.66083335876465, 111.9974136352539, 1.4351283311843872, 0.010838114656507969
36.78540062904358, 0.9311471581459045, 0.667413055896759, 28.737314224243164, 125.09388732910156, 1.4352144002914429, 0.011198664084076881
36.79539966583252, 0.9343978762626648, 0.5607366561889648, 29.751699447631836, 114.62059020996094, 1.4352426528930664, 0.010573920793831348
36.80540227890015, 0.9343978762626648, 0.38729774951934814, 30.390596389770508, 119.73296356201172, 1.4352144002914429, 0.002374598989263177
36.81539607048035, 0.9383497834205627, 0.34793615341186523, 31.03371810913086, 101.30672454833984, 1.4351565837860107, 0.018129495903849602
36.825376987457275, 0.9437291026115417, 0.5521112084388733, 31.942310333251953, 111.54450225830078, 1.4351283311843872, 0.007331522647291422
36.835559606552124, 0.9499343633651733, 0.5589425563812256, 32.976539611816406, 100.67405700683594, 1.4350295066833496, 0.01893703266978264
36.845402240753174, 0.9550727605819702, 0.5875031352043152, 33.950584411621094, 110.83348846435547, 1.4349597692489624, 0.011705315671861172
36.855401039123535, 0.9604330658912659, 0.5290706753730774, 34.81633758544922, 107.77854919433594, 1.4349597692489624, 0.00848201010376215
36.86539912223816, 0.9604330658912659, 0.45661795139312744, 35.56352996826172, 103.26936340332031, 1.4349597692489624, 0.006698036566376686
36.87544655799866, 0.9660071730613708, 0.2631068229675293, 36.041908264160156, 83.81061553955078, 1.4349597692489624, 0.011191041208803654
36.88539719581604, 0.9703750014305115, 0.435862272977829, 36.749977111816406, 89.02952575683594, 1.4349881410598755, 0.017987290397286415
36.895418643951416, 0.9703750014305115, 0.3597736358642578, 37.39360046386719, 76.41868591308594, 1.4350459575653076, 0.00825804378837347
36.9054172039032, 0.9749912619590759, 0.4510217308998108, 38.13163375854492, 86.01167297363281, 1.4350459575653076, 0.0034217096399515867
36.91539263725281, 0.9939059615135193, 0.555574893951416, 39.13665771484375, 81.02912902832031, 1.4350740909576416, 0.015152808278799057
36.92538905143738, 0.9959136843681335, 0.5798207521438599, 40.085453033447266, 90.4799575805664, 1.4350740909576416, 0.012300215661525726
36.935386419296265, 0.9979214668273926, 0.4798710346221924, 40.96306228637695, 79.86526489257812, 1.4350459575653076, 0.01089540682733059
36.94538927078247, 0.9999292492866516, 0.4984140396118164, 41.778648376464844, 86.97848510742188, 1.4350459575653076, 0.006592592690140009
36.95539307594299, 1.0019370317459106, 0.4150390625, 42.53326416015625, 77.16941833496094, 1.4350459575653076, 0.015864690765738487
36.96538710594177, 1.0059525966644287, 0.5057718753814697, 43.36089324951172, 86.63728332519531, 1.4350459575653076, 0.022953420877456665
36.97540616989136, 0.9917644262313843, 0.28618839383125305, 43.829200744628906, 86.52496337890625, 1.4350459575653076, 0.020703326910734177
36.985427379608154, 0.9917644262313843, 0.21389126777648926, 44.21809387207031, 74.68109130859375, 1.4350459575653076, 0.020703326910734177
36.9954047203064, 1.007960319519043, 0.37586092948913574, 44.9014778137207, 75.079345703125, 1.4350459575653076, 0.01234474591910839
37.00540232658386, 1.0099681615829468, 0.3886222839355469, 45.53740310668945, 82.28640747070312, 1.4350459575653076, 0.009826844558119774
37.01538801193237, 1.011975884437561, 0.20078155398368835, 45.8659553527832, 74.77018737792969, 1.4350459575653076, 0.014162151142954826
37.02540874481201, 1.011975884437561, 0.16062259674072266, 46.157997131347656, 60.72540283203125, 1.4350459575653076, 0.012071661651134491
37.0354266166687, 1.0139837265014648, 0.1784828007221222, 46.45005798339844, 60.966068267822266, 1.4350459575653076, 0.01265010330826044
37.045551776885986, 1.0139837265014648, 0.14053583145141602, 46.7055778503418, 49.26948547363281, 1.4350459575653076, 0.019378289580345154
37.05551290512085, 1.015991449356079, 0.1561509221792221, 46.961097717285156, 49.197303771972656, 1.4350459575653076, 0.007806764915585518
37.06544637680054, 1.017999291419983, 0.12047290802001953, 47.190650939941406, 38.29803466796875, 1.4349881410598755, 0.014132771641016006
37.075400829315186, 1.017999291419983, 0.2623558044433594, 47.66766357421875, 38.38462829589844, 1.4349881410598755, 0.010642829351127148
37.08540320396423, 1.017999291419983, 0.29150643944740295, 48.14467239379883, 43.628692626953125, 1.4349881410598755, 0.024468254297971725
37.09539580345154, 1.017999291419983, 0.11154016107320786, 48.316680908203125, 37.94691467285156, 1.4350459575653076, 0.018013233318924904
37.105385541915894, 1.017999291419983, 0.08029937744140625, 48.46268081665039, 29.25262451171875, 1.4350459575653076, 0.02653912827372551
37.11540222167969, 1.0200070142745972, 0.08923477679491043, 48.608699798583984, 30.474769592285156, 1.4350459575653076, 0.0197964645922184
37.12541747093201, 1.017999291419983, 0.066929392516613, 48.718223571777344, 28.44746971130371, 1.4350459575653076, 0.01149910781532526
37.13540291786194, 1.017999291419983, 0.0401616096496582, 48.79124450683594, 23.41156005859375, 1.4350459575653076, 0.017333390191197395
37.145392656326294, 1.017999291419983, 0.04462401196360588, 48.86426544189453, 23.985544204711914, 1.4350459575653076, 0.013588737696409225
37.15538787841797, 1.015991449356079, -1.1920928955078125e-05, 48.86424255371094, 19.031524658203125, 1.4350459575653076, 0.004163851961493492
37.16539478302002, 1.0139837265014648, -0.0401616096496582, 48.791221618652344, 16.005325317382812, 1.4350459575653076, -0.05836588889360428
37.1753876209259, 1.011975884437561, -0.06691614538431168, 48.68172073364258, 11.267767906188965, 1.4350459575653076, -0.08276775479316711
37.18539237976074, 1.0059525966644287, -0.133858785033226, 48.46268081665039, 3.533257484436035, 1.4350459575653076, -0.10599426180124283
37.19538903236389, 0.9979214668273926, -0.20078420639038086, 48.097618103027344, -2.1900177001953125, 1.4350459575653076, -0.07967731356620789
37.20540809631348, 0.9979214668273926, -0.20078420639038086, 47.7325553894043, -7.302093505859375, 1.4350459575653076, -0.039367418736219406
37.215407371520996, 0.9733530879020691, -0.5183617472648621, 46.88432693481445, -19.15910530090332, 1.4350459575653076, -0.05154341459274292
37.22540354728699, 0.9733530879020691, -0.49605634808540344, 46.07259750366211, -29.39605712890625, 1.4350459575653076, -0.10463844984769821
37.23542881011963, 0.977843701839447, -0.4461871385574341, 45.34247589111328, -38.31990432739258, 1.4350459575653076, -0.11031121015548706
37.245400190353394, 0.9686061143875122, -0.5488197207450867, 44.44440460205078, -49.10956573486328, 1.4350459575653076, -0.04096488282084465
37.2554030418396, 0.9641891717910767, -0.5180180072784424, 43.50255584716797, -53.61671447753906, 1.4350459575653076, -0.06438616663217545
37.26538562774658, 0.9564582705497742, -0.57525634765625, 42.456634521484375, -63.346099853515625, 1.4350459575653076, -0.06863237917423248
37.275381088256836, 0.9512036442756653, -0.6752544045448303, 41.3516731262207, -81.44463348388672, 1.4350459575653076, -0.061801739037036896
37.2854118347168, 0.9472966194152832, -0.586545467376709, 40.28522491455078, -81.77452087402344, 1.4350459575653076, -0.05859559401869774
37.29540991783142, 0.9426878690719604, -0.6137092709541321, 39.280975341796875, -97.96269989013672, 1.4350459575653076, -0.09797172993421555
37.3054039478302, 0.9385527968406677, -0.6596578359603882, 38.201534271240234, -105.90023803710938, 1.4350459575653076, -0.04464797303080559
37.315396547317505, 0.9385527968406677, -0.3479957580566406, 37.568817138671875, -93.15528869628906, 1.4350459575653076, -0.055343009531497955
37.32552695274353, 0.9352396726608276, -0.4234843850135803, 36.87583923339844, -102.18641662597656, 1.4350459575653076, -0.02365395613014698
37.3353910446167, 0.9311292171478271, -0.46713948249816895, 36.02649688720703, -93.15986633300781, 1.4350459575653076, -0.06351165473461151
37.345452547073364, 0.9269305467605591, -0.4167616367340088, 35.26874923706055, -91.75643920898438, 1.4350459575653076, -0.08268711715936661
37.355390548706055, 0.9218423962593079, -0.4234611988067627, 34.498817443847656, -90.03753662109375, 1.4350459575653076, -0.0629706159234047
37.36539912223816, 0.9170874953269958, -0.43746498227119446, 33.793479919433594, -96.25668334960938, 1.4349881410598755, -0.034189652651548386
37.37538456916809, 0.9088175892829895, -0.4238605499267578, 33.022823333740234, -83.28857421875, 1.4349881410598755, -0.05036341771483421
37.385388135910034, 0.9088175892829895, -0.427550733089447, 32.32319641113281, -88.46664428710938, 1.4349881410598755, -0.07234972715377808
37.395389556884766, 0.9021185040473938, -0.40568113327026367, 31.57508087158203, -77.05917358398438, 1.4350459575653076, -0.05901025980710983
37.40538191795349, 0.8922630548477173, -0.4208142161369324, 30.73345184326172, -67.89155578613281, 1.4350459575653076, -0.058681078255176544
37.415404319763184, 0.8922630548477173, -0.5786195397377014, 29.89182472229004, -95.9625244140625, 1.4350459575653076, -0.09543025493621826
37.42538785934448, 0.8878552317619324, -0.4738450050354004, 29.03028678894043, -78.45611572265625, 1.4350459575653076, -0.060793958604335785
37.435410261154175, 0.8751571178436279, -0.6219214797019958, 28.012598037719727, -89.0430908203125, 1.4350459575653076, -0.06115960329771042
37.445414304733276, 0.8751571178436279, -0.517737865447998, 27.071256637573242, -81.97441101074219, 1.4350459575653076, -0.0358458086848259
37.45540761947632, 0.8635613322257996, -0.5828022956848145, 26.022127151489258, -84.76715087890625, 1.4349881410598755, -0.03213459253311157
37.46539616584778, 0.8635613322257996, -0.5352556705474854, 25.054094314575195, -87.39356994628906, 1.4349597692489624, -0.03302176669239998
37.475430727005005, 0.8535083532333374, -0.6145636439323425, 24.048444747924805, -99.71575927734375, 1.4349597692489624, -0.03371082618832588
37.48539876937866, 0.8505042195320129, -0.5831301212310791, 22.99050521850586, -93.32695007324219, 1.43494713306427, -0.0787990614771843
37.49538850784302, 0.8429763317108154, -0.6571345925331116, 21.915193557739258, -107.33201599121094, 1.43494713306427, -0.043541036546230316
37.50540518760681, 0.8429763317108154, -0.49285888671875, 21.008575439453125, -97.24884033203125, 1.4350049495697021, -0.06587089598178864
37.51539897918701, 0.8369839191436768, -0.5527973175048828, 20.003488540649414, -98.883056640625, 1.4350049495697021, -0.08289414644241333
37.52540588378906, 0.8236894011497498, -0.7129443883895874, 18.829397201538086, -113.34355926513672, 1.4350459575653076, -0.0006408877088688314
37.53539752960205, 0.8236894011497498, -0.5146801471710205, 17.89361572265625, -101.18980407714844, 1.4350459575653076, -0.05187617987394333
37.545403480529785, 0.8157572150230408, -0.45692920684814453, 16.813600540161133, -78.90496063232422, 1.4350459575653076, -0.06827809661626816
37.55540585517883, 0.8062813878059387, -0.954657793045044, 15.77215576171875, -170.83294677734375, 1.4350459575653076, -0.02638716995716095
37.565393924713135, 0.8062813878059387, -0.6364385485649109, 14.741222381591797, -114.58757019042969, 1.4349881410598755, -0.040286242961883545
37.575414180755615, 0.7958707809448242, -0.5763828754425049, 13.693253517150879, -103.55186462402344, 1.4349881410598755, -0.023989630863070488
37.58539366722107, 0.7816344499588013, -0.765217661857605, 12.441079139709473, -117.21568298339844, 1.4349881410598755, -0.028142333030700684
37.59540891647339, 0.7757791876792908, -0.6719708442687988, 11.219314575195312, -106.95877075195312, 1.4349881410598755, -0.0016200406244024634
37.6053946018219, 0.7698680758476257, -0.7310867309570312, 9.890066146850586, -111.18516540527344, 1.4349881410598755, -0.06287584453821182
37.61542367935181, 0.7698680758476257, -0.7457335591316223, 8.677230834960938, -125.8473892211914, 1.43494713306427, -0.031097494065761566
37.625399112701416, 0.7623665928840637, -0.6132245063781738, 7.562276840209961, -112.67118835449219, 1.43494713306427, -0.011790587566792965
37.63538908958435, 0.7530388832092285, -0.7850064039230347, 6.277720928192139, -129.06552124023438, 1.43494713306427, 0.02212362363934517
37.645392179489136, 0.7530388832092285, -0.6271839141845703, 5.137386322021484, -116.76216125488281, 1.43494713306427, 0.004501656629145145
37.65541124343872, 0.7471712231636047, -0.6567703485488892, 4.052159309387207, -130.2222137451172, 1.4350049495697021, -0.06654883176088333
37.66538643836975, 0.7376774549484253, -0.7622705698013306, 2.8204779624938965, -132.45254516601562, 1.434918761253357, -0.04582905396819115
37.67540717124939, 0.7338927984237671, -0.6886389255523682, 1.7143783569335938, -133.09860229492188, 1.4348045587539673, -0.029146792367100716
37.685404777526855, 0.7338927984237671, -0.5304681062698364, 0.8799567222595215, -128.45706176757812, 1.434619665145874, -0.04103405028581619
37.69545578956604, 0.7372263669967651, -0.4283653497695923, 0.19698503613471985, -122.47032928466797, 1.4345207214355469, -0.051999352872371674
37.70538687705994, 0.7372263669967651, -0.3264188766479492, -0.3815051317214966, -102.71568298339844, 1.4344382286071777, -0.009926374070346355
37.715407848358154, 0.7528737187385559, -0.18882089853286743, -0.7166674733161926, -104.3766098022461, 1.434582233428955, -0.022480519488453865
37.72542858123779, 0.7703995108604431, 0.08032917976379395, -0.6018689274787903, -81.6414794921875, 1.4347541332244873, -0.06450109928846359
37.73540663719177, 0.782013475894928, 0.3219379186630249, -0.11390195041894913, -71.01800537109375, 1.4349677562713623, 0.004151562228798866
37.745399713516235, 0.7889521718025208, 0.3990398645401001, 0.508489727973938, -51.432193756103516, 1.4351359605789185, 0.0067540118470788
37.75541067123413, 0.7889521718025208, 0.41781067848205566, 1.2375411987304688, -28.146183013916016, 1.4353042840957642, 0.0035138707607984543
37.7654242515564, 0.7972937822341919, 0.596153736114502, 2.3064801692962646, -5.1399827003479, 1.4353866577148438, 0.0035138707607984543
37.77542495727539, 0.7972937822341919, 0.6340146064758301, 3.4599058628082275, 17.455280303955078, 1.4353829622268677, 0.004650266841053963
37.785407066345215, 0.8072617053985596, 0.8152061104774475, 4.8021159172058105, 43.57954406738281, 1.4353376626968384, 0.011605187319219112
37.79542350769043, 0.8072617053985596, 0.7781651020050049, 6.091125965118408, 65.49044799804688, 1.4352515935897827, 0.0012675171019509435
37.8053982257843, 0.8130486011505127, 0.8424652814865112, 7.485375881195068, 87.40979766845703, 1.4351654052734375, 0.004449364263564348
37.81543016433716, 0.8130486011505127, 0.6017506122589111, 8.5794677734375, 92.96133422851562, 1.4351654052734375, 0.006874331273138523
37.82540774345398, 0.8140681385993958, 0.48520830273628235, 9.380901336669922, 110.91963195800781, 1.435124397277832, 0.0023808598052710295
37.83539628982544, 0.8177072405815125, 0.3966093063354492, 10.037397384643555, 112.79228210449219, 1.4350831508636475, 0.0011692836415022612
37.84542179107666, 0.8177072405815125, 0.28754472732543945, 10.575096130371094, 100.66604614257812, 1.435001254081726, 0.005126776173710823
37.85539245605469, 0.8268638849258423, 0.4212392568588257, 11.2667818069458, 111.43605041503906, 1.4349881410598755, 0.008801710791885853
37.86540102958679, 0.8354962468147278, 0.3820180892944336, 11.961359977722168, 96.54875183105469, 1.4349881410598755, 0.003717683954164386
37.875428676605225, 0.8407304883003235, 0.4343748092651367, 12.758587837219238, 92.98686981201172, 1.43494713306427, 0.008063851855695248
37.88542652130127, 0.8407304883003235, 0.33469200134277344, 13.364128112792969, 85.6201171875, 1.434963583946228, 0.010533313266932964
37.895729064941406, 0.846144437789917, 0.43203434348106384, 14.071093559265137, 88.6662826538086, 1.434963583946228, 0.010143722407519817
37.90539741516113, 0.8515679240226746, 0.4279944598674774, 14.7714262008667, 80.9560317993164, 1.4349637031555176, 0.003115578554570675
37.915390491485596, 0.8515679240226746, 0.3851890563964844, 15.46427059173584, 68.84803771972656, 1.4350049495697021, 0.003421754576265812
37.92542123794556, 0.8592471480369568, 0.5019837021827698, 16.288776397705078, 76.75414276123047, 1.434988021850586, 0.004180682357400656
37.935386657714844, 0.8609614372253418, 0.4325389862060547, 17.06023406982422, 70.22848510742188, 1.4350703954696655, 0.010708138346672058
37.94537878036499, 0.8661924004554749, 0.5387200117111206, 17.941776275634766, 81.85206604003906, 1.4350703954696655, 0.0010389117524027824
37.95538687705994, 0.8661924004554749, 0.4369947612285614, 18.63888931274414, 81.91214752197266, 1.4351692199707031, 0.009557059966027737
37.96539878845215, 0.8711638450622559, 0.3963046669960022, 19.282251358032227, 81.34333038330078, 1.4351974725723267, 0.006129344459623098
37.9753839969635, 0.8753622174263, 0.34632086753845215, 19.90884780883789, 71.502685546875, 1.4352144002914429, 0.006714214105159044
37.98539400100708, 0.8780896663665771, 0.41509997844696045, 20.588102340698242, 80.26631927490234, 1.4352144002914429, 0.011058597825467587
37.995404958724976, 0.879969596862793, 0.37583377957344055, 21.221071243286133, 79.44425201416016, 1.4351155757904053, 0.003939644433557987
38.005409479141235, 0.8814057111740112, 0.29837489128112793, 21.768707275390625, 69.9728012084961, 1.4350873231887817, 0.002466457197442651
38.01540470123291, 0.8814057111740112, 0.33154091238975525, 22.321741104125977, 76.19412994384766, 1.4350295066833496, 0.013304073363542557
38.025399684906006, 0.8823549747467041, 0.25675031542778015, 22.754558563232422, 71.84197998046875, 1.4349597692489624, 0.011511363089084625
38.035407304763794, 0.8842238187789917, 0.232619047164917, 23.177501678466797, 61.17267608642578, 1.4349597692489624, 0.0030781428795307875
38.04542088508606, 0.8855898380279541, 0.2155303955078125, 23.530187606811523, 62.09352111816406, 1.4349597692489624, 0.005419324152171612
38.055399894714355, 0.8855898380279541, 0.21551714837551117, 23.885149002075195, 58.291542053222656, 1.43494713306427, 0.008128372952342033
38.06538677215576, 0.8855898380279541, 0.14426708221435547, 24.13694190979004, 48.54698181152344, 1.4350049495697021, 0.004208574537187815
38.07538986206055, 0.8869223594665527, 0.11559128761291504, 24.339651107788086, 44.307899475097656, 1.4350459575653076, -0.0014876228524371982
38.08538556098938, 0.8890218734741211, 0.12148088961839676, 24.533323287963867, 43.83574676513672, 1.4350740909576416, 0.013703645206987858
38.09539270401001, 0.8897163271903992, 0.1082950159907341, 24.70298957824707, 38.688236236572266, 1.4351155757904053, 0.007155594415962696
38.10539126396179, 0.8900994658470154, 0.08693337440490723, 24.861051559448242, 30.92327117919922, 1.4351155757904053, 0.00670925946906209
38.11539268493652, 0.8905062675476074, 0.10112258791923523, 25.02652359008789, 30.053245544433594, 1.4351155757904053, 0.00953114964067936
38.12539076805115, 0.8905062675476074, 0.09056594967842102, 25.179859161376953, 26.947656631469727, 1.4350873231887817, -4.23143501393497e-05
38.135398864746094, 0.8905062675476074, 0.06282925605773926, 25.294095993041992, 21.166038513183594, 1.4350873231887817, 0.006956472527235746
38.14539837837219, 0.8916389346122742, 0.06721416860818863, 25.404081344604492, 20.821041107177734, 1.4350873231887817, 0.0023947288282215595
38.155388832092285, 0.8942721486091614, 0.09646680951118469, 25.56193733215332, 18.6309814453125, 1.4350873231887817, -0.004492382984608412
38.16539120674133, 0.90757155418396, 0.24423997104167938, 25.97963523864746, 20.474327087402344, 1.4349881410598755, 0.0027598717715591192
38.175413608551025, 0.909579336643219, 0.22656917572021484, 26.391578674316406, 20.519256591796875, 1.4349881410598755, 0.00206271861679852
38.18539762496948, 0.909579336643219, 0.20557641983032227, 26.76535415649414, 22.320175170898438, 1.4349881410598755, 0.00832093320786953
38.19539213180542, 0.909579336643219, 0.19863247871398926, 27.133960723876953, 24.309921264648438, 1.43494713306427, 0.016079911962151527
38.205405712127686, 0.911587119102478, 0.23874309659004211, 27.52463150024414, 29.59526824951172, 1.43494713306427, 0.014083397574722767
38.21539759635925, 0.909579336643219, 0.21192100644111633, 27.860898971557617, 31.492868423461914, 1.4350049495697021, 0.02232278510928154
38.225398778915405, 0.9055637717247009, 0.15058517456054688, 28.134689331054688, 29.548263549804688, 1.4350049495697021, 0.012404942885041237
38.23539638519287, 0.9055637717247009, 0.15056729316711426, 28.408449172973633, 31.143951416015625, 1.4350049495697021, 0.019561313092708588
38.24538564682007, 0.8975326418876648, 0.0654856339097023, 28.508150100708008, 34.489524841308594, 1.4350459575653076, 0.01115698367357254
38.25541710853577, 0.8975326418876648, 0.03260374069213867, 28.56743049621582, 30.054855346679688, 1.4350459575653076, 0.00542772701010108
38.26539897918701, 0.8854860067367554, -0.2453923225402832, 28.16588020324707, 24.291780471801758, 1.4350459575653076, 0.006513961125165224
38.27540159225464, 0.8794626593589783, -0.3346337080001831, 27.610774993896484, 13.54641342163086, 1.4350873231887817, -0.039249733090400696
38.285393476486206, 0.8794626593589783, -0.30117034912109375, 27.063194274902344, 2.978515625, 1.4350873231887817, -0.04079258814454079
38.29541349411011, 0.8714315295219421, -0.4238552451133728, 26.377132415771484, -8.40928840637207, 1.4350459575653076, -0.03759549930691719
38.30540752410889, 0.8714315295219421, -0.4015505313873291, 25.64704132080078, -18.77593994140625, 1.4350459575653076, 0.013135580345988274
38.315399408340454, 0.8674160242080688, -0.4216432571411133, 24.880416870117188, -29.80480194091797, 1.4350459575653076, -0.03859223425388336
38.32540726661682, 0.8674160242080688, -0.42386186122894287, 24.19428062438965, -43.782127380371094, 1.4350049495697021, -0.05408589169383049
38.33541202545166, 0.8674160242080688, -0.3814816474914551, 23.50067710876465, -49.077796936035156, 1.4350049495697021, 0.014599879272282124
38.34538912773132, 0.8654082417488098, -0.3569391071796417, 22.916595458984375, -62.12870407104492, 1.4350049495697021, -0.08184213936328888
38.35541272163391, 0.8634004592895508, -0.37924447655677795, 22.2960147857666, -69.6822280883789, 1.4350049495697021, -0.07316488772630692
38.365413188934326, 0.8634004592895508, -0.22085309028625488, 21.887006759643555, -62.78877258300781, 1.4350459575653076, -0.06492520868778229
38.37541174888611, 0.8593848943710327, -0.20077228546142578, 21.5219669342041, -60.887908935546875, 1.4350459575653076, 0.04607268050312996
38.38541769981384, 0.8513537645339966, -0.3123217225074768, 21.010894775390625, -67.24760437011719, 1.4350459575653076, -0.022548506036400795
38.395450830459595, 0.8413149118423462, -0.33462047576904297, 20.463333129882812, -65.7090072631836, 1.4350459575653076, -0.05433199182152748
38.40551948547363, 0.8352915644645691, -0.3614068031311035, 19.806230545043945, -58.408164978027344, 1.4350459575653076, -0.008974190801382065
38.41538858413696, 0.8272604942321777, -0.4015505313873291, 19.076139450073242, -58.04271697998047, 1.4350459575653076, -0.06681489944458008
38.425416469573975, 0.8232449293136597, -0.49079787731170654, 18.283527374267578, -65.67530822753906, 1.4349881410598755, -0.08860426396131516
38.4353928565979, 0.8212371468544006, -0.46178698539733887, 17.44391441345215, -60.567474365234375, 1.4349881410598755, 0.01612694375216961
38.445396900177, 0.8212371468544006, -0.4907912611961365, 16.64080047607422, -69.73118591308594, 1.4349881410598755, -0.028363877907395363
38.455408811569214, 0.8172215819358826, -0.46178698539733887, 15.80864429473877, -64.87350463867188, 1.43494713306427, -0.03766612336039543
38.46542239189148, 0.8172215819358826, -0.5130966305732727, 14.96903133392334, -76.86678314208984, 1.43494713306427, -0.04703715071082115
38.47541689872742, 0.8111982345581055, -0.48186779022216797, 14.082396507263184, -74.39556121826172, 1.4350049495697021, -0.08155625313520432
38.485427379608154, 0.8051749467849731, -0.5130966305732727, 13.242783546447754, -86.31218719482422, 1.4350049495697021, -0.030735131353139877
38.49540615081787, 0.793128252029419, -0.5354152917861938, 12.366649627685547, -89.96306610107422, 1.4350049495697021, -0.09392896294593811
38.50539207458496, 0.7891126871109009, -0.5130833983421326, 11.51960277557373, -92.07354736328125, 1.4350459575653076, -0.005003795959055424
38.51541352272034, 0.7850971817970276, -0.46848589181900024, 10.752989768981934, -92.4794921875, 1.4350459575653076, -0.00884145125746727
38.52540040016174, 0.7810816168785095, -0.4684925079345703, 9.996877670288086, -92.0740737915039, 1.4349881410598755, -0.009244036860764027
38.535531997680664, 0.7750582695007324, -0.46178102493286133, 9.157275199890137, -82.86637878417969, 1.4349881410598755, -0.023210035637021065
38.54540205001831, 0.7690349221229553, -0.5800326466560364, 8.213289260864258, -93.63894653320312, 1.4349597692489624, -0.008399789221584797
38.555405616760254, 0.7690349221229553, -0.48186182975769043, 7.339474678039551, -84.69161987304688, 1.43494713306427, -0.006714517716318369
38.5655152797699, 0.7589960694313049, -0.6469488143920898, 6.270318984985352, -96.65245819091797, 1.4350049495697021, 0.0005129169439896941
38.57539224624634, 0.7569882869720459, -0.6023313999176025, 5.2846856117248535, -97.75235748291016, 1.4350049495697021, -0.011457259766757488
38.58552098274231, 0.7569882869720459, -0.48186182975769043, 4.408573150634766, -88.34209442138672, 1.4350049495697021, -0.062497176229953766
38.59539461135864, 0.7489571571350098, -0.4907912611961365, 3.5980043411254883, -97.42938232421875, 1.4350459575653076, 0.06576788425445557
38.60537624359131, 0.7429338693618774, -0.5131032466888428, 2.758380889892578, -97.34683227539062, 1.4350459575653076, -0.03987172991037369
38.61538243293762, 0.7389183044433594, -0.5130966305732727, 1.9470099210739136, -97.84428405761719, 1.434890627861023, 0.018910422921180725
38.625510931015015, 0.7449415922164917, -0.40155649185180664, 1.3160351514816284, -96.45382690429688, 1.4347469806671143, -0.015833470970392227
38.63539910316467, 0.7449415922164917, -0.30117034912109375, 0.7916226387023926, -83.65650177001953, 1.4346195459365845, -0.006991453468799591
38.64540076255798, 0.7549805045127869, -0.1561509221792221, 0.5615270733833313, -85.01956176757812, 1.4344797134399414, -0.051985517144203186
38.65538954734802, 0.7770660519599915, 0.08923477679491043, 0.6994413733482361, -73.7781753540039, 1.4345242977142334, 0.01730780303478241
38.66537618637085, 0.7871049046516418, 0.3123217225074768, 1.1843955516815186, -56.51026153564453, 1.434667944908142, 0.016714943572878838
38.67558431625366, 0.7911204695701599, 0.3792511224746704, 1.766126036643982, -39.09508514404297, 1.4348816871643066, 0.0048452578485012054
38.68540382385254, 0.795136034488678, 0.3814697265625, 2.413475751876831, -19.950984954833984, 1.4351359605789185, -0.0025872953701764345
38.69540190696716, 0.797143816947937, 0.48186779022216797, 3.276984691619873, -3.2101869583129883, 1.435205340385437, 0.00926174409687519
38.705416679382324, 0.797143816947937, 0.6023313999176025, 4.247619152069092, 16.54708480834961, 1.4352878332138062, 0.007885528728365898
38.71540403366089, 0.797143816947937, 0.5822539329528809, 5.296487331390381, 33.49479293823242, 1.4353415966033936, 0.005616681184619665
38.72541284561157, 0.8031671643257141, 0.6469554305076599, 6.352757453918457, 55.96356964111328, 1.4353547096252441, 0.0015039447462186217
38.73539614677429, 0.8071827292442322, 0.6915662288665771, 7.487510681152344, 74.3987808227539, 1.4353376626968384, 0.01594538986682892
38.745384216308594, 0.8091904520988464, 0.5420982837677002, 8.48879337310791, 79.27265167236328, 1.4352515935897827, 0.008531825616955757
38.75538945198059, 0.8091904520988464, 0.3212392330169678, 9.08853530883789, 83.89091491699219, 1.4351654052734375, 0.00844749715179205
38.76539754867554, 0.8132060170173645, 0.2610146999359131, 9.570563316345215, 83.86168670654297, 1.435124397277832, 0.0032376775052398443
38.77541422843933, 0.8132060170173645, 0.22084712982177734, 9.97962474822998, 82.135009765625, 1.435083031654358, 0.004203625023365021
38.78540897369385, 0.8132060170173645, 0.15058617293834686, 10.326144218444824, 65.93887329101562, 1.4349842071533203, 0.0016146980924531817
38.79539632797241, 0.8132060170173645, 0.22946937382221222, 10.615097045898438, 104.8302001953125, 1.435001254081726, 0.008819674141705036
38.805394411087036, 0.8152137994766235, 0.20078155398368835, 10.946032524108887, 74.4267578125, 1.4349881410598755, 0.00226391083560884
38.81570219993591, 0.8172215819358826, 0.20077824592590332, 11.308028221130371, 60.11543273925781, 1.4350049495697021, 0.007147645112127066
