24.40155029296875, 1.1988741159439087, -0.9924041032791138, 89.38462829589844, 41.37759780883789, 1.4355303049087524, 0.0, 0.0
24.411558151245117, 1.1788243055343628, -1.0936617851257324, 87.39615631103516, 31.8450927734375, 1.4355303049087524, -0.05049336701631546, -0.05049336701631546
24.421565294265747, 1.156714916229248, -1.3414489030838013, 85.20105743408203, 27.02501106262207, 1.435502052307129, -0.0793248787522316, -0.0793248787522316
24.431724309921265, 1.156714916229248, -1.207292079925537, 83.01111602783203, 16.852569580078125, 1.4354442358016968, -0.0793248787522316, -0.06533308327198029
24.441548585891724, 1.1425105333328247, -1.2643072605133057, 80.9527587890625, 16.1590576171875, 1.4354442358016968, -0.06533308327198029, -0.07765398174524307
24.45154905319214, 1.1425105333328247, -1.2643072605133057, 78.88389587402344, 10.886298179626465, 1.4354442358016968, -0.08787357807159424, -0.08787357807159424
24.46155858039856, 1.1171650886535645, -1.3257397413253784, 76.7145004272461, 4.32586669921875, 1.4354442358016968, -0.08687379956245422, -0.08687379956245422
24.471546411514282, 1.1171650886535645, -0.9461045265197754, 74.99430847167969, 6.97021484375, 1.435502052307129, -0.08398015797138214, -0.08398015797138214
24.481550455093384, 1.1014580726623535, -1.0028969049453735, 72.97286987304688, 6.397593975067139, 1.4355303049087524, -0.08608436584472656, -0.08608436584472656
24.49158477783203, 1.1014580726623535, -1.2176930904388428, 71.20167541503906, 12.571334838867188, 1.4355303049087524, -0.08980173617601395, -0.08980173617601395
24.50156307220459, 1.0760005712509155, -1.2287378311157227, 68.96761322021484, -204.16946411132812, 1.435502052307129, -0.08980173617601395, -0.07526294887065887
24.511541604995728, 1.0538172721862793, -1.3889737129211426, 66.69988250732422, -229.9592742919922, 1.4354442358016968, -0.09730527549982071, -0.09730527549982071
24.52154564857483, 1.0538172721862793, -1.0289549827575684, 64.83956909179688, -203.61480712890625, 1.4354442358016968, -0.11344880610704422, -0.11344880610704422
24.531550407409668, 1.0311994552612305, -1.141060471534729, 62.55744552612305, -185.9422149658203, 1.4354442358016968, -0.08498390763998032, -0.08498390763998032
24.54153800010681, 1.0134249925613403, -1.6135722398757935, 60.21043014526367, -259.27923583984375, 1.4354442358016968, -0.05868397280573845, -0.05868397280573845
24.551546812057495, 1.0134249925613403, -1.2908577919006348, 57.86341857910156, -210.20431518554688, 1.4354442358016968, -0.07531533390283585, -0.07531533390283585
24.5615713596344, 0.9937007427215576, -1.3718208074569702, 55.61861801147461, -234.3995819091797, 1.4354442358016968, -0.07267188280820847, -0.07267188280820847
24.571563005447388, 0.9736402630805969, -1.5947155952453613, 53.00908279418945, -244.2800750732422, 1.435502052307129, -0.08614053577184677, -0.08614053577184677
24.58154606819153, 0.9736402630805969, -1.2781739234924316, 50.67462158203125, -222.98202514648438, 1.435502052307129, -0.07892315834760666, -0.07892315834760666
24.591567039489746, 0.9581997394561768, -1.5917751789093018, 48.06989669799805, -257.0198974609375, 1.435502052307129, -0.05464731901884079, -0.05464731901884079
24.601553678512573, 0.9581997394561768, -1.3088915348052979, 45.92807388305664, -255.99374389648438, 1.435502052307129, -0.0674784779548645, -0.0674784779548645
24.61278796195984, 0.9343340992927551, -1.194840669631958, 43.755638122558594, -229.443359375, 1.435502052307129, -0.08077322691679001, -0.08100210875272751
24.621554613113403, 0.9343340992927551, -1.194828748703003, 41.583221435546875, -232.5634002685547, 1.435502052307129, -0.08100210875272751, -0.08100210875272751
24.631873607635498, 0.9177173972129822, -1.134812831878662, 39.51992416381836, -230.3752899169922, 1.4355303049087524, -0.08152712881565094, -0.08152712881565094
24.6416597366333, 0.8960926532745361, -1.303699254989624, 37.38146209716797, -253.6549072265625, 1.4355716705322266, -0.04920528084039688, -0.04920528084039688
24.651581525802612, 0.8960926532745361, -1.173311471939087, 35.24064636230469, -226.2279510498047, 1.4355716705322266, -0.02379206195473671, -0.02379206195473671
24.661540985107422, 0.8659658432006836, -1.2773513793945312, 32.918190002441406, -227.0038604736328, 1.435543417930603, -0.059886474162340164, -0.059886474162340164
24.67198395729065, 0.8659658432006836, -1.1963844299316406, 30.965606689453125, -244.92771911621094, 1.435485601425171, -0.04964860528707504, -0.03367255628108978
24.681546688079834, 0.8436289429664612, -1.300114393234253, 28.612274169921875, -220.62339782714844, 1.435417652130127, -0.03367255628108978, -0.03367255628108978
24.69162130355835, 0.8237825036048889, -1.3441681861877441, 26.180686950683594, -218.89190673828125, 1.4353601932525635, -0.059261176735162735, -0.059261176735162735
24.70166015625, 0.8067677617073059, -1.6825861930847168, 23.43781089782715, -249.892333984375, 1.435319185256958, -0.02043582685291767, -0.02043582685291767
24.71153974533081, 0.8067677617073059, -1.417405128479004, 21.125877380371094, -251.44174194335938, 1.4354032278060913, -0.04707010090351105, -0.04707010090351105
24.721535205841064, 0.7938370704650879, -1.4049649238586426, 18.556114196777344, -230.27096557617188, 1.4353618621826172, -0.022822033613920212, -0.05484505370259285
24.73158025741577, 0.7750554084777832, -1.5851325988769531, 15.969782829284668, -261.6683044433594, 1.4353618621826172, -0.05484505370259285, -0.05484505370259285
24.74156165122986, 0.7750554084777832, -1.3448529243469238, 13.76911449432373, -262.3594055175781, 1.4354032278060913, 0.0008051531040109694, 0.0008051531040109694
24.751562356948853, 0.7602153420448303, -1.3587713241577148, 11.29110050201416, -239.49526977539062, 1.4354032278060913, -0.005051008891314268, -0.005051008891314268
24.761547088623047, 0.7462219595909119, -1.3305015563964844, 9.11391544342041, -264.4916076660156, 1.4354442358016968, -0.027480658143758774, -0.027480658143758774
24.771540641784668, 0.7462219595909119, -1.3304816484451294, 6.92930793762207, -267.0703430175781, 1.43533194065094, -0.013185940682888031, -0.013185940682888031
24.781529664993286, 0.7292980551719666, -1.1433124542236328, 4.870975494384766, -237.41311645507812, 1.435159683227539, -0.030325161293148994, -0.008417252451181412
24.79157328605652, 0.7292980551719666, -1.04982328414917, 3.1844022274017334, -255.5143585205078, 1.4349333047866821, -0.008417252451181412, -0.008417252451181412
24.80156373977661, 0.7305997014045715, -0.8463131189346313, 1.8406860828399658, -239.96798706054688, 1.4348641633987427, -0.011794120073318481, -0.011794120073318481
24.812991857528687, 0.7305997014045715, -0.7616758346557617, 0.4683920741081238, -206.57492065429688, 1.434781789779663, 0.008799301460385323, 0.008799301460385323
24.82155442237854, 0.7576316595077515, -0.36205053329467773, -0.17490459978580475, -187.31021118164062, 1.4348962306976318, -0.009268010035157204, -0.009268010035157204
24.83154559135437, 0.7576316595077515, -0.19359588623046875, -0.512505292892456, -183.13641357421875, 1.4349822998046875, -0.024449674412608147, -0.024449674412608147
24.841540813446045, 0.7820799946784973, 0.07804897427558899, -0.40043774247169495, -157.43946838378906, 1.4351098537445068, 0.00013158364163246006, 0.00013158364163246006
24.85154366493225, 0.7820799946784973, 0.21864771842956543, -0.026088055223226547, -113.17189025878906, 1.4352779388427734, 0.010367932729423046, 0.010367932729423046
24.861873865127563, 0.8054479956626892, 0.6580617427825928, 1.0201793909072876, -89.93041229248047, 1.4353601932525635, 0.010085769928991795, 0.010085769928991795
24.871554851531982, 0.8205238580703735, 0.7430195808410645, 2.356168746948242, -45.731388092041016, 1.4354424476623535, 0.0073729450814425945, 0.0073729450814425945
24.881545782089233, 0.8329153060913086, 1.1513034105300903, 4.225164413452148, -7.175710678100586, 1.435455322265625, 0.012676033191382885, 0.012676033191382885
24.891546726226807, 0.8329153060913086, 1.151296854019165, 6.10676383972168, 32.470703125, 1.435479760169983, 0.011334171518683434, 0.011334171518683434
24.901548385620117, 0.8428071141242981, 1.2467503547668457, 8.142457962036133, 70.01969909667969, 1.4353935718536377, 0.009370135143399239, 0.009370135143399239
24.91158962249756, 0.8532512187957764, 1.2265205383300781, 10.388165473937988, 99.19774627685547, 1.4353934526443481, 0.011571291834115982, 0.011571291834115982
24.92154860496521, 0.8647778630256653, 1.190503478050232, 12.336283683776855, 139.01321411132812, 1.4353244304656982, 0.011037428863346577, 0.011037428863346577
24.931565523147583, 0.8647778630256653, 1.0714709758758545, 14.29696273803711, 148.0946502685547, 1.4352830648422241, 0.007324280217289925, 0.007324280217289925
24.941533088684082, 0.8801968097686768, 0.9811699390411377, 16.088428497314453, 164.888671875, 1.4352701902389526, 0.004387876018881798, 0.004387876018881798
24.951586723327637, 0.8936617374420166, 1.11580491065979, 18.119504928588867, 181.45594787597656, 1.4352293014526367, 0.004792878869920969, 0.004792878869920969
24.96159815788269, 0.8936617374420166, 0.9801586270332336, 19.730836868286133, 207.896240234375, 1.4352293014526367, 0.016729235649108887, 0.016729235649108887
24.97161555290222, 0.9060202836990356, 0.854957103729248, 21.285303115844727, 189.2913818359375, 1.4352293014526367, 0.009309099055826664, 0.009309099055826664
24.98157000541687, 0.9223988652229309, 0.994258463382721, 22.91227149963379, 207.63450622558594, 1.4352161884307861, 0.01744820550084114, 0.01744820550084114
24.991545915603638, 0.9223988652229309, 0.8948445320129395, 24.54164695739746, 184.3486785888672, 1.4352741241455078, 0.004645250272005796, 0.004645250272005796
25.001551151275635, 0.9410192370414734, 0.9821176528930664, 26.31678009033203, 181.7432403564453, 1.4352458715438843, 0.007866484113037586, 0.007866484113037586
25.01154613494873, 0.9520434737205505, 0.9879350662231445, 28.1181640625, 177.30007934570312, 1.4351879358291626, 0.016093755140900612, 0.016093755140900612
25.021551847457886, 0.9660996794700623, 1.1257860660552979, 29.97089195251465, 195.93980407714844, 1.4351879358291626, 0.016352828592061996, 0.016352828592061996
25.031580686569214, 0.9660996794700623, 1.0132253170013428, 31.813119888305664, 175.1617431640625, 1.4352293014526367, 0.01386672630906105, 0.01064280979335308
25.041536331176758, 0.9803172945976257, 1.1124411821365356, 33.62595748901367, 194.86151123046875, 1.4352293014526367, 0.01064280979335308, 0.01064280979335308
25.051551342010498, 0.9944197535514832, 1.1195341348648071, 35.457923889160156, 192.64898681640625, 1.435315489768982, 0.013560025952756405, 0.013560025952756405
25.06154441833496, 0.9944197535514832, 1.0075867176055908, 37.274227142333984, 175.43392944335938, 1.4353563785552979, 0.01282503828406334, 0.01282503828406334
25.071701288223267, 1.0034985542297363, 1.0830892324447632, 39.039119720458984, 197.26498413085938, 1.4353563785552979, 0.0181715190410614, 0.0181715190410614
25.081554651260376, 1.0155606269836426, 1.0351207256317139, 40.73295593261719, 198.0073699951172, 1.435315489768982, 0.026429353281855583, 0.026429353281855583
25.091723203659058, 1.0155606269836426, 0.9316205978393555, 42.43424606323242, 178.9257049560547, 1.4352871179580688, 0.014173769392073154, 0.028490623459219933
25.10158109664917, 1.025399088859558, 0.9375612139701843, 43.973594665527344, 196.18692016601562, 1.4352293014526367, 0.028490623459219933, 0.028490623459219933
25.111559867858887, 1.0369524955749512, 0.9434289336204529, 45.52790069580078, 193.4416046142578, 1.4351879358291626, 0.02000301331281662, 0.02000301331281662
25.122129201889038, 1.0491129159927368, 0.8301377296447754, 47.044761657714844, 170.73898315429688, 1.435130000114441, 0.019379131495952606, 0.019379131495952606
25.131988048553467, 1.0491129159927368, 0.9223620295524597, 48.56461715698242, 186.1275634765625, 1.4351879358291626, 0.028782805427908897, 0.028782805427908897
25.14203906059265, 1.0600131750106812, 0.8855130672454834, 50.00310134887695, 181.96826171875, 1.4351469278335571, 0.022158024832606316, 0.022158024832606316
25.151920080184937, 1.0600131750106812, 0.6559252738952637, 51.20315170288086, 157.45201110839844, 1.4351469278335571, 0.022158024832606316, 0.024887029081583023
25.161542415618896, 1.0730607509613037, 0.8737908601760864, 52.632991790771484, 170.6534423828125, 1.4351469278335571, 0.022214895114302635, 0.022214895114302635
25.17153310775757, 1.078525185585022, 0.750279426574707, 53.997135162353516, 149.5800018310547, 1.4351469278335571, 0.021714257076382637, 0.021714257076382637
25.181544303894043, 1.0864707231521606, 0.7091045379638672, 55.286415100097656, 145.53451538085938, 1.4351879358291626, 0.033884432166814804, 0.033884432166814804
25.191540002822876, 1.0864707231521606, 0.7878806591033936, 56.56821823120117, 157.04388427734375, 1.4352161884307861, 0.023363234475255013, 0.023363234475255013
25.201549768447876, 1.1009175777435303, 0.839087724685669, 57.936134338378906, 155.13949584960938, 1.4352575540542603, 0.030931716784834862, 0.030931716784834862
25.211557149887085, 1.1009175777435303, 0.6396651268005371, 59.09164047241211, 135.63690185546875, 1.4352575540542603, 0.030931716784834862, 0.034289952367544174
25.221551418304443, 1.1145955324172974, 0.6548047065734863, 60.282196044921875, 132.37457275390625, 1.435315489768982, 0.02889523096382618, 0.02889523096382618
25.23170280456543, 1.1145955324172974, 0.7276005148887634, 61.4622802734375, 143.30758666992188, 1.4352871179580688, 0.039067789912223816, 0.039067789912223816
25.241782426834106, 1.1214022636413574, 0.6138801574707031, 62.58358383178711, 125.80451965332031, 1.4352293014526367, 0.03425084054470062, 0.031993187963962555
25.251827001571655, 1.1315834522247314, 0.7952187061309814, 63.895362854003906, 141.02511596679688, 1.4352293014526367, 0.031993187963962555, 0.031993187963962555
25.261552333831787, 1.1315834522247314, 0.6502734422683716, 64.9594497680664, 136.9607696533203, 1.4351879358291626, 0.0424036979675293, 0.0424036979675293
25.271560192108154, 1.1357829570770264, 0.5725741386413574, 66.00801086425781, 120.10879516601562, 1.4352161884307861, 0.05217793211340904, 0.05217793211340904
25.281570196151733, 1.1357829570770264, 0.4931211471557617, 66.89945983886719, 116.13044738769531, 1.4352161884307861, 0.05222248286008835, 0.05222248286008835
25.29158878326416, 1.1456729173660278, 0.6577968597412109, 67.9758529663086, 126.75094604492188, 1.4351879358291626, 0.04795471951365471, 0.04795471951365471
25.301541328430176, 1.157067894935608, 0.6239016652107239, 69.00192260742188, 122.95404815673828, 1.4351879358291626, 0.04256633296608925, 0.04256633296608925
25.311556100845337, 1.157067894935608, 0.5615115165710449, 70.0228500366211, 109.31167602539062, 1.4351879358291626, 0.054978907108306885, 0.054978907108306885
25.32155442237854, 1.1612091064453125, 0.5179246068000793, 70.870361328125, 117.64611053466797, 1.4351879358291626, 0.060414206236600876, 0.060414206236600876
25.33155632019043, 1.1677112579345703, 0.482862651348114, 71.83609008789062, 94.3076400756836, 1.4351879358291626, 0.04865917190909386, 0.04865917190909386
25.34155511856079, 1.1677112579345703, 0.578850507736206, 72.67805480957031, 126.18064880371094, 1.4351879358291626, 0.04850408807396889, 0.04850408807396889
25.351558208465576, 1.1713275909423828, 0.4416041970252991, 73.40068054199219, 105.61455535888672, 1.4351879358291626, 0.059757158160209656, 0.059757158160209656
25.36206364631653, 1.1757159233093262, 0.44133663177490234, 74.20310974121094, 92.43698120117188, 1.4351879358291626, 0.06460608541965485, 0.049868084490299225
25.371793746948242, 1.177998423576355, 0.4690488278865814, 74.97064208984375, 99.58479309082031, 1.4352161884307861, 0.049868084490299225, 0.049868084490299225
25.381561040878296, 1.1800243854522705, 0.4915793836116791, 75.76991271972656, 98.56076049804688, 1.4352161884307861, 0.06443852186203003, 0.06443852186203003
25.391661167144775, 1.1800243854522705, 0.34350156784057617, 76.39445495605469, 84.185791015625, 1.4352161884307861, 0.07552272081375122, 0.07552272081375122
25.401561975479126, 1.1827523708343506, 0.2568483352661133, 76.86145782470703, 78.594970703125, 1.4351879358291626, 0.0660516619682312, 0.0660516619682312
25.411710739135742, 1.1827523708343506, 0.28540027141571045, 77.33361053466797, 81.23101043701172, 1.4351879358291626, 0.05958164855837822, 0.05958164855837822
25.421671390533447, 1.1847584247589111, 0.23548603057861328, 77.76176452636719, 68.91403198242188, 1.4351879358291626, 0.06606090813875198, 0.06606090813875198
25.43155002593994, 1.186253309249878, 0.206033393740654, 78.09891510009766, 69.58770751953125, 1.4351879358291626, 0.07043108344078064, 0.07043108344078064
25.441542148590088, 1.186253309249878, 0.18541812896728516, 78.43603515625, 57.579803466796875, 1.4351879358291626, 0.0710376650094986, 0.0710376650094986
25.451824188232422, 1.1872200965881348, 0.1765754520893097, 78.7249755859375, 59.1583251953125, 1.4351879358291626, 0.07281619310379028, 0.07281619310379028
25.461538076400757, 1.1872200965881348, 0.1150369644165039, 78.93413543701172, 47.310638427734375, 1.4351879358291626, 0.05431437864899635, 0.05431437864899635
25.471543312072754, 1.1870787143707275, 0.09080171585083008, 79.09922790527344, 41.284942626953125, 1.4351879358291626, 0.08811450004577637, 0.08811450004577637
25.481542587280273, 1.1862438917160034, 0.06910165399312973, 79.2123031616211, 38.24869918823242, 1.4351879358291626, 0.07744205743074417, 0.07744205743074417
25.49155044555664, 1.1862438917160034, 0.06911489367485046, 79.32540130615234, 32.56564712524414, 1.4351879358291626, 0.053512025624513626, 0.053512025624513626
25.501534938812256, 1.1854573488235474, 0.027048587799072266, 79.37458038330078, 25.1312255859375, 1.4351879358291626, 0.07249779999256134, 0.07249779999256134
25.51153874397278, 1.1854573488235474, 0.027048587799072266, 79.37458038330078, 25.1312255859375, 1.4351879358291626, 0.06269001960754395, 0.06269001960754395
25.521541357040405, 1.1810611486434937, -0.008903051726520061, 79.34382629394531, 10.579962730407715, 1.4351879358291626, 0.06590157747268677, 0.06590157747268677
25.531563758850098, 1.1810611486434937, -0.036966800689697266, 79.276611328125, 15.14892578125, 1.4351879358291626, -0.09333974868059158, -0.09333974868059158
25.541553735733032, 1.1771132946014404, -0.10156631469726562, 79.11041259765625, 11.23979377746582, 1.4351879358291626, -0.0955558493733406, -0.0955558493733406
25.551894187927246, 1.173620581626892, -0.1263260841369629, 78.88072967529297, 4.4464111328125, 1.4351879358291626, -0.07914766669273376, -0.07914766669273376
25.561546564102173, 1.1694144010543823, -0.19783443212509155, 78.55699920654297, -1.8658108711242676, 1.4351879358291626, -0.0845889300107956, -0.0845889300107956
25.571547031402588, 1.1694144010543823, -0.17805099487304688, 78.23326873779297, -7.009124755859375, 1.4351879358291626, -0.08858803659677505, -0.08858803659677505
25.581534147262573, 1.1653523445129395, -0.24141205847263336, 77.8382339477539, -14.01095962524414, 1.4351879358291626, -0.07338625937700272, -0.08510444313287735
25.59153914451599, 1.15989089012146, -0.2927912473678589, 77.35912322998047, -20.59004020690918, 1.4351879358291626, -0.08510444313287735, -0.08510444313287735
25.601553201675415, 1.15989089012146, -0.2635478973388672, 76.87994384765625, -24.45526123046875, 1.4351879358291626, -0.07151786237955093, -0.07151786237955093
25.6115620136261, 1.1549365520477295, -0.33911070227622986, 76.32503509521484, -33.88383483886719, 1.4351879358291626, -0.10839659720659256, -0.10839659720659256
25.621572256088257, 1.1549365520477295, -0.33911070227622986, 76.32503509521484, -33.88383483886719, 1.4351879358291626, -0.0796896368265152, -0.0796896368265152
25.63188910484314, 1.1549365520477295, -0.33911070227622986, 76.32503509521484, -33.88383483886719, 1.4351879358291626, -0.09373955428600311, -0.07516265660524368
25.641559600830078, 1.1549365520477295, -0.33911070227622986, 76.32503509521484, -33.88383483886719, 1.4351879358291626, -0.07516265660524368, -0.07516265660524368
25.65215516090393, 1.1549365520477295, -0.33911070227622986, 76.32503509521484, -33.88383483886719, 1.4351879358291626, -0.09555377066135406, -0.09555377066135406
25.661531686782837, 1.137294054031372, -0.0893193855881691, 75.52928161621094, -7.784785270690918, 1.4351879358291626, -0.07701405882835388, -0.07701405882835388
25.671659231185913, 1.137294054031372, -0.0893193855881691, 75.52928161621094, -7.784785270690918, 1.4351879358291626, -0.061035092920064926, -0.0994463860988617
25.681565761566162, 1.122403621673584, -0.29329657554626465, 74.4627456665039, -24.0692138671875, 1.4351879358291626, -0.0994463860988617, -0.0994463860988617
25.691606044769287, 1.122403621673584, -0.29329657554626465, 74.4627456665039, -24.0692138671875, 1.4351879358291626, -0.06645800173282623, -0.06645800173282623
25.701547861099243, 1.1181623935699463, -0.2947509288787842, 73.39092254638672, -28.597640991210938, 1.4351879358291626, -0.07118943333625793, -0.07118943333625793
25.711543798446655, 1.1059304475784302, -0.752104640007019, 72.16020965576172, -74.67142486572266, 1.4351879358291626, -0.08905277401208878, -0.08905277401208878
25.721566438674927, 1.0974233150482178, -0.719916820526123, 70.85127258300781, -77.05764770507812, 1.4351879358291626, -0.09146419167518616, -0.09146419167518616
25.732004642486572, 1.0974233150482178, -0.719904899597168, 69.54235076904297, -86.90948486328125, 1.4351879358291626, -0.0866047739982605, -0.0866047739982605
25.74154233932495, 1.0974233150482178, -0.719904899597168, 69.54235076904297, -86.90948486328125, 1.4351879358291626, -0.09648952633142471, -0.09648952633142471
25.7515606880188, 1.0974233150482178, -0.719904899597168, 69.54235076904297, -86.90948486328125, 1.4352161884307861, -0.07411929219961166, -0.07411929219961166
25.761549949645996, 1.0736827850341797, -0.31610605120658875, 67.87047576904297, -34.37173843383789, 1.4352161884307861, -0.07936687767505646, -0.07936687767505646
25.771538257598877, 1.0736827850341797, -0.8620738983154297, 66.30306243896484, -110.56060791015625, 1.4351879358291626, -0.077427439391613, -0.077427439391613
25.78154158592224, 1.0616368055343628, -0.9825348854064941, 64.52177429199219, -123.5809326171875, 1.4351879358291626, -0.06889800727367401, -0.06889800727367401
25.7915461063385, 1.0515844821929932, -1.148369550704956, 62.64262390136719, -152.02670288085938, 1.4351879358291626, -0.07377750426530838, -0.07377750426530838
25.801552057266235, 1.0515844821929932, -0.857090950012207, 61.08427810668945, -144.45037841796875, 1.4351879358291626, -0.08855646103620529, -0.08855646103620529
25.811638832092285, 1.0515844821929932, -0.857090950012207, 61.08427810668945, -144.45037841796875, 1.4351879358291626, -0.08652166277170181, -0.08652166277170181
25.82156753540039, 1.0240225791931152, -0.5178012251853943, 59.295509338378906, -79.82756042480469, 1.4351879358291626, -0.08617005497217178, -0.08617005497217178
25.831554412841797, 1.015991449356079, -1.0217070579528809, 57.437862396240234, -159.5306396484375, 1.4351879358291626, -0.0922384038567543, -0.0922384038567543
25.843506813049316, 1.016055703163147, -0.9986029863357544, 55.80378341674805, -181.7381134033203, 1.4351879358291626, -0.07190141081809998, -0.062117937952280045
25.8515465259552, 1.016055703163147, -0.8136630058288574, 54.324398040771484, -165.26832580566406, 1.4352161884307861, -0.062117937952280045, -0.062117937952280045
25.861554622650146, 0.9959136843681335, -1.127892017364502, 52.47361755371094, -189.65318298339844, 1.4352741241455078, -0.09871400147676468, -0.09871400147676468
25.8715398311615, 0.9959136843681335, -1.127892017364502, 52.47361755371094, -189.65318298339844, 1.4352741241455078, -0.09120957553386688, -0.09120957553386688
25.881542444229126, 0.979851484298706, -0.4691600799560547, 50.75704574584961, -85.5672836303711, 1.4352741241455078, -0.07360243797302246, -0.07360243797302246
25.89156413078308, 0.9678048491477966, -1.1764235496520996, 48.83198928833008, -194.1231689453125, 1.4351879358291626, -0.05817912891507149, -0.05817912891507149
25.901552438735962, 0.9761330485343933, -0.9500318169593811, 47.29306411743164, -191.42913818359375, 1.4351879358291626, -0.07026918977499008, -0.07026918977499008
25.911547422409058, 0.9557581543922424, -0.9582638740539551, 45.55076599121094, -170.91941833496094, 1.435130000114441, -0.054236579686403275, -0.054236579686403275
25.92500948905945, 0.943711519241333, -1.19858980178833, 43.599971771240234, -194.26939392089844, 1.4351879358291626, -0.04677901789546013, -0.04677901789546013
25.93152904510498, 0.943711519241333, -1.19858980178833, 43.599971771240234, -194.26939392089844, 1.4351879358291626, -0.04677901789546013, -0.04677901789546013
25.941572427749634, 0.9296571016311646, -0.4718303680419922, 41.8580207824707, -87.18757629394531, 1.4352741241455078, -0.09342235326766968, -0.09342235326766968
25.951563835144043, 0.9339336156845093, -0.9117590188980103, 40.366050720214844, -189.68667602539062, 1.4352741241455078, -0.07879047840833664, -0.07879047840833664
25.96169376373291, 0.922896683216095, -1.0351074934005737, 38.672237396240234, -190.35043334960938, 1.4352741241455078, -0.09688296169042587, -0.09688296169042587
25.971535444259644, 0.922896683216095, -1.0350810289382935, 36.97846984863281, -192.73291015625, 1.4352741241455078, -0.05034418776631355, -0.05034418776631355
25.981537103652954, 0.9037061929702759, -0.9220719337463379, 35.30197525024414, -171.71592712402344, 1.435315489768982, -0.07352493703365326, -0.07352493703365326
25.991560697555542, 0.9037061929702759, -0.8460547924041748, 33.90999984741211, -187.1897430419922, 1.4352293014526367, -0.05929582566022873, -0.05929582566022873
26.00161075592041, 0.8870760798454285, -0.8969836831092834, 32.45787811279297, -181.93435668945312, 1.435171365737915, -0.048460669815540314, -0.048460669815540314
26.01159977912903, 0.8670260906219482, -1.2123055458068848, 30.48464012145996, -186.75994873046875, 1.435143232345581, -0.05604170635342598, -0.05604170635342598
26.021800756454468, 0.8670260906219482, -0.8873224258422852, 28.876441955566406, -166.7438507080078, 1.435101866722107, -0.07871269434690475, -0.07871269434690475
26.03164315223694, 0.8544749021530151, -0.8923768997192383, 27.261459350585938, -163.385009765625, 1.435130000114441, -0.024894995614886284, -0.024894995614886284
26.041564464569092, 0.8544749021530151, -0.8353524804115295, 25.889404296875, -177.42919921875, 1.4351469278335571, -0.07249021530151367, -0.07249021530151367
26.051544904708862, 0.8390110731124878, -1.054690957069397, 24.16046905517578, -180.06198120117188, 1.4351751804351807, -0.04542458429932594, -0.04542458429932594
26.06156039237976, 0.8390110731124878, -0.8388519287109375, 22.630146026611328, -160.42080688476562, 1.4352331161499023, -0.03459326922893524, -0.03459326922893524
26.071550130844116, 0.8221122622489929, -1.007843017578125, 20.78717041015625, -161.9129180908203, 1.4352331161499023, -0.02574765682220459, -0.017012668773531914
26.081580638885498, 0.8020190000534058, -1.1298723220825195, 18.938289642333984, -181.81927490234375, 1.4351751804351807, -0.017012668773531914, -0.01602611504495144
26.091572523117065, 0.8020190000534058, -1.1298457384109497, 17.099985122680664, -186.7777557373047, 1.4351879358291626, -0.01602611504495144, -0.01602611504495144
26.101553440093994, 0.7919580340385437, -0.9511768817901611, 15.368252754211426, -170.89596557617188, 1.4351879358291626, -0.012818208895623684, -0.012818208895623684
26.111572265625, 0.7919580340385437, -0.8340941667556763, 14.003371238708496, -183.12539672851562, 1.4351879358291626, -0.021433817222714424, -0.021433817222714424
26.121566772460938, 0.7767136693000793, -0.9031295776367188, 12.36131763458252, -165.15121459960938, 1.4351879358291626, -0.05235633626580238, -0.05235633626580238
26.131559133529663, 0.7592883706092834, -1.0576248168945312, 10.630659103393555, -184.78648376464844, 1.4351879358291626, -0.01759040728211403, -0.01759040728211403
26.141560316085815, 0.7592883706092834, -1.057631492614746, 8.899989128112793, -188.7715606689453, 1.4351879358291626, -0.01790640689432621, -0.01790640689432621
26.151564598083496, 0.7496184706687927, -0.9932518005371094, 7.274668216705322, -187.61973571777344, 1.4351879358291626, -0.032998330891132355, -0.032998330891132355
26.161554098129272, 0.733559787273407, -1.0545074939727783, 5.357381820678711, -172.72787475585938, 1.435159683227539, 0.0070219384506344795, 0.0070219384506344795
26.171549081802368, 0.733559787273407, -0.9839270114898682, 3.7524561882019043, -189.2745819091797, 1.4349184036254883, -0.0021975019481033087, -0.0021975019481033087
26.18175458908081, 0.7327408790588379, -0.7697542309761047, 2.5367274284362793, -182.23963928222656, 1.4346755743026733, 0.0005137085681781173, 0.0005137085681781173
26.1917462348938, 0.7327408790588379, -0.7697608470916748, 1.3212695121765137, -175.3189239501953, 1.4345225095748901, -0.008653719909489155, -0.01863538846373558
26.201971769332886, 0.7438156604766846, -0.5349119305610657, 0.4737890064716339, -165.49417114257812, 1.4345393180847168, -0.01863538846373558, -0.01863538846373558
26.2115478515625, 0.7697325944900513, -0.24694865942001343, 0.06663509458303452, -154.85255432128906, 1.4346133470535278, -0.04152752086520195, -0.04152752086520195
26.221538305282593, 0.7697325944900513, -0.0698089599609375, -0.0737500935792923, -124.35069274902344, 1.4347988367080688, -0.017585888504981995, -0.017585888504981995
26.23153853416443, 0.7872085571289062, 0.27920007705688477, 0.4001610279083252, -102.304931640625, 1.434967279434204, -0.02322998456656933, -0.02322998456656933
26.24155831336975, 0.7872085571289062, 0.3102222979068756, 0.8771715760231018, -89.14242553710938, 1.4351634979248047, 0.004316465463489294, 0.004316465463489294
26.25154757499695, 0.8062138557434082, 0.6288422346115112, 1.8705101013183594, -60.046234130859375, 1.43533194065094, 0.005498156417161226, 0.005498156417161226
26.261577367782593, 0.8215009570121765, 0.8794069290161133, 3.4388058185577393, -19.18577003479004, 1.4354143142700195, 0.009556853212416172, 0.009556853212416172
26.27154016494751, 0.8215009570121765, 0.8794128894805908, 5.022761344909668, 12.7030611038208, 1.435426950454712, -0.0005234228447079659, -0.0005234228447079659
26.281534910202026, 0.834455668926239, 1.1301636695861816, 6.8698225021362305, 48.1455078125, 1.435410499572754, -0.0002259694301756099, -0.0002259694301756099
26.291545867919922, 0.834455668926239, 1.1301636695861816, 8.722172737121582, 82.23226165771484, 1.4353243112564087, 0.007224394008517265, 0.007224394008517265
26.301568031311035, 0.842779278755188, 0.9896337985992432, 10.537177085876465, 100.63388061523438, 1.4353653192520142, 0.008383580483496189, 0.008383580483496189
26.311551570892334, 0.842779278755188, 0.7304668426513672, 11.857842445373535, 117.91207885742188, 1.435238242149353, 0.013729552738368511, 0.013729552738368511
26.32152771949768, 0.8535364270210266, 0.9311569929122925, 13.404659271240234, 149.7600860595703, 1.435196876525879, 0.003485914785414934, 0.003485914785414934
26.331555128097534, 0.8535364270210266, 0.73697829246521, 14.618144989013672, 157.97763061523438, 1.4350980520248413, 0.013482000678777695, 0.013482000678777695
26.34158444404602, 0.8579243421554565, 0.7071614265441895, 15.921860694885254, 150.44683837890625, 1.4350570440292358, 0.01380140334367752, 0.01380140334367752
26.35155200958252, 0.8650110363960266, 0.5879759788513184, 16.998363494873047, 151.27859497070312, 1.4349875450134277, 0.012594088912010193, 0.012594088912010193
26.361538410186768, 0.8764783143997192, 0.6108615398406982, 18.010591506958008, 161.90867614746094, 1.4349746704101562, 0.005721572786569595, 0.005721572786569595
26.37154221534729, 0.8764783143997192, 0.5497753620147705, 19.012523651123047, 139.8976287841797, 1.4349616765975952, 0.009417086839675903, 0.009417086839675903
26.381532669067383, 0.8955248594284058, 0.6785392761230469, 20.12522315979004, 147.2823944091797, 1.4349784851074219, 0.011600836180150509, 0.011600836180150509
26.39151954650879, 0.9013773798942566, 0.743567943572998, 21.33891487121582, 140.18577575683594, 1.4350364208221436, 0.008024637587368488, 0.008024637587368488
26.401530742645264, 0.9100756645202637, 0.6729602813720703, 22.551944732666016, 120.147705078125, 1.435077428817749, 0.013079936616122723, 0.013079936616122723
26.41153120994568, 0.9100756645202637, 0.7477468848228455, 23.768075942993164, 132.33609008789062, 1.4351187944412231, 0.013793911784887314, 0.013793911784887314
26.42154097557068, 0.9142566919326782, 0.6072044372558594, 24.86456298828125, 114.59884643554688, 1.435101866722107, 0.00609732186421752, 0.00609732186421752
26.431557655334473, 0.9142566919326782, 0.6746715903282166, 25.971647262573242, 126.15034484863281, 1.4351149797439575, 0.014445348642766476, 0.014445348642766476
26.442022562026978, 0.9271191358566284, 0.7688270807266235, 27.227344512939453, 125.61628723144531, 1.4351558685302734, 0.011734193190932274, 0.011734193190932274
26.451573848724365, 0.9271191358566284, 0.6210744380950928, 28.349136352539062, 113.50784301757812, 1.4351558685302734, 0.006320202257484198, 0.01641951873898506
26.4615421295166, 0.9362200498580933, 0.5974292755126953, 29.43537139892578, 114.2477035522461, 1.4351842403411865, 0.01641951873898506, 0.01641951873898506
26.471539974212646, 0.9362200498580933, 0.6637904644012451, 30.516416549682617, 127.82075500488281, 1.4351842403411865, 0.006995844189077616, 0.006995844189077616
26.481544017791748, 0.9503816962242126, 0.5485713481903076, 31.513818740844727, 113.88607025146484, 1.435143232345581, 0.006775758694857359, 0.006775758694857359
26.491546630859375, 0.9503816962242126, 0.5444818139076233, 32.4122428894043, 123.03712463378906, 1.435143232345581, 0.011166093870997429, 0.011166093870997429
26.501551866531372, 0.9625335335731506, 0.5828738212585449, 33.36603927612305, 120.15681457519531, 1.435143232345581, 0.0191662460565567, 0.0191662460565567
26.51155114173889, 0.9625335335731506, 0.524592399597168, 34.31984329223633, 105.517578125, 1.435159683227539, 0.016734400764107704, 0.016734400764107704
26.52197504043579, 0.9720086455345154, 0.6416837573051453, 35.366878509521484, 116.69243621826172, 1.435159683227539, 0.01799762435257435, 0.01799762435257435
26.531567811965942, 0.9720086455345154, 0.6416704654693604, 36.41688537597656, 116.058349609375, 1.435159683227539, 0.013148002326488495, 0.013148002326488495
26.541569471359253, 0.9809312224388123, 0.5381226539611816, 37.39529037475586, 101.6794204711914, 1.4350736141204834, 0.01813075691461563, 0.01813075691461563
26.551562070846558, 0.9809312224388123, 0.5979206562042236, 38.38935470581055, 111.55785369873047, 1.435032606124878, 0.010407787747681141, 0.010407787747681141
26.56155300140381, 0.9852733016014099, 0.545038104057312, 39.288692474365234, 109.48096466064453, 1.435032606124878, 0.013051480054855347, 0.013051480054855347
26.57154107093811, 0.9852733016014099, 0.4905283451080322, 40.18056106567383, 96.64192199707031, 1.435032606124878, 0.006129805464297533, 0.006129805464297533
26.58154296875, 0.9952942132949829, 0.4491269588470459, 40.997154235839844, 94.8333740234375, 1.4350736141204834, 0.011591794900596142, 0.011591794900596142
26.59158730506897, 0.9952942132949829, 0.44913291931152344, 41.806304931640625, 93.94073486328125, 1.435101866722107, 0.022383496165275574, 0.022383496165275574
26.60156226158142, 0.9993119239807129, 0.4086494445800781, 42.46986770629883, 101.15348052978516, 1.435101866722107, 0.01749514415860176, 0.01819978468120098
26.61170268058777, 1.0047975778579712, 0.4226267337799072, 43.238277435302734, 89.18418884277344, 1.435101866722107, 0.01819978468120098, 0.01819978468120098
26.6215763092041, 1.0047975778579712, 0.3278970718383789, 43.83445739746094, 84.67559814453125, 1.435159683227539, 0.021681779995560646, 0.013904663734138012
26.631554126739502, 1.0087931156158447, 0.4087090492248535, 44.492740631103516, 89.73184967041016, 1.435159683227539, 0.013904663734138012, 0.013904663734138012
26.64162564277649, 1.0087931156158447, 0.27861595153808594, 44.99931335449219, 76.04026794433594, 1.4352010488510132, 0.01661716401576996, 0.01661716401576996
26.65155005455017, 1.0135046243667603, 0.3257334232330322, 45.58403778076172, 71.94671630859375, 1.4352010488510132, 0.018442289903759956, 0.018442289903759956
26.661552667617798, 1.017999291419983, 0.3636280596256256, 46.1790657043457, 76.56012725830078, 1.435143232345581, 0.010569389909505844, 0.010569389909505844
26.671534776687622, 1.0200070142745972, 0.34734010696411133, 46.821102142333984, 66.40548706054688, 1.4351149797439575, 0.01400010660290718, 0.01400010660290718
26.681811094284058, 1.022014856338501, 0.2671957015991211, 47.312049865722656, 63.14849853515625, 1.4350736141204834, 0.013148270547389984, 0.013148270547389984
26.691542387008667, 1.0240225791931152, 0.3192027509212494, 47.84190368652344, 67.0623779296875, 1.435101866722107, 0.013631170615553856, 0.013631170615553856
26.701534748077393, 1.0240225791931152, 0.2745654881000519, 48.28605651855469, 64.62478637695312, 1.435101866722107, 0.022924406453967094, 0.022924406453967094
26.71154260635376, 1.0240225791931152, 0.1922607421875, 48.6356201171875, 53.972625732421875, 1.4350608587265015, 0.010546855628490448, 0.010546855628490448
26.72156810760498, 1.026030421257019, 0.2359151840209961, 49.02912139892578, 57.71891403198242, 1.4350608587265015, 0.020695021376013756, 0.020695021376013756
26.73155403137207, 1.026030421257019, 0.1723766326904297, 49.342533111572266, 48.49815368652344, 1.4350608587265015, 0.026830729097127914, 0.026830729097127914
26.741575479507446, 1.026030421257019, 0.1723647117614746, 49.655921936035156, 46.56562805175781, 1.435101866722107, 0.02614002861082554, 0.02614002861082554
26.751543760299683, 1.026030421257019, 0.12526512145996094, 49.876220703125, 42.92182922363281, 1.435101866722107, 0.018849512562155724, 0.018849512562155724
26.761548042297363, 1.026030421257019, 0.08031129837036133, 50.022239685058594, 38.431549072265625, 1.435101866722107, 0.023827165365219116, 0.023827165365219116
26.7715482711792, 1.026030421257019, 0.066929392516613, 50.13176345825195, 36.78554916381836, 1.435101866722107, 0.016234351322054863, 0.016234351322054863
26.78154754638672, 1.026030421257019, 0.040149688720703125, 50.20476150512695, 28.927230834960938, 1.435101866722107, 0.01582457683980465, 0.01582457683980465
26.791629791259766, 1.026030421257019, 0.022318627685308456, 50.24128341674805, 26.65964698791504, 1.435101866722107, 0.02403309755027294, 0.02403309755027294
26.801567316055298, 1.026030421257019, 0.022305382415652275, 50.27778244018555, 22.13033103942871, 1.435101866722107, 0.02403309755027294, 0.020085901021957397
26.811543464660645, 1.026030421257019, 0.020074844360351562, 50.31428146362305, 16.786575317382812, 1.435101866722107, 0.020085901021957397, 0.01327176857739687
26.821768283843994, 1.026030421257019, 0.0, 50.31428146362305, 14.27883529663086, 1.435101866722107, 0.023829298093914986, 0.023829298093914986
26.83154821395874, 1.026030421257019, 0.0, 50.31428146362305, 9.717559814453125, 1.435101866722107, 0.008465440012514591, 0.008465440012514591
26.841622352600098, 1.026030421257019, 0.0, 50.31428146362305, 6.5837860107421875, 1.435101866722107, -0.0005478340899571776, -0.0005478340899571776
26.851547479629517, 1.012660026550293, -0.13370513916015625, 50.07118225097656, 1.9496917724609375, 1.435101866722107, 0.008600845001637936, 0.008600845001637936
26.861554384231567, 1.0105063915252686, -0.17248259484767914, 49.788936614990234, -2.591874837875366, 1.435101866722107, -0.04207751527428627, -0.04207751527428627
26.871551036834717, 1.0105063915252686, -0.15523433685302734, 49.50669479370117, -6.2511444091796875, 1.435101866722107, -0.07398192584514618, -0.07398192584514618
26.881551265716553, 1.0082859992980957, -0.17745494842529297, 49.18404769897461, -10.206985473632812, 1.435101866722107, -0.06444180011749268, -0.06444180011749268
26.89155149459839, 1.005134105682373, -0.23216670751571655, 48.80413818359375, -15.96832275390625, 1.435101866722107, -0.08757223188877106, -0.10311795771121979
26.90154266357422, 1.005134105682373, -0.20897388458251953, 48.42418670654297, -18.535614013671875, 1.435101866722107, -0.10311795771121979, -0.10311795771121979
26.911540031433105, 1.0034008026123047, -0.25145211815834045, 48.012718200683594, -25.57288360595703, 1.435101866722107, -0.06544739007949829, -0.06544739007949829
26.92153239250183, 1.0034008026123047, -0.2514256238937378, 47.601295471191406, -30.14458465576172, 1.435101866722107, -0.05884457379579544, -0.05884457379579544
26.931543350219727, 1.0006506443023682, -0.25380849838256836, 47.139827728271484, -31.744003295898438, 1.435101866722107, -0.0630464032292366, -0.0630464032292366
26.941580295562744, 0.9987067580223083, -0.2732276916503906, 46.64304733276367, -36.712646484375, 1.435101866722107, -0.047008875757455826, -0.047008875757455826
26.952059030532837, 0.9987067580223083, -0.15503829717636108, 46.38935089111328, -40.90966033935547, 1.435101866722107, -0.05101751908659935, -0.05101751908659935
26.961541175842285, 0.9927720427513123, -0.1970529556274414, 46.066898345947266, -41.355979919433594, 1.435101866722107, -0.057132840156555176, -0.057132840156555176
26.971556663513184, 0.9860264658927917, -0.2719826102256775, 45.6218376159668, -43.16499328613281, 1.435101866722107, -0.07570700347423553, -0.07570700347423553
26.98274326324463, 0.9860264658927917, -0.22259950637817383, 45.21710968017578, -39.66941833496094, 1.435101866722107, -0.07503871619701385, -0.07503871619701385
26.9915509223938, 0.9797938466072083, -0.2815723419189453, 44.75635528564453, -44.97528076171875, 1.435101866722107, -0.08731607347726822, -0.08731607347726822
27.00153923034668, 0.9728747010231018, -0.3584424555301666, 44.16981506347656, -47.27088165283203, 1.435101866722107, -0.05077150836586952, -0.05077150836586952
27.01152777671814, 0.966923177242279, -0.4052983522415161, 43.50659942626953, -50.067901611328125, 1.435101866722107, -0.0829843133687973, -0.0829843133687973
27.021775484085083, 0.966923177242279, -0.3647804260253906, 42.843360900878906, -47.57957458496094, 1.435101866722107, -0.0624174065887928, -0.0624174065887928
27.031540393829346, 0.9624720215797424, -0.4242062568664551, 42.14920425415039, -55.45170974731445, 1.435101866722107, -0.056792374700307846, -0.056792374700307846
27.041572093963623, 0.9557583332061768, -0.47719478607177734, 41.36833953857422, -58.60731506347656, 1.435101866722107, -0.09077499806880951, -0.09077499806880951
27.051557540893555, 0.9557583332061768, -0.4294872283935547, 40.58745574951172, -58.01849365234375, 1.435101866722107, -0.05285356193780899, -0.05285356193780899
27.061554670333862, 0.9557583332061768, -0.4112720489501953, 39.91446304321289, -68.36064910888672, 1.435101866722107, -0.046708039939403534, -0.046708039939403534
27.07153582572937, 0.9510294198989868, -0.34996867179870605, 39.27815628051758, -63.4368896484375, 1.435101866722107, -0.05118001997470856, -0.05118001997470856
27.081549406051636, 0.9358872771263123, -0.557091474533081, 38.366554260253906, -76.11719512939453, 1.435101866722107, -0.06024649739265442, -0.06024649739265442
27.091536283493042, 0.9282023906707764, -0.5159318447113037, 37.42849349975586, -73.27842712402344, 1.435101866722107, -0.07600239664316177, -0.07600239664316177
27.101545810699463, 0.9186182022094727, -0.5425512790679932, 36.442039489746094, -77.27775573730469, 1.435101866722107, -0.04242715984582901, -0.04242715984582901
27.112075805664062, 0.9186182022094727, -0.48305392265319824, 35.563758850097656, -79.42848205566406, 1.435101866722107, -0.07576335221529007, -0.044953588396310806
27.121554374694824, 0.9142518043518066, -0.5852315425872803, 34.60610580444336, -91.52518463134766, 1.435101866722107, -0.044953588396310806, -0.044953588396310806
27.131537199020386, 0.9081209301948547, -0.5435168743133545, 33.61789321899414, -85.31341552734375, 1.435101866722107, -0.0856415405869484, -0.048703040927648544
27.14155077934265, 0.9081209301948547, -0.47637224197387695, 32.75176239013672, -86.16523742675781, 1.435101866722107, -0.048703040927648544, -0.048703040927648544
27.151548862457275, 0.9011447429656982, -0.6068084239959717, 31.758804321289062, -98.09663391113281, 1.435101866722107, -0.06314563006162643, -0.06314563006162643
27.16155219078064, 0.8890971541404724, -0.6666183471679688, 30.546770095825195, -93.67637634277344, 1.435101866722107, -0.05754619091749191, -0.05754619091749191
27.171679258346558, 0.8820738792419434, -0.7661713361740112, 29.29303550720215, -110.94622802734375, 1.435101866722107, -0.05754619091749191, -0.05836731195449829
27.181642293930054, 0.8820738792419434, -0.5381226539611816, 28.31463050842285, -100.51956176757812, 1.435101866722107, -0.053946658968925476, -0.053946658968925476
27.191548585891724, 0.8712024092674255, -0.6333457231521606, 27.278247833251953, -112.77983093261719, 1.4350736141204834, -0.054003652185201645, -0.054003652185201645
27.202696561813354, 0.8712024092674255, -0.4741549491882324, 26.421283721923828, -100.20751953125, 1.4350736141204834, -0.015294445678591728, -0.05883369222283363
27.211565017700195, 0.8573291301727295, -0.680996298789978, 25.306926727294922, -113.9653549194336, 1.435101866722107, -0.05883369222283363, -0.05883369222283363
27.221558094024658, 0.8469770550727844, -0.7474952340126038, 24.078615188598633, -116.97218322753906, 1.435101866722107, -0.053472455590963364, -0.053472455590963364
27.231541872024536, 0.8469770550727844, -0.6114363670349121, 22.9669132232666, -106.50959014892578, 1.435101866722107, -0.022017192095518112, -0.022017192095518112
27.241558074951172, 0.8402842879295349, -0.6783664226531982, 21.733518600463867, -110.18257141113281, 1.435101866722107, -0.057657476514577866, -0.057657476514577866
27.251545429229736, 0.8294623494148254, -0.7964704036712646, 20.430204391479492, -125.87313842773438, 1.435159683227539, -0.02796531282365322, -0.02796531282365322
27.26156735420227, 0.8185427188873291, -0.7055342197418213, 19.13690185546875, -114.09854888916016, 1.435101866722107, -0.021480843424797058, -0.021480843424797058
27.271578788757324, 0.8185427188873291, -0.6353199481964111, 17.99228858947754, -113.00735473632812, 1.4350736141204834, -0.03408441320061684, -0.03408441320061684
27.281545162200928, 0.8091253638267517, -0.7294952869415283, 16.671070098876953, -116.43600463867188, 1.4350736141204834, -0.0309552401304245, -0.0309552401304245
27.291552782058716, 0.8091253638267517, -0.6207644939422607, 15.542407035827637, -117.3583984375, 1.4350736141204834, -0.035561203956604004, -0.035561203956604004
27.301541805267334, 0.7991325259208679, -0.7207036018371582, 14.232036590576172, -121.8923568725586, 1.4350736141204834, -0.05437181890010834, -0.05437181890010834
27.311538457870483, 0.7991325259208679, -0.6466309428215027, 13.17391300201416, -134.81118774414062, 1.435101866722107, -0.01715698279440403, -0.01715698279440403
27.321553707122803, 0.7901053428649902, -0.6319019794464111, 12.13475513458252, -132.70950317382812, 1.435101866722107, -0.01715698279440403, -0.0456603579223156
27.33154296875, 0.7720475792884827, -0.8325510621070862, 10.772398948669434, -135.49465942382812, 1.435101866722107, -0.00033228175016120076, -0.00033228175016120076
27.341551542282104, 0.7720475792884827, -0.6823718547821045, 9.531723022460938, -122.01786041259766, 1.435101866722107, 0.00465027429163456, 0.00465027429163456
27.351564645767212, 0.7626746296882629, -0.7420778274536133, 8.317413330078125, -134.58665466308594, 1.435101866722107, -0.01535310223698616, -0.01535310223698616
27.361555099487305, 0.7541446685791016, -0.7155339121818542, 7.146539688110352, -133.22628784179688, 1.435101866722107, -0.01685507409274578, -0.01685507409274578
27.371566772460938, 0.7541446685791016, -0.7155339121818542, 5.975666046142578, -133.51800537109375, 1.435101866722107, -0.005256707780063152, -0.005256707780063152
27.381561279296875, 0.7430329918861389, -0.7343556880950928, 4.773993015289307, -132.18984985351562, 1.4350736141204834, -0.015371313318610191, -0.015371313318610191
27.391554594039917, 0.7430329918861389, -0.7343623638153076, 3.577446222305298, -132.94400024414062, 1.4349875450134277, -0.04473656788468361, -0.04473656788468361
27.40156841278076, 0.7338359951972961, -0.6529688835144043, 2.405879020690918, -118.26148223876953, 1.434832215309143, -0.009942278265953064, -0.009942278265953064
27.411550521850586, 0.7336876392364502, -0.654447078704834, 1.2442169189453125, -119.29693603515625, 1.4346755743026733, -0.006722369231283665, -0.006722369231283665
27.421570301055908, 0.7336876392364502, -0.6268620491027832, 0.24692289531230927, -132.08706665039062, 1.4345935583114624, -0.004858847241848707, -0.004858847241848707
27.43156933784485, 0.7336876392364502, -0.383603572845459, -0.43562614917755127, -112.08029174804688, 1.434638261795044, -0.019626161083579063, -0.019626161083579063
27.441563606262207, 0.744563639163971, -0.27484893798828125, -0.9434794187545776, -104.75199127197266, 1.4347240924835205, 0.006521342322230339, 0.006521342322230339
27.45155119895935, 0.7714884281158447, 0.09793705493211746, -0.7988243699073792, -101.2915267944336, 1.4348679780960083, 0.02624320425093174, 0.02624320425093174
27.461553812026978, 0.7714884281158447, 0.17343759536743164, -0.5096442699432373, -76.5618667602539, 1.4351224899291992, 0.004689737688750029, 0.004689737688750029
27.47153949737549, 0.7823818922042847, 0.31375885009765625, -0.04249558970332146, -66.86844635009766, 1.435291051864624, 0.0021002772264182568, 0.00998649187386036
27.4815514087677, 0.790972113609314, 0.4793882369995117, 0.783494770526886, -39.90497589111328, 1.4353734254837036, 0.00998649187386036, 0.00998649187386036
27.491556882858276, 0.790972113609314, 0.5326535701751709, 1.6551097631454468, -21.359298706054688, 1.4353973865509033, -0.0022973408922553062, -0.0022973408922553062
27.501594305038452, 0.800430953502655, 0.7399519085884094, 2.8615834712982178, 5.063381671905518, 1.4354513883590698, 0.007979893125593662, 0.007979893125593662
27.511542081832886, 0.8100261092185974, 0.8482005596160889, 4.239729881286621, 33.283477783203125, 1.435434341430664, 0.014982462860643864, 0.014982462860643864
27.521767616271973, 0.8100261092185974, 0.7633864879608154, 5.630804538726807, 53.83881759643555, 1.43540620803833, 0.013411102816462517, 0.013411102816462517
27.53175163269043, 0.8127095103263855, 0.8780161738395691, 7.072673320770264, 83.42554473876953, 1.4353201389312744, 0.005133528728038073, 0.008128724060952663
27.54153800010681, 0.8141181468963623, 0.6955444812774658, 8.352949142456055, 92.96429443359375, 1.435279130935669, 0.008128724060952663, 0.008128724060952663
27.551539659500122, 0.8141181468963623, 0.42630434036254883, 9.135503768920898, 99.34329986572266, 1.435238242149353, 0.005242303013801575, 0.005242303013801575
27.561555862426758, 0.8186937570571899, 0.47205090522766113, 10.001212120056152, 105.10855102539062, 1.4351558685302734, 0.007329301908612251, 0.007329301908612251
27.571549654006958, 0.8251035213470459, 0.47468477487564087, 10.792945861816406, 120.39380645751953, 1.4350570440292358, 0.008907011710107327, 0.008907011710107327
27.581543684005737, 0.8251035213470459, 0.3413081169128418, 11.431474685668945, 106.47978973388672, 1.4350156784057617, 0.01126775611191988, 0.01126775611191988
27.5915584564209, 0.8368659615516663, 0.4589498043060303, 12.273449897766113, 106.18338775634766, 1.4350156784057617, 0.0057035028003156185, 0.0057035028003156185
27.601775884628296, 0.8449591994285583, 0.49474504590034485, 13.083032608032227, 113.57169342041016, 1.4350608587265015, 0.0126461461186409, 0.0126461461186409
27.611571311950684, 0.8449591994285583, 0.3493368625640869, 13.709976196289062, 94.70243835449219, 1.4350608587265015, 0.012811759486794472, 0.012811759486794472
27.62155032157898, 0.8449591994285583, 0.38814544677734375, 14.345123291015625, 96.82581329345703, 1.4351187944412231, 0.00046714794007129967, 0.00046714794007129967
27.631551265716553, 0.8506412506103516, 0.3793179988861084, 15.024258613586426, 79.51583862304688, 1.4351187944412231, 0.010231437161564827, 0.010231437161564827
27.641550302505493, 0.8506412506103516, 0.40580829977989197, 15.688307762145996, 81.50397491455078, 1.435159683227539, 0.0030146590434014797, 0.0030146590434014797
27.651551008224487, 0.8571504354476929, 0.4303276538848877, 16.463287353515625, 73.2779541015625, 1.4351149797439575, 0.0063956547528505325, 0.0063956547528505325
27.66157341003418, 0.8571504354476929, 0.4272990822792053, 17.170631408691406, 79.65998840332031, 1.4351558685302734, 0.008492235094308853, 0.008492235094308853
27.671526432037354, 0.8658836483955383, 0.45310789346694946, 17.904647827148438, 79.0190200805664, 1.4351558685302734, 0.01257762685418129, 0.01257762685418129
27.681541204452515, 0.8658836483955383, 0.45311450958251953, 18.646106719970703, 80.1625747680664, 1.4351842403411865, 0.007387990597635508, 0.007387990597635508
27.691534757614136, 0.8727210760116577, 0.3585517406463623, 19.292861938476562, 70.19415283203125, 1.435143232345581, 0.01238413155078888, 0.01238413155078888
27.70155954360962, 0.8804974555969238, 0.3948741555213928, 19.946474075317383, 76.26045989990234, 1.4352010488510132, 0.010120592080056667, 0.010120592080056667
27.7115421295166, 0.8804974555969238, 0.355374813079834, 20.58209800720215, 68.72100830078125, 1.435159683227539, 0.012309381738305092, 0.012309381738305092
27.7215313911438, 0.8842583894729614, 0.3930032253265381, 21.304170608520508, 69.59037780761719, 1.435159683227539, 0.004165378399193287, 0.004165378399193287
27.73154902458191, 0.8842583894729614, 0.3735091984272003, 21.915367126464844, 76.5679702758789, 1.435101866722107, 0.009694944135844707, 0.009694944135844707
27.741580486297607, 0.8879153728485107, 0.3727376461029053, 22.60358428955078, 69.15283203125, 1.435101866722107, 0.003645749995484948, 0.003645749995484948
27.752005577087402, 0.8926414847373962, 0.3943443298339844, 23.24887466430664, 75.39537048339844, 1.435101866722107, 0.016015835106372833, 0.016015835106372833
27.76154398918152, 0.8970409631729126, 0.3989100456237793, 23.974166870117188, 68.03550720214844, 1.4350736141204834, 0.013842349871993065, 0.013842349871993065
27.772016048431396, 0.8970409631729126, 0.3461970090866089, 24.545806884765625, 73.79065704345703, 1.4350736141204834, 0.013944721780717373, 0.013944721780717373
27.781900644302368, 0.8991413116455078, 0.33257007598876953, 25.150480270385742, 65.04383087158203, 1.435101866722107, 0.013585472479462624, 0.013585472479462624
27.792014360427856, 0.902974009513855, 0.33615031838417053, 25.69540786743164, 71.13922882080078, 1.435101866722107, 0.018644187599420547, 0.018644187599420547
27.801881551742554, 0.902974009513855, 0.24973684549331665, 26.104068756103516, 68.41765594482422, 1.435101866722107, 0.008243768475949764, 0.008243768475949764
27.81155490875244, 0.9057425260543823, 0.25244951248168945, 26.563066482543945, 59.80968475341797, 1.435101866722107, 0.010490987449884415, 0.010490987449884415
27.82156538963318, 0.9079346060752869, 0.2630617916584015, 26.993532180786133, 63.21504211425781, 1.435101866722107, 0.012190415523946285, 0.012190415523946285
27.831549644470215, 0.9092104434967041, 0.2495288848876953, 27.447219848632812, 55.318641662597656, 1.435101866722107, 0.00602333340793848, 0.00602333340793848
27.841548442840576, 0.9101753830909729, 0.24733278155326843, 27.851947784423828, 58.3150634765625, 1.435101866722107, 0.006736550014466047, 0.006736550014466047
27.851541996002197, 0.9101753830909729, 0.1753389835357666, 28.170745849609375, 49.21875, 1.435101866722107, 0.009807063266634941, 0.009807063266634941
27.86155939102173, 0.9105349779129028, 0.13493895530700684, 28.416088104248047, 44.419288635253906, 1.435101866722107, 0.008614574559032917, 0.008614574559032917
27.871549367904663, 0.9106285572052002, 0.15096531808376312, 28.663122177124023, 45.74775695800781, 1.435101866722107, 0.014416649006307125, 0.014416649006307125
27.881547689437866, 0.9106285572052002, 0.12763340771198273, 28.871976852416992, 41.35004806518555, 1.435101866722107, 0.006572250742465258, 0.006572250742465258
27.89153814315796, 0.9103585481643677, 0.0820557251572609, 29.006250381469727, 36.78724670410156, 1.435101866722107, 0.018121501430869102, 0.018121501430869102
27.901684999465942, 0.9100927114486694, 0.07118582725524902, 29.135679244995117, 30.316162109375, 1.435101866722107, 0.018104294314980507, 0.018104294314980507
27.911567449569702, 0.9100927114486694, 0.048326119780540466, 29.214757919311523, 29.463237762451172, 1.435101866722107, 0.016893582418560982, 0.016893582418560982
27.921585083007812, 0.9096107482910156, 0.01677870750427246, 29.24526596069336, 22.51739501953125, 1.435101866722107, 0.011040785349905491, 0.011040785349905491
27.931609392166138, 0.9092525839805603, 0.00046359168482013047, 29.246023178100586, 19.986682891845703, 1.435101866722107, 0.011040785349905491, 0.011999659240245819
27.941552877426147, 0.9092525839805603, -0.010258621536195278, 29.229236602783203, 15.30329418182373, 1.435101866722107, 0.00557754235342145, 0.00557754235342145
27.951553106307983, 0.9090530872344971, -0.011223554611206055, 29.208829879760742, 10.38055419921875, 1.435101866722107, -0.04096103459596634, -0.04096103459596634
27.961537837982178, 0.9090530872344971, -0.016457505524158478, 29.181900024414062, 8.509318351745605, 1.435101866722107, -0.050123319029808044, -0.050123319029808044
27.971532106399536, 0.9087364077568054, -0.021033816039562225, 29.14748191833496, 5.381478309631348, 1.435101866722107, -0.05319942161440849, -0.05319942161440849
27.981554746627808, 0.9088938236236572, -0.017344951629638672, 29.11594581604004, 2.4396896362304688, 1.435101866722107, -0.06109742447733879, -0.06109742447733879
27.991536140441895, 0.9088938236236572, -0.016278691589832306, 29.08930778503418, 0.9229447841644287, 1.435101866722107, -0.059292662888765335, -0.059292662888765335
28.001546144485474, 0.908639132976532, -0.014531612396240234, 29.062885284423828, -0.72784423828125, 1.435101866722107, -0.06677062064409256, -0.06677062064409256
28.011558771133423, 0.908639132976532, -0.016146235167980194, 29.03646469116211, -1.980887532234192, 1.435101866722107, -0.037608884274959564, -0.07355140894651413
28.021592378616333, 0.9077309370040894, -0.018799304962158203, 29.00228500366211, -2.4297714233398438, 1.435101866722107, -0.07355140894651413, -0.07355140894651413
28.031545877456665, 0.9047549962997437, -0.049975182861089706, 28.920507431030273, -3.617180824279785, 1.435101866722107, -0.03543134406208992, -0.03543134406208992
28.04155206680298, 0.9047549962997437, -0.044983625411987305, 28.83871841430664, -3.9049148559570312, 1.435101866722107, -0.04474390670657158, -0.04474390670657158
28.051837682724, 0.8999795317649841, -0.09072422981262207, 28.673765182495117, -5.350685119628906, 1.435101866722107, -0.043237581849098206, -0.05759333446621895
28.061574459075928, 0.8971283435821533, -0.1324945092201233, 28.45695686340332, -8.05494499206543, 1.435101866722107, -0.05759333446621895, -0.07409074157476425
28.071563720703125, 0.8296523094177246, -0.8787181377410889, 27.019054412841797, -23.64942741394043, 1.435101866722107, -0.07409074157476425, -0.07409074157476425
28.081573009490967, 0.8296523094177246, -0.7924079895019531, 25.578311920166016, -35.37635803222656, 1.435101866722107, -0.05400058999657631, -0.05400058999657631
28.091540813446045, 0.8833423852920532, -0.25551319122314453, 25.11374282836914, -39.75543975830078, 1.435101866722107, -0.030892057344317436, -0.030892057344317436
28.101542472839355, 0.8776034712791443, -0.34485259652137756, 24.5494384765625, -50.14949417114258, 1.435101866722107, -0.06928051263093948, -0.06928051263093948
28.111578702926636, 0.8776034712791443, -0.31035542488098145, 23.98515510559082, -50.51307678222656, 1.435101866722107, -0.018931876868009567, -0.018931876868009567
28.121594429016113, 0.8733325600624084, -0.3821982145309448, 23.359739303588867, -62.695396423339844, 1.435101866722107, -0.05086792632937431, -0.05086792632937431
28.13155961036682, 0.8654082417488098, -0.4371868371963501, 22.644344329833984, -69.73500061035156, 1.435101866722107, 0.0014301521005108953, 0.0014301521005108953
28.141685724258423, 0.8634004592895508, -0.4135429859161377, 21.892446517944336, -69.46258544921875, 1.435101866722107, -0.04933597519993782, -0.04933597519993782
28.151818990707397, 0.8613926768302917, -0.42873620986938477, 21.19087791442871, -83.14323425292969, 1.435101866722107, -0.04562431573867798, -0.04562431573867798
28.161850214004517, 0.8573771119117737, -0.4416902959346771, 20.46811294555664, -88.7650375366211, 1.435101866722107, -0.03965795412659645, -0.03965795412659645
28.171535968780518, 0.8594223856925964, 0.297701358795166, 21.009387969970703, -60.09674072265625, 1.435101866722107, -0.049886349588632584, -0.049886349588632584
28.181655645370483, 0.8527109026908875, 0.25620725750923157, 21.42863655090332, -46.107398986816406, 1.435101866722107, 0.012139975093305111, 0.012139975093305111
28.191653966903687, 0.8527109026908875, -0.3063201904296875, 20.87169075012207, -42.420387268066406, 1.435101866722107, 0.008698931895196438, 0.008698931895196438
28.201764345169067, 0.8462843894958496, -0.34799841046333313, 20.30223846435547, -47.19119644165039, 1.435101866722107, -0.0414113774895668, -0.0414113774895668
28.211804628372192, 0.8397418260574341, -0.37860870361328125, 19.613859176635742, -43.712806701660156, 1.435101866722107, -0.040434226393699646, -0.040434226393699646
28.22159481048584, 0.831275999546051, -0.4673004150390625, 18.849185943603516, -50.117279052734375, 1.435101866722107, 0.011573858559131622, 0.011573858559131622
28.231626987457275, 0.8272604942321777, -0.3814697265625, 18.15560531616211, -44.887351989746094, 1.435101866722107, -0.025605332106351852, -0.025605332106351852
28.241903066635132, 0.8232449293136597, -0.4015505313873291, 17.425512313842773, -44.669532775878906, 1.435101866722107, -0.04953164979815483, -0.04953164979815483
28.251639127731323, 0.8241936564445496, -0.3719925880432129, 16.749162673950195, -44.41699981689453, 1.435101866722107, -0.0430481880903244, -0.0430481880903244
28.261546850204468, 0.8241936564445496, -0.36870771646499634, 16.145822525024414, -48.02534484863281, 1.435101866722107, -0.050736814737319946, -0.050736814737319946
28.27160954475403, 0.8166901469230652, -0.427323579788208, 15.368870735168457, -56.40525817871094, 1.435101866722107, -0.009938432835042477, -0.009938432835042477
28.281678915023804, 0.806688129901886, -0.5113614797592163, 14.532096862792969, -76.62794494628906, 1.435101866722107, -0.03465019166469574, -0.03465019166469574
28.291553497314453, 0.806688129901886, -0.5113680958747864, 13.695313453674316, -79.7377700805664, 1.435101866722107, -0.028923392295837402, -0.07023854553699493
28.301580905914307, 0.8019182085990906, -0.49295690655708313, 12.888656616210938, -82.37309265136719, 1.435101866722107, -0.07023854553699493, -0.07023854553699493
28.311731100082397, 0.7911204695701599, -0.5402366518974304, 12.004632949829102, -84.54693603515625, 1.435101866722107, -0.005090652499347925, -0.005090652499347925
28.32154870033264, 0.7850971817970276, -0.4617750644683838, 11.16504192352295, -76.84164428710938, 1.435101866722107, -0.0546053983271122, -0.0546053983271122
28.331542491912842, 0.7770660519599915, -0.5577206611633301, 10.252408027648926, -87.81305694580078, 1.435101866722107, -0.03794177249073982, -0.03794177249073982
28.341599225997925, 0.7756452560424805, -0.47600865364074707, 9.386937141418457, -80.38597106933594, 1.4350736141204834, -0.013206671923398972, -0.013206671923398972
28.35156512260437, 0.7756452560424805, -0.48547983169555664, 8.509384155273438, -82.39765167236328, 1.4350736141204834, -0.02898067608475685, -0.02898067608475685
28.361548900604248, 0.763011634349823, -0.6797975897789001, 7.3969879150390625, -97.20929718017578, 1.4350736141204834, -0.03606387972831726, -0.03606387972831726
28.37296414375305, 0.7646685242652893, -0.578019380569458, 6.451138019561768, -99.0859146118164, 1.4350736141204834, -0.020158035680651665, -0.033533502370119095
28.381542921066284, 0.7608188390731812, -0.4586935043334961, 5.617149829864502, -89.14947509765625, 1.435101866722107, -0.033533502370119095, -0.033533502370119095
28.391542196273804, 0.7608188390731812, -0.509659469127655, 4.778024673461914, -99.0809326171875, 1.435101866722107, -0.023781247437000275, -0.023781247437000275
28.401549816131592, 0.7518301010131836, -0.50087571144104, 3.8673415184020996, -90.21324920654297, 1.435101866722107, -0.014260990545153618, -0.014260990545153618
28.411540746688843, 0.7419928908348083, -0.5458593368530273, 2.9741170406341553, -100.33909606933594, 1.435159683227539, -0.009952359832823277, -0.009952359832823277
28.421551942825317, 0.7419928908348083, -0.4310429096221924, 2.1798906326293945, -89.85147094726562, 1.4350736141204834, 0.015837347134947777, 0.015837347134947777
28.43227243423462, 0.7328949570655823, -0.44171810150146484, 1.3924157619476318, -88.59996795654297, 1.4349592924118042, -0.005051238462328911, -0.005051238462328911
28.44155502319336, 0.7349027395248413, -0.2910154163837433, 0.7059870362281799, -62.006744384765625, 1.4347747564315796, -0.005051238462328911, -0.02288838103413582
28.451592922210693, 0.7347915768623352, -0.8170723915100098, -0.036806054413318634, -170.9237518310547, 1.4346176385879517, -0.01533418521285057, -0.01509664673358202
28.461548328399658, 0.7424980401992798, -0.22792816162109375, -0.3812125325202942, -86.42437744140625, 1.4345935583114624, -0.01509664673358202, -0.01509664673358202
28.471535682678223, 0.7424980401992798, -0.24633938074111938, -0.7799350619316101, -80.3453140258789, 1.434679627418518, -0.00639068940654397, -0.00639068940654397
28.482045650482178, 0.7670271396636963, 0.062078237533569336, -0.6827145218849182, -62.998626708984375, 1.4349093437194824, -0.038407158106565475, -0.038407158106565475
28.491536855697632, 0.7770660519599915, 0.18053585290908813, -0.4290587902069092, -57.85649490356445, 1.4351226091384888, 0.010027301497757435, 0.010027301497757435
28.50154209136963, 0.7830893993377686, 0.3125905990600586, 0.10051220655441284, -37.66829299926758, 1.43524968624115, 0.0015267654089257121, 0.0015267654089257121
28.511550188064575, 0.7871049046516418, 0.5012485980987549, 0.8976322412490845, -23.072057723999023, 1.435360312461853, 0.004403229802846909, 0.004403229802846909
28.521567344665527, 0.7911204695701599, 0.5458593368530273, 1.7707427740097046, -4.546085834503174, 1.435442566871643, 0.0008510567131452262, 0.0008510567131452262
28.531539916992188, 0.793128252029419, 0.6023287773132324, 2.850930690765381, 14.585149765014648, 1.4354387521743774, 0.00821249932050705, 0.00821249932050705
28.54154920578003, 0.7965328097343445, 0.616300106048584, 3.972169876098633, 32.661827087402344, 1.4353935718536377, 0.0071821981109678745, 0.0071821981109678745
28.55204153060913, 0.797143816947937, 0.6928046345710754, 5.114064693450928, 57.231903076171875, 1.4353653192520142, 0.010266849771142006, 0.010266849771142006
28.561534881591797, 0.799151599407196, 0.6294780373573303, 6.149256706237793, 72.56076049804688, 1.4353073835372925, 0.00977436825633049, 0.00977436825633049
28.57154393196106, 0.799151599407196, 0.5665302276611328, 7.189845085144043, 79.69783782958984, 1.435279130935669, 0.011217791587114334, 0.011217791587114334
28.581567525863647, 0.8011593818664551, 0.3413259983062744, 7.815574645996094, 84.98287200927734, 1.435238242149353, 0.006705140229314566, 0.006705140229314566
28.591727256774902, 0.8031671643257141, 0.2900163233280182, 8.297581672668457, 96.96266174316406, 1.435196876525879, 0.005895728245377541, 0.005895728245377541
28.601544857025146, 0.8031671643257141, 0.20077824592590332, 8.688121795654297, 85.87612915039062, 1.4350980520248413, 0.01182488352060318, 0.01182488352060318
28.61154294013977, 0.8071827292442322, 0.22309356927871704, 9.053184509277344, 90.61723327636719, 1.4350570440292358, 0.0015511495294049382, 0.0015511495294049382
28.6215341091156, 0.8091904520988464, 0.20078155398368835, 9.389191627502441, 84.64940643310547, 1.4350156784057617, 0.00221283920109272, 0.00221283920109272
28.631540775299072, 0.8132060170173645, 0.20076632499694824, 9.76174259185791, 69.10810852050781, 1.4350440502166748, 0.0059338766150176525, 0.0059338766150176525
28.641552209854126, 0.8172215819358826, 0.2068936824798584, 10.1327543258667, 61.60588073730469, 1.4350608587265015, 0.006402710918337107, 0.006402710918337107
28.651551723480225, 0.8212371468544006, 0.2677043378353119, 10.56775951385498, 60.596466064453125, 1.4351187944412231, 0.010476340539753437, 0.010476340539753437
28.66155433654785, 0.8252527117729187, 0.261002779006958, 11.031776428222656, 48.82526397705078, 1.4351470470428467, 0.0004715608374681324, 0.0004715608374681324
28.67154312133789, 0.829268217086792, 0.30117034912109375, 11.574222564697266, 43.843746185302734, 1.4351879358291626, 0.012753058224916458, 0.012753058224916458
28.681885957717896, 0.831275999546051, 0.33462047576904297, 12.114348411560059, 47.76424789428711, 1.4352010488510132, 0.0146489841863513, 0.0146489841863513
28.69157838821411, 0.8332837820053101, 0.3011643886566162, 12.659536361694336, 43.619441986083984, 1.4351558685302734, 0.015137511305510998, 0.015137511305510998
28.70154070854187, 0.8352915644645691, 0.32125115394592285, 13.251843452453613, 45.63741683959961, 1.4350980520248413, 0.008884327486157417, 0.008884327486157417
28.71153974533081, 0.8372993469238281, 0.33462709188461304, 13.809926986694336, 52.852630615234375, 1.4350979328155518, 0.008379131555557251, 0.007875580340623856
28.72162103652954, 0.8393071293830872, 0.30117034912109375, 14.357531547546387, 49.683380126953125, 1.435143232345581, 0.007875580340623856, 0.007875580340623856
28.731539964675903, 0.8413149118423462, 0.3123283386230469, 14.86037826538086, 56.651432037353516, 1.435143232345581, 0.005701263435184956, 0.005701263435184956
28.741549491882324, 0.8433226943016052, 0.26099681854248047, 15.334918022155762, 52.02169418334961, 1.435159683227539, 0.012493263930082321, 0.012493263930082321
28.751675367355347, 0.8453304767608643, 0.26771095395088196, 15.769998550415039, 57.8026237487793, 1.4351598024368286, 0.012483775615692139, 0.012483775615692139
28.76271915435791, 0.8453304767608643, 0.20077824592590332, 16.135028839111328, 51.032447814941406, 1.4351879358291626, 0.001110279350541532, 0.001110279350541532
28.771567821502686, 0.8453304767608643, 0.16061663627624512, 16.42194366455078, 48.47726821899414, 1.4351598024368286, 0.001110279350541532, 0.013956315815448761
28.781554460525513, 0.8453304767608643, 0.15615755319595337, 16.682588577270508, 50.75825500488281, 1.435101866722107, 0.009845838882029057, 0.009845838882029057
28.791553497314453, 0.8453304767608643, 0.13385216891765594, 16.912153244018555, 47.25138473510742, 1.435101866722107, 0.003150682197883725, 0.003150682197883725
28.801555156707764, 0.8473382592201233, 0.13385216891765594, 17.13118553161621, 43.10353469848633, 1.4350736141204834, 0.010604512877762318, 0.010604512877762318
28.81155252456665, 0.8473382592201233, 0.10039806365966797, 17.318862915039062, 35.08949279785156, 1.4350736141204834, 0.003721185028553009, 0.003721185028553009
28.821618795394897, 0.8473382592201233, 0.08030533790588379, 17.464872360229492, 31.073379516601562, 1.4350736141204834, -0.0006115585565567017, -0.0006115585565567017
28.831534385681152, 0.8493459820747375, 0.08923477679491043, 17.61089324951172, 30.561235427856445, 1.435101866722107, 0.006519360933452845, 0.012230107560753822
28.84154200553894, 0.8493459820747375, 0.06023049354553223, 17.715267181396484, 23.8037109375, 1.435101866722107, 0.012230107560753822, 0.012230107560753822
28.85209846496582, 0.8493459820747375, 0.0401616096496582, 17.788288116455078, 20.18280029296875, 1.435101866722107, 0.013621650636196136, 0.010402043350040913
28.861563205718994, 0.8473382592201233, 0.022318627685308456, 17.824810028076172, 18.775304794311523, 1.435101866722107, 0.010402043350040913, 0.010402043350040913
28.871554613113403, 0.8473382592201233, 0.022305382415652275, 17.861309051513672, 15.993118286132812, 1.435101866722107, 0.007261858321726322, 0.007261858321726322
28.88172674179077, 0.8473382592201233, 0.020074844360351562, 17.897808074951172, 12.152099609375, 1.435101866722107, 0.013837362639605999, 0.013837362639605999
28.89152765274048, 0.8473382592201233, 0.0200808048248291, 17.93431854248047, 10.22186279296875, 1.435101866722107, 0.00035973277408629656, 0.006666164379566908
28.901535987854004, 0.8453304767608643, -0.02231200598180294, 17.897808074951172, 8.518007278442383, 1.435101866722107, 0.006666164379566908, 0.006666164379566908
28.911553621292114, 0.8453304767608643, -0.022318627685308456, 17.86128807067871, 6.026586055755615, 1.435101866722107, -0.009602480567991734, -0.009602480567991734
28.921558618545532, 0.8453304767608643, -0.020074844360351562, 17.824787139892578, 3.5991668701171875, 1.435101866722107, -0.041252948343753815, -0.041252948343753815
28.9315505027771, 0.8393071293830872, -0.10039210319519043, 17.642255783081055, 0.313568115234375, 1.435101866722107, -0.057529207319021225, -0.057529207319021225
28.94153666496277, 0.8372993469238281, -0.13385216891765594, 17.42322540283203, -3.244823932647705, 1.435101866722107, -0.049609214067459106, -0.049609214067459106
28.951553344726562, 0.8332837820053101, -0.17845630645751953, 17.131206512451172, -7.300482749938965, 1.435101866722107, -0.05231897905468941, -0.05231897905468941
28.96154236793518, 0.831275999546051, -0.17847616970539093, 16.839155197143555, -10.951995849609375, 1.435101866722107, -0.03134884312748909, -0.03134884312748909
28.971539735794067, 0.829268217086792, -0.20076830685138702, 16.510623931884766, -15.007655143737793, 1.435101866722107, -0.037504877895116806, -0.037504877895116806
28.981547832489014, 0.8252527117729187, -0.22085905075073242, 16.10906219482422, -17.887496948242188, 1.435101866722107, -0.010507333092391491, -0.010507333092391491
28.991546392440796, 0.8232449293136597, -0.26771095395088196, 15.670989990234375, -25.14818000793457, 1.435101866722107, -0.03823971003293991, -0.03823971003293991
29.001542568206787, 0.8212371468544006, -0.26769769191741943, 15.232939720153809, -29.609468460083008, 1.435101866722107, -0.01827051304280758, -0.01827051304280758
29.011563301086426, 0.8192293643951416, -0.26100873947143555, 14.758378028869629, -31.029129028320312, 1.435101866722107, -0.028302283957600594, -0.028302283957600594
29.021804571151733, 0.8192293643951416, -0.2610206604003906, 14.283795356750488, -35.410118103027344, 1.435101866722107, -0.03019910492002964, -0.03019910492002964
29.031593561172485, 0.8172215819358826, -0.2453923225402832, 13.882244110107422, -41.77771759033203, 1.435101866722107, -0.027591103687882423, -0.048934612423181534
29.041555881500244, 0.8152137994766235, -0.22085309028625488, 13.480692863464355, -39.42527770996094, 1.435101866722107, -0.048934612423181534, -0.048934612423181534
29.051546096801758, 0.8132060170173645, -0.20077228546142578, 13.115652084350586, -40.155696868896484, 1.435101866722107, 0.015900548547506332, 0.015900548547506332
29.061554670333862, 0.8091904520988464, -0.2453923225402832, 12.714101791381836, -45.83380126953125, 1.435101866722107, -0.030541662126779556, -0.030541662126779556
29.071548461914062, 0.8051749467849731, -0.24093985557556152, 12.276028633117676, -42.34609603881836, 1.435101866722107, -0.035314224660396576, -0.035314224660396576
29.081547737121582, 0.8051749467849731, -0.2230803221464157, 11.910988807678223, -46.645057678222656, 1.435101866722107, -0.06618472188711166, -0.06618472188711166
29.091540575027466, 0.797143816947937, -0.2610206604003906, 11.436405181884766, -42.34590530395508, 1.435101866722107, -0.022503120824694633, -0.022503120824694633
29.101522207260132, 0.795136034488678, -0.29000309109687805, 10.961854934692383, -47.45652770996094, 1.435101866722107, -0.03239819407463074, -0.03239819407463074
29.111538410186768, 0.7911204695701599, -0.2810955047607422, 10.450772285461426, -43.0760383605957, 1.435101866722107, -0.01919621042907238, -0.01919621042907238
29.12153649330139, 0.7891126871109009, -0.33462709188461304, 9.903200149536133, -48.67331314086914, 1.435101866722107, -0.012282701209187508, -0.012282701209187508
29.13153338432312, 0.7850971817970276, -0.3569391071796417, 9.31911849975586, -50.70135498046875, 1.435101866722107, -0.03343057259917259, -0.05584873631596565
29.1415433883667, 0.7830893993377686, -0.3212451934814453, 8.73503589630127, -47.45664596557617, 1.435101866722107, -0.05584873631596565, -0.05584873631596565
29.151583194732666, 0.7790738344192505, -0.37924447655677795, 8.11445426940918, -55.568695068359375, 1.435101866722107, 0.0020900450181216, 0.0020900450181216
29.16154718399048, 0.7730504870414734, -0.361400842666626, 7.457361698150635, -52.56757736206055, 1.435101866722107, -0.03187050670385361, -0.03187050670385361
29.17154598236084, 0.777435302734375, -0.27739405632019043, 6.953009128570557, -53.23009490966797, 1.435101866722107, -0.028540700674057007, -0.028540700674057007
29.181567192077637, 0.7748053073883057, -0.3036975860595703, 6.400831699371338, -55.101585388183594, 1.435101866722107, -0.004191772546619177, -0.004191772546619177
29.191548347473145, 0.7748053073883057, -0.24821360409259796, 5.994663715362549, -60.46379852294922, 1.435101866722107, -0.04097007215023041, -0.04097007215023041
29.201541423797607, 0.7589960694313049, -0.36139488220214844, 5.337582111358643, -56.24265670776367, 1.435101866722107, 0.020703472197055817, 0.020703472197055817
29.21155047416687, 0.7569882869720459, -0.37924447655677795, 4.717000484466553, -63.70856857299805, 1.435101866722107, -0.012322460301220417, -0.012322460301220417
29.22173500061035, 0.7549805045127869, -0.34131407737731934, 4.096429347991943, -58.06779861450195, 1.435101866722107, -0.016629835590720177, -0.016629835590720177
29.23154878616333, 0.7509649395942688, -0.34133195877075195, 3.475825786590576, -58.432960510253906, 1.435159683227539, -0.011786852963268757, -0.011786852963268757
29.24154496192932, 0.7449415922164917, -0.3814697265625, 2.7717323303222656, -59.63306427001953, 1.435101866722107, -0.01530482992529869, -0.01530482992529869
29.251575708389282, 0.7389183044433594, -0.44617387652397156, 2.0521416664123535, -67.35897064208984, 1.435101866722107, -0.01316043920814991, -0.01316043920814991
29.26154065132141, 0.746666669845581, -0.29316213726997375, 1.5724217891693115, -65.38819885253906, 1.435101866722107, -0.008425182662904263, -0.008425182662904263
29.27156639099121, 0.7288793921470642, -0.48555731773376465, 0.689590334892273, -62.634159088134766, 1.4350736141204834, -0.01347518339753151, -0.01347518339753151
29.281834363937378, 0.7288793921470642, -0.5102819800376892, -0.14027972519397736, -72.67906951904297, 1.4350156784057617, 0.016785062849521637, 0.016785062849521637
29.291543006896973, 0.7399558424949646, -0.34849047660827637, -0.7633649706840515, -67.58026885986328, 1.4348887205123901, -0.008129834197461605, -0.008129834197461605
29.301610708236694, 0.7389183044433594, -0.20077824592590332, -1.1053330898284912, -64.42916107177734, 1.434847354888916, 0.016798727214336395, -0.02827007696032524
29.31155562400818, 0.7449415922164917, -0.133858785033226, -1.3168537616729736, -67.04281616210938, 1.4348063468933105, -0.02827007696032524, -0.02827007696032524
29.32156229019165, 0.7509649395942688, -0.040149688720703125, -1.382397174835205, -54.78826904296875, 1.434793472290039, -0.012561189942061901, -0.012561189942061901
29.331544876098633, 0.7580100893974304, 0.07827414572238922, -1.2730388641357422, -52.76517105102539, 1.4349093437194824, -0.02633953094482422, -0.02633953094482422
29.34156322479248, 0.7634316086769104, 0.1849055290222168, -0.9599519371986389, -37.31684112548828, 1.4350364208221436, 0.009110447019338608, 0.009110447019338608
29.351535320281982, 0.7634316086769104, 0.2723601162433624, -0.5142717957496643, -28.515708923339844, 1.4351470470428467, nan, nan
29.361541271209717, 0.7698630094528198, 0.2319633960723877, -0.11263400316238403, -16.850555419921875, 1.4352742433547974, 0.0044684442691504955, 0.0044684442691504955
29.3715238571167, 0.7698630094528198, 0.4553794860839844, 0.6094058156013489, -0.890937089920044, 1.4353281259536743, 0.005177534185349941, 0.0073926737532019615
29.381531953811646, 0.7797701954841614, 0.5089104175567627, 1.5249006748199463, 16.651803970336914, 1.4353691339492798, 0.0073926737532019615, 0.0073926737532019615
29.391543865203857, 0.7750582695007324, 0.3900263011455536, 2.1556694507598877, 32.4337158203125, 1.4353244304656982, -0.00016455021977890283, -0.00016455021977890283
29.401546001434326, 0.7770660519599915, 0.38147568702697754, 2.8573896884918213, 39.627227783203125, 1.4353244304656982, 0.0005331372376531363, 0.0005331372376531363
29.41152024269104, 0.7820204496383667, 0.4119873046875, 3.531550645828247, 53.87116622924805, 1.4352664947509766, 0.0036421536933630705, 0.0036421536933630705
