28.48162078857422, 1.1884357929229736, -1.1531909704208374, 68.53866577148438, -194.8911895751953, 1.4352338314056396, 0.0, 0.0
28.491318941116333, 1.1884357929229736, -1.0378718376159668, 87.51820373535156, 30.185699462890625, 1.4352748394012451, 0.0, -0.0748365968465805
28.50135040283203, 1.1658867597579956, -1.1781189441680908, 85.58291625976562, 30.68288230895996, 1.4352748394012451, 0.0, -0.08182013034820557
28.51133131980896, 1.1658867597579956, -1.0603070259094238, 83.65508270263672, 25.121307373046875, 1.4352748394012451, 0.0, -0.08117066323757172
28.52132797241211, 1.1419366598129272, -1.1626124382019043, 81.54124450683594, 20.052337646484375, 1.4352748394012451, 0.0, -0.07230442762374878
28.53133487701416, 1.1419366598129272, -0.995635986328125, 79.73099517822266, 19.476318359375, 1.4352748394012451, 0.0, -0.06842361390590668
28.54132604598999, 1.1257673501968384, -1.1573195457458496, 77.62677764892578, 15.960693359375, 1.4352748394012451, 0.0, -0.06338606774806976
28.55134081840515, 1.1257673501968384, -1.0600090026855469, 75.89221954345703, 19.01923370361328, 1.4352748394012451, 0.0, -0.06984398514032364
28.56131911277771, 1.103243350982666, -1.3102689981460571, 73.74813842773438, 15.75300407409668, 1.4352338314056396, 0.0, -0.07909389585256577
28.571322441101074, 1.103243350982666, -1.0035514831542969, 71.93096160888672, 15.052032470703125, 1.4352338314056396, 0.0, -0.07551860064268112
28.58131456375122, 1.0696717500686646, -1.3196203708648682, 69.77157592773438, 13.69815444946289, 1.4352338314056396, 0.0, -0.05575799196958542
28.591304779052734, 1.0696717500686646, -1.1876463890075684, 67.61222076416016, -199.05929565429688, 1.4352338314056396, 0.0, -0.04304589703679085
28.60130739212036, 1.0502148866653442, -1.1567115783691406, 65.50910949707031, -200.738525390625, 1.4352338314056396, 0.0, -0.07806512713432312
28.61132025718689, 1.028985857963562, -1.5211237668991089, 63.02000045776367, -229.2777099609375, 1.4352055788040161, 0.0, -0.06143637001514435
28.62133526802063, 1.028985857963562, -1.1294960975646973, 60.97150802612305, -205.6976318359375, 1.4352338314056396, 0.0, -0.060245588421821594
28.63134527206421, 1.0045815706253052, -1.3735651969909668, 58.46897888183594, -212.61978149414062, 1.4352055788040161, 0.0, -0.09672828018665314
28.641343116760254, 1.0045815706253052, -1.3465086221694946, 56.27073669433594, -237.2894287109375, 1.4352055788040161, 0.0, -0.07352664321660995
28.651332139968872, 0.991513192653656, -1.3425350189208984, 53.82976531982422, -220.62530517578125, 1.4352338314056396, 0.0, -0.05929138883948326
28.661327600479126, 0.9650213718414307, -1.5357997417449951, 51.311500549316406, -249.29554748535156, 1.4352338314056396, 0.0, -0.07399309426546097
28.671319484710693, 0.9650213718414307, -1.3822197914123535, 48.79837417602539, -231.3251495361328, 1.4352338314056396, 0.0, -0.07950706034898758
28.68129825592041, 0.9432510137557983, -1.4046827554702759, 46.49980163574219, -258.575439453125, 1.4352338314056396, 0.0, -0.053863536566495895
28.691314935684204, 0.9432510137557983, -1.2642085552215576, 44.20124053955078, -234.11026000976562, 1.4352338314056396, 0.0, -0.05769238993525505
28.70131826400757, 0.9230054020881653, -1.4134314060211182, 41.88835144042969, -262.4532775878906, 1.4352055788040161, 0.0, -0.04896178096532822
28.711345195770264, 0.9023411870002747, -1.4071663618087769, 39.59085464477539, -260.3238525390625, 1.4352055788040161, 0.0, -0.04085439071059227
28.721317768096924, 0.9023411870002747, -1.2664318084716797, 37.28824996948242, -236.8328094482422, 1.4352338314056396, 0.0, -0.04125766456127167
28.731322526931763, 0.8846663236618042, -1.332388997077942, 35.102840423583984, -259.6236267089844, 1.4352338314056396, 0.0, -0.03720749914646149
28.741324186325073, 0.8560990691184998, -1.649803638458252, 32.40316390991211, -265.1947937011719, 1.4352338314056396, 0.0, -0.027344949543476105
28.75132703781128, 0.8560990691184998, -1.354140043258667, 29.941089630126953, -238.8866424560547, 1.4353327751159668, 0.30000001192092896, -0.04719366133213043
28.761343240737915, 0.8396267294883728, -1.253962516784668, 27.64316749572754, -236.6832733154297, 1.4353327751159668, 0.6000000238418579, -0.023705260828137398
28.77133011817932, 0.8396267294883728, -1.393271803855896, 25.363269805908203, -260.390380859375, 1.4353327751159668, 0.8999999761581421, -0.024459999054670334
28.781311750411987, 0.822199821472168, -1.2105107307434082, 23.16234016418457, -233.37440490722656, 1.4354439973831177, 1.2000000476837158, -0.027286719530820847
28.791321277618408, 0.798116147518158, -1.6126103401184082, 20.5033016204834, -263.3103332519531, 1.4354439973831177, 1.5, -0.034682244062423706
28.80132222175598, 0.798116147518158, -1.2488901615142822, 18.23259162902832, -236.55758666992188, 1.437373399734497, 1.7999999523162842, -0.04539508372545242
28.811323404312134, 0.7846482992172241, -1.30769944190979, 15.74191951751709, -264.98858642578125, 1.4396419525146484, 2.0999999046325684, 0.004596409387886524
28.821327686309814, 0.7846482992172241, -1.1769294738769531, 13.189583778381348, -240.98663330078125, 1.4426565170288086, 2.4000000953674316, -0.008227156475186348
28.831334829330444, 0.7620722651481628, -1.362144947052002, 10.412516593933105, -274.3369140625, 1.4462488889694214, 2.700000047683716, -0.02235446125268936
28.841317176818848, 0.7620722651481628, -0.9402751922607422, 8.049766540527344, -243.53370666503906, 1.4504289627075195, 3.0, 0.0023624547757208347
28.851332426071167, 0.7475168108940125, -1.2064708471298218, 5.315528392791748, -273.6176452636719, 1.4549777507781982, 3.299999952316284, -0.008732777088880539
28.8613064289093, 0.7475168108940125, -0.9211063385009766, 2.813737392425537, -248.2943572998047, 1.4600414037704468, 3.5999999046325684, -0.0008134894887916744
28.87130856513977, 0.7511235475540161, -0.8850336074829102, 0.28392112255096436, -250.79345703125, 1.465728521347046, 3.9000000953674316, -0.037421610206365585
28.88133668899536, 0.7741267681121826, -0.5341370701789856, -1.6241427659988403, -275.4053649902344, 1.4720219373703003, 4.199999809265137, 0.004891954828053713
28.89134454727173, 0.7741267681121826, -0.2665519714355469, -3.204576253890991, -263.4208984375, 1.478710412979126, 4.5, -0.014520096592605114
28.901336193084717, 0.8079313039779663, 0.10906325280666351, -4.2421956062316895, -249.7197723388672, 1.4858276844024658, 0.0, 0.009127232246100903
28.911354541778564, 0.8079313039779663, 0.2328336238861084, -5.112911224365234, -208.54830932617188, 1.4929877519607544, 0.0, 0.004858216270804405
28.92133402824402, 0.8529052734375, 0.6825745105743408, -5.173696994781494, -183.6328125, 1.4989280700683594, 0.0, 0.0039711203426122665
28.93134045600891, 0.8771626353263855, 1.2787712812423706, -4.161220073699951, -161.93040466308594, 1.501896858215332, 0.0, 0.002347016241401434
28.941330432891846, 0.8771626353263855, 1.15090012550354, -2.6084539890289307, -106.58221435546875, 1.500609278678894, 0.0, 0.007779927458614111
28.951316118240356, 0.9080040454864502, 1.6048729419708252, 0.5436022877693176, -47.719276428222656, 1.4963573217391968, 0.0, 0.017422055825591087
28.96131181716919, 0.9305719137191772, 2.033942222595215, 4.644954681396484, 20.346879959106445, 1.491453766822815, 0.0, 0.012916945852339268
28.971328496932983, 0.9305719137191772, 1.7944931983947754, 8.799224853515625, 85.15303039550781, 1.4871147871017456, 0.0, 0.010649307630956173
28.98130989074707, 0.9557376503944397, 1.8161118030548096, 12.890151977539062, 145.14295959472656, 1.4838430881500244, 0.0, 0.01246783509850502
28.991335153579712, 0.9700371623039246, 2.1767683029174805, 17.0469913482666, 225.01742553710938, 1.4824405908584595, 0.0, 0.010327566415071487
29.001302003860474, 0.9700371623039246, 1.6210675239562988, 20.249385833740234, 244.915771484375, 1.4832022190093994, 0.0, 0.004469003994017839
29.011356115341187, 0.9909585118293762, 1.8302619457244873, 23.438655853271484, 285.5157775878906, 1.484795093536377, 0.0, 0.015715112909674644
29.021329402923584, 1.0039355754852295, 1.6781158447265625, 25.895050048828125, 345.2081604003906, 1.486527681350708, 0.0, 0.012180338613688946
29.031314849853516, 1.0039355754852295, 1.2677371501922607, 27.885011672973633, 320.46240234375, 1.488108515739441, 0.0, 0.01911327615380287
29.04133129119873, 1.0163427591323853, 1.3918042182922363, 30.12813949584961, 327.3660583496094, 1.4887163639068604, 0.0, 0.011914079077541828
29.051341772079468, 1.0259671211242676, 1.310699462890625, 32.16240310668945, 351.3198547363281, 1.4880177974700928, 0.0, 0.017553703859448433
29.061320304870605, 1.0259671211242676, 1.0599560737609863, 34.023887634277344, 326.4323425292969, 1.4868844747543335, 0.0, 0.015410029329359531
29.071325302124023, 1.0326426029205322, 1.0206997394561768, 36.08576583862305, 272.86529541015625, 1.485341191291809, 0.0, 0.014091410674154758
29.081327199935913, 1.0326426029205322, 0.8544921875, 37.76462173461914, 276.3835144042969, 1.485341191291809, 0.0, 0.027600307017564774
29.091307163238525, 1.0449737310409546, 0.8326238989830017, 39.127098083496094, 245.33462524414062, 1.4821152687072754, 0.0, 0.019419001415371895
29.10130476951599, 1.057037353515625, 0.8700013160705566, 41.295448303222656, 210.4600830078125, 1.4812108278274536, 0.0, 0.02413223683834076
29.111311674118042, 1.057037353515625, 0.7342100143432617, 42.66132736206055, 213.5853271484375, 1.4808496236801147, 0.0, 0.017733676359057426
29.12132453918457, 1.063450574874878, 0.6612936854362488, 43.809120178222656, 199.0449676513672, 1.481007695198059, 0.0, 0.023092985153198242
29.131324529647827, 1.063450574874878, 0.5951404571533203, 44.86245346069336, 169.77462768554688, 1.4814188480377197, 0.0, 0.019882215186953545
29.141308069229126, 1.087470531463623, 0.7112860679626465, 46.0809440612793, 159.52796936035156, 1.481982707977295, 0.0, 0.03386281058192253
29.151307582855225, 1.0997241735458374, 0.8195108771324158, 47.31944274902344, 168.41168212890625, 1.4823843240737915, 0.0, 0.024672258645296097
29.16131854057312, 1.0997241735458374, 0.7375717163085938, 48.587459564208984, 145.635986328125, 1.4824532270431519, 0.0, 0.03240475803613663
29.171338319778442, 1.120200514793396, 0.8755683898925781, 50.166873931884766, 140.8111572265625, 1.4823461771011353, 0.0, 0.04810795187950134
29.181323766708374, 1.120200514793396, 0.8755803108215332, 51.77830123901367, 140.13633728027344, 1.482363224029541, 0.0, 0.03791075199842453
29.191357612609863, 1.1424956321716309, 1.0835859775543213, 53.548343658447266, 160.23635864257812, 1.4822521209716797, 0.0, 0.06034934148192406
29.2013258934021, 1.153483271598816, 0.9644627571105957, 55.322113037109375, 140.26641845703125, 1.482377052307129, 0.0, 0.05701221898198128
29.211344718933105, 1.153483271598816, 1.0716252326965332, 57.0529670715332, 159.90744018554688, 1.4828115701675415, 0.0, 0.041082486510276794
29.221407651901245, 1.1681840419769287, 1.0473370552062988, 58.878211975097656, 150.6908416748047, 1.4834027290344238, 0.0, 0.05988819897174835
29.231374502182007, 1.1810154914855957, 1.3062821626663208, 60.90828323364258, 178.28707885742188, 1.4838011264801025, 0.0, 0.0786554217338562
29.24131751060486, 1.1810154914855957, 0.9354472160339355, 62.536659240722656, 164.55764770507812, 1.4841485023498535, 0.0, 0.07324159145355225
29.25132727622986, 1.1981686353683472, 1.0938115119934082, 64.26337432861328, 188.26548767089844, 1.484315276145935, 0.0, 0.06790297478437424
29.26129674911499, 1.1981686353683472, 1.0938247442245483, 66.02294921875, 193.7277069091797, 1.48430597782135, 0.0, 0.08854100108146667
29.27133560180664, 1.2142460346221924, 0.9404659271240234, 67.73457336425781, 175.6763458251953, 1.4842538833618164, 0.0, 0.09843932092189789
29.281315565109253, 1.2254750728607178, 1.169721245765686, 69.65813446044922, 198.66519165039062, 1.484171748161316, 0.0, 0.11445257812738419
29.291337728500366, 1.2254750728607178, 0.8297920227050781, 71.1817855834961, 176.33438110351562, 1.4841115474700928, 0.0, 0.14068399369716644
29.30132246017456, 1.2366044521331787, 0.9235805869102478, 72.70404052734375, 193.13304138183594, 1.4842106103897095, 0.0, 0.15181496739387512
29.311333179473877, 1.2366044521331787, 0.8312106132507324, 74.19731903076172, 171.44317626953125, 1.4842413663864136, 0.0, 0.12461355328559875
29.321354866027832, 1.2489053010940552, 0.8072018623352051, 75.65937042236328, 167.81158447265625, 1.4842628240585327, 0.0, 0.10715838521718979
29.331315755844116, 1.259007453918457, 0.7799267768859863, 77.07351684570312, 161.65237426757812, 1.4842071533203125, 0.0, 0.193863183259964
29.341351747512817, 1.259007453918457, 0.8665720820426941, 78.50166320800781, 177.3893585205078, 1.4840607643127441, 0.0, 0.17921580374240875
29.35135507583618, 1.2689061164855957, 0.7073760032653809, 79.81442260742188, 155.50994873046875, 1.4838069677352905, 0.0, 0.18127548694610596
29.361353397369385, 1.2689061164855957, 0.7073521614074707, 81.14665985107422, 151.23672485351562, 1.4836434125900269, 0.0, 0.17841887474060059
29.37132954597473, 1.2806122303009033, 0.7374154329299927, 82.3830795288086, 162.76211547851562, 1.4835678339004517, 0.0, 0.2819346487522125
29.38131284713745, 1.2894266843795776, 0.7105668187141418, 83.55956268310547, 154.4596405029297, 1.4835569858551025, 0.0, 0.3066648840904236
29.391350030899048, 1.2894266843795776, 0.6395220756530762, 84.72430419921875, 135.42556762695312, 1.4836769104003906, 0.0, 0.2514472007751465
29.401430130004883, 1.2981594800949097, 0.6155610084533691, 85.82170104980469, 131.1767578125, 1.4838809967041016, 0.0, 0.23557662963867188
29.41132664680481, 1.2981594800949097, 0.6839434504508972, 86.90377807617188, 141.18194580078125, 1.4842212200164795, 0.0, 0.345430463552475
29.42134976387024, 1.3038592338562012, 0.5495429039001465, 87.8410873413086, 121.81777954101562, 1.4844666719436646, 0.0, 0.23030075430870056
29.431347846984863, 1.3128682374954224, 0.5385994911193848, 88.77572631835938, 117.022705078125, 1.4846248626708984, 0.0, 0.39200717210769653
29.441348552703857, 1.3128682374954224, 0.5386114120483398, 89.72625732421875, 112.24517822265625, 1.4846457242965698, 0.0, 0.3496829867362976
29.451433897018433, 1.31508469581604, 0.5130900144577026, 90.56207275390625, 119.41867065429688, 1.4846396446228027, 0.0, 0.3476906418800354
29.461308240890503, 1.322435736656189, 0.5947749018669128, 91.53644561767578, 115.44206237792969, 1.4845494031906128, 0.0, 0.4981091618537903
29.471327543258667, 1.322435736656189, 0.46469104290008545, 92.3132553100586, 110.33460998535156, 1.4844286441802979, 0.0, 0.47167646884918213
29.481318473815918, 1.3267881870269775, 0.3736138343811035, 93.01451110839844, 94.549560546875, 1.4844502210617065, 0.0, 0.44479599595069885
29.49131751060486, 1.3267881870269775, 0.4151264727115631, 93.68988037109375, 99.61785125732422, 1.4844931364059448, 0.0, 0.43348628282546997
29.501323461532593, 1.3291974067687988, 0.31038522720336914, 94.24641418457031, 84.24758911132812, 1.4845389127731323, 0.0, 0.4365161061286926
29.511331796646118, 1.3291974067687988, 0.31038522720336914, 94.80242919921875, 78.985595703125, 1.4845049381256104, 0.0, 0.468934029340744
29.521316528320312, 1.333729863166809, 0.2987027168273926, 95.3517074584961, 75.1068115234375, 1.4843943119049072, 0.0, 0.4280126690864563
29.531310319900513, 1.3352718353271484, 0.24892224371433258, 95.77914428710938, 77.81558227539062, 1.4841783046722412, 0.0, 0.49165135622024536
29.541324138641357, 1.3352718353271484, 0.2489354908466339, 96.22576904296875, 72.21560668945312, 1.4838650226593018, 0.0, 0.5338318347930908
29.551334857940674, 1.3364394903182983, 0.21355152130126953, 96.67100524902344, 61.090087890625, 1.4836398363113403, 0.0, 0.4187508821487427
29.5614333152771, 1.3364394903182983, 0.14002323150634766, 96.96653747558594, 54.300689697265625, 1.4834398031234741, 0.0, 0.3917173743247986
29.571309328079224, 1.336684226989746, 0.14249086380004883, 97.26197814941406, 49.488067626953125, 1.4833945035934448, 0.0, 0.5864517688751221
29.58131742477417, 1.335847020149231, 0.1006656214594841, 97.43494415283203, 49.11549758911133, 1.4834290742874146, 0.0, 0.4664694368839264
29.59134030342102, 1.335847020149231, 0.09058713912963867, 97.5933609008789, 39.0350341796875, 1.483451008796692, 0.0, 0.4932769238948822
29.60130786895752, 1.3344380855560303, 0.05240440368652344, 97.68465423583984, 34.38262939453125, 1.4835907220840454, 0.0, 0.49893882870674133
29.611343145370483, 1.3344380855560303, 0.058240361511707306, 97.75455474853516, 32.80131149291992, 1.4836647510528564, 0.0, 0.5050308108329773
29.62132167816162, 1.332228183746338, -0.015020370483398438, 97.71378326416016, 23.62060546875, 1.4836310148239136, 0.0, -0.0736343115568161
29.6313316822052, 1.332228183746338, -0.03044605255126953, 97.66455841064453, 18.854522705078125, 1.483628749847412, 0.0, -0.06617063283920288
29.641342163085938, 1.3282040357589722, -0.07853242754936218, 97.53646087646484, 14.56281852722168, 1.4836275577545166, 0.0, -0.0657728761434555
29.651299238204956, 1.3227213621139526, -0.13717412948608398, 97.28726959228516, 6.16302490234375, 1.4835890531539917, 0.0, -0.07075522094964981
29.66132378578186, 1.3227213621139526, -0.1524156928062439, 97.04486846923828, 0.8697509765625, 1.4836435317993164, 0.0, -0.07768060266971588
29.67137575149536, 1.3160936832427979, -0.20591020584106445, 96.66057586669922, -6.014251708984375, 1.483831763267517, 0.0, -0.07619000971317291
29.68131923675537, 1.3114105463027954, -0.27150577306747437, 96.18207550048828, -13.921101570129395, 1.4840692281723022, 0.0, -0.04990847781300545
29.691325187683105, 1.3114105463027954, -0.24436712265014648, 95.69459533691406, -18.987274169921875, 1.4843618869781494, 0.0, -0.07418867945671082
29.701310634613037, 1.3065019845962524, -0.2793550491333008, 95.13346099853516, -25.51116943359375, 1.4846402406692505, 0.0, -0.08253023773431778
29.71130871772766, 1.301726222038269, -0.32712221145629883, 94.48809051513672, -32.665252685546875, 1.4847922325134277, 0.0, -0.06666719168424606
29.72132158279419, 1.301726222038269, -0.305020809173584, 93.90586853027344, -38.079071044921875, 1.4849385023117065, 0.0, -0.06949467211961746
29.73135757446289, 1.295298457145691, -0.4103316068649292, 93.20782470703125, -49.51900863647461, 1.4850085973739624, 0.0, -0.07135218381881714
29.741312742233276, 1.2898619174957275, -0.3834366798400879, 92.49791717529297, -50.385284423828125, 1.4850363731384277, 0.0, -0.08404317498207092
29.75132131576538, 1.2898619174957275, -0.3651115596294403, 91.89541625976562, -59.91024398803711, 1.484994888305664, 0.0, -0.0760345458984375
29.761327743530273, 1.2818059921264648, -0.40913820266723633, 91.15907287597656, -58.858489990234375, 1.4849116802215576, 0.0, -0.08120488375425339
29.771328926086426, 1.2718371152877808, -0.49173831939697266, 90.36953735351562, -69.89966583251953, 1.48489511013031, 0.0, -0.07269921898841858
29.78131937980652, 1.2718371152877808, -0.3957390785217285, 89.65302276611328, -65.29006958007812, 1.484845757484436, 0.0, -0.09162742644548416
29.791325092315674, 1.2606900930404663, -0.507199764251709, 88.73981475830078, -69.54879760742188, 1.4847244024276733, 0.0, -0.06559941917657852
29.801320552825928, 1.2533364295959473, -0.5907350182533264, 87.79521942138672, -81.53618621826172, 1.484602928161621, 0.0, -0.10085476189851761
29.811327934265137, 1.2533364295959473, -0.48390626907348633, 86.9374771118164, -75.50506591796875, 1.48448646068573, 0.0, -0.09918053448200226
29.821313619613647, 1.2408547401428223, -0.6763537526130676, 85.85189056396484, -89.48855590820312, 1.4844001531600952, 0.0, -0.08583380281925201
29.831321239471436, 1.2321586608886719, -0.7015334367752075, 84.71961975097656, -94.31372833251953, 1.4842828512191772, 0.0, -0.06938143819570541
29.84137272834778, 1.2321586608886719, -0.6411473155021667, 83.69180297851562, -97.84613800048828, 1.4841963052749634, 0.0, -0.06289754062891006
29.85131812095642, 1.2206649780273438, -0.6919741630554199, 82.44940185546875, -94.45953369140625, 1.4840917587280273, 0.0, -0.08175390213727951
29.861348628997803, 1.2206649780273438, -0.611412525177002, 81.35675048828125, -98.02398681640625, 1.4840669631958008, 0.0, -0.10616306960582733
29.871328115463257, 1.2079437971115112, -0.6389379501342773, 80.19955444335938, -101.6998291015625, 1.483962059020996, 0.0, -0.09341060370206833
29.881321668624878, 1.1954485177993774, -0.8487436771392822, 78.82977294921875, -120.2570571899414, 1.483833909034729, 0.0, -0.09437599033117294
29.891330242156982, 1.1954485177993774, -0.6524085998535156, 77.66687774658203, -110.72998046875, 1.4836277961730957, 0.0, -0.10103219747543335
29.90133023262024, 1.1829131841659546, -0.7042407989501953, 76.42391204833984, -113.71383666992188, 1.483576774597168, 0.0, -0.1038653552532196
29.91132092475891, 1.1688894033432007, -0.8444786071777344, 74.89777374267578, -120.39718627929688, 1.4834641218185425, 0.0, -0.07042180001735687
29.921325206756592, 1.1562937498092651, -0.9395678639411926, 73.38078308105469, -138.56675720214844, 1.4833580255508423, 0.0, -0.08869309723377228
29.93133044242859, 1.1562937498092651, -0.7586479187011719, 72.02071380615234, -126.98974609375, 1.4833457469940186, 0.0, -0.10388573259115219
29.941333293914795, 1.148067593574524, -0.9343359470367432, 70.49403381347656, -146.64120483398438, 1.4833470582962036, 0.0, -0.07019974291324615
29.951342344284058, 1.1315265893936157, -0.8913874626159668, 68.87308502197266, -135.7635498046875, 1.4832648038864136, 0.0, -0.09143821895122528
29.961307764053345, 1.1315265893936157, -0.8913755416870117, 67.26736450195312, -140.8935546875, 1.483211874961853, 0.0, -0.09884069859981537
29.971308946609497, 1.1153593063354492, -0.9258508682250977, 65.59362030029297, -146.05865478515625, 1.4832448959350586, 0.0, -0.0671311691403389
29.981308221817017, 1.1023058891296387, -1.0349221229553223, 63.894107818603516, -165.95289611816406, 1.483413815498352, 0.0, -0.07262731343507767
29.991318225860596, 1.1023058891296387, -1.0349087715148926, 62.16990661621094, -172.18780517578125, 1.483564853668213, 0.0, -0.08423330634832382
30.001306295394897, 1.0902680158615112, -0.9264707565307617, 60.45795440673828, -159.65957641601562, 1.4836840629577637, 0.0, -0.09190350770950317
30.011320114135742, 1.0730071067810059, -1.0653469562530518, 58.6929817199707, -180.0537109375, 1.483760952949524, 0.0, -0.10981491208076477
30.021344661712646, 1.0730071067810059, -0.9253952503204346, 57.16471862792969, -180.17832946777344, 1.4838099479675293, 0.0, -0.0712679922580719
30.031306982040405, 1.0574865341186523, -0.9880781173706055, 55.35930633544922, -166.61376953125, 1.4837924242019653, 0.0, -0.07804691046476364
30.041322946548462, 1.0574865341186523, -1.0064575672149658, 53.71556091308594, -186.42721557617188, 1.483750820159912, 0.0, -0.06837476789951324
30.051317930221558, 1.0441856384277344, -0.97046959400177, 52.13508605957031, -185.97836303710938, 1.48363196849823, 0.0, -0.09270311892032623
30.06134033203125, 1.0441856384277344, -0.8733987808227539, 50.568695068359375, -166.98646545410156, 1.4833647012710571, 0.0, -0.06846614181995392
30.071312189102173, 1.0196057558059692, -1.0639296770095825, 48.87631607055664, -185.74778747558594, 1.4832077026367188, 0.0, -0.06946612894535065
30.08135461807251, 1.0043617486953735, -0.9794354438781738, 47.12406921386719, -167.70095825195312, 1.4829977750778198, 0.0, -0.07417457550764084
30.09132432937622, 1.0043617486953735, -1.0882748365402222, 45.38142395019531, -186.5386962890625, 1.4827953577041626, 0.0, -0.08621878176927567
30.10129737854004, 0.9881274104118347, -1.0213971138000488, 43.56114196777344, -168.96820068359375, 1.4825483560562134, 0.0, -0.08342419564723969
30.111347675323486, 0.9881274104118347, -0.9431176781654358, 42.062767028808594, -184.78012084960938, 1.4822394847869873, 0.0, -0.05358540639281273
30.121325969696045, 0.9646998047828674, -1.083076000213623, 40.149696350097656, -170.1496124267578, 1.4819581508636475, 0.0, -0.0691719502210617
30.13132357597351, 0.9421533942222595, -1.2814866304397583, 38.1038703918457, -191.72711181640625, 1.4816402196884155, 0.0, -0.05233556032180786
30.141321420669556, 0.9303717613220215, -1.4123849868774414, 35.850502014160156, -198.50115966796875, 1.4812989234924316, 0.0, -0.05781171843409538
30.15133786201477, 0.9303717613220215, -1.1381328105926514, 33.843223571777344, -182.91854858398438, 1.480944037437439, 0.0, -0.05660739913582802
30.16130828857422, 0.9159654378890991, -1.2822091579437256, 31.576457977294922, -189.92233276367188, 1.4805617332458496, 0.0, -0.049690764397382736
30.17133069038391, 0.9017655849456787, -1.3093219995498657, 29.503440856933594, -215.25404357910156, 1.4801716804504395, 0.0, -0.05532399192452431
30.181322813034058, 0.9017655849456787, -1.0259628295898438, 27.70897102355957, -194.1509246826172, 1.4797917604446411, 0.0, -0.07135729491710663
30.19132900238037, 0.8875285387039185, -1.2981494665145874, 25.6538028717041, -219.19589233398438, 1.4794331789016724, 0.0, -0.03201279416680336
30.201359033584595, 0.8875285387039185, -1.005995273590088, 23.889917373657227, -196.7121124267578, 1.4791030883789062, 0.0, -0.07850955426692963
30.211299657821655, 0.8660520315170288, -1.3563897609710693, 21.73038673400879, -225.9156951904297, 1.478785514831543, 0.0, -0.03957778960466385
30.221320867538452, 0.8533115386962891, -1.237644076347351, 19.76289176940918, -226.51968383789062, 1.478491187095642, 0.0, -0.03082389198243618
30.23132038116455, 0.8533115386962891, -0.8884131908416748, 18.201108932495117, -199.02783203125, 1.4781275987625122, 0.0, -0.02865833044052124
30.241341829299927, 0.833423376083374, -0.9694874286651611, 16.504512786865234, -193.45970153808594, 1.477705478668213, 0.0, -0.03212122619152069
30.251320362091064, 0.8182302117347717, -1.246015191078186, 14.542327880859375, -214.45443725585938, 1.4772967100143433, 0.0, -0.056168075650930405
30.26131772994995, 0.8182302117347717, -1.085950255393982, 12.839639663696289, -208.1868896484375, 1.476906657218933, 0.0, -0.031394582241773605
30.271310091018677, 0.8044652342796326, -1.08111572265625, 11.141459465026855, -204.02188110351562, 1.4764933586120605, 0.0, -0.05492982268333435
30.281306505203247, 0.7891501784324646, -1.2512869834899902, 9.169044494628906, -205.99916076660156, 1.4760887622833252, 0.0, -0.04070740193128586
30.291340589523315, 0.7891501784324646, -1.0930895805358887, 7.453915596008301, -202.22134399414062, 1.475564956665039, 0.0, -0.033844929188489914
30.30132246017456, 0.7794384360313416, -1.0808944702148438, 5.583890438079834, -183.06027221679688, 1.4749367237091064, 0.0, 0.007708308752626181
30.311305046081543, 0.780767023563385, -0.9476144909858704, 4.147472381591797, -195.36558532714844, 1.4742814302444458, 0.0, -0.007021308410912752
30.321327686309814, 0.7868595123291016, -0.7383558750152588, 3.0583980083465576, -185.60546875, 1.4737688302993774, 0.0, -0.017676882445812225
30.331319570541382, 0.7868595123291016, -0.6645262241363525, 1.943368673324585, -162.5773468017578, 1.4732528924942017, 0.0, -0.018771037459373474
30.341331243515015, 0.8074865341186523, -0.2881818413734436, 1.5656051635742188, -165.98806762695312, 1.4728193283081055, 0.0, -0.023177891969680786
30.35136842727661, 0.8074865341186523, -0.1074373722076416, 1.4490944147109985, -130.93228149414062, 1.4723654985427856, 0.0, -0.015104852616786957
30.36131000518799, 0.8287182450294495, 0.11653370410203934, 1.722300410270691, -123.52599334716797, 1.4718804359436035, 0.0, 0.011981543153524399
30.371333360671997, 0.8444111347198486, 0.3994584083557129, 2.5367815494537354, -86.04676818847656, 1.4714248180389404, 0.0, 0.00977333728224039
30.381309747695923, 0.8444111347198486, 0.614007294178009, 3.6243605613708496, -61.607574462890625, 1.47087562084198, 0.0, 0.012739517726004124
30.39130687713623, 0.8567647337913513, 0.6761431694030762, 4.95356559753418, -25.003480911254883, 1.4702461957931519, 0.0, 0.005217819008976221
30.401305675506592, 0.8567647337913513, 0.8591877222061157, 6.473950386047363, 9.889575958251953, 1.4696917533874512, 0.0, 0.0047898427583277225
30.411339282989502, 0.8707172870635986, 0.8994936943054199, 8.210201263427734, 40.62724304199219, 1.4690881967544556, 0.0, 0.014098463580012321
30.4213285446167, 0.8782743811607361, 0.9141445159912109, 9.982019424438477, 69.23628234863281, 1.4684054851531982, 0.0, 0.015128216706216335
30.43137288093567, 0.8782743811607361, 1.0157359838485718, 11.768261909484863, 109.1654052734375, 1.467779517173767, 0.0, 0.009879818186163902
30.441398859024048, 0.8831979632377625, 0.7571160793304443, 13.258649826049805, 116.93038940429688, 1.4670231342315674, 0.0, 0.007877940312027931
30.45133328437805, 0.8948338627815247, 0.9705225825309753, 14.984301567077637, 150.39126586914062, 1.466301679611206, 0.0, 0.005989463534206152
30.461321592330933, 0.8948338627815247, 0.6611645221710205, 16.31759262084961, 145.95289611816406, 1.4656527042388916, 0.0, 0.012772404588758945
30.47131633758545, 0.9059986472129822, 0.6843010783195496, 17.55535316467285, 166.8728790283203, 1.464963674545288, 0.0, 0.012503684498369694
30.4813289642334, 0.9180678129196167, 0.7365584373474121, 19.01982879638672, 153.95489501953125, 1.464267373085022, 0.0, 0.016232497990131378
30.49133610725403, 0.9180678129196167, 0.6130456924438477, 20.261056900024414, 153.07493591308594, 1.4636478424072266, 0.0, 0.0052950698882341385
30.5013427734375, 0.9306886792182922, 0.8213784694671631, 21.7177734375, 169.37583923339844, 1.463016390800476, 0.0, 0.009180983528494835
30.511335134506226, 0.942290186882019, 0.7952451705932617, 23.133892059326172, 165.81874084472656, 1.46229088306427, 0.0, 0.008238080888986588
30.52133846282959, 0.942290186882019, 0.6401538848876953, 24.429719924926758, 144.47689819335938, 1.4615821838378906, 0.0, 0.009137870743870735
30.531352758407593, 0.9518923163414001, 0.8179743885993958, 25.897077560424805, 156.98687744140625, 1.4608646631240845, 0.0, 0.006619053427129984
30.541353225708008, 0.9653924703598022, 0.8219480514526367, 27.52198600769043, 142.63343811035156, 1.4600986242294312, 0.0, 0.01950855180621147
30.551326036453247, 0.9653924703598022, 0.7055819034576416, 28.944143295288086, 139.5982666015625, 1.4593000411987305, 0.0, 0.010571666061878204
30.561315536499023, 0.97491455078125, 0.8897913694381714, 30.54536247253418, 158.0863494873047, 1.4585251808166504, 0.0, 0.017591822892427444
30.571319818496704, 0.9846246242523193, 0.8736252784729004, 32.115814208984375, 161.7830047607422, 1.4577406644821167, 0.0, 0.00796507578343153
30.581326246261597, 0.9846246242523193, 0.7395214438438416, 33.46857833862305, 160.54153442382812, 1.456871747970581, 0.0, 0.009373869746923447
30.5913507938385, 0.9935610294342041, 0.7549285888671875, 34.99916076660156, 147.38101196289062, 1.456055760383606, 0.0, 0.007313836831599474
30.601299047470093, 0.9935610294342041, 0.6287217140197754, 36.290653228759766, 145.7288818359375, 1.4551695585250854, 0.0, 0.017402559518814087
30.611318111419678, 1.001660704612732, 0.6596644520759583, 37.53123092651367, 159.9703826904297, 1.4541876316070557, 0.0, 0.01002411637455225
30.621331214904785, 1.0086426734924316, 0.6635308265686035, 38.91618347167969, 144.86447143554688, 1.4531840085983276, 0.0, 0.00940893404185772
30.63134241104126, 1.0086426734924316, 0.5674958229064941, 40.130470275878906, 142.33436584472656, 1.4521740674972534, 0.0, 0.006912154611200094
30.64131999015808, 1.0162582397460938, 0.565184473991394, 41.23894500732422, 152.41029357910156, 1.4511892795562744, 0.0, 0.019563809037208557
30.651328086853027, 1.0162582397460938, 0.565184473991394, 41.23894500732422, 152.41029357910156, 1.450132966041565, 0.0, 0.01295782346278429
30.66134214401245, 1.0162582397460938, 0.565184473991394, 41.23894500732422, 152.41029357910156, 1.4491065740585327, 0.0, 0.019902357831597328
30.671323537826538, 1.030447244644165, 0.22432516515254974, 42.97947692871094, 48.39772033691406, 1.4481552839279175, 0.0, 0.027445923537015915
30.68131184577942, 1.030447244644165, 0.5553305149078369, 44.16212844848633, 136.16790771484375, 1.4471691846847534, 0.0, 0.030281703919172287
30.691365480422974, 1.0367276668548584, 0.5789200663566589, 45.28874588012695, 146.36569213867188, 1.4462465047836304, 0.0, 0.01953108049929142
30.701314210891724, 1.0443637371063232, 0.5973935127258301, 46.54267501831055, 130.74111938476562, 1.4452776908874512, 0.0, 0.016556132584810257
30.711323976516724, 1.0443637371063232, 0.5080342292785645, 47.642520904541016, 126.43356323242188, 1.4443535804748535, 0.0, 0.022707341238856316
