23.362666368484497, 1.201888918876648, -1.131706714630127, 71.13176727294922, -189.0970916748047, 1.4340364933013916, 0.0, 0.0
23.372722864151, 1.201888918876648, -1.01853609085083, 90.3641586303711, 36.154937744140625, 1.434008240699768, -0.06858603656291962, -0.06858603656291962
23.38264298439026, 1.1827125549316406, -1.1524358987808228, 88.48348999023438, 36.23030090332031, 1.4339505434036255, -0.07481146603822708, -0.07481146603822708
23.39266872406006, 1.1827125549316406, -1.0371804237365723, 86.60820007324219, 29.113006591796875, 1.4339505434036255, -0.09254776686429977, -0.09254776686429977
23.402639627456665, 1.1665613651275635, -1.1200507879257202, 84.775390625, 30.17679786682129, 1.4339505434036255, -0.0933876559138298, -0.0933876559138298
23.412696361541748, 1.1665613651275635, -1.0080456733703613, 82.94258117675781, 25.20751953125, 1.4339786767959595, -0.0933876559138298, -0.09084748476743698
23.422677278518677, 1.1397606134414673, -1.2687180042266846, 80.86138153076172, 22.90768051147461, 1.4340364933013916, -0.0637182742357254, -0.0637182742357254
23.432650327682495, 1.1397606134414673, -0.9563803672790527, 79.11199951171875, 22.718048095703125, 1.4340364933013916, -0.0637182742357254, -0.071136474609375
23.442728281021118, 1.11229407787323, -1.2310504913330078, 76.87372589111328, 19.928741455078125, 1.4340364933013916, -0.071136474609375, -0.07129764556884766
23.452659130096436, 1.11229407787323, -1.0398387908935547, 74.98310852050781, 19.994354248046875, 1.434008240699768, -0.07877976447343826, -0.07877976447343826
23.46264672279358, 1.11229407787323, -0.9955035448074341, 73.35923767089844, 24.749755859375, 1.4339505434036255, -0.07877976447343826, -0.09376364946365356
23.47273087501526, 1.0826971530914307, -1.1919260025024414, 71.20259094238281, -191.61605834960938, 1.4339505434036255, -0.05705005303025246, -0.05705005303025246
23.4826762676239, 1.0826971530914307, -1.0001540184020996, 69.38412475585938, -190.99349975585938, 1.4339505434036255, -0.05705005303025246, -0.07438185065984726
23.492652893066406, 1.059064269065857, -1.3738605976104736, 67.13599395751953, -216.35775756835938, 1.4339505434036255, -0.08529604226350784, -0.08529604226350784
23.502649307250977, 1.059064269065857, -1.074981689453125, 65.18148040771484, -195.93887329101562, 1.4339505434036255, -0.07441739737987518, -0.07441739737987518
23.5126473903656, 1.0315805673599243, -1.499785304069519, 62.72728729248047, -224.6153106689453, 1.4339786767959595, -0.09330672770738602, -0.09330672770738602
23.522652626037598, 1.0020393133163452, -1.3772010803222656, 60.218170166015625, -206.43081665039062, 1.4340364933013916, -0.06939269602298737, -0.06939269602298737
23.532649993896484, 1.0020393133163452, -1.3772249221801758, 57.703609466552734, -214.08462524414062, 1.4340364933013916, -0.059134066104888916, -0.059134066104888916
23.542788982391357, 0.9893629550933838, -1.3659000396728516, 55.468502044677734, -237.83535766601562, 1.434008240699768, -0.059134066104888916, -0.06681007891893387
23.552640438079834, 0.9893629550933838, -1.3659000396728516, 53.238529205322266, -241.6068115234375, 1.4339505434036255, -0.0852336585521698, -0.0852336585521698
23.562623739242554, 0.959208071231842, -1.5308499336242676, 50.46565628051758, -228.9356231689453, 1.4339505434036255, -0.06263480335474014, -0.06263480335474014
23.57264804840088, 0.9425958395004272, -1.556687831878662, 47.91835021972656, -258.713623046875, 1.4339786767959595, -0.05286087840795517, -0.05286087840795517
23.582671403884888, 0.9425958395004272, -1.4010131359100342, 45.365936279296875, -240.1813507080078, 1.4339786767959595, -0.02504860796034336, -0.02504860796034336
23.592667818069458, 0.9248314499855042, -1.4914803504943848, 42.92533493041992, -269.0082092285156, 1.4339505434036255, -0.07637307792901993, -0.07637307792901993
23.60264801979065, 0.9025328159332275, -1.7392303943634033, 40.084434509277344, -278.8560791015625, 1.4339505434036255, -0.07637307792901993, -0.03114103339612484
23.612643241882324, 0.8842440843582153, -1.6370747089385986, 37.40558624267578, -281.3521423339844, 1.4339505434036255, -0.03114103339612484, -0.052960824221372604
23.62264370918274, 0.8842440843582153, -1.1779487133026123, 35.263858795166016, -249.5433807373047, 1.4339786767959595, -0.019897285848855972, -0.019897285848855972
23.632628679275513, 0.8695681691169739, -1.4719102382659912, 32.85016632080078, -276.1493225097656, 1.4339786767959595, -0.05056818202137947, -0.05056818202137947
23.64263343811035, 0.8695681691169739, -1.3310577869415283, 30.672069549560547, -275.5160827636719, 1.4340364933013916, -0.04640716314315796, -0.04640716314315796
23.65266489982605, 0.8487539291381836, -1.4060795307159424, 28.105051040649414, -251.3347625732422, 1.4340364933013916, -0.043184440582990646, -0.043184440582990646
23.662638902664185, 0.8278371095657349, -1.459678053855896, 25.71648597717285, -274.9905090332031, 1.434008240699768, -0.024495579302310944, -0.024495579302310944
23.672613859176636, 0.8278371095657349, -1.1475861072540283, 23.635103225708008, -242.8325653076172, 1.4339505434036255, -0.05143193155527115, -0.05143193155527115
23.68261957168579, 0.8056362271308899, -1.5217794179916382, 21.15540885925293, -269.0054626464844, 1.4339505434036255, -0.041998397558927536, -0.041998397558927536
23.692692756652832, 0.8056362271308899, -1.1919498443603516, 18.98822784423828, -239.37130737304688, 1.4339505434036255, -0.009827720001339912, -0.009827720001339912
23.702640295028687, 0.7833119630813599, -1.3246735334396362, 16.820579528808594, -258.487060546875, 1.4339505434036255, -0.012606693431735039, -0.012606693431735039
23.71264886856079, 0.7724596858024597, -1.2420482635498047, 14.788137435913086, -251.30484008789062, 1.4339505434036255, -0.022243691608309746, -0.022243691608309746
23.72265601158142, 0.7724596858024597, -1.117849349975586, 12.755683898925781, -225.08163452148438, 1.4339505434036255, -0.004838414955884218, -0.004838414955884218
23.73266053199768, 0.7512320280075073, -1.1833667755126953, 10.604107856750488, -222.4609375, 1.4339091777801514, -0.007129020057618618, -0.007129020057618618
23.742653846740723, 0.7394460439682007, -1.3012170791625977, 8.245779991149902, -224.2628173828125, 1.4337663650512695, -0.007129020057618618, -0.023061519488692284
23.75263547897339, 0.7394460439682007, -0.9937069416046143, 6.284331321716309, -198.37033081054688, 1.4335365295410156, -0.023061519488692284, -0.016793735325336456
23.7626371383667, 0.7283795475959778, -1.24320387840271, 4.517823219299316, -264.9831848144531, 1.4333112239837646, -0.016793735325336456, -0.00528287049382925
23.772635221481323, 0.7283795475959778, -0.9945809841156006, 2.7504589557647705, -208.84637451171875, 1.433171272277832, 0.020509090274572372, 0.020509090274572372
23.782633066177368, 0.7431972026824951, -0.6937649250030518, 1.6406528949737549, -216.83056640625, 1.4332454204559326, -0.007485487964004278, -0.007485487964004278
23.792660236358643, 0.7431972026824951, -0.6937649250030518, 0.4919196665287018, -205.5146484375, 1.4334055185317993, 0.011363242752850056, 0.011363242752850056
23.802673816680908, 0.7654296159744263, -0.17882585525512695, 0.13767299056053162, -166.8290557861328, 1.4336482286453247, 0.0003461600572336465, 0.0003461600572336465
23.812642812728882, 0.7900533676147461, 0.19548337161540985, 0.4134257435798645, -159.7190399169922, 1.4338613748550415, -0.001204324304126203, -0.001204324304126203
23.822640419006348, 0.7900533676147461, 0.1759350299835205, 0.694553792476654, -120.61131286621094, 1.4340745210647583, 0.007128652650862932, 0.007128652650862932
23.83263850212097, 0.812219500541687, 0.677638590335846, 1.7646631002426147, -98.21598052978516, 1.4341851472854614, 0.012259786017239094, 0.012259786017239094
23.842653512954712, 0.8299161195755005, 0.9046971797943115, 3.389453172683716, -48.563289642333984, 1.4341115951538086, 0.012259786017239094, 0.007821421138942242
23.852664947509766, 0.8410251140594482, 1.1286603212356567, 5.249724864959717, -11.4956693649292, 1.4340386390686035, 0.006904631853103638, 0.006904631853103638
23.862646341323853, 0.8410251140594482, 1.1264562606811523, 7.311091899871826, 27.932716369628906, 1.43401038646698, 0.012610657140612602, 0.012610657140612602
23.872647047042847, 0.8506760001182556, 1.3588402271270752, 9.539785385131836, 75.43696594238281, 1.4339245557785034, 0.0034786956384778023, 0.0034786956384778023
23.88263511657715, 0.8506760001182556, 1.0748028755187988, 11.509577751159668, 98.68927001953125, 1.4339690208435059, 0.0034786956384778023, 0.003623753786087036
23.89264464378357, 0.8642132878303528, 1.3446145057678223, 13.70177173614502, 146.77609252929688, 1.43392813205719, 0.003623753786087036, 0.007348272949457169
23.902637481689453, 0.8642132878303528, 0.9878456592559814, 15.505289077758789, 153.67617797851562, 1.43392813205719, 0.0041716014966368675, 0.0041716014966368675
23.91263699531555, 0.8747314214706421, 0.940859317779541, 17.044878005981445, 184.79383850097656, 1.4338871240615845, 0.007397680543363094, 0.007397680543363094
23.922699689865112, 0.8747314214706421, 0.8467793464660645, 18.59193229675293, 178.97386169433594, 1.4338871240615845, 0.0031080765184015036, 0.0031080765184015036
23.93265676498413, 0.8985152244567871, 0.9588466882705688, 20.160953521728516, 204.40313720703125, 1.4338740110397339, 0.0031080765184015036, 0.009943223558366299
23.942671537399292, 0.8985152244567871, 0.6859958171844482, 21.410602569580078, 180.2115478515625, 1.433833122253418, 0.007511887699365616, 0.007511887699365616
23.95263910293579, 0.9151341915130615, 0.8234249353408813, 22.765460968017578, 194.6191864013672, 1.4338908195495605, 0.004758031573146582, 0.004758031573146582
23.962649822235107, 0.9311037659645081, 1.0008679628372192, 24.39275360107422, 189.79623413085938, 1.4338908195495605, 0.02162778005003929, 0.02162778005003929
23.972641468048096, 0.9311037659645081, 0.8042812347412109, 25.855083465576172, 163.153076171875, 1.4338626861572266, 0.007669547107070684, 0.007669547107070684
23.98263454437256, 0.9459677934646606, 0.952911376953125, 27.592763900756836, 160.8318328857422, 1.4338048696517944, 0.011030958034098148, 0.011030958034098148
23.992629051208496, 0.9459677934646606, 0.9083880186080933, 29.08972930908203, 170.97706604003906, 1.4337884187698364, 0.010188346728682518, 0.010188346728682518
24.002630710601807, 0.9608941674232483, 0.9668171405792236, 30.850570678710938, 153.452880859375, 1.4338014125823975, 0.008863259106874466, 0.008863259106874466
24.01264238357544, 0.9786522388458252, 1.1546611785888672, 32.73765182495117, 174.36451721191406, 1.4338423013687134, 0.011641060002148151, 0.011641060002148151
24.02264428138733, 0.9786522388458252, 1.039212942123413, 34.61969757080078, 160.27737426757812, 1.433956265449524, 0.017628056928515434, 0.017628056928515434
24.03263568878174, 0.9890632033348083, 1.0060800313949585, 36.24528884887695, 178.71539306640625, 1.434014081954956, 0.014488624408841133, 0.014488624408841133
24.042629957199097, 1.00049889087677, 1.1331571340560913, 38.08903503417969, 185.31565856933594, 1.4341002702713013, 0.012700601480901241, 0.012700601480901241
24.05264639854431, 1.00049889087677, 0.9484953284263611, 39.62544631958008, 187.3330078125, 1.4341002702713013, 0.01999826543033123, 0.01999826543033123
24.06263279914856, 1.0142004489898682, 0.923295795917511, 41.136295318603516, 186.03939819335938, 1.4341002702713013, 0.015716996043920517, 0.015716996043920517
24.072648525238037, 1.0265192985534668, 1.060167908668518, 42.87111282348633, 189.06698608398438, 1.434014081954956, 0.0183904729783535, 0.0183904729783535
24.082660913467407, 1.0265192985534668, 0.8055269718170166, 44.35137939453125, 167.5861358642578, 1.4339731931686401, 0.023726003244519234, 0.023726003244519234
24.09265661239624, 1.0354706048965454, 0.8950293064117432, 45.986141204833984, 168.96400451660156, 1.4338871240615845, 0.016288263723254204, 0.016288263723254204
24.102642059326172, 1.0452892780303955, 0.9377267360687256, 47.536251068115234, 185.39683532714844, 1.4338871240615845, 0.01920558698475361, 0.01920558698475361
24.11267614364624, 1.056207537651062, 0.7755517959594727, 48.946346282958984, 162.08648681640625, 1.4338587522506714, 0.015130341984331608, 0.015130341984331608
24.122659921646118, 1.056207537651062, 0.8617241978645325, 50.36159896850586, 174.9102325439453, 1.4338457584381104, 0.02350500412285328, 0.02350500412285328
24.132624864578247, 1.064210057258606, 0.7514595985412598, 51.73025131225586, 154.84962463378906, 1.4338457584381104, 0.017770182341337204, 0.017770182341337204
24.142651081085205, 1.079602599143982, 0.7910370826721191, 53.16849899291992, 150.7946014404297, 1.4338330030441284, 0.025257911533117294, 0.025257911533117294
24.152666568756104, 1.079602599143982, 0.8789300918579102, 54.60906982421875, 166.48483276367188, 1.433931827545166, 0.03404056280851364, 0.03404056280851364
24.16263699531555, 1.0899426937103271, 0.7574200630187988, 55.96822738647461, 148.31924438476562, 1.433931827545166, 0.03547738865017891, 0.03547738865017891
24.17269992828369, 1.0899426937103271, 0.7047123312950134, 57.12139129638672, 158.33663940429688, 1.4339731931686401, 0.031403571367263794, 0.031403571367263794
24.182666778564453, 1.0993328094482422, 0.728142261505127, 58.437767028808594, 140.86380004882812, 1.4339731931686401, 0.03717316687107086, 0.03717316687107086
24.192649602890015, 1.1057523488998413, 0.7809002995491028, 59.71560287475586, 152.54974365234375, 1.434014081954956, 0.03318510949611664, 0.03318510949611664
24.2026584148407, 1.1141294240951538, 0.6883978843688965, 60.959800720214844, 134.23538208007812, 1.433985948562622, 0.03737195208668709, 0.03737195208668709
24.212643146514893, 1.1141294240951538, 0.5792140960693359, 62.01803207397461, 130.7170867919922, 1.433985948562622, 0.035063404589891434, 0.035063404589891434
24.222663164138794, 1.1212049722671509, 0.722209632396698, 63.199832916259766, 142.64678955078125, 1.433985948562622, 0.035063404589891434, 0.03897663950920105
24.23264241218567, 1.1283552646636963, 0.6414413452148438, 64.36096954345703, 126.30729675292969, 1.4339731931686401, 0.03666599467396736, 0.03666599467396736
24.242655754089355, 1.1283552646636963, 0.4875302314758301, 65.25482940673828, 120.86372375488281, 1.4339731931686401, 0.03666599467396736, 0.03144340217113495
24.252644062042236, 1.13569176197052, 0.6232129335403442, 66.27462768554688, 129.6162109375, 1.4339731931686401, 0.04337049648165703, 0.04337049648165703
24.262635946273804, 1.1434524059295654, 0.5945497155189514, 67.24752807617188, 125.32552337646484, 1.4339731931686401, 0.04337049648165703, 0.044503409415483475
24.27263832092285, 1.1434524059295654, 0.5351066589355469, 68.22045135498047, 110.99128723144531, 1.4339731931686401, 0.046779680997133255, 0.046779680997133255
24.282625913619995, 1.1494156122207642, 0.5564689636230469, 69.13103485107422, 118.81340789794922, 1.433931827545166, 0.05048689991235733, 0.05048689991235733
24.292636156082153, 1.1542469263076782, 0.5388392210006714, 70.02029418945312, 114.49686431884766, 1.433931827545166, 0.05388425290584564, 0.05388425290584564
24.302652597427368, 1.1542469263076782, 0.40117502212524414, 70.74970245361328, 97.89810180664062, 1.4339035749435425, 0.04315346106886864, 0.04315346106886864
24.312650203704834, 1.2926527261734009, 1.9835896492004395, 74.0007095336914, 133.1422576904297, 1.4339449405670166, 0.23501087725162506, 0.23501087725162506
24.322621822357178, 1.2926527261734009, 1.714479923248291, 77.11042785644531, 139.10598754882812, 1.4339449405670166, 0.24404534697532654, 0.24404534697532654
24.33265519142151, 1.162846326828003, 0.38323137164115906, 77.73753356933594, 148.62823486328125, 1.4339731931686401, 0.24404534697532654, 0.05968381464481354
24.342650890350342, 1.162846326828003, 0.3449082374572754, 78.35950469970703, 131.04629516601562, 1.4339731931686401, 0.05968381464481354, 0.05497832968831062
24.352641820907593, 1.168512225151062, 0.32819509506225586, 78.95622253417969, 126.81655883789062, 1.4339731931686401, 0.05497832968831062, 0.07153016328811646
24.362624406814575, 1.168512225151062, 0.27844640612602234, 79.41185760498047, 135.15896606445312, 1.4339731931686401, 0.07153016328811646, 0.06707867234945297
24.372665643692017, 1.172642469406128, 0.3243419826030731, 79.9426040649414, 130.24647521972656, 1.434014081954956, 0.07441287487745285, 0.07441287487745285
24.382641077041626, 1.1758500337600708, 0.2643465995788574, 80.41580200195312, 112.847900390625, 1.4339731931686401, 0.05945875123143196, 0.05945875123143196
24.392635583877563, 1.1758500337600708, 0.24003452062606812, 80.8160171508789, 119.95272827148438, 1.4339731931686401, 0.07768121361732483, 0.07768121361732483
24.402647495269775, 1.1771384477615356, 0.22890567779541016, 81.23220825195312, 104.8248291015625, 1.4339449405670166, 0.07768121361732483, 0.06045011058449745
24.41262984275818, 1.1771384477615356, -1.2834867238998413, 79.13709259033203, 57.07041549682617, 1.4339449405670166, -0.07552867382764816, -0.07552867382764816
24.42263126373291, 1.178837776184082, -1.264625072479248, 77.06771087646484, -0.4755655825138092, 1.4339731931686401, -0.08579864352941513, -0.08579864352941513
24.43263030052185, 1.178837776184082, 0.15991926193237305, 77.35333251953125, -3.841400146484375, 1.4339731931686401, -0.08579864352941513, 0.05080337077379227
24.442631721496582, 1.1788264513015747, 0.1775556206703186, 77.64388275146484, -7.95152473449707, 1.4339731931686401, 0.05908649414777756, 0.05908649414777756
24.452631950378418, 1.1772494316101074, 0.08738040924072266, 77.80274963378906, -11.534881591796875, 1.4339731931686401, 0.058639783412218094, 0.058639783412218094
24.462637424468994, 1.1772494316101074, 0.09708934277296066, 77.96162414550781, -16.11412811279297, 1.4339449405670166, 0.053839199244976044, 0.053839199244976044
24.472651720046997, 1.1756595373153687, 0.033524300903081894, 78.02162170410156, -21.34450340270996, 1.4339449405670166, 0.05982656031847, 0.05982656031847
24.482649564743042, 1.1756595373153687, -0.0019311904907226562, 78.01811218261719, -23.97613525390625, 1.4339449405670166, -0.10882248729467392, -0.10882248729467392
24.49267029762268, 1.1756595373153687, -0.0019311904907226562, 78.01811218261719, -23.97613525390625, 1.4339731931686401, -0.08829319477081299, -0.08829319477081299
24.502647638320923, 1.169214129447937, -0.034922048449516296, 77.892333984375, -15.387685775756836, 1.4339731931686401, -0.09106852114200592, -0.09106852114200592
24.51263189315796, 1.1650842428207397, -0.1339382529258728, 77.67316436767578, -39.54484558105469, 1.4339731931686401, -0.095719113945961, -0.095719113945961
24.522631645202637, 1.1650842428207397, -0.12053251266479492, 77.45401000976562, -16.8304443359375, 1.4339731931686401, -0.095719113945961, -0.05292320251464844
24.53265070915222, 1.1618702411651611, -0.18853610754013062, 77.14550018310547, 0.8638169765472412, 1.4339731931686401, -0.08675869554281235, -0.08675869554281235
24.5426766872406, 1.1618702411651611, -0.16968250274658203, 76.83698272705078, -5.162811279296875, 1.4339731931686401, -0.08477456867694855, -0.08477456867694855
24.552647352218628, 1.1565406322479248, -0.2228379249572754, 76.43182373046875, -12.12158203125, 1.4339731931686401, -0.07854586094617844, -0.07854586094617844
24.56264066696167, 1.1565406322479248, -0.23008717596530914, 76.0553207397461, -19.41596221923828, 1.4339731931686401, -0.07854586094617844, -0.05514911562204361
24.572668313980103, 1.1565406322479248, -0.23008717596530914, 76.0553207397461, -19.41596221923828, 1.4339731931686401, -0.05514911562204361, -0.08463665843009949
24.58264470100403, 1.1482480764389038, -0.14501214027404785, 75.52799987792969, -12.167739868164062, 1.4339731931686401, -0.10616391152143478, -0.10616391152143478
24.59264302253723, 1.1482480764389038, -0.2741217613220215, 75.02959442138672, -29.92095947265625, 1.4339731931686401, -0.07211992889642715, -0.07211992889642715
24.60263705253601, 1.1446350812911987, -0.3447135388851166, 74.46552276611328, -39.47279357910156, 1.4339731931686401, -0.08865945041179657, -0.08865945041179657
24.612643241882324, 1.1446350812911987, -0.24579763412475586, 74.01861572265625, -38.736724853515625, 1.4339731931686401, -0.07566019892692566, -0.07566019892692566
24.622679948806763, 1.1391443014144897, -0.2593994140625, 73.54698181152344, -41.262054443359375, 1.4339731931686401, -0.10288805514574051, -0.10288805514574051
24.632637977600098, 1.131356954574585, -0.3747410178184509, 72.93376922607422, -50.22515106201172, 1.4339731931686401, -0.0997292697429657, -0.0997292697429657
24.642639636993408, 1.131356954574585, -0.3390312194824219, 72.37899017333984, -52.96156311035156, 1.4339731931686401, -0.07505368441343307, -0.07505368441343307
24.652638912200928, 1.1222084760665894, -0.3966093063354492, 71.65788269042969, -51.790618896484375, 1.4339731931686401, -0.07991692423820496, -0.07991692423820496
24.66263747215271, 1.1222084760665894, -0.3814697265625, 71.03366088867188, -59.97975540161133, 1.4339731931686401, -0.10186054557561874, -0.10186054557561874
24.672637701034546, 1.10975182056427, -0.5198849439620972, 70.18293762207031, -65.2491226196289, 1.4339731931686401, -0.07755844295024872, -0.07755844295024872
24.682619094848633, 1.10975182056427, -0.5198849439620972, 70.18293762207031, -65.2491226196289, 1.4339731931686401, -0.09423550963401794, -0.09423550963401794
24.69264554977417, 1.10975182056427, -0.5198849439620972, 70.18293762207031, -65.2491226196289, 1.4339449405670166, -0.077447310090065, -0.077447310090065
24.702650785446167, 1.10975182056427, -0.5198849439620972, 70.18293762207031, -65.2491226196289, 1.4339449405670166, -0.048237815499305725, -0.048237815499305725
24.712631225585938, 1.10975182056427, -0.5198849439620972, 70.18293762207031, -65.2491226196289, 1.4339731931686401, -0.09629181027412415, -0.09629181027412415
24.722663640975952, 1.0742169618606567, -0.15108439326286316, 68.8369140625, -13.655058860778809, 1.4339731931686401, -0.0835254043340683, -0.0835254043340683
24.732659339904785, 1.0801597833633423, -0.6808757781982422, 67.59896087646484, -74.3072509765625, 1.4339731931686401, -0.07730642706155777, -0.07730642706155777
24.74265170097351, 1.0704180002212524, -0.7421731948852539, 66.24954986572266, -82.159423828125, 1.4339731931686401, -0.0972122922539711, -0.0972122922539711
24.752642154693604, 1.0704180002212524, -0.7421731948852539, 64.900146484375, -91.18423461914062, 1.4339731931686401, -0.06851888447999954, -0.06851888447999954
24.762646675109863, 1.054692268371582, -0.9383493065834045, 63.36466598510742, -113.13713836669922, 1.4339449405670166, -0.07762295752763748, -0.07762295752763748
24.772634983062744, 1.0340614318847656, -1.0810825824737549, 61.60075759887695, -125.92230987548828, 1.4338871240615845, -0.10230673104524612, -0.10230673104524612
24.782631635665894, 1.0340614318847656, -1.0810825824737549, 61.60075759887695, -125.92230987548828, 1.4338871240615845, -0.08107449859380722, -0.08107449859380722
24.792643785476685, 1.0349403619766235, -0.5074551105499268, 59.85824203491211, -65.89909362792969, 1.4338871240615845, -0.06288447231054306, -0.06288447231054306
24.802650213241577, 1.0349403619766235, -0.8726596832275391, 58.27159118652344, -133.8623046875, 1.433915376663208, -0.06288447231054306, -0.08697951585054398
24.812669277191162, 1.0205676555633545, -1.1293491125106812, 56.418426513671875, -162.3912353515625, 1.433915376663208, -0.07936426997184753, -0.07936426997184753
24.822627544403076, 1.010169267654419, -1.1064873933792114, 54.607810974121094, -173.05755615234375, 1.4339731931686401, -0.05725232884287834, -0.05725232884287834
24.83267068862915, 1.010169267654419, -0.6404757499694824, 53.432796478271484, -154.04052734375, 1.4339731931686401, -0.07005264610052109, -0.07005264610052109
24.84264302253723, 1.010169267654419, -0.6404757499694824, 53.432796478271484, -154.04052734375, 1.4339731931686401, -0.08625569194555283, -0.08625569194555283
24.85266876220703, 1.010169267654419, -0.6404757499694824, 53.432796478271484, -154.04052734375, 1.4339449405670166, -0.0732538178563118, -0.0732538178563118
24.862639904022217, 0.9819156527519226, -0.3387722373008728, 51.65167999267578, -54.9908332824707, 1.4338871240615845, -0.06063280627131462, -0.06063280627131462
24.872639656066895, 0.9819156527519226, -0.8850336074829102, 50.05303955078125, -161.9647979736328, 1.4338871240615845, -0.0615706667304039, -0.0615706667304039
24.882700204849243, 0.9639202952384949, -1.0649681091308594, 48.11673355102539, -167.83447265625, 1.4338871240615845, -0.0615706667304039, -0.0755261555314064
24.89265513420105, 0.9497348666191101, -1.1661980152130127, 46.208412170410156, -190.62466430664062, 1.433915376663208, -0.07582049071788788, -0.07582049071788788
24.902639865875244, 0.9316648840904236, -1.0239660739898682, 44.34151840209961, -172.59292602539062, 1.4339731931686401, -0.03209055960178375, -0.03209055960178375
24.912639141082764, 0.9466199278831482, -0.8831977844238281, 42.72519302368164, -171.33026123046875, 1.4339731931686401, -0.03209055960178375, -0.06390557438135147
24.922646522521973, 0.9466199278831482, -0.9813441038131714, 41.119354248046875, -190.5801544189453, 1.4339449405670166, -0.034980658441782, -0.034980658441782
24.9326388835907, 0.9237499833106995, -0.968170166015625, 39.36418151855469, -170.5425262451172, 1.4338871240615845, -0.05160493403673172, -0.05160493403673172
24.94263005256653, 0.9237499833106995, -0.9602109789848328, 37.80344009399414, -186.71543884277344, 1.4338871240615845, -0.04618073254823685, -0.04618073254823685
24.952629327774048, 0.9058945178985596, -1.0427474975585938, 35.907535552978516, -175.2521514892578, 1.4338871240615845, -0.04618073254823685, -0.041139908134937286
24.96265172958374, 0.8926540613174438, -0.9917881488800049, 34.284610748291016, -192.96815490722656, 1.4338871240615845, -0.041139908134937286, -0.06767505407333374
24.97265315055847, 0.8926540613174438, -0.8926212787628174, 32.66166305541992, -173.91357421875, 1.433915376663208, -0.06767505407333374, -0.050491247326135635
24.982669353485107, 0.8746045231819153, -0.9924041032791138, 31.0325927734375, -189.82357788085938, 1.4339731931686401, -0.02514931745827198, -0.02514931745827198
24.99264121055603, 0.8746045231819153, -0.7513046264648438, 29.656070709228516, -165.52352905273438, 1.4339731931686401, -0.016134368255734444, -0.016134368255734444
25.002660274505615, 0.8669774532318115, -0.7187392711639404, 28.479951858520508, -176.23944091796875, 1.4339731931686401, -0.05143587291240692, -0.05143587291240692
25.012653589248657, 0.8669774532318115, -0.7964253425598145, 27.031906127929688, -156.93283081054688, 1.4339449405670166, -0.04700846970081329, -0.04700846970081329
25.022629499435425, 0.8401792049407959, -1.1826753616333008, 25.101757049560547, -177.97384643554688, 1.4338871240615845, -0.05850783362984657, -0.05850783362984657
25.03264093399048, 0.8257115483283997, -1.089314579963684, 23.329753875732422, -178.15992736816406, 1.4338871240615845, -0.05147295445203781, -0.05147295445203781
25.042630195617676, 0.8257115483283997, -0.980377197265625, 21.54724884033203, -162.56179809570312, 1.4338871240615845, -0.021347124129533768, -0.021347124129533768
25.052654504776, 0.8120948672294617, -1.0422269105911255, 19.841787338256836, -178.50833129882812, 1.4338457584381104, -0.024249084293842316, -0.024249084293842316
25.062642097473145, 0.7982039451599121, -0.9444952011108398, 18.132043838500977, -161.52572631835938, 1.4338457584381104, -0.025230364874005318, -0.025230364874005318
25.072673320770264, 0.7906795144081116, -1.019752025604248, 16.277950286865234, -163.83685302734375, 1.433931827545166, -0.02823343127965927, -0.02823343127965927
25.08263850212097, 0.7906795144081116, -0.9325014352798462, 14.73638916015625, -181.06906127929688, 1.433931827545166, -0.02823343127965927, -0.03803585469722748
25.09264588356018, 0.7769127488136292, -0.9769141674041748, 12.960182189941406, -166.9586181640625, 1.433931827545166, -0.032536089420318604, -0.032536089420318604
25.10263681411743, 0.7769127488136292, -1.0007222890853882, 11.322636604309082, -190.6373748779297, 1.4339731931686401, -0.032536089420318604, -0.0022647285368293524
25.112647771835327, 0.7769127488136292, -1.0007222890853882, 9.677569389343262, -192.82574462890625, 1.4338871240615845, 0.006065296940505505, 0.006065296940505505
25.122642993927002, 0.7642127871513367, -0.8440746068954468, 8.312005996704102, -186.55279541015625, 1.4338871240615845, 0.006065296940505505, 0.004320941399782896
25.13265061378479, 0.7410840392112732, -0.8462727069854736, 6.773327827453613, -165.5642547607422, 1.4338014125823975, -0.024678891524672508, -0.024678891524672508
25.142805337905884, 0.7410840392112732, -0.9403030276298523, 5.250234127044678, -181.0779571533203, 1.4336457252502441, -0.024678891524672508, 0.0008118607802316546
25.15264630317688, 0.7332464456558228, -0.78849196434021, 3.844919443130493, -159.96865844726562, 1.4334609508514404, 0.0008118607802316546, -0.02386963739991188
25.162638902664185, 0.7338990569114685, -0.7144874930381775, 2.70935320854187, -171.36329650878906, 1.4333209991455078, nan, nan
25.172653913497925, 0.7338990569114685, -0.5678057670593262, 1.7024250030517578, -145.75534057617188, 1.4333378076553345, -0.04057679325342178, -0.04057679325342178
25.18265414237976, 0.7467470169067383, -0.48813554644584656, 0.9006016254425049, -153.73092651367188, 1.4333823919296265, -0.04057679325342178, -0.006405098829418421
25.19262194633484, 0.7467470169067383, -0.3351767957210541, 0.34402427077293396, -140.17942810058594, 1.4336118698120117, 0.0053329081274569035, 0.0053329081274569035
25.202624559402466, 0.7718273401260376, -0.05650520324707031, 0.20983795821666718, -123.47557830810547, 1.4336118698120117, 0.0053329081274569035, -0.008322585374116898
25.212634325027466, 0.7905176877975464, 0.1360476016998291, 0.4288904666900635, -92.48678588867188, 1.4339970350265503, 0.004819623194634914, 0.004819623194634914
25.222658395767212, 0.7905176877975464, 0.29228129982948303, 0.8654457330703735, -82.73956298828125, 1.4341075420379639, 0.0027264226227998734, 0.0027264226227998734
25.232630491256714, 0.8008103966712952, 0.6636248826980591, 1.9312851428985596, -53.80047607421875, 1.434189796447754, 0.00032672658562660217, 0.00032672658562660217
25.242650508880615, 0.8008103966712952, 0.6636248826980591, 3.0022614002227783, -24.97748565673828, 1.43424391746521, 0.013913968577980995, 0.013913968577980995
25.25262713432312, 0.816331684589386, 0.8308529853820801, 4.503063201904297, 6.581437587738037, 1.4341951608657837, 0.010872188955545425, 0.010872188955545425
25.262625694274902, 0.816331684589386, 0.9159181118011475, 6.010703086853027, 36.6816520690918, 1.4341373443603516, 0.010872188955545425, 0.0102164875715971
25.272703409194946, 0.8258538842201233, 1.0217229127883911, 7.693125247955322, 66.56336975097656, 1.434109091758728, 0.007399767637252808, 0.007399767637252808
25.282647132873535, 0.8345906734466553, 0.8784353733062744, 9.295417785644531, 83.94813537597656, 1.434080719947815, 0.007399767637252808, 0.006276813335716724
25.29263138771057, 0.8345906734466553, 0.9760459065437317, 10.89774227142334, 117.26358032226562, 1.433982014656067, 0.006276813335716724, 0.009010917507112026
25.302640438079834, 0.841750979423523, 0.7769266963005066, 12.187023162841797, 133.07984924316406, 1.4339690208435059, 0.015843406319618225, 0.015843406319618225
25.31263303756714, 0.841750979423523, 0.5123317241668701, 13.12089729309082, 126.92002868652344, 1.4338997602462769, 0.009248596616089344, 0.009248596616089344
25.322636604309082, 0.8505948781967163, 0.6007671356201172, 14.225794792175293, 133.60342407226562, 1.4338587522506714, 0.0046229856088757515, 0.0046229856088757515
25.332630157470703, 0.8621429800987244, 0.6814731359481812, 15.348388671875, 149.07901000976562, 1.4338871240615845, 0.006071314215660095, 0.006071314215660095
25.342626333236694, 0.8768147826194763, 0.8444984555244446, 16.725135803222656, 152.476318359375, 1.4338740110397339, 0.01246514730155468, 0.01246514730155468
25.35262393951416, 0.8768147826194763, 0.6720225214958191, 17.827194213867188, 148.04595947265625, 1.4338908195495605, 0.010755673050880432, 0.010755673050880432
25.362628936767578, 0.8837809562683105, 0.6745100021362305, 19.050519943237305, 130.39808654785156, 1.4338908195495605, 0.016213586553931236, 0.016213586553931236
25.372638463974, 0.8921701312065125, 0.736839234828949, 20.256256103515625, 139.59046936035156, 1.4339486360549927, 0.007046244572848082, 0.007046244572848082
25.382628679275513, 0.8921701312065125, 0.6397631168365479, 21.29262924194336, 133.3023681640625, 1.4338626861572266, 0.009997744113206863, 0.009997744113206863
25.392640829086304, 0.8973805904388428, 0.627899169921875, 22.449892044067383, 115.52143096923828, 1.4338457584381104, 0.005414947867393494, 0.005414947867393494
25.40264081954956, 0.8973805904388428, 0.6181133985519409, 23.464427947998047, 125.3045425415039, 1.4338871240615845, 0.002854545833542943, 0.002854545833542943
25.412633895874023, 0.9114659428596497, 0.6971418857574463, 24.724437713623047, 116.03546142578125, 1.43392813205719, 0.006783976219594479, 0.006783976219594479
25.422667741775513, 0.9236905574798584, 0.8121795058250427, 26.046001434326172, 131.3355712890625, 1.43392813205719, 0.014282154850661755, 0.014282154850661755
25.432624578475952, 0.9236905574798584, 0.6154835224151611, 27.165063858032227, 118.16692352294922, 1.433985948562622, 0.007853951305150986, 0.007853951305150986
25.44262385368347, 0.9306756854057312, 0.5386054515838623, 28.133832931518555, 114.0869140625, 1.434014081954956, 0.012393512763082981, 0.012393512763082981
25.45263123512268, 0.9306756854057312, 0.5984570980072021, 29.10801124572754, 125.34247589111328, 1.4340718984603882, 0.008654958568513393, 0.008654958568513393
25.462720155715942, 0.9372076392173767, 0.5936158895492554, 30.068870544433594, 122.42613983154297, 1.4340718984603882, 0.0052354768849909306, 0.0052354768849909306
25.472623586654663, 0.9463648796081543, 0.5419552326202393, 31.054244995117188, 107.97996520996094, 1.434014081954956, 0.010652510449290276, 0.010652510449290276
25.482651710510254, 0.9463648796081543, 0.6021525859832764, 32.05009841918945, 119.52718353271484, 1.4339449405670166, 0.017999455332756042, 0.017999455332756042
25.492647886276245, 0.9572703242301941, 0.598907470703125, 33.15159225463867, 107.01656341552734, 1.4339449405670166, 0.009206042625010014, 0.009206042625010014
25.502657890319824, 0.9632903933525085, 0.7323225140571594, 34.349937438964844, 120.95048522949219, 1.4339449405670166, 0.011859615333378315, 0.011859615333378315
25.51263189315796, 0.9679117798805237, 0.5644619464874268, 35.3762321472168, 106.51779174804688, 1.4338457584381104, 0.008597444742918015, 0.008597444742918015
25.52267098426819, 0.9679117798805237, 0.4913409650325775, 36.19827651977539, 112.80313873291016, 1.4338457584381104, 0.01984253153204918, 0.01984253153204918
25.532642126083374, 0.9725372791290283, 0.5427466630935669, 37.08640670776367, 110.237548828125, 1.4338457584381104, 0.012023328803479671, 0.012023328803479671
25.542644023895264, 0.9767929315567017, 0.46117305755615234, 37.924903869628906, 97.91030883789062, 1.4338457584381104, 0.017829779535531998, 0.017829779535531998
25.552644968032837, 0.9767929315567017, 0.4611849784851074, 38.763423919677734, 96.55418395996094, 1.4338457584381104, 0.01511203683912754, 0.01511203683912754
25.5626540184021, 0.9815318584442139, 0.49248006939888, 39.569297790527344, 105.560302734375, 1.4339035749435425, 0.01511203683912754, 0.023105084896087646
25.57334566116333, 0.9885884523391724, 0.4222393035888672, 40.32649612426758, 92.72270202636719, 1.4339449405670166, 0.013649976812303066, 0.013649976812303066
25.58265233039856, 0.9885884523391724, 0.4222273826599121, 41.0866584777832, 90.3656005859375, 1.4339731931686401, 0.009996384382247925, 0.009996384382247925
25.59263586997986, 0.9947523474693298, 0.4164576530456543, 41.76300048828125, 95.68277740478516, 1.4339731931686401, 0.009996384382247925, 0.013411803171038628
25.60267400741577, 0.9982093572616577, 0.34918785095214844, 42.39788818359375, 80.47943115234375, 1.433985948562622, 0.01347397081553936, 0.01347397081553936
25.61263418197632, 0.9982093572616577, 0.33664703369140625, 42.94644546508789, 84.11280059814453, 1.433985948562622, 0.015117309987545013, 0.015117309987545013
25.62262797355652, 1.0024369955062866, 0.38362210988998413, 43.574188232421875, 81.95452880859375, 1.433985948562622, 0.010755013674497604, 0.010755013674497604
25.632646560668945, 1.0024369955062866, 0.27181342244148254, 44.11781692504883, 63.92218780517578, 1.4339449405670166, 0.017788615077733994, 0.017788615077733994
25.642632007598877, 1.006271481513977, 0.3684908151626587, 44.661258697509766, 84.20419311523438, 1.4339449405670166, 0.024504760280251503, 0.024504760280251503
25.652644872665405, 1.006271481513977, 0.2947866916656494, 45.197235107421875, 64.33830261230469, 1.4339449405670166, 0.021610945463180542, 0.021610945463180542
25.66263222694397, 1.0085034370422363, 0.2697110176086426, 45.687618255615234, 61.18316650390625, 1.4339449405670166, 0.021610945463180542, 0.012010245583951473
25.67263436317444, 1.011975884437561, 0.259863018989563, 46.112850189208984, 64.29248046875, 1.4339449405670166, 0.01886930502951145, 0.01886930502951145
25.682676076889038, 1.0139837265014648, 0.2821683883666992, 46.57457733154297, 60.97751235961914, 1.4339035749435425, 0.01886930502951145, 0.028739146888256073
25.692638635635376, 1.0139837265014648, 0.21367603540420532, 46.9317512512207, 57.43069076538086, 1.4339035749435425, 0.028739146888256073, 0.02685980312526226
25.70263671875, 1.0139837265014648, 0.15773773193359375, 47.21854782104492, 48.20594787597656, 1.4339035749435425, 0.02685980312526226, 0.02020864002406597
25.712652683258057, 1.0139837265014648, 0.17527739703655243, 47.50536346435547, 50.65494155883789, 1.4339449405670166, 0.02020864002406597, 0.01448586955666542
25.722625970840454, 1.0139837265014648, 0.11546611785888672, 47.70778274536133, 41.33644104003906, 1.4339449405670166, 0.00897175818681717, 0.00897175818681717
25.732640027999878, 1.0139837265014648, 0.11546611785888672, 47.917720794677734, 37.99896240234375, 1.4339449405670166, 0.0179149117320776, 0.0179149117320776
25.742638111114502, 1.0139837265014648, 0.08569823205471039, 48.057952880859375, 37.74092102050781, 1.4339449405670166, 0.0179149117320776, 0.023036755621433258
25.752639293670654, 1.0139837265014648, 0.08568498492240906, 48.19816589355469, 33.343421936035156, 1.4339449405670166, 0.020778348669409752, 0.020778348669409752
25.762625217437744, 1.0139837265014648, 0.05480051040649414, 48.29780197143555, 26.1016845703125, 1.4339449405670166, 0.01139103528112173, 0.01139103528112173
25.77266573905945, 1.015991449356079, 0.04462401196360588, 48.37082290649414, 25.088417053222656, 1.4339449405670166, 0.013945638202130795, 0.013945638202130795
25.782624006271362, 1.015991449356079, 0.020074844360351562, 48.407325744628906, 18.32733154296875, 1.4339449405670166, 0.013094309717416763, 0.013094309717416763
25.792630434036255, 1.015991449356079, 0.020074844360351562, 48.443824768066406, 15.120697021484375, 1.4339449405670166, 0.012011595070362091, 0.012011595070362091
25.802624464035034, 1.017999291419983, 0.04462401196360588, 48.516845703125, 14.42548942565918, 1.4339449405670166, 0.013966008089482784, 0.013966008089482784
25.812655448913574, 1.017999291419983, 0.0401616096496582, 48.589866638183594, 10.845565795898438, 1.4339449405670166, 0.02360611967742443, 0.02360611967742443
25.822636604309082, 1.0054000616073608, -0.09538067877292633, 48.43378829956055, 8.066389083862305, 1.4339449405670166, -0.05146047845482826, -0.05146047845482826
25.832625150680542, 1.015991449356079, 0.020062923431396484, 48.47026824951172, 5.5255889892578125, 1.4339449405670166, 0.019537048414349556, 0.019537048414349556
25.84263801574707, 1.0139837265014648, 1.1920928955078125e-05, 48.47028732299805, 4.1233062744140625, 1.4339731931686401, -0.0006024419562891126, -0.0006024419562891126
25.85263991355896, 1.0139837265014648, 1.1920928955078125e-05, 48.465171813964844, 2.6702880859375, 1.4339731931686401, -0.0006024419562891126, -0.0005216476274654269
25.86263942718506, 1.0059525966644287, -0.08923477679491043, 48.31915283203125, 0.2373589426279068, 1.4339731931686401, -0.0661180317401886, -0.0661180317401886
25.87267255783081, 1.0059525966644287, -0.10039806365966797, 48.13661193847656, -2.3426055908203125, 1.4339449405670166, -0.0661180317401886, -0.10204406082630157
25.882643222808838, 0.9959136843681335, -0.2230803221464157, 47.77670669555664, -7.00675106048584, 1.4339449405670166, -0.10204406082630157, -0.07163139432668686
25.893301963806152, 0.9959136843681335, -0.20078420639038086, 47.411643981933594, -10.321807861328125, 1.4339449405670166, -0.06263864785432816, -0.06263864785432816
25.902644157409668, 0.9838670492172241, -0.3413200378417969, 46.79106140136719, -17.2576904296875, 1.4339449405670166, -0.049463752657175064, -0.049463752657175064
25.912652254104614, 0.979851484298706, -0.4238685071468353, 46.09746170043945, -27.69300651550293, 1.4339449405670166, -0.06810104101896286, -0.06810104101896286
25.92266011238098, 0.979851484298706, -0.25548338890075684, 45.6329460144043, -28.008270263671875, 1.4339449405670166, -0.06337609142065048, -0.06337609142065048
25.932634115219116, 0.9805338382720947, -0.3939734697341919, 44.98826217651367, -38.6899299621582, 1.4339449405670166, -0.07216529548168182, -0.07216529548168182
25.942626476287842, 0.9805338382720947, -0.3716680705547333, 44.38007736206055, -45.4470329284668, 1.4339449405670166, -0.058927442878484726, -0.058927442878484726
25.952659606933594, 0.9729427695274353, -0.4104137420654297, 43.63386917114258, -48.31275939941406, 1.4339449405670166, -0.09673890471458435, -0.09673890471458435
25.962637901306152, 0.9729427695274353, -0.36678048968315125, 43.03368377685547, -58.727264404296875, 1.4339449405670166, -0.055031877011060715, -0.055031877011060715
25.97266149520874, 0.9646433591842651, -0.4130840301513672, 42.282623291015625, -58.539581298828125, 1.4338871240615845, -0.0555320605635643, -0.0555320605635643
25.98263692855835, 0.9577659368515015, -0.3814816474914551, 41.59952926635742, -61.77177429199219, 1.4338871240615845, -0.05157994106411934, -0.05157994106411934
25.992653608322144, 0.9517426490783691, -0.4416942596435547, 40.796451568603516, -66.15219116210938, 1.4338871240615845, -0.07963679730892181, -0.07963679730892181
26.002662420272827, 0.9509149789810181, -0.32952427864074707, 40.19731521606445, -65.93742370605469, 1.4339731931686401, -0.07963679730892181, -0.06253287196159363
26.012636423110962, 0.9509149789810181, -0.3215140700340271, 39.65555191040039, -71.57685852050781, 1.4339731931686401, -0.06253287196159363, -0.05853209272027016
26.022648334503174, 0.9316648840904236, -0.5354152917861938, 38.7794189453125, -76.15026092529297, 1.4339449405670166, -0.05853209272027016, -0.05563286319375038
26.03265118598938, 0.9316648840904236, -0.48869848251342773, 37.89601135253906, -70.92247009277344, 1.4339449405670166, -0.05563286319375038, -0.07458334416151047
26.042632579803467, 0.9330017566680908, -0.5281369090080261, 37.03178787231445, -81.64765930175781, 1.4339449405670166, -0.05506912246346474, -0.05506912246346474
26.052654027938843, 0.9229665398597717, -0.49974918365478516, 36.12315368652344, -75.10719299316406, 1.4339449405670166, -0.03661055490374565, -0.03661055490374565
26.06264853477478, 0.9229665398597717, -0.5552834868431091, 35.214508056640625, -86.87930297851562, 1.4339449405670166, -0.048004865646362305, -0.048004865646362305
26.07268190383911, 0.9151322245597839, -0.4951179027557373, 34.314292907714844, -79.68330383300781, 1.4339449405670166, -0.0454261340200901, -0.0454261340200901
26.0826358795166, 0.9151322245597839, -0.4263341426849365, 33.53913879394531, -80.60455322265625, 1.4339731931686401, -0.0454261340200901, -0.06163134053349495
26.09261989593506, 0.9096052646636963, -0.4682011008262634, 32.76785659790039, -89.20626831054688, 1.4339731931686401, -0.06163134053349495, -0.05313774570822716
26.10264539718628, 0.9000220894813538, -0.5089282989501953, 31.842533111572266, -83.5479736328125, 1.4339449405670166, -0.04031349718570709, -0.04031349718570709
26.112650156021118, 0.9000220894813538, -0.5654758810997009, 30.922344207763672, -97.03572845458984, 1.4339449405670166, -0.030571138486266136, -0.030571138486266136
26.122630834579468, 0.8876875638961792, -0.4397749900817871, 30.122753143310547, -86.56654357910156, 1.4339449405670166, -0.04910024628043175, -0.04910024628043175
26.132647275924683, 0.8753341436386108, -0.6258951425552368, 29.098562240600586, -97.74907684326172, 1.4339449405670166, -0.05784708634018898, -0.05784708634018898
26.14263606071472, 0.8753341436386108, -0.5242553353309631, 28.050050735473633, -81.65220642089844, 1.4339449405670166, -0.0561685785651207, -0.0561685785651207
26.15264105796814, 0.8685831427574158, -0.6797909736633301, 27.061264038085938, -113.27385711669922, 1.4339449405670166, -0.02256011590361595, -0.02256011590361595
26.162651300430298, 0.8685831427574158, -0.60425865650177, 26.072477340698242, -101.5777587890625, 1.4339449405670166, -0.02256011590361595, -0.03264755383133888
26.17265820503235, 0.8614527583122253, -0.5367815494537354, 25.096511840820312, -92.17815399169922, 1.4339449405670166, -0.03990623354911804, -0.03990623354911804
26.182632446289062, 0.8614527583122253, -0.5368053913116455, 24.120500564575195, -94.18601989746094, 1.4339449405670166, -0.043283119797706604, -0.043283119797706604
26.19262719154358, 0.8439379930496216, -0.656670331954956, 22.926555633544922, -98.4130859375, 1.4339035749435425, -0.023619508370757103, -0.023619508370757103
26.202678680419922, 0.8439379930496216, -0.6231533288955688, 21.914371490478516, -110.31298828125, 1.4339731931686401, -0.06962993741035461, -0.06962993741035461
26.212618112564087, 0.8325046300888062, -0.6751835346221924, 20.67410659790039, -102.48260498046875, 1.4339731931686401, -0.04123371094465256, -0.04123371094465256
26.2226345539093, 0.8245590329170227, -0.7014274597167969, 19.526315689086914, -117.73787689208984, 1.4339731931686401, -0.04123371094465256, -0.06549109518527985
26.232656955718994, 0.8245590329170227, -0.5641645789146423, 18.603137969970703, -116.61592864990234, 1.4339449405670166, -0.019573746249079704, -0.019573746249079704
26.242650508880615, 0.8132898211479187, -0.6204366683959961, 17.480207443237305, -105.69839477539062, 1.4339449405670166, -0.0208753552287817, -0.0208753552287817
26.252659797668457, 0.8058563470840454, -0.6969703435897827, 16.339710235595703, -119.12854766845703, 1.4339449405670166, -0.011737577617168427, -0.011737577617168427
26.262656688690186, 0.8058563470840454, -0.6969637274742126, 15.199224472045898, -120.81400299072266, 1.4338871240615845, -0.02564711682498455, -0.02564711682498455
26.272645235061646, 0.7976453304290771, -0.6380736827850342, 14.049603462219238, -110.46905517578125, 1.4338871240615845, -0.028132809326052666, -0.028132809326052666
26.282651901245117, 0.7830621004104614, -0.78391432762146, 12.624303817749023, -114.96200561523438, 1.4338871240615845, -0.01181843876838684, -0.01181843876838684
26.2926504611969, 0.7830621004104614, -0.6764001250267029, 11.517467498779297, -126.76768493652344, 1.4338871240615845, -0.010993430390954018, -0.010993430390954018
26.30264115333557, 0.7696465253829956, -0.7429122924804688, 10.166718482971191, -117.47627258300781, 1.4338457584381104, -0.019797539338469505, -0.019797539338469505
26.312642097473145, 0.7605929374694824, -0.7990134954452515, 8.866762161254883, -131.19273376464844, 1.4338457584381104, -0.021826423704624176, -0.021826423704624176
26.322647094726562, 0.7605929374694824, -0.6396591663360596, 7.7037458419799805, -118.22566986083984, 1.4338457584381104, -0.02274620346724987, -0.02274620346724987
26.33264183998108, 0.7529192566871643, -0.716400146484375, 6.401199817657471, -122.01957702636719, 1.4338457584381104, -0.030570609495043755, -0.030570609495043755
26.3426570892334, 0.7529192566871643, -0.670784056186676, 5.303553581237793, -135.29608154296875, 1.4338457584381104, -0.04755037650465965, -0.04755037650465965
26.35265040397644, 0.7410523295402527, -0.6480395793914795, 4.125299453735352, -122.14412689208984, 1.4337892532348633, -0.009930894710123539, -0.009930894710123539
26.36265254020691, 0.735411524772644, -0.7044494152069092, 2.8547561168670654, -123.44465637207031, 1.4336174726486206, 0.0205500740557909, 0.0205500740557909
26.37263798713684, 0.735411524772644, -0.622338056564331, 1.7544652223587036, -122.9513168334961, 1.4334609508514404, -0.004952439107000828, -0.004952439107000828
26.38264298439026, 0.739341139793396, -0.48578447103500366, 0.988003671169281, -129.29222106933594, 1.4333786964416504, -0.004952439107000828, 0.01971161738038063
26.392621517181396, 0.739341139793396, -0.4372060298919678, 0.20803898572921753, -113.09428405761719, 1.4334237575531006, -0.00395015487447381, -0.00395015487447381
26.402620553970337, 0.7519086599349976, -0.1970926970243454, -0.12266925722360611, -114.32658386230469, 1.4335676431655884, -0.00942248571664095, -0.00942248571664095
26.412639379501343, 0.7519086599349976, -0.0868380069732666, -0.30671757459640503, -91.7347640991211, 1.433780312538147, -0.014661659486591816, -0.014661659486591816
26.422643661499023, 0.775310218334198, 0.147169828414917, -0.07780320942401886, -77.81550598144531, 1.4339970350265503, 0.008286706171929836, 0.008286706171929836
26.43266749382019, 0.775310218334198, 0.24878978729248047, 0.2899032533168793, -67.90328216552734, 1.4341075420379639, 0.006458952557295561, 0.006458952557295561
26.442636728286743, 0.7962669134140015, 0.4334747791290283, 1.057947039604187, -42.4560546875, 1.434189796447754, 0.006458952557295561, 0.00313758198171854
26.452665090560913, 0.7962669134140015, 0.6134973764419556, 2.046896457672119, -23.093368530273438, 1.43424391746521, 0.0027053614612668753, 0.0027053614612668753
26.462626934051514, 0.8056747317314148, 0.7806950211524963, 3.3145573139190674, 5.1088995933532715, 1.4342647790908813, 0.009234641678631306, 0.009234641678631306
26.472634315490723, 0.8117123246192932, 0.7630109786987305, 4.698056697845459, 29.43592071533203, 1.4342364072799683, 0.009234641678631306, 0.014940126799046993
26.482629537582397, 0.8117123246192932, 0.7237136363983154, 6.0190582275390625, 50.31053924560547, 1.4341785907745361, 0.006572298239916563, 0.006572298239916563
26.49263048171997, 0.8182176947593689, 0.7887601852416992, 7.463679790496826, 72.55642700195312, 1.4341504573822021, 0.005879249889403582, 0.005879249889403582
26.50264024734497, 0.8182176947593689, 0.7367663979530334, 8.674412727355957, 97.74536895751953, 1.4341504573822021, 0.005879249889403582, 0.0007809256203472614
26.512653589248657, 0.823542058467865, 0.7959339618682861, 9.976850509643555, 114.26189422607422, 1.434109091758728, 0.007194782141596079, 0.007194782141596079
26.52263045310974, 0.823542058467865, 0.48232078552246094, 10.86131763458252, 109.39111328125, 1.434109091758728, 0.007194782141596079, 0.007194782141596079
26.532636642456055, 0.8240081071853638, 0.541084349155426, 11.746728897094727, 127.29808807373047, 1.43401038646698, 0.01260832604020834, 0.00947694480419159
26.542648315429688, 0.8279308080673218, 0.3518197238445282, 12.340380668640137, 125.36038208007812, 1.4338833093643188, 0.0009463561000302434, 0.0009463561000302434
26.552637100219727, 0.8279308080673218, 0.3518197238445282, 12.939189910888672, 121.02545928955078, 1.4338423013687134, 0.0009463561000302434, 0.005021712742745876
26.56262993812561, 0.8381402492523193, 0.3246605396270752, 13.536937713623047, 102.22396850585938, 1.4338871240615845, 0.0006053694523870945, 0.0006053694523870945
26.572640419006348, 0.8381402492523193, 0.2642810344696045, 14.009299278259277, 93.11237335205078, 1.4338457584381104, 0.0028600026853382587, 0.0028600026853382587
26.582634687423706, 0.8478316068649292, 0.4013313055038452, 14.673544883728027, 96.16099548339844, 1.4339035749435425, 0.0038387246895581484, 0.0038387246895581484
26.592626094818115, 0.8550686240196228, 0.368499755859375, 15.33303165435791, 78.6934814453125, 1.4339449405670166, 0.011252135038375854, 0.011252135038375854
26.60262942314148, 0.85829097032547, 0.44526657462120056, 16.054128646850586, 81.99691772460938, 1.434014081954956, 0.0036877065431326628, 0.0036877065431326628
26.61263108253479, 0.85829097032547, 0.34748315811157227, 16.6733455657959, 66.96481323242188, 1.434068202972412, 0.010690590366721153, 0.010690590366721153
26.622670650482178, 0.8633393049240112, 0.39797425270080566, 17.387094497680664, 65.25773620605469, 1.4341504573822021, 0.0066110240295529366, 0.0066110240295529366
26.632648229599, 0.8686319589614868, 0.4958179295063019, 18.1834774017334, 71.51942443847656, 1.4342195987701416, 0.006107565015554428, 0.006107565015554428
26.64262819290161, 0.8686319589614868, 0.45224031805992126, 18.91093635559082, 73.0062026977539, 1.4342195987701416, 0.0030876686796545982, 0.0030876686796545982
26.652624130249023, 0.8756057620048523, 0.5297130942344666, 19.777738571166992, 75.9837875366211, 1.4342774152755737, 0.0030876686796545982, 0.01081280317157507
26.662642240524292, 0.8791095614433289, 0.45521390438079834, 20.512123107910156, 77.50235748291016, 1.4342774152755737, 0.003405208233743906, 0.003405208233743906
26.67262864112854, 0.8791095614433289, 0.4096865653991699, 21.257007598876953, 72.47695922851562, 1.4341787099838257, 0.005275159142911434, 0.005275159142911434
26.682628870010376, 0.8850019574165344, 0.371706485748291, 21.95078468322754, 72.77240753173828, 1.434109091758728, 0.002812138991430402, 0.002812138991430402
26.692612409591675, 0.8877067565917969, 0.3626478910446167, 22.556865692138672, 80.26483154296875, 1.434096336364746, 0.01145127136260271, 0.01145127136260271
26.702642679214478, 0.8877067565917969, 0.2941548824310303, 23.094011306762695, 70.39871215820312, 1.434026837348938, 0.00563019560649991, 0.00563019560649991
26.712635278701782, 0.8902701139450073, 0.3553231656551361, 23.688085556030273, 77.94168090820312, 1.433985948562622, 0.00563019560649991, 0.011480855755507946
26.72265601158142, 0.8902701139450073, 0.2992418110370636, 24.18518829345703, 75.53418731689453, 1.43392813205719, 0.011480855755507946, 0.01197319757193327
26.73262858390808, 0.8911476731300354, 0.22515654563903809, 24.60507583618164, 64.2160415649414, 1.43392813205719, 0.01197319757193327, 0.01583055593073368
26.74263572692871, 0.8924229145050049, 0.2643333673477173, 25.037622451782227, 68.0741195678711, 1.43392813205719, 0.01015144307166338, 0.01015144307166338
26.752646923065186, 0.8955361843109131, 0.22145774960517883, 25.400007247924805, 62.469696044921875, 1.43392813205719, 0.005704533774405718, 0.005704533774405718
26.762632131576538, 0.8955361843109131, 0.16427040100097656, 25.698680877685547, 51.86576843261719, 1.4339690208435059, 0.01183112058788538, 0.01183112058788538
26.772629022598267, 0.8979799151420593, 0.18870234489440918, 26.03434181213379, 47.77355194091797, 1.43401038646698, 0.011506504379212856, 0.011506504379212856
26.782668352127075, 0.9010353684425354, 0.17814503610134125, 26.318330764770508, 48.52824783325195, 1.434109091758728, 0.009582670405507088, 0.009582670405507088
26.7926344871521, 0.9010353684425354, 0.13328790664672852, 26.542726516723633, 39.858245849609375, 1.4341787099838257, 0.00512090465053916, 0.00512090465053916
26.802648782730103, 0.9028493165969849, 0.1682506650686264, 26.805387496948242, 41.23772430419922, 1.4341787099838257, 0.013740967959165573, 0.013740967959165573
26.81263756752014, 0.9028493165969849, 0.12578964233398438, 27.034095764160156, 33.460235595703125, 1.4342195987701416, 0.011243566870689392, 0.011243566870689392
26.82263708114624, 0.905201256275177, 0.16589297354221344, 27.29812240600586, 34.58828353881836, 1.4342365264892578, 0.011243566870689392, 0.01626930944621563
26.832627534866333, 0.9073193669319153, 0.17968150973320007, 27.589069366455078, 33.15522766113281, 1.4342365264892578, 0.010094700381159782, 0.010094700381159782
26.84263014793396, 0.9073193669319153, 0.14897584915161133, 27.859933853149414, 28.223037719726562, 1.4341373443603516, 0.0092774061486125, 0.0092774061486125
26.852632522583008, 0.9087492227554321, 0.13213157653808594, 28.118206024169922, 27.1820068359375, 1.434096336364746, 0.0092774061486125, 0.014474103227257729
26.862674951553345, 0.9087492227554321, 0.1468261033296585, 28.365922927856445, 29.636171340942383, 1.434068202972412, 0.018920913338661194, 0.018920913338661194
26.87264084815979, 0.9097836017608643, 0.11802315711975098, 28.58562660217285, 25.5126953125, 1.4339690208435059, 0.008511505089700222, 0.008511505089700222
26.882671117782593, 0.9097836017608643, 0.09720192849636078, 28.76271629333496, 27.160009384155273, 1.4339690208435059, 0.008308530785143375, 0.008308530785143375
26.89263653755188, 0.910311222076416, 0.09274482727050781, 28.93134307861328, 23.8861083984375, 1.43392813205719, 0.0050011626444756985, 0.0050011626444756985
26.90265202522278, 0.910311222076416, 0.0829034373164177, 29.074438095092773, 25.211545944213867, 1.43392813205719, 0.016878509894013405, 0.016878509894013405
26.91263508796692, 0.9099282622337341, 0.07080435752868652, 29.20317268371582, 21.690750122070312, 1.43392813205719, 0.014045310206711292, 0.014045310206711292
26.92264461517334, 0.9078769087791443, 0.02972947247326374, 29.251821517944336, 21.70816993713379, 1.4339690208435059, 0.012083098292350769, 0.012083098292350769
26.932639122009277, 0.9078769087791443, 0.0055789947509765625, 29.254531860351562, 16.654396057128906, 1.43401038646698, 0.007159488741308451, 0.007159488741308451
26.942646026611328, 0.9054955840110779, -0.020265579223632812, 29.213848114013672, 15.04347038269043, 1.43401038646698, -0.03226395696401596, -0.03226395696401596
26.952632665634155, 0.9054955840110779, -0.03614690527319908, 29.154699325561523, 11.51614761352539, 1.434109091758728, -0.027748405933380127, -0.027748405933380127
26.962661266326904, 0.9054955840110779, -0.03614690527319908, 29.154699325561523, 11.51614761352539, 1.434109091758728, -0.027748405933380127, -0.03439463675022125
26.972748279571533, 0.9054955840110779, -0.03614690527319908, 29.154699325561523, 11.51614761352539, 1.4341787099838257, -0.04829171672463417, -0.04829171672463417
26.982637643814087, 0.9054955840110779, -0.03614690527319908, 29.154699325561523, 11.51614761352539, 1.4341787099838257, -0.0718669444322586, -0.0718669444322586
26.992635250091553, 0.8908449411392212, -0.04476010799407959, 28.798566818237305, 1.0816574096679688, 1.4341373443603516, -0.02678285352885723, -0.02678285352885723
27.002647161483765, 0.8908449411392212, -0.2104242593050003, 28.46175765991211, -1.376046061515808, 1.4341373443603516, -0.060244012624025345, -0.060244012624025345
27.012675285339355, 0.8873158693313599, -0.2496507465839386, 28.053237915039062, -7.883495807647705, 1.4341373443603516, -0.060244012624025345, -0.04811440408229828
27.022660493850708, 0.8873158693313599, -0.2299487590789795, 27.635149002075195, -12.961578369140625, 1.434068202972412, -0.046402592211961746, -0.046402592211961746
27.032634973526, 0.8838160037994385, -0.29440057277679443, 27.165973663330078, -21.205055236816406, 1.434068202972412, -0.03697918727993965, -0.03697918727993965
27.04265785217285, 0.881014347076416, -0.3212624192237854, 26.64027214050293, -28.476926803588867, 1.434026837348938, -0.07252834737300873, -0.07252834737300873
27.052645444869995, 0.881014347076416, -0.268632173538208, 26.15937042236328, -30.924415588378906, 1.4339690208435059, -0.026843978092074394, -0.026843978092074394
27.062631845474243, 0.8714315295219421, -0.40494734048843384, 25.50724220275879, -41.636783599853516, 1.4339690208435059, -0.02699480764567852, -0.02699480764567852
27.072654485702515, 0.8737930655479431, -0.3170311450958252, 24.93082046508789, -42.82989501953125, 1.4339690208435059, -0.03168033808469772, -0.03168033808469772
27.082656621932983, 0.8685691952705383, -0.41028526425361633, 24.259445190429688, -54.39186096191406, 1.4339690208435059, -0.0776480883359909, -0.0776480883359909
27.09263014793396, 0.8685691952705383, -0.2227485179901123, 23.854448318481445, -49.44114685058594, 1.4339690208435059, -0.009010843932628632, -0.009010843932628632
27.102680683135986, 0.8553693294525146, -0.39417213201522827, 23.20943832397461, -58.35956954956055, 1.43401038646698, -0.022532092407345772, -0.022532092407345772
27.112662076950073, 0.8493459820747375, -0.3796994686126709, 22.511554718017578, -55.41648864746094, 1.43401038646698, -0.022532092407345772, -0.05136337876319885
27.122639417648315, 0.8529243469238281, -0.34391283988952637, 21.886259078979492, -57.489013671875, 1.4341373443603516, -0.05136337876319885, -0.08136069029569626
27.13263964653015, 0.8529243469238281, -0.3432499170303345, 21.301494598388672, -65.16075134277344, 1.4341373443603516, -0.08136069029569626, -0.05057172104716301
27.1426420211792, 0.8483036160469055, -0.36344262957572937, 20.706769943237305, -65.92793273925781, 1.4341373443603516, -0.05057172104716301, -0.02431950531899929
27.1526460647583, 0.8417696356773376, -0.356777161359787, 19.993215560913086, -56.05593490600586, 1.4341373443603516, -0.025971733033657074, -0.025971733033657074
27.162654399871826, 0.8417696356773376, -0.3707781434059143, 19.453901290893555, -75.66666412353516, 1.434109091758728, -0.022304346784949303, -0.022304346784949303
27.172643184661865, 0.837358832359314, -0.36433935165405273, 18.79660415649414, -61.34223937988281, 1.434109091758728, -0.022304346784949303, -0.03775123879313469
27.18264102935791, 0.8299626708030701, -0.42896801233291626, 18.094655990600586, -68.49776458740234, 1.434068202972412, -0.03775123879313469, -0.009083371609449387
27.192665338516235, 0.8299626708030701, -0.38605332374572754, 17.400175094604492, -64.5425796508789, 1.434068202972412, -0.04646223783493042, -0.04646223783493042
27.202643632888794, 0.8212264180183411, -0.3793703317642212, 16.779386520385742, -71.44503784179688, 1.434026837348938, -0.03602898120880127, -0.03602898120880127
27.212625980377197, 0.8124927282333374, -0.3685295581817627, 16.116853713989258, -63.947105407714844, 1.434026837348938, -0.03709513321518898, -0.03709513321518898
27.222631216049194, 0.8124927282333374, -0.40432214736938477, 15.381723403930664, -65.04535675048828, 1.434026837348938, -0.029017740860581398, -0.029017740860581398
27.23264980316162, 0.8082170486450195, -0.4470705986022949, 14.568867683410645, -67.32635498046875, 1.434026837348938, -0.029017740860581398, -0.007545747794210911
27.242653608322144, 0.8082170486450195, -0.40087103843688965, 13.840011596679688, -68.66741180419922, 1.434026837348938, -0.025321651250123978, -0.025321651250123978
27.252640962600708, 0.8003946542739868, -0.4137396812438965, 13.087757110595703, -69.05460357666016, 1.434068202972412, -0.025321651250123978, -0.036788005381822586
27.262619256973267, 0.7916167974472046, -0.5572636723518372, 12.168350219726562, -80.95063018798828, 1.434068202972412, -0.02976948209106922, -0.02976948209106922
27.272645711898804, 0.7916167974472046, -0.45741796493530273, 11.336681365966797, -74.59916687011719, 1.434068202972412, -0.019566968083381653, -0.019566968083381653
27.282649040222168, 0.7818895578384399, -0.5341436862945557, 10.462628364562988, -84.8001937866211, 1.434109091758728, -0.008821791037917137, -0.008821791037917137
27.292627811431885, 0.7743579745292664, -0.5560517311096191, 9.444190979003906, -79.55979919433594, 1.434109091758728, -0.036105040460824966, -0.036105040460824966
27.302642345428467, 0.7743579745292664, -0.5207591652870178, 8.592039108276367, -90.97067260742188, 1.434068202972412, -0.014499517157673836, -0.014499517157673836
27.312671661376953, 0.7716547250747681, -0.40838122367858887, 7.856962203979492, -82.598876953125, 1.434068202972412, -0.04838387668132782, -0.04838387668132782
27.322640419006348, 0.7597723007202148, -0.5857812166213989, 6.898411273956299, -94.25904846191406, 1.434096336364746, 0.014873429201543331, 0.014873429201543331
27.33262848854065, 0.7597723007202148, -0.4844486713409424, 6.01248025894165, -85.56385040283203, 1.434096336364746, -0.009698266163468361, -0.009698266163468361
27.342634916305542, 0.7542111277580261, -0.6000664234161377, 5.030553340911865, -97.88279724121094, 1.434096336364746, 0.013310971669852734, 0.013310971669852734
27.35263466835022, 0.7465741634368896, -0.598000168800354, 4.052007675170898, -100.397216796875, 1.434068202972412, 0.012387811206281185, 0.012387811206281185
27.3626229763031, 0.7465741634368896, -0.5004737377166748, 3.2381656169891357, -99.22430419921875, 1.43401038646698, 0.012387811206281185, -0.015696406364440918
27.372650861740112, 0.7465741634368896, -0.4504203796386719, 2.429731607437134, -89.0695571899414, 1.433953881263733, -0.015696406364440918, -0.02562014013528824
27.38263511657715, 0.738904595375061, -0.47761863470077515, 1.6584476232528687, -97.82425689697266, 1.4337689876556396, -0.02562014013528824, 0.008166463114321232
27.392658472061157, 0.738904595375061, -0.354534387588501, 1.0474566221237183, -83.96735382080078, 1.4337689876556396, -0.02562014013528824, -0.03458420932292938
27.402637720108032, 0.738904595375061, -0.354534387588501, 0.40284863114356995, -81.89189147949219, 1.433587908744812, 0.026843532919883728, 0.026843532919883728
27.412655115127563, 0.7329254746437073, -0.4303256571292877, -0.26839718222618103, -90.28177642822266, 1.4336740970611572, 0.01706840842962265, 0.01706840842962265
27.422654628753662, 0.7502279281616211, -0.10604991018772125, -0.4576040208339691, -81.73348999023438, 1.4338175058364868, -0.002645417582243681, -0.002645417582243681
27.432681560516357, 0.7502279281616211, -0.09544491767883301, -0.6572145223617554, -66.69691467285156, 1.4340310096740723, -0.02806384302675724, -0.02806384302675724
27.442622423171997, 0.7729544043540955, 0.2082652449607849, -0.355235755443573, -59.84214782714844, 1.43416166305542, 0.001248526736162603, 0.001248526736162603
27.45264768600464, 0.7832116484642029, 0.36637187004089355, 0.28713977336883545, -37.6486701965332, 1.4342721700668335, 0.001248526736162603, -0.000469958788016811
27.462646961212158, 0.7832116484642029, 0.40708649158477783, 0.9331890940666199, -25.610843658447266, 1.4343544244766235, 0.0010647171875461936, 0.0010647171875461936
27.472647428512573, 0.7870751619338989, 0.45000845193862915, 1.6546112298965454, -8.612443923950195, 1.434367060661316, 0.00937214307487011, 0.00937214307487011
27.482800722122192, 0.7870751619338989, 0.4817008972167969, 2.5281336307525635, 8.696857452392578, 1.4343183040618896, 0.00937214307487011, -0.0027008112519979477
27.492653131484985, 0.7919992804527283, 0.5309522151947021, 3.502366065979004, 24.549097061157227, 1.4342604875564575, 0.009514308534562588, 0.009514308534562588
27.502875804901123, 0.7919992804527283, 0.5899403095245361, 4.478234767913818, 45.28207778930664, 1.434232234954834, 0.008373395539820194, 0.008373395539820194
27.512657165527344, 0.7950358390808105, 0.6211042404174805, 5.61265230178833, 58.81047058105469, 1.434191346168518, 0.012328363955020905, 0.012328363955020905
27.52265238761902, 0.7950358390808105, 0.49786436557769775, 6.4347734451293945, 76.5820083618164, 1.434064269065857, 0.004535908345133066, 0.004535908345133066
27.532652854919434, 0.7980536818504333, 0.5314018726348877, 7.3274455070495605, 88.71841430664062, 1.4340229034423828, -0.0002461776020936668, -0.0002461776020936668
27.542654991149902, 0.7980536818504333, 0.2509891986846924, 7.7913103103637695, 81.46546173095703, 1.4339406490325928, 0.006845172494649887, 0.006845172494649887
27.552632570266724, 0.8020356893539429, 0.18824338912963867, 8.148526191711426, 78.61385345458984, 1.4338997602462769, 0.006845172494649887, 0.005165080539882183
27.562618732452393, 0.8069917559623718, 0.23779869079589844, 8.588321685791016, 76.5512924194336, 1.4338871240615845, 0.005165080539882183, 0.005977187305688858
27.572699785232544, 0.8069917559623718, 0.221292182803154, 8.952733993530273, 81.09029388427734, 1.4338871240615845, 0.00019727721519302577, 0.00019727721519302577
27.5826416015625, 0.814454972743988, 0.2737998962402344, 9.450551986694336, 69.22421264648438, 1.4339731931686401, 0.00019727721519302577, 0.010243387892842293
27.592841625213623, 0.814454972743988, 0.24951165914535522, 9.843194961547852, 70.45364379882812, 1.4339731931686401, 0.007045932114124298, 0.007045932114124298
27.60263156890869, 0.8232449293136597, 0.34717056155204773, 10.41129207611084, 65.92289733886719, 1.434014081954956, 0.007045932114124298, 0.010714258067309856
27.612653017044067, 0.8232449293136597, 0.28209686279296875, 10.91676139831543, 53.04107666015625, 1.434026837348938, 0.007248883135616779, 0.007248883135616779
27.622644186019897, 0.8252527117729187, 0.3357463479042053, 11.463845252990723, 55.87853240966797, 1.43401038646698, 0.007553956005722284, 0.007553956005722284
27.6326847076416, 0.8284976482391357, 0.3044307231903076, 12.020346641540527, 46.928977966308594, 1.43409264087677, 0.011557167395949364, 0.011557167395949364
27.64264726638794, 0.8284976482391357, 0.33826959133148193, 12.558923721313477, 52.973533630371094, 1.434133529663086, 0.01247426401823759, 0.01247426401823759
27.652644634246826, 0.829268217086792, 0.2723276615142822, 13.046629905700684, 48.98099899291992, 1.434191346168518, 0.01247426401823759, 0.007041282020509243
27.66263246536255, 0.8328012228012085, 0.28677117824554443, 13.505379676818848, 54.63398742675781, 1.4342195987701416, 0.006319050211459398, 0.006319050211459398
27.672638416290283, 0.8346107602119446, 0.3068712055683136, 14.002396583557129, 56.10741424560547, 1.4342365264892578, 0.0010688171023502946, 0.0010688171023502946
27.682666063308716, 0.8346107602119446, 0.20155906677246094, 14.365789413452148, 49.152374267578125, 1.4342647790908813, 0.008665394969284534, 0.008665394969284534
27.692634105682373, 0.8369364738464355, 0.24979645013809204, 14.769410133361816, 54.735713958740234, 1.4341951608657837, 0.009383779019117355, 0.009383779019117355
27.702630043029785, 0.8369364738464355, 0.15213754773139954, 15.031020164489746, 51.33024978637695, 1.4341541528701782, 0.011969393119215965, 0.011969393119215965
27.712631225585938, 0.8393071293830872, 0.16061663627624512, 15.330507278442383, 44.1375732421875, 1.434096336364746, 0.003004529280588031, 0.003004529280588031
27.722643852233887, 0.8393071293830872, 0.15615755319595337, 15.596549034118652, 45.91878128051758, 1.4339690208435059, 0.005540075246244669, 0.005540075246244669
27.732664108276367, 0.8413149118423462, 0.1424153596162796, 15.852741241455078, 42.58219528198242, 1.4338997602462769, 0.003208713373169303, 0.003208713373169303
27.742652893066406, 0.8433226943016052, 0.14824867248535156, 16.134876251220703, 35.759544372558594, 1.4338997602462769, 0.0015874123200774193, 0.0015874123200774193
27.7526376247406, 0.8433226943016052, 0.15615755319595337, 16.39040756225586, 37.15313720703125, 1.4338997602462769, 0.001853256020694971, 0.001853256020694971
27.762629508972168, 0.8453304767608643, 0.12529492378234863, 16.618215560913086, 31.128215789794922, 1.43392813205719, 0.011228726245462894, 0.011228726245462894
27.77263641357422, 0.8453304767608643, 0.1071929931640625, 16.807954788208008, 28.055572509765625, 1.4339690208435059, 0.003559333272278309, 0.003559333272278309
27.782626390457153, 0.8473382592201233, 0.12727975845336914, 17.031938552856445, 26.66168212890625, 1.434026837348938, 0.01172706950455904, 0.01172706950455904
27.792651414871216, 0.8473382592201233, 0.11557340621948242, 17.210546493530273, 27.1236629486084, 1.434096336364746, 0.0022372561506927013, 0.0022372561506927013
27.802630186080933, 0.8473382592201233, 0.11557340621948242, 17.38702964782715, 26.177936553955078, 1.4341373443603516, 0.003190593561157584, 0.003190593561157584
27.812737464904785, 0.8473382592201233, 0.08923477679491043, 17.52559471130371, 24.38947868347168, 1.4341787099838257, -8.069116302067414e-05, -8.069116302067414e-05
27.822625160217285, 0.8453304767608643, 0.06023049354553223, 17.627582550048828, 20.310401916503906, 1.4341787099838257, -8.069116302067414e-05, 0.009619457647204399
27.832656383514404, 0.8453304767608643, 0.04462401196360588, 17.700603485107422, 20.532184600830078, 1.4341787099838257, -0.00012660752690862864, -0.00012660752690862864
27.842644929885864, 0.8413149118423462, -0.022305382415652275, 17.664104461669922, 16.99150848388672, 1.4341787099838257, -0.033094242215156555, -0.033094242215156555
27.852660417556763, 0.8413149118423462, -0.02008676528930664, 17.627582550048828, 12.371635437011719, 1.434109091758728, -0.03161139786243439, -0.03161139786243439
27.86263632774353, 0.8352915644645691, -0.10038018226623535, 17.457731246948242, 8.395195007324219, 1.434109091758728, -0.0403837226331234, -0.0403837226331234
