6.834580421447754, 1.5499999523162842, 0.0, 124.69092559814453, 0.0, 1.4332557916641235, 0.0, 0.0
6.844629287719727, 1.5499999523162842, 0.0, 145.91714477539062, 235.84661865234375, 1.4332557916641235, 0.0, 0.0
6.85460638999939, 1.5499999523162842, 0.0, 145.91714477539062, 212.261962890625, 1.4332557916641235, 0.0, 5.718648910522461
6.864569664001465, 1.5499999523162842, 0.0, 145.91714477539062, 235.84661865234375, 1.4332557916641235, 0.0, 7.036654472351074
6.8745973110198975, 1.5499999523162842, 0.0, 145.91714477539062, 212.261962890625, 1.4337214231491089, 0.0, 5.574854373931885
6.884605169296265, 1.5499999523162842, 0.0, 145.83248901367188, 234.90567016601562, 1.4337214231491089, 0.0, 7.2312116622924805
6.894557952880859, 1.5499999523162842, 0.0, 145.83248901367188, 211.4166259765625, 1.4363821744918823, 0.0, 7.792079448699951
6.9045915603637695, 1.5499999523162842, 0.0, 145.3487091064453, 206.57806396484375, 1.4363821744918823, 0.0, 7.126682281494141
6.914561748504639, 1.5499999523162842, 0.0, 145.3487091064453, 229.53118896484375, 1.443413257598877, 0.0, 8.256093978881836
6.924571514129639, 1.5499999523162842, 0.0, 144.07032775878906, 193.79425048828125, 1.443413257598877, 0.0, 7.10225248336792
6.934615850448608, 1.5499999523162842, 0.0, 144.07032775878906, 215.32525634765625, 1.454363465309143, 0.0, 7.10225248336792
6.9446120262146, 1.5499999523162842, 0.0, 142.07937622070312, -38.37890625, 1.454363465309143, 0.0, 7.430986404418945
6.954586029052734, 1.5499999523162842, 0.0, 142.07937622070312, -38.37738037109375, 1.4665684700012207, 0.0, 6.724878311157227
6.964569807052612, 1.5499999523162842, 0.0, 139.86029052734375, -67.29804229736328, 1.4665684700012207, 0.0, 7.329443454742432
6.97456431388855, 1.5499999523162842, 0.0, 139.86029052734375, -60.5682373046875, 1.4776184558868408, 0.0, 7.329443454742432
6.98459529876709, 1.5499999523162842, 0.0, 137.8511962890625, -79.8126220703125, 1.4776184558868408, 0.0, 6.43353271484375
6.9946300983428955, 1.5499999523162842, 0.0, 137.8511962890625, -88.68069458007812, 1.4862539768218994, 0.0, 6.169408798217773
7.0046210289001465, 1.5499999523162842, 0.0, 136.28111267089844, -100.75209045410156, 1.4862539768218994, 0.0, 8.114397048950195
7.0146026611328125, 1.5499999523162842, 0.0, 136.28111267089844, -100.74869537353516, 1.4925861358642578, 0.0, 7.906150817871094
7.024616718292236, 1.5499999523162842, 0.0, 135.1298065185547, -89.4073486328125, 1.4925861358642578, 0.0, 7.987090110778809
7.034597396850586, 1.5499999523162842, 0.0, 135.1298065185547, -99.33980560302734, 1.4973357915878296, 0.0, 7.970400810241699
7.0445778369903564, 1.5499999523162842, 0.0, 134.2662353515625, -78.131103515625, 1.4973357915878296, 0.0, 7.676478385925293
7.05458664894104, 1.5499999523162842, 0.0, 134.2662353515625, -78.12957763671875, 1.5013761520385742, 0.0, 6.855391502380371
7.064580917358398, 1.5499999523162842, 0.0, 133.5316162109375, -70.31758880615234, 1.5013761520385742, 0.0, 6.945463180541992
7.074694395065308, 1.5499999523162842, 0.0, 133.5316162109375, -63.287353515625, 1.504998803138733, 0.0, 6.330289363861084
7.084590435028076, 1.5499999523162842, 0.0, 132.87295532226562, -55.31480407714844, 1.504998803138733, 0.0, 7.560241222381592
7.094612121582031, 1.5499999523162842, 0.0, 132.87295532226562, -49.7833251953125, 1.5084662437438965, 0.0, 6.99599552154541
7.104618787765503, 1.5499999523162842, 0.0, 132.2425079345703, -44.87270736694336, 1.5084662437438965, 0.0, 10.0
7.114591598510742, 1.5499999523162842, 0.0, 132.2425079345703, -40.38543701171875, 1.5121746063232422, 0.0, 6.589574337005615
7.124674558639526, 1.5499999523162842, 0.0, 131.56826782226562, -39.57282257080078, 1.5121746063232422, 0.0, 6.886482238769531
7.134567975997925, 1.5499999523162842, 0.0, 131.56826782226562, -35.6170654296875, 1.5162283182144165, 0.0, 5.1574177742004395
7.14457368850708, 1.5499999523162842, 0.0, 130.8312225341797, -34.3505859375, 1.5162283182144165, 0.0, 7.905094146728516
7.154590845108032, 1.5499999523162842, 0.0, 130.8312225341797, -34.34906005859375, 1.5214176177978516, 0.0, 5.950044631958008
7.164565801620483, 1.5499999523162842, 0.0, 129.88772583007812, -40.48834991455078, 1.5214176177978516, 0.0, 6.354930400848389
7.1745734214782715, 1.5499999523162842, 0.0, 129.88772583007812, -40.48665237426758, 1.5268454551696777, 0.0, 7.32990837097168
7.184575080871582, 1.5499999523162842, 0.0, 128.9008331298828, -39.72015380859375, 1.5268454551696777, 0.0, 7.580259323120117
7.194590330123901, 1.5499999523162842, 0.0, 128.9008331298828, -39.72015380859375, 1.5328495502471924, 0.0, 5.371057987213135
7.20457649230957, 1.5499999523162842, 0.0, 127.80918884277344, -44.33441162109375, 1.5328495502471924, 0.0, 8.662260055541992
7.2145843505859375, 1.5499999523162842, 0.0, 127.80918884277344, -49.25876235961914, 1.539115071296692, 0.0, 5.13893461227417
7.224570035934448, 1.5499999523162842, 0.0, 126.66999816894531, -48.9837646484375, 1.539115071296692, 0.0, 6.2738118171691895
7.234583616256714, 1.5499999523162842, 0.0, 126.66999816894531, -54.42470932006836, 1.5451017618179321, 0.0, 7.622177600860596
7.244617462158203, 1.5499999523162842, 0.0, 125.58151245117188, -52.496337890625, 1.5451017618179321, 0.0, 6.854850769042969
7.25464129447937, 1.5499999523162842, 0.0, 125.58151245117188, -58.33011245727539, 1.551133632659912, 0.0, 7.541220664978027
7.264571905136108, 1.5499999523162842, 0.0, 124.48480987548828, -60.03231430053711, 1.551133632659912, 0.0, 7.0061259269714355
7.274581432342529, 1.5499999523162842, 0.0, 124.48480987548828, -60.03146743774414, 1.557228446006775, 0.0, 5.5196356773376465
7.284609079360962, 1.5499999523162842, 0.0, 123.37665557861328, -55.242919921875, 1.557228446006775, 0.0, 7.34713888168335
7.294565439224243, 1.5499999523162842, 0.0, 123.37665557861328, -61.37847900390625, 1.5635358095169067, 0.0, 5.938217639923096
7.304578065872192, 1.5499999523162842, 0.0, 122.22986602783203, -55.794525146484375, 1.5635358095169067, 0.0, 6.549511432647705
7.3145458698272705, 1.5499999523162842, 0.0, 122.22986602783203, -55.79376220703125, 1.5697402954101562, 0.0, 8.2438325881958
7.324575185775757, 1.5499999523162842, 0.0, 121.10177612304688, -61.86930465698242, 1.5697402954101562, 0.0, 5.866321086883545
7.334571599960327, 1.5499999523162842, 0.0, 121.10177612304688, -61.86930465698242, 1.5755144357681274, 0.0, 8.095545768737793
7.344610691070557, 1.5499999523162842, 0.0, 120.05193328857422, -55.295562744140625, 1.5755144357681274, 0.0, 7.782571792602539
7.354569435119629, 1.5499999523162842, 0.0, 120.05193328857422, -55.29632568359375, 1.5810329914093018, 0.0, 7.587265491485596
7.364602327346802, 1.5499999523162842, 0.0, 119.0485610961914, -60.40022277832031, 1.5810329914093018, 0.0, 6.966710567474365
7.374576807022095, 1.5499999523162842, 0.0, 119.0485610961914, -60.40361022949219, 1.5860118865966797, 0.0, 7.314876079559326
7.3845908641815186, 1.5499999523162842, 0.0, 118.14330291748047, -52.333831787109375, 1.5860118865966797, 0.0, 5.717532634735107
7.3945698738098145, 1.5499999523162842, 0.0, 118.14330291748047, -58.14870071411133, 1.5907288789749146, 0.0, 6.8276472091674805
7.404578447341919, 1.5499999523162842, 0.0, 117.28567504882812, -54.93587875366211, 1.5907288789749146, 0.0, 7.4721527099609375
7.414614200592041, 1.5499999523162842, 0.0, 117.28567504882812, -54.93418502807617, 1.5951671600341797, 0.0, 5.649616241455078
7.424603700637817, 1.5499999523162842, 0.0, 116.47871398925781, -46.230316162109375, 1.5951671600341797, 0.0, 6.1308465003967285
7.43455171585083, 1.5499999523162842, 0.0, 116.47871398925781, -51.36786651611328, 1.5994824171066284, 0.0, 6.2060441970825195
7.444570779800415, 1.5499999523162842, 0.0, 115.69412231445312, -43.579864501953125, 1.5994824171066284, 0.0, 6.453178405761719
7.454550266265869, 1.5499999523162842, 0.0, 115.69412231445312, -48.42037582397461, 1.6036370992660522, 0.0, 6.559271335601807
7.464630842208862, 1.5499999523162842, 0.0, 114.938720703125, -41.0980224609375, 1.6036370992660522, 0.0, 6.66254186630249
7.474529981613159, 1.5499999523162842, 0.0, 114.938720703125, -45.66447067260742, 1.6076472997665405, 0.0, 8.077591896057129
7.484572172164917, 1.5499999523162842, 0.0, 114.2095947265625, -39.337158203125, 1.6076472997665405, 0.0, 7.8695068359375
7.494544506072998, 1.5499999523162842, 0.0, 114.2095947265625, -43.70795440673828, 1.6100683212280273, 0.0, 5.527965545654297
7.504597187042236, 1.5499999523162842, 0.0, 113.7694091796875, -35.162353515625, 1.6100683212280273, 0.0, 5.753870487213135
7.514536142349243, 1.5499999523162842, 0.0, 113.7694091796875, -39.06928253173828, 1.6098164319992065, 0.0, 5.44546365737915
7.5245819091796875, 1.5499999523162842, 0.0, 113.8152084350586, -26.6357421875, 1.6098164319992065, 0.0, 6.920131683349609
7.534575462341309, 1.5499999523162842, 0.0, 113.8152084350586, -26.63421630859375, 1.6077287197113037, 0.0, 6.920131683349609
7.544594049453735, 1.5499999523162842, 0.0, 114.19479370117188, -16.66005516052246, 1.6077287197113037, 0.0, 7.489941596984863
7.55457615852356, 1.5499999523162842, 0.0, 114.19479370117188, -16.65835952758789, 1.6047186851501465, 0.0, 8.135403633117676
7.564586877822876, 1.5499999523162842, 0.0, 114.74207305908203, -1.96685791015625, 1.6047186851501465, 0.0, 6.757416248321533
7.574578762054443, 1.5499999523162842, 0.0, 114.74207305908203, -1.966094970703125, 1.6013073921203613, 0.0, 6.875065326690674
7.584598541259766, 1.5499999523162842, 0.0, 115.3623046875, 11.527252197265625, 1.6013073921203613, 0.0, 6.1517815589904785
7.594574451446533, 1.5499999523162842, 0.0, 115.3623046875, 12.807209968566895, 1.598084568977356, 0.0, 6.783419609069824
7.604580879211426, 1.5499999523162842, 0.0, 115.94827270507812, 21.788787841796875, 1.598084568977356, 0.0, 7.278032302856445
7.6145830154418945, 1.5499999523162842, 0.0, 115.94827270507812, 24.20891571044922, 1.5951554775238037, 0.0, 6.090749740600586
7.62461519241333, 1.5499999523162842, 0.0, 116.4808349609375, 26.656341552734375, 1.5951554775238037, 0.0, 8.435741424560547
7.634580612182617, 1.5499999523162842, 0.0, 116.4808349609375, 29.61900520324707, 1.592728614807129, 0.0, 5.739044189453125
7.644638776779175, 1.5499999523162842, 0.0, 116.92208099365234, 30.30310821533203, 1.592728614807129, 0.0, 7.411107063293457
7.654544115066528, 1.5499999523162842, 0.0, 116.92208099365234, 30.30310821533203, 1.5910643339157104, 0.0, 5.714803695678711
7.664541721343994, 1.5499999523162842, 0.0, 117.22467803955078, 24.826812744140625, 1.5910643339157104, 0.0, 7.273603916168213
7.674619913101196, 1.5499999523162842, 0.0, 117.22467803955078, 27.58365249633789, 1.590700626373291, 0.0, 7.028238773345947
7.6845622062683105, 1.5499999523162842, 0.0, 117.29080963134766, 19.284820556640625, 1.590700626373291, 0.0, 6.190455436706543
7.694584608078003, 1.5499999523162842, 0.0, 117.29080963134766, 19.284820556640625, 1.5917956829071045, 0.0, 6.6047444343566895
7.70458459854126, 1.5499999523162842, 0.0, 117.09170532226562, 12.70463752746582, 1.5917956829071045, 0.0, 5.854150772094727
7.714613199234009, 1.5499999523162842, 0.0, 117.09170532226562, 12.70633316040039, 1.593584656715393, 0.0, 7.032322883605957
7.724574565887451, 1.5499999523162842, 0.0, 116.76644134521484, 2.8564453125, 1.593584656715393, 0.0, 8.464417457580566
7.73457932472229, 1.5499999523162842, 0.0, 116.76644134521484, 3.173828125, 1.5954818725585938, 0.0, 5.720703125
7.744604587554932, 1.5499999523162842, 0.0, 116.42149353027344, -5.0079345703125, 1.5954818725585938, 0.0, 6.151163101196289
7.754570960998535, 1.5499999523162842, 0.0, 116.42149353027344, -5.56182861328125, 1.5974361896514893, 0.0, 7.240895748138428
7.764586448669434, 1.5499999523162842, 0.0, 116.066162109375, -11.58447265625, 1.5974361896514893, 0.0, 7.00569486618042
7.774560928344727, 1.5499999523162842, 0.0, 116.066162109375, -11.58599853515625, 1.5990046262741089, 0.0, 8.33255672454834
7.784623861312866, 1.5499999523162842, 0.0, 115.78099060058594, -16.77534294128418, 1.5990046262741089, 0.0, 6.76152229309082
7.794588804244995, 1.5499999523162842, 0.0, 115.78099060058594, -15.0970458984375, 1.6001657247543335, 0.0, 7.047570705413818
7.804594039916992, 1.5499999523162842, 0.0, 115.56987762451172, -15.219879150390625, 1.6001657247543335, 0.0, 7.276451110839844
7.8145763874053955, 1.5499999523162842, 0.0, 115.56987762451172, -16.90928077697754, 1.6008387804031372, 0.0, 8.346491813659668
7.824554681777954, 1.5499999523162842, 0.0, 115.447509765625, -13.188934326171875, 1.6008387804031372, 0.0, 6.18379020690918
7.834630012512207, 1.5499999523162842, 0.0, 115.447509765625, -14.655219078063965, 1.6006979942321777, 0.0, 5.000241756439209
7.844579458236694, 1.5499999523162842, 0.0, 115.47310638427734, -10.53619384765625, 1.6006979942321777, 0.0, 7.594975471496582
7.854583740234375, 1.5499999523162842, 0.0, 115.47310638427734, -10.537041664123535, 1.59971022605896, 0.0, 6.210445404052734
7.864592790603638, 1.5499999523162842, 0.0, 115.65270233154297, -4.135894775390625, 1.59971022605896, 0.0, 7.065892696380615
7.874583959579468, 1.5499999523162842, 0.0, 115.65270233154297, -4.593743324279785, 1.5979063510894775, 0.0, 6.592592239379883
7.884585380554199, 1.5499999523162842, 0.0, 115.98067474365234, 1.99737548828125, 1.5979063510894775, 0.0, 7.272558689117432
7.894604921340942, 1.5499999523162842, 0.0, 115.98067474365234, 2.218458414077759, 1.595542550086975, 0.0, 5.62284517288208
7.904605388641357, 1.5499999523162842, 0.0, 116.41046142578125, 9.34007453918457, 1.595542550086975, 0.0, 8.142049789428711
7.914571285247803, 1.5499999523162842, 0.0, 116.41046142578125, 8.405303955078125, 1.5927268266677856, 0.0, 7.969840049743652
7.9246039390563965, 1.5499999523162842, 0.0, 116.92240905761719, 16.387939453125, 1.5927268266677856, 0.0, 5.72462797164917
7.934593677520752, 1.5499999523162842, 0.0, 116.92240905761719, 16.38709259033203, 1.589571237564087, 0.0, 7.719460487365723
7.94459080696106, 1.5499999523162842, 0.0, 117.49615478515625, 20.23162841796875, 1.589571237564087, 0.0, 8.864521026611328
7.9545886516571045, 1.5499999523162842, 0.0, 117.49615478515625, 22.47704315185547, 1.5861927270889282, 0.0, 7.103517532348633
7.96459698677063, 1.5499999523162842, 0.0, 118.11042785644531, 24.578094482421875, 1.5861927270889282, 0.0, 6.656229496002197
7.974623918533325, 1.5499999523162842, 0.0, 118.11042785644531, 27.30814552307129, 1.5832972526550293, 0.0, 6.7714691162109375
7.984597206115723, 1.5499999523162842, 0.0, 118.63687896728516, 26.561737060546875, 1.5832972526550293, 0.0, 7.523448467254639
7.994583606719971, 1.5499999523162842, 0.0, 118.63687896728516, 29.51219367980957, 1.581089973449707, 0.0, 8.431973457336426
8.004557371139526, 1.5499999523162842, 0.0, 119.03820037841797, 26.277923583984375, 1.581089973449707, 0.0, 5.962172508239746
8.01457142829895, 1.5499999523162842, 0.0, 119.03820037841797, 29.19769287109375, 1.579345941543579, 0.0, 6.519553184509277
8.024588584899902, 1.5499999523162842, 0.0, 119.35529327392578, 24.32861328125, 1.579345941543579, 0.0, 6.577933311462402
8.034583568572998, 1.5499999523162842, 0.0, 119.35529327392578, 24.33013916015625, 1.5782802104949951, 0.0, 6.812413215637207
8.044576168060303, 1.5499999523162842, 0.0, 119.54906463623047, 20.528411865234375, 1.5782802104949951, 0.0, 7.510848045349121
8.054589986801147, 1.5499999523162842, 0.0, 119.54906463623047, 22.80849838256836, 1.5779166221618652, 0.0, 5.796344757080078
8.064577579498291, 1.5499999523162842, 0.0, 119.61517333984375, 15.048980712890625, 1.5779166221618652, 0.0, 6.905355453491211
8.074588298797607, 1.5499999523162842, 0.0, 119.61517333984375, 16.71769905090332, 1.5780200958251953, 0.0, 6.01645040512085
8.084598064422607, 1.5499999523162842, 0.0, 119.59635925292969, 10.66250228881836, 1.5780200958251953, 0.0, 6.682364463806152
8.094576120376587, 1.5499999523162842, 0.0, 119.59635925292969, 9.59320068359375, 1.5785523653030396, 0.0, 6.279699325561523
8.104576826095581, 1.5499999523162842, 0.0, 119.49958038330078, 5.12864875793457, 1.5785523653030396, 0.0, 8.430586814880371
8.114591121673584, 1.5499999523162842, 0.0, 119.49958038330078, 5.126953125, 1.5788909196853638, 0.0, 7.730173110961914
8.124598264694214, 1.5499999523162842, 0.0, 119.43802642822266, 0.826263427734375, 1.5788909196853638, 0.0, 5.950473785400391
8.134573221206665, 1.5499999523162842, 0.0, 119.43802642822266, 0.9180704951286316, 1.579235315322876, 0.0, 8.401250839233398
8.14459228515625, 1.5499999523162842, 0.0, 119.37541198730469, -1.735687255859375, 1.579235315322876, 0.0, 8.474039077758789
8.15457010269165, 1.5499999523162842, 0.0, 119.37541198730469, -1.93023681640625, 1.5793907642364502, 0.0, 6.248116493225098
8.164572715759277, 1.5499999523162842, 0.0, 119.3471450805664, -2.679443359375, 1.5793907642364502, 0.0, 6.151323318481445
8.174569129943848, 1.5499999523162842, 0.0, 119.3471450805664, -2.680206298828125, 1.5793651342391968, 0.0, 6.457531929016113
8.184576511383057, 1.5499999523162842, 0.0, 119.351806640625, -2.445220947265625, 1.5793651342391968, 0.0, 6.4989752769470215
8.194578170776367, 1.5499999523162842, 0.0, 119.351806640625, -2.7186076641082764, 1.5791462659835815, 0.0, 6.4989752769470215
8.20460844039917, 1.5499999523162842, 0.0, 119.3916015625, -1.07879638671875, 1.5791462659835815, 0.0, 6.768381118774414
8.214578866958618, 1.5499999523162842, 0.0, 119.3916015625, -1.1986626386642456, 1.5786064863204956, 0.0, 7.650903701782227
8.22459077835083, 1.5499999523162842, 0.0, 119.48974609375, 0.514984130859375, 1.5786064863204956, 0.0, 6.829720497131348
8.234570741653442, 1.5499999523162842, 0.0, 119.48974609375, 0.51727294921875, 1.5777568817138672, 0.0, 5.892832279205322
8.244601488113403, 1.5499999523162842, 0.0, 119.64421844482422, 2.687835693359375, 1.5777568817138672, 0.0, 6.073409080505371
8.254594087600708, 1.5499999523162842, 0.0, 119.64421844482422, 2.9873318672180176, 1.5767176151275635, 0.0, 7.187235355377197
8.26456594467163, 1.5499999523162842, 0.0, 119.83317565917969, 5.400763511657715, 1.5767176151275635, 0.0, 7.341655254364014
8.274556398391724, 1.5499999523162842, 0.0, 119.83317565917969, 4.859161376953125, 1.5756040811538696, 0.0, 6.902685165405273
8.284550666809082, 1.5499999523162842, 0.0, 120.03563690185547, 7.599724769592285, 1.5756040811538696, 0.0, 5.8941121101379395
8.29457402229309, 1.5499999523162842, 0.0, 120.03563690185547, 7.598029136657715, 1.5744383335113525, 0.0, 8.166722297668457
8.304570436477661, 1.5499999523162842, 0.0, 120.24758911132812, 8.5601806640625, 1.5744383335113525, 0.0, 5.7028656005859375
8.314515352249146, 1.5499999523162842, 0.0, 120.24758911132812, 9.51046371459961, 1.5733124017715454, 0.0, 6.814106464385986
8.324562549591064, 1.5499999523162842, 0.0, 120.45230102539062, 9.625244140625, 1.5733124017715454, 0.0, 5.607202053070068
8.334549903869629, 1.5499999523162842, 0.0, 120.45230102539062, 10.69471549987793, 1.5723446607589722, 0.0, 7.473903179168701
8.344537734985352, 1.5499999523162842, 0.0, 120.62825775146484, 9.839630126953125, 1.5723446607589722, 0.0, 7.862828731536865
8.354628324508667, 1.5499999523162842, 0.0, 120.62825775146484, 10.935465812683105, 1.5717319250106812, 0.0, 7.862828731536865
8.364596366882324, 1.5499999523162842, 0.0, 120.73966217041016, 9.063720703125, 1.5717319250106812, 0.0, 6.544340133666992
8.374579191207886, 1.5499999523162842, 0.0, 120.73966217041016, 10.071648597717285, 1.57131028175354, 0.0, 5.651357173919678
8.384584426879883, 1.5499999523162842, 0.0, 120.81632232666016, 7.80792236328125, 1.57131028175354, 0.0, 7.960399150848389
8.394582986831665, 1.5499999523162842, 0.0, 120.81632232666016, 8.673773765563965, 1.5710577964782715, 0.0, 6.723217010498047
8.40456748008728, 1.5499999523162842, 0.0, 120.86222839355469, 6.147003173828125, 1.5710577964782715, 0.0, 6.728283882141113
8.414628267288208, 1.5499999523162842, 0.0, 120.86222839355469, 6.829155921936035, 1.570968508720398, 0.0, 7.7169365882873535
8.424618244171143, 1.5499999523162842, 0.0, 120.87846374511719, 4.26177978515625, 1.570968508720398, 0.0, 5.441264629364014
8.434568881988525, 1.5499999523162842, 0.0, 120.87846374511719, 4.735311031341553, 1.570987582206726, 0.0, 5.441264629364014
8.44459581375122, 1.5499999523162842, 0.0, 120.875, 2.468109130859375, 1.570987582206726, 0.0, 7.3059563636779785
8.454664707183838, 1.5499999523162842, 0.0, 120.875, 2.740648031234741, 1.5710394382476807, 0.0, 7.525594711303711
8.464584350585938, 1.5499999523162842, 0.0, 120.86557006835938, 1.2603759765625, 1.5710394382476807, 0.0, 6.59899377822876
8.474582433700562, 1.5499999523162842, 0.0, 120.86557006835938, 1.3978745937347412, 1.5710755586624146, 0.0, 5.1574811935424805
8.484604358673096, 1.5499999523162842, 0.0, 120.85900115966797, 0.42724609375, 1.5710755586624146, 0.0, 5.756674766540527
8.494605302810669, 1.5499999523162842, 0.0, 120.85900115966797, 0.426483154296875, 1.5709880590438843, 0.0, 8.355063438415527
8.504572629928589, 1.5499999523162842, 0.0, 120.87490844726562, 0.12664794921875, 1.5709880590438843, 0.0, 6.104796409606934
8.514574527740479, 1.5499999523162842, 0.0, 120.87490844726562, 0.1398722380399704, 1.5707616806030273, 0.0, 6.147246837615967
8.52461314201355, 1.5499999523162842, 0.0, 120.91606903076172, 0.376129150390625, 1.5707616806030273, 0.0, 7.8446269035339355
8.53460168838501, 1.5499999523162842, 0.0, 120.91606903076172, 0.4170735776424408, 1.5705487728118896, 0.0, 6.4784135818481445
8.544574737548828, 1.5499999523162842, 0.0, 120.95478057861328, 0.799560546875, 1.5705487728118896, 0.0, 7.447058200836182
8.554586410522461, 1.5499999523162842, 0.0, 120.95478057861328, 0.8875529170036316, 1.5701342821121216, 0.0, 6.087858200073242
8.564568519592285, 1.5499999523162842, 0.0, 121.03014373779297, 1.644134521484375, 1.5701342821121216, 0.0, 6.594748020172119
8.57457685470581, 1.5499999523162842, 0.0, 121.03014373779297, 1.8285115957260132, 1.5697152614593506, 0.0, 7.339049339294434
8.5846107006073, 1.5499999523162842, 0.0, 121.10633087158203, 2.472686767578125, 1.5697152614593506, 0.0, 6.610021591186523
8.594565868377686, 1.5499999523162842, 0.0, 121.10633087158203, 2.7499728202819824, 1.5691829919815063, 0.0, 7.537411212921143
8.60455870628357, 1.5499999523162842, 0.0, 121.2031021118164, 3.28216552734375, 1.5691829919815063, 0.0, 5.949556350708008
8.61455750465393, 1.5499999523162842, 0.0, 121.2031021118164, 3.281402587890625, 1.568709135055542, 0.0, 7.227730751037598
8.62461233139038, 1.5499999523162842, 0.0, 121.28926086425781, 4.146152019500732, 1.568709135055542, 0.0, 7.366365909576416
8.634558916091919, 1.5499999523162842, 0.0, 121.28926086425781, 4.147847652435303, 1.5682342052459717, 0.0, 5.713913917541504
8.644593954086304, 1.5499999523162842, 0.0, 121.3756103515625, 4.207611083984375, 1.5682342052459717, 0.0, 6.556909084320068
8.654584646224976, 1.5499999523162842, 0.0, 121.3756103515625, 4.67512321472168, 1.567811369895935, 0.0, 7.184396743774414
8.664586544036865, 1.5499999523162842, 0.0, 121.4524917602539, 4.2236328125, 1.567811369895935, 0.0, 8.0435209274292
8.674592971801758, 1.5499999523162842, 0.0, 121.4524917602539, 4.2236328125, 1.5673787593841553, 0.0, 7.166286945343018
8.684604406356812, 1.5499999523162842, 0.0, 121.5311508178711, 4.720052242279053, 1.5673787593841553, 0.0, 6.895918369293213
8.694560050964355, 1.5499999523162842, 0.0, 121.5311508178711, 4.720052242279053, 1.567151665687561, 0.0, 7.341808319091797
8.704616069793701, 1.5499999523162842, 0.0, 121.57244110107422, 3.692626953125, 1.567151665687561, 0.0, 6.544358253479004
8.714556217193604, 1.5499999523162842, 0.0, 121.57244110107422, 4.10291862487793, 1.5668811798095703, 0.0, 6.698940753936768
8.72457218170166, 1.5499999523162842, 0.0, 121.62162017822266, 3.324127197265625, 1.5668811798095703, 0.0, 6.707115650177002
8.734729290008545, 1.5499999523162842, 0.0, 121.62162017822266, 3.693474769592285, 1.566622018814087, 0.0, 6.134651184082031
8.744594097137451, 1.5499999523162842, 0.0, 121.66873931884766, 2.931976318359375, 1.566622018814087, 0.0, 6.851766109466553
8.754573345184326, 1.5499999523162842, 0.0, 121.66873931884766, 3.256903648376465, 1.5664232969284058, 0.0, 6.739188194274902
8.764601230621338, 1.5499999523162842, 0.0, 121.70486450195312, 2.5238037109375, 1.5664232969284058, 0.0, 7.728359699249268
8.774611234664917, 1.5499999523162842, 0.0, 121.70486450195312, 2.8042263984680176, 1.5662496089935303, 0.0, 5.839539051055908
8.784588098526001, 1.5499999523162842, 0.0, 121.7364501953125, 2.053070068359375, 1.5662496089935303, 0.0, 8.166125297546387
8.79459810256958, 1.5499999523162842, 0.0, 121.7364501953125, 2.28118896484375, 1.5660748481750488, 0.0, 6.829291343688965
8.804557800292969, 1.5499999523162842, 0.0, 121.76821899414062, 1.956939697265625, 1.5660748481750488, 0.0, 7.819329261779785
8.814564943313599, 1.5499999523162842, 0.0, 121.76821899414062, 2.175225257873535, 1.5659939050674438, 0.0, 5.332725524902344
8.824572324752808, 1.5499999523162842, 0.0, 121.7829360961914, 1.79290771484375, 1.5659939050674438, 0.0, 5.332725524902344
8.834618091583252, 1.5499999523162842, 0.0, 121.7829360961914, 1.7920600175857544, 1.565817952156067, 0.0, 6.103511333465576
8.844587802886963, 1.5499999523162842, 0.0, 121.81493377685547, 1.462554931640625, 1.565817952156067, 0.0, 8.692298889160156
8.854596376419067, 1.5499999523162842, 0.0, 121.81493377685547, 1.62506103515625, 1.5656689405441284, 0.0, 5.483891487121582
8.864583015441895, 1.5499999523162842, 0.0, 121.84202575683594, 1.37176513671875, 1.5656689405441284, 0.0, 5.805953502655029
8.874587297439575, 1.5499999523162842, 0.0, 121.84202575683594, 1.5233358144760132, 1.565561294555664, 0.0, 7.993906021118164
8.884621620178223, 1.5499999523162842, 0.0, 121.8615951538086, 1.251220703125, 1.565561294555664, 0.0, 6.269029140472412
8.894572496414185, 1.5499999523162842, 0.0, 121.8615951538086, 1.251220703125, 1.565425992012024, 0.0, 5.800021648406982
8.904583930969238, 1.5499999523162842, 0.0, 121.88619995117188, 1.3114081621170044, 1.565425992012024, 0.0, 6.153584957122803
8.914576530456543, 1.5499999523162842, 0.0, 121.88619995117188, 1.17950439453125, 1.5653153657913208, 0.0, 7.715768337249756
8.924587965011597, 1.5499999523162842, 0.0, 121.90631103515625, 1.3707479238510132, 1.5653153657913208, 0.0, 7.477365016937256
8.934564590454102, 1.5499999523162842, 0.0, 121.90631103515625, 1.23291015625, 1.5650864839553833, 0.0, 6.365387916564941
8.944596290588379, 1.5499999523162842, 0.0, 121.94792175292969, 1.33056640625, 1.5650864839553833, 0.0, 7.2871294021606445
8.954575538635254, 1.5499999523162842, 0.0, 121.94792175292969, 1.329803466796875, 1.5648832321166992, 0.0, 7.390514850616455
8.964558124542236, 1.5499999523162842, 0.0, 121.98487854003906, 1.5877617597579956, 1.5648832321166992, 0.0, 7.073028564453125
8.97458529472351, 1.5499999523162842, 0.0, 121.98487854003906, 1.42822265625, 1.5648161172866821, 0.0, 7.266626834869385
8.98458480834961, 1.5499999523162842, 0.0, 121.99708557128906, 1.5055338144302368, 1.5648161172866821, 0.0, 6.23284387588501
8.994588375091553, 1.5499999523162842, 0.0, 121.99708557128906, 1.35498046875, 1.56462562084198, 0.0, 6.761922836303711
9.00457763671875, 1.5499999523162842, 0.0, 122.0317153930664, 1.454925537109375, 1.56462562084198, 0.0, 6.841838359832764
9.01459527015686, 1.5499999523162842, 0.0, 122.0317153930664, 1.617431640625, 1.5644246339797974, 0.0, 7.602945804595947
9.024646759033203, 1.5499999523162842, 0.0, 122.0682601928711, 1.618194580078125, 1.5644246339797974, 0.0, 5.007724285125732
9.034584760665894, 1.5499999523162842, 0.0, 122.0682601928711, 1.7996894121170044, 1.5642075538635254, 0.0, 6.385397434234619
9.0446035861969, 1.5499999523162842, 0.0, 122.10772705078125, 1.7759535312652588, 1.5642075538635254, 0.0, 7.97299337387085
9.054572582244873, 1.5499999523162842, 0.0, 122.10772705078125, 1.7768012285232544, 1.563917636871338, 0.0, 7.528791904449463
9.064585208892822, 1.5499999523162842, 0.0, 122.16044616699219, 1.753997802734375, 1.563917636871338, 0.0, 5.551155090332031
9.074586153030396, 1.5499999523162842, 0.0, 122.16044616699219, 1.9505819082260132, 1.5636746883392334, 0.0, 7.80204439163208
9.084635972976685, 1.5499999523162842, 0.0, 122.2046127319336, 2.3066203594207764, 1.5636746883392334, 0.0, 6.123149871826172
9.094586372375488, 1.5499999523162842, 0.0, 122.2046127319336, 2.305772542953491, 1.5634042024612427, 0.0, 6.718931674957275
9.104587078094482, 1.5499999523162842, 0.0, 122.25379180908203, 2.220916748046875, 1.5634042024612427, 0.0, 6.830028533935547
9.114597797393799, 1.5499999523162842, 0.0, 122.25379180908203, 2.4685330390930176, 1.563201665878296, 0.0, 6.8022780418396
9.124573469161987, 1.5499999523162842, 0.0, 122.29061889648438, 2.222442626953125, 1.563201665878296, 0.0, 6.6804609298706055
9.13458776473999, 1.5499999523162842, 0.0, 122.29061889648438, 2.471923828125, 1.5630124807357788, 0.0, 6.653613090515137
9.144556999206543, 1.5499999523162842, 0.0, 122.32501983642578, 2.1728515625, 1.5630124807357788, 0.0, 6.388077735900879
9.154568910598755, 1.5499999523162842, 0.0, 122.32501983642578, 2.4151272773742676, 1.5629026889801025, 0.0, 5.299842834472656
9.164551734924316, 1.5499999523162842, 0.0, 122.34497833251953, 1.84478759765625, 1.5629026889801025, 0.0, 7.119685173034668
9.174559116363525, 1.5499999523162842, 0.0, 122.34497833251953, 2.0489163398742676, 1.562756896018982, 0.0, 8.531980514526367
9.184566020965576, 1.5499999523162842, 0.0, 122.3714828491211, 1.6693115234375, 1.562756896018982, 0.0, 6.494471073150635
9.194620370864868, 1.5499999523162842, 0.0, 122.3714828491211, 1.85394287109375, 1.5626918077468872, 0.0, 6.494471073150635
9.20464563369751, 1.5499999523162842, 0.0, 122.3833236694336, 1.294708251953125, 1.5626918077468872, 0.0, 7.080532550811768
9.214597225189209, 1.5499999523162842, 0.0, 122.3833236694336, 1.4394124746322632, 1.562527060508728, 0.0, 6.473568439483643
9.224582195281982, 1.5499999523162842, 0.0, 122.41327667236328, 1.3631185293197632, 1.562527060508728, 0.0, 8.287426948547363
9.234569549560547, 1.5499999523162842, 0.0, 122.41327667236328, 1.3631185293197632, 1.5624202489852905, 0.0, 6.475711345672607
9.244584560394287, 1.5499999523162842, 0.0, 122.43269348144531, 1.1961195468902588, 1.5624202489852905, 0.0, 7.737814426422119
9.254587173461914, 1.5499999523162842, 0.0, 122.43269348144531, 1.076507568359375, 1.5622594356536865, 0.0, 6.608011245727539
9.26458191871643, 1.5499999523162842, 0.0, 122.4619369506836, 1.169586181640625, 1.5622594356536865, 0.0, 6.892353057861328
9.274584293365479, 1.5499999523162842, 0.0, 122.4619369506836, 1.2995401620864868, 1.5621355772018433, 0.0, 5.740420818328857
9.284572839736938, 1.5499999523162842, 0.0, 122.48445129394531, 1.13067626953125, 1.5621355772018433, 0.0, 6.133968830108643
9.294605255126953, 1.5499999523162842, 0.0, 122.48445129394531, 1.2546114921569824, 1.5619474649429321, 0.0, 7.159900665283203
9.304622411727905, 1.5499999523162842, 0.0, 122.5186538696289, 1.35345458984375, 1.5619474649429321, 0.0, 7.763602256774902
9.31454849243164, 1.5499999523162842, 0.0, 122.5186538696289, 1.352691650390625, 1.5617440938949585, 0.0, 7.0900163650512695
9.324589252471924, 1.5499999523162842, 0.0, 122.55563354492188, 1.5826754570007324, 1.5617440938949585, 0.0, 8.181510925292969
9.334633588790894, 1.5499999523162842, 0.0, 122.55563354492188, 1.424407958984375, 1.5615825653076172, 0.0, 6.206794261932373
9.344616889953613, 1.5499999523162842, 0.0, 122.58499908447266, 1.6911824941635132, 1.5615825653076172, 0.0, 6.103302955627441
9.35457992553711, 1.5499999523162842, 0.0, 122.58499908447266, 1.6920301914215088, 1.561421275138855, 0.0, 7.485220432281494
9.36458945274353, 1.5499999523162842, 0.0, 122.61432647705078, 1.52587890625, 1.561421275138855, 0.0, 8.826083183288574
9.374564409255981, 1.5499999523162842, 0.0, 122.61432647705078, 1.6920301914215088, 1.5612438917160034, 0.0, 6.935840606689453
9.384561777114868, 1.5499999523162842, 0.0, 122.64657592773438, 1.621246337890625, 1.5612438917160034, 0.0, 7.850178241729736
9.394627094268799, 1.5499999523162842, 0.0, 122.64657592773438, 1.8013848066329956, 1.5610160827636719, 0.0, 7.145633220672607
9.404583215713501, 1.5499999523162842, 0.0, 122.68799591064453, 1.692962646484375, 1.5610160827636719, 0.0, 7.0014543533325195
9.41459059715271, 1.5499999523162842, 0.0, 122.68799591064453, 1.8810696601867676, 1.5608258247375488, 0.0, 6.900515079498291
9.424599170684814, 1.5499999523162842, 0.0, 122.72258758544922, 1.6693115234375, 1.5608258247375488, 0.0, 7.542461395263672
9.434560775756836, 1.5499999523162842, 0.0, 122.72258758544922, 1.85394287109375, 1.5605000257492065, 0.0, 7.542461395263672
9.44454288482666, 1.5499999523162842, 0.0, 122.78182983398438, 1.96990966796875, 1.5605000257492065, 0.0, 5.494186878204346
9.454557180404663, 1.5499999523162842, 0.0, 122.78182983398438, 2.187940835952759, 1.560148000717163, 0.0, 6.887409210205078
9.46456503868103, 1.5499999523162842, 0.0, 122.84583282470703, 2.31475830078125, 1.560148000717163, 0.0, 6.086271286010742
9.474567890167236, 1.5499999523162842, 0.0, 122.84583282470703, 2.313995361328125, 1.559763789176941, 0.0, 6.086271286010742
9.484604835510254, 1.5499999523162842, 0.0, 122.91568756103516, 2.690887451171875, 1.559763789176941, 0.0, 7.875024795532227
9.494588136672974, 1.5499999523162842, 0.0, 122.91568756103516, 2.99072265625, 1.5593798160552979, 0.0, 6.313353538513184
9.504587173461914, 1.5499999523162842, 0.0, 122.98550415039062, 2.974700927734375, 1.5593798160552979, 0.0, 6.5454487800598145
9.514584064483643, 1.5499999523162842, 0.0, 122.98550415039062, 3.3069186210632324, 1.5589721202850342, 0.0, 7.060604572296143
9.524596929550171, 1.5499999523162842, 0.0, 123.05962371826172, 3.369140625, 1.5589721202850342, 0.0, 5.748397350311279
9.53456735610962, 1.5499999523162842, 0.0, 123.05962371826172, 3.744337320327759, 1.558591365814209, 0.0, 6.146305084228516
9.544606685638428, 1.5499999523162842, 0.0, 123.12885284423828, 3.472137451171875, 1.558591365814209, 0.0, 6.2148637771606445
9.554596662521362, 1.5499999523162842, 0.0, 123.12885284423828, 3.8553874492645264, 1.5582071542739868, 0.0, 7.0614213943481445
9.564564943313599, 1.5499999523162842, 0.0, 123.19871520996094, 3.52783203125, 1.5582071542739868, 0.0, 7.101237773895264
9.574597120285034, 1.5499999523162842, 0.0, 123.19871520996094, 3.52935791015625, 1.5578675270080566, 0.0, 7.613016128540039
9.584651708602905, 1.5499999523162842, 0.0, 123.26045989990234, 3.44696044921875, 1.5578675270080566, 0.0, 7.009840488433838
9.594587564468384, 1.5499999523162842, 0.0, 123.26045989990234, 3.831651449203491, 1.557555079460144, 0.0, 7.371216773986816
9.60460376739502, 1.5499999523162842, 0.0, 123.31726837158203, 3.318023681640625, 1.557555079460144, 0.0, 7.449050426483154
9.614575147628784, 1.5499999523162842, 0.0, 123.31726837158203, 3.68499755859375, 1.5571579933166504, 0.0, 7.007643699645996
9.624633550643921, 1.5499999523162842, 0.0, 123.38946533203125, 3.299713134765625, 1.5571579933166504, 0.0, 6.981571674346924
9.63462233543396, 1.5499999523162842, 0.0, 123.38946533203125, 3.2958984375, 1.556818962097168, 0.0, 6.640463352203369
9.644598722457886, 1.5499999523162842, 0.0, 123.45111083984375, 3.224945068359375, 1.556818962097168, 0.0, 6.729032516479492
9.654574155807495, 1.5499999523162842, 0.0, 123.45111083984375, 3.5807292461395264, 1.556492805480957, 0.0, 6.771539688110352
9.664611101150513, 1.5499999523162842, 0.0, 123.51041412353516, 3.116607666015625, 1.556492805480957, 0.0, 6.111958980560303
9.674582481384277, 1.5499999523162842, 0.0, 123.51041412353516, 3.462897300720215, 1.5561825037002563, 0.0, 6.597565174102783
9.684608221054077, 1.5499999523162842, 0.0, 123.56683349609375, 3.06396484375, 1.5561825037002563, 0.0, 6.7091569900512695
9.69460940361023, 1.5499999523162842, 0.0, 123.56683349609375, 3.404405355453491, 1.5558669567108154, 0.0, 6.1637139320373535
9.704583883285522, 1.5499999523162842, 0.0, 123.62419891357422, 3.06854248046875, 1.5558669567108154, 0.0, 5.980653285980225
9.714568853378296, 1.5499999523162842, 0.0, 123.62419891357422, 3.41033935546875, 1.555677056312561, 0.0, 5.824026584625244
9.724606275558472, 1.5499999523162842, 0.0, 123.65872955322266, 2.692413330078125, 1.555677056312561, 0.0, 6.222052574157715
9.734580516815186, 1.5499999523162842, 0.0, 123.65872955322266, 2.992418050765991, 1.5553916692733765, 0.0, 5.997222423553467
9.74457311630249, 1.5499999523162842, 0.0, 123.71061706542969, 2.59552001953125, 1.5553916692733765, 0.0, 6.5123162269592285
9.754588842391968, 1.5499999523162842, 0.0, 123.71061706542969, 2.883063316345215, 1.5552022457122803, 0.0, 7.602207183837891
9.764594316482544, 1.5499999523162842, 0.0, 123.74505615234375, 2.346038818359375, 1.5552022457122803, 0.0, 7.4153523445129395
9.774588346481323, 1.5499999523162842, 0.0, 123.74505615234375, 2.610100746154785, 1.555105447769165, 0.0, 5.918143272399902
9.784610748291016, 1.5499999523162842, 0.0, 123.76265716552734, 1.956939697265625, 1.555105447769165, 0.0, 7.402031898498535
9.794602155685425, 1.5499999523162842, 0.0, 123.76265716552734, 2.175225257873535, 1.5550521612167358, 0.0, 7.696936130523682
9.804766178131104, 1.5499999523162842, 0.0, 123.77234649658203, 1.480865478515625, 1.5550521612167358, 0.0, 5.417869567871094
9.81457805633545, 1.5499999523162842, 0.0, 123.77234649658203, 1.6462538242340088, 1.5550962686538696, 0.0, 6.351188659667969
9.824613094329834, 1.5499999523162842, 0.0, 123.76432800292969, 1.1723836660385132, 1.5550962686538696, 0.0, 6.256995677947998
9.834619760513306, 1.5499999523162842, 0.0, 123.76432800292969, 1.1732313632965088, 1.5551245212554932, 0.0, 6.080087184906006
9.844618797302246, 1.5499999523162842, 0.0, 123.75919342041016, 0.5408393144607544, 1.5551245212554932, 0.0, 8.434067726135254
9.85461950302124, 1.5499999523162842, 0.0, 123.75919342041016, 0.5399916172027588, 1.55511474609375, 0.0, 6.534597396850586
9.864623785018921, 1.5499999523162842, 0.0, 123.76097106933594, 0.159454345703125, 1.55511474609375, 0.0, 6.603416442871094
9.874613285064697, 1.5499999523162842, 0.0, 123.76097106933594, 0.1763237863779068, 1.5551598072052002, 0.0, 7.9645867347717285
9.884608745574951, 1.5499999523162842, 0.0, 123.75277709960938, -0.098419189453125, 1.5551598072052002, 0.0, 6.395832061767578
9.894585847854614, 1.5499999523162842, 0.0, 123.75277709960938, -0.09765625, 1.555080533027649, 0.0, 6.259009838104248
9.904614686965942, 1.5499999523162842, 0.0, 123.7671890258789, -0.0584920234978199, 1.555080533027649, 0.0, 4.8210129737854
9.91457223892212, 1.5499999523162842, 0.0, 123.7671890258789, -0.051116943359375, 1.5550282001495361, 0.0, 8.30286979675293
9.924594163894653, 1.5499999523162842, 0.0, 123.77670288085938, 0.124359130859375, 1.5550282001495361, 0.0, 6.391528606414795
9.934584617614746, 1.5499999523162842, 0.0, 123.77670288085938, 0.12359619140625, 1.554986596107483, 0.0, 5.378746032714844
9.944581508636475, 1.5499999523162842, 0.0, 123.78427124023438, 0.250244140625, 1.554986596107483, 0.0, 4.627900123596191
9.954639911651611, 1.5499999523162842, 0.0, 123.78427124023438, 0.2788967490196228, 1.5548897981643677, 0.0, 7.012279510498047
9.964580297470093, 1.5499999523162842, 0.0, 123.80186462402344, 0.408935546875, 1.5548897981643677, 0.0, 6.231386184692383
9.974611520767212, 1.5499999523162842, 0.0, 123.80186462402344, 0.408935546875, 1.5548604726791382, 0.0, 8.258697509765625
9.984611511230469, 1.5499999523162842, 0.0, 123.80719757080078, 0.54473876953125, 1.5548604726791382, 0.0, 6.091723442077637
9.994555234909058, 1.5499999523162842, 0.0, 123.80719757080078, 0.6044175624847412, 1.554805040359497, 0.0, 6.9445390701293945
10.004589080810547, 1.5499999523162842, 0.0, 123.81727600097656, 0.5552504062652588, 1.554805040359497, 0.0, 8.011112213134766
10.014572858810425, 1.5499999523162842, 0.0, 123.81727600097656, 0.5560981035232544, 1.5546804666519165, 0.0, 6.098940372467041
10.024597883224487, 1.5499999523162842, 0.0, 123.83992767333984, 0.632476806640625, 1.5546804666519165, 0.0, 5.597957134246826
10.034600734710693, 1.5499999523162842, 0.0, 123.83992767333984, 0.6317138671875, 1.5545439720153809, 0.0, 6.220122337341309
10.04460096359253, 1.5499999523162842, 0.0, 123.86474609375, 0.8943345546722412, 1.5545439720153809, 0.0, 7.079693794250488
10.054574489593506, 1.5499999523162842, 0.0, 123.86474609375, 0.80413818359375, 1.5544612407684326, 0.0, 6.061452865600586
10.064551591873169, 1.5499999523162842, 0.0, 123.8797836303711, 0.8655124306678772, 1.5544612407684326, 0.0, 6.683305740356445
10.074604511260986, 1.5499999523162842, 0.0, 123.8797836303711, 0.8663601279258728, 1.5543800592422485, 0.0, 9.700166702270508
10.084571838378906, 1.5499999523162842, 0.0, 123.89454650878906, 0.87432861328125, 1.5543800592422485, 0.0, 7.544477939605713
10.09456753730774, 1.5499999523162842, 0.0, 123.89454650878906, 0.9697808027267456, 1.554283857345581, 0.0, 5.981173038482666
10.104531526565552, 1.5499999523162842, 0.0, 123.91204071044922, 0.94757080078125, 1.554283857345581, 0.0, 7.03523588180542
10.114518165588379, 1.5499999523162842, 0.0, 123.91204071044922, 1.0520087480545044, 1.554186224937439, 0.0, 5.302558422088623
10.124550580978394, 1.5499999523162842, 0.0, 123.9297866821289, 0.899505615234375, 1.554186224937439, 0.0, 6.7571702003479
10.13454532623291, 1.5499999523162842, 0.0, 123.9297866821289, 0.9986029863357544, 1.5541199445724487, 0.0, 6.7571702003479
10.144594669342041, 1.5499999523162842, 0.0, 123.94184112548828, 0.771331787109375, 1.5541199445724487, 0.0, 6.369921684265137
10.15459418296814, 1.5499999523162842, 0.0, 123.94184112548828, 0.8570353388786316, 1.55411958694458, 0.0, 5.882260322570801
10.164613485336304, 1.5499999523162842, 0.0, 123.94190979003906, 0.6908840537071228, 1.55411958694458, 0.0, 6.793561935424805
10.174573421478271, 1.5499999523162842, 0.0, 123.94190979003906, 0.6891886591911316, 1.5541069507598877, 0.0, 6.60294771194458
10.184568166732788, 1.5499999523162842, 0.0, 123.94420623779297, 0.496673583984375, 1.5541069507598877, 0.0, 6.33281946182251
10.194586992263794, 1.5499999523162842, 0.0, 123.94420623779297, 0.5501641035079956, 1.5540785789489746, 0.0, 6.098656177520752
10.204624652862549, 1.5499999523162842, 0.0, 123.9493637084961, 0.4153781533241272, 1.5540785789489746, 0.0, 7.003542423248291
10.214567422866821, 1.5499999523162842, 0.0, 123.9493637084961, 0.37384033203125, 1.5540659427642822, 0.0, 8.199992179870605
10.224620819091797, 1.5499999523162842, 0.0, 123.95166015625, 0.21820068359375, 1.5540659427642822, 0.0, 7.806900501251221
10.234598159790039, 1.5499999523162842, 0.0, 123.95166015625, 0.244140625, 1.553955316543579, 0.0, 6.801651954650879
10.244584083557129, 1.5499999523162842, 0.0, 123.97177124023438, 0.299072265625, 1.553955316543579, 0.0, 6.01688289642334
10.254604578018188, 1.5499999523162842, 0.0, 123.97177124023438, 0.3323025107383728, 1.5538029670715332, 0.0, 7.761929035186768
10.26458191871643, 1.5499999523162842, 0.0, 123.99947357177734, 0.576019287109375, 1.5538029670715332, 0.0, 5.448633193969727
10.274557828903198, 1.5499999523162842, 0.0, 123.99947357177734, 0.6400214433670044, 1.553651213645935, 0.0, 7.296663761138916
10.284579277038574, 1.5499999523162842, 0.0, 124.02706146240234, 0.827789306640625, 1.553651213645935, 0.0, 6.779672622680664
10.29456090927124, 1.5499999523162842, 0.0, 124.02706146240234, 0.9214613437652588, 1.5535706281661987, 0.0, 6.465144157409668
10.30458927154541, 1.5499999523162842, 0.0, 124.04171752929688, 0.922393798828125, 1.5535706281661987, 0.0, 6.685704231262207
10.314580202102661, 1.5499999523162842, 0.0, 124.04171752929688, 1.0257296562194824, 1.5534614324569702, 0.0, 7.187910556793213
10.324586629867554, 1.5499999523162842, 0.0, 124.06156921386719, 1.2215508222579956, 1.5534614324569702, 0.0, 6.266009330749512
10.33456563949585, 1.5499999523162842, 0.0, 124.06156921386719, 1.0986328125, 1.553375005722046, 0.0, 5.5390167236328125
10.344587326049805, 1.5499999523162842, 0.0, 124.07728576660156, 1.055908203125, 1.553375005722046, 0.0, 7.080099582672119
10.354604244232178, 1.5499999523162842, 0.0, 124.07728576660156, 1.1723836660385132, 1.5533201694488525, 0.0, 7.669766426086426
10.364589929580688, 1.5499999523162842, 0.0, 124.0872573852539, 0.9765625, 1.5533201694488525, 0.0, 8.320165634155273
10.374573230743408, 1.5499999523162842, 0.0, 124.0872573852539, 0.9740193486213684, 1.5532526969909668, 0.0, 7.848485469818115
10.384583950042725, 1.5499999523162842, 0.0, 124.09952545166016, 0.72479248046875, 1.5532526969909668, 0.0, 8.10677433013916
10.394626379013062, 1.5499999523162842, 0.0, 124.09952545166016, 0.8053249716758728, 1.5531976222991943, 0.0, 6.388647079467773
10.404603242874146, 1.5499999523162842, 0.0, 124.10953521728516, 0.677490234375, 1.5531976222991943, 0.0, 7.059214115142822
10.414581537246704, 1.5499999523162842, 0.0, 124.10953521728516, 0.67901611328125, 1.5531415939331055, 0.0, 5.885829448699951
10.42457103729248, 1.5499999523162842, 0.0, 124.11972045898438, 0.582122802734375, 1.5531415939331055, 0.0, 7.54721736907959
10.434596300125122, 1.5499999523162842, 0.0, 124.11972045898438, 0.6459553837776184, 1.5530446767807007, 0.0, 4.622747898101807
10.444656372070312, 1.5499999523162842, 0.0, 124.13734436035156, 0.600433349609375, 1.5530446767807007, 0.0, 6.010746002197266
10.454582691192627, 1.5499999523162842, 0.0, 124.13734436035156, 0.6671481728553772, 1.55298912525177, 0.0, 7.947524070739746
10.46458101272583, 1.5499999523162842, 0.0, 124.14744567871094, 0.601959228515625, 1.55298912525177, 0.0, 5.692201614379883
10.474575996398926, 1.5499999523162842, 0.0, 124.14744567871094, 0.6688435673713684, 1.552935004234314, 0.0, 7.175649166107178
10.484571933746338, 1.5499999523162842, 0.0, 124.15728759765625, 0.577545166015625, 1.552935004234314, 0.0, 7.424849033355713
10.494585990905762, 1.5499999523162842, 0.0, 124.15728759765625, 0.6425645351409912, 1.552935004234314, 0.0, 6.860259532928467
10.504593133926392, 1.5499999523162842, 0.0, 124.15728759765625, 0.47607421875, 1.552935004234314, 0.0, 5.205511569976807
10.514604568481445, 1.5499999523162842, 0.0, 124.15728759765625, 0.478363037109375, 1.552880883216858, 0.0, 7.7256245613098145
10.524610757827759, 1.5499999523162842, 0.0, 124.16712188720703, 0.52642822265625, 1.552880883216858, 0.0, 6.492734909057617
10.534588813781738, 1.5499999523162842, 0.0, 124.16712188720703, 0.52642822265625, 1.5528814792633057, 0.0, 5.65024995803833
10.54458498954773, 1.5499999523162842, 0.0, 124.1670150756836, 0.296783447265625, 1.5528814792633057, 0.0, 7.296339511871338
10.554600238800049, 1.5499999523162842, 0.0, 124.1670150756836, 0.3289116621017456, 1.5529242753982544, 0.0, 6.9190263748168945
10.564568281173706, 1.5499999523162842, 0.0, 124.15923309326172, 0.11749267578125, 1.5529242753982544, 0.0, 6.908807277679443
10.57457447052002, 1.5499999523162842, 0.0, 124.15923309326172, 0.1305474191904068, 1.552869439125061, 0.0, 7.6545939445495605
10.584588050842285, 1.5499999523162842, 0.0, 124.16920471191406, 0.1322428435087204, 1.552869439125061, 0.0, 7.3408331871032715
10.594582557678223, 1.5499999523162842, 0.0, 124.16920471191406, 0.119781494140625, 1.5528701543807983, 0.0, 7.72547721862793
10.604624509811401, 1.5499999523162842, 0.0, 124.16907501220703, 0.118255615234375, 1.5528701543807983, 0.0, 6.12405252456665
10.614580392837524, 1.5499999523162842, 0.0, 124.16907501220703, 0.1322428435087204, 1.5528156757354736, 0.0, 8.138413429260254
10.624584674835205, 1.5499999523162842, 0.0, 124.1789779663086, 0.118255615234375, 1.5528156757354736, 0.0, 6.671744346618652
10.634611368179321, 1.5499999523162842, 0.0, 124.1789779663086, 0.118255615234375, 1.5527735948562622, 0.0, 7.724680423736572
10.644600868225098, 1.5499999523162842, 0.0, 124.18663024902344, 0.1953125, 1.5527735948562622, 0.0, 5.882735729217529
10.654560804367065, 1.5499999523162842, 0.0, 124.18663024902344, 0.19683837890625, 1.5527735948562622, 0.0, 7.303045749664307
10.664557933807373, 1.5499999523162842, 0.0, 124.18663024902344, 0.3034803569316864, 1.5527735948562622, 0.0, 5.347784519195557
10.674583673477173, 1.5499999523162842, 0.0, 124.18663024902344, 0.30517578125, 1.5527735948562622, 0.0, 7.309539794921875
10.68457818031311, 1.5499999523162842, 0.0, 124.18663024902344, 0.174713134765625, 1.5527735948562622, 0.0, 6.242292881011963
10.69458293914795, 1.5499999523162842, 0.0, 124.18663024902344, 0.174713134765625, 1.5527467727661133, 0.0, 7.585879802703857
10.7046799659729, 1.5499999523162842, 0.0, 124.1915054321289, 0.22430419921875, 1.5527467727661133, 0.0, 6.345381736755371
10.71456527709961, 1.5499999523162842, 0.0, 124.1915054321289, 0.2492268830537796, 1.552815318107605, 0.0, 5.133465766906738
10.724650144577026, 1.5499999523162842, 0.0, 124.17904663085938, 0.00152587890625, 1.552815318107605, 0.0, 8.064251899719238
