8.272006511688232, 1.2332719564437866, -1.1112160682678223, 74.61231231689453, -168.3748016357422, 1.43337082862854, 0.0, 0.0
8.28200387954712, 1.212692141532898, -1.1944241523742676, 93.86310577392578, 60.21711730957031, 1.43337082862854, 0.0, 0.0
8.291984558105469, 1.212692141532898, -0.9520769119262695, 92.1320571899414, 51.165008544921875, 1.4334286451339722, 0.0, -0.0594649463891983
8.301986932754517, 1.193009853363037, -1.276532769203186, 90.03266906738281, 47.45737838745117, 1.4334286451339722, 0.0, -0.07783496379852295
8.311991930007935, 1.1769589185714722, -1.3137128353118896, 87.8829574584961, 38.42078399658203, 1.4334123134613037, 0.0, -0.11057471483945847
8.321996688842773, 1.1769589185714722, -0.9844064712524414, 86.09609985351562, 31.41937255859375, 1.4334123134613037, 0.0, -0.07201575487852097
8.33202862739563, 1.1648142337799072, -1.0245243310928345, 84.41960144042969, 34.8968505859375, 1.4333842992782593, 0.0, -0.07735571265220642
8.342024326324463, 1.147942066192627, -1.2119876146316528, 82.44144439697266, 29.89959716796875, 1.4333842992782593, 0.0, -0.07633963972330093
8.351996421813965, 1.147942066192627, -0.9795069694519043, 80.6605224609375, 26.40838623046875, 1.4333842992782593, 0.0, -0.07890447229146957
8.36202073097229, 1.1181831359863281, -1.4189614057540894, 78.33858489990234, 21.19954490661621, 1.4333842992782593, 0.0, -0.06436749547719955
8.372002601623535, 1.1181831359863281, -1.1508941650390625, 76.24605560302734, 16.33758544921875, 1.4333842992782593, 0.0, -0.06382249295711517
8.382004499435425, 1.0949078798294067, -1.3087060451507568, 74.10453033447266, -219.53921508789062, 1.4333842992782593, 0.0, -0.06745269894599915
8.391987562179565, 1.0949078798294067, -1.177835464477539, 71.9630126953125, -201.690673828125, 1.43337082862854, 0.0, -0.09245344996452332
8.40200138092041, 1.2582496404647827, 0.7248719334602356, 73.15161895751953, -187.56781005859375, 1.43337082862854, 0.0, -0.106568843126297
8.411976337432861, 1.2582496404647827, 0.9032223224639893, 74.6296157836914, -147.25833129882812, 1.4334701299667358, 0.0, 0.14430610835552216
8.422049522399902, 1.2582496404647827, 0.8129000663757324, 76.08956146240234, -100.06637573242188, 1.4334701299667358, 0.0, 0.1552903950214386
8.431965112686157, 1.2582496404647827, 1.0381804704666138, 77.78840637207031, -73.67960357666016, 1.4333842992782593, 0.0, 0.1720515489578247
8.44199013710022, 1.2582496404647827, 1.103067398071289, 79.80958557128906, -26.319122314453125, 1.4333842992782593, 0.0, 0.1720515489578247
8.451975345611572, 1.2582496404647827, 1.2256436347961426, 81.815185546875, 12.82925033569336, 1.4333842992782593, 0.0, 0.190029114484787
8.461973905563354, 1.2582496404647827, 1.4006733894348145, 84.36186218261719, 60.233306884765625, 1.4333842992782593, 0.0, 0.15256088972091675
8.47199010848999, 1.4240177869796753, 3.3981666564941406, 89.92250061035156, 151.96058654785156, 1.4333428144454956, 0.0, 0.15256088972091675
8.482002973556519, 1.4240177869796753, 3.656784772872925, 95.91387176513672, 242.32568359375, 1.4333428144454956, 0.0, 1.636094093322754
8.49199914932251, 1.4240177869796753, 3.2911062240600586, 101.897705078125, 299.346923828125, 1.43337082862854, 0.0, 1.621527075767517
8.50200343132019, 1.4240177869796753, 1.8418630361557007, 104.90657043457031, 352.8332214355469, 1.43337082862854, 0.0, 1.5174978971481323
8.511987924575806, 1.4240177869796753, 1.6576886177062988, 107.92054748535156, 332.9093933105469, 1.4334286451339722, 0.0, 1.8038179874420166
8.521972179412842, 1.4240177869796753, 1.8418630361557007, 110.92398834228516, 387.04852294921875, 1.4334286451339722, 0.0, 1.678501009941101
8.531982421875, 1.4240177869796753, 1.6576766967773438, 113.93795013427734, 361.4959716796875, 1.43337082862854, 0.0, 1.4953211545944214
8.541985988616943, 1.4240177869796753, 1.6576766967773438, 116.96241760253906, 371.5278625488281, 1.43337082862854, 0.0, 1.4524641036987305
8.552357912063599, 1.4240177869796753, 1.8418762683868408, 119.97639465332031, 424.0137634277344, 1.4334123134613037, 0.0, 1.629624366760254
8.561990976333618, 1.4240177869796753, 1.8418630361557007, 122.9828109741211, 429.1212158203125, 1.4334123134613037, 0.0, 1.604479432106018
8.57198452949524, 1.4240177869796753, 0.0, 122.9828109741211, 330.60302734375, 1.4334123134613037, 0.0, 1.7920787334442139
8.581980466842651, 1.4240177869796753, 0.0, 122.9828109741211, 300.76513671875, 1.4334123134613037, 0.0, 1.4349730014801025
8.59196662902832, 1.4240177869796753, 0.0, 122.9828109741211, 210.85205078125, 1.4333842992782593, 0.0, 1.7871220111846924
8.60196590423584, 1.4240177869796753, 0.0, 122.98790740966797, 180.81283569335938, 1.4333842992782593, 0.0, 1.8853564262390137
8.611968278884888, 1.4240177869796753, 0.0, 122.98790740966797, 150.67291259765625, 1.4332853555679321, 0.0, 1.8853564262390137
8.622018814086914, 1.4240177869796753, 0.0, 123.00589752197266, 134.24513244628906, 1.4332853555679321, 0.0, 1.5561548471450806
8.631972551345825, 1.4240177869796753, 0.0, 123.00589752197266, 90.679931640625, 1.433244228363037, 0.0, 1.810286045074463
8.641980171203613, 1.4240177869796753, 0.0, 123.01337432861328, 60.51025390625, 1.433244228363037, 0.0, 1.810286045074463
8.651987314224243, 1.4240177869796753, 0.0, 123.01337432861328, 33.74396514892578, 1.4333016872406006, 0.0, 1.6789909601211548
8.661978244781494, 1.4240177869796753, 0.0, 123.0029296875, 0.201416015625, 1.4333016872406006, 0.0, 1.5024831295013428
8.672019004821777, 1.4240177869796753, 0.0, 123.0029296875, 0.2221001535654068, 1.4331616163253784, 0.0, 1.3117475509643555
8.681977272033691, 1.4240177869796753, 0.0, 123.02839660644531, 0.455474853515625, 1.4331616163253784, 0.0, 1.7719871997833252
8.691974639892578, 1.4240177869796753, 0.0, 123.02839660644531, 0.5077785849571228, 1.4327338933944702, 0.0, 1.4374037981033325
8.701987266540527, 1.4240177869796753, 0.0, 123.10616302490234, 1.3139512538909912, 1.4327338933944702, 0.0, 1.4374037981033325
8.711979389190674, 1.4240177869796753, 0.0, 123.10616302490234, 1.3139512538909912, 1.4326220750808716, 0.0, 1.6977381706237793
8.721973419189453, 1.4240177869796753, 0.0, 123.12649536132812, 1.2054443359375, 1.4326220750808716, 0.0, 1.6558443307876587
8.731991529464722, 1.4240177869796753, 0.0, 123.12649536132812, 1.204681396484375, 1.432975172996521, 0.0, 1.5768824815750122
8.741987705230713, 1.4240177869796753, 0.0, 123.06229400634766, 0.5433824062347412, 1.432975172996521, 0.0, 1.3944460153579712
8.751997470855713, 1.4240177869796753, 0.0, 123.06229400634766, 0.5425347089767456, 1.4332460165023804, 0.0, 1.2437021732330322
8.762027025222778, 1.4240177869796753, 0.0, 123.01304626464844, 0.1152886301279068, 1.4332460165023804, 0.0, 1.5080792903900146
8.771968603134155, 1.4240177869796753, 0.0, 123.01304626464844, 0.101470947265625, 1.433283805847168, 0.0, 1.5080792903900146
8.781987428665161, 1.4240177869796753, 0.0, 123.00617980957031, -0.2466837614774704, 1.433283805847168, 0.0, 1.7905426025390625
8.79204797744751, 1.4240177869796753, 0.0, 123.00617980957031, -0.222015380859375, 1.4331814050674438, 0.0, 1.4370105266571045
8.801992416381836, 1.4240177869796753, 0.0, 123.02479553222656, -0.814056396484375, 1.4331814050674438, 0.0, 1.67572820186615
8.811992168426514, 1.4240177869796753, 0.0, 123.02479553222656, -0.8148193359375, 1.4330276250839233, 0.0, 1.4498196840286255
8.82197093963623, 1.4240177869796753, 0.0, 123.0527572631836, -0.8188883662223816, 1.4330276250839233, 0.0, 1.676008701324463
8.831972599029541, 1.4240177869796753, 0.0, 123.0527572631836, -0.73699951171875, 1.4329304695129395, 0.0, 1.5927038192749023
8.841993808746338, 1.4240177869796753, 0.0, 123.07041931152344, 0.080108642578125, 1.4329304695129395, 0.0, 1.3492745161056519
8.852020740509033, 1.4240177869796753, 0.0, 123.07041931152344, 0.0907050222158432, 1.4328478574752808, 0.0, 1.8116964101791382
8.861984968185425, 1.4240177869796753, 0.0, 123.08544158935547, 0.724029541015625, 1.4328478574752808, 0.0, 1.8581782579421997
8.87200379371643, 1.4240177869796753, 0.0, 123.08544158935547, 0.724029541015625, 1.4328478574752808, 0.0, 1.8581782579421997
8.881965637207031, 1.4240177869796753, 0.0, 123.06983947753906, 0.7078382968902588, 1.4329336881637573, 0.0, 1.690382480621338
8.891973495483398, 1.4240177869796753, 0.0, 123.06983947753906, 0.637054443359375, 1.432905673980713, 0.0, 1.690382480621338
8.901987552642822, 1.4240177869796753, 0.0, 123.0749282836914, 0.50201416015625, 1.432905673980713, 0.0, 1.646912693977356
8.911956787109375, 1.4240177869796753, 0.0, 123.0749282836914, 0.5560981035232544, 1.4328893423080444, 0.0, 1.490917444229126
8.921953201293945, 1.4240177869796753, 0.0, 123.07789611816406, 0.25177001953125, 1.4328893423080444, 0.0, 1.846004605293274
8.931963205337524, 1.4240177869796753, 0.0, 123.07789611816406, 0.251007080078125, 1.4329454898834229, 0.0, 1.846004605293274
8.941981554031372, 1.4240177869796753, 0.0, 123.06768798828125, -0.026702880859375, 1.4329454898834229, 0.0, 1.3862179517745972
8.95197606086731, 1.4240177869796753, 0.0, 123.06768798828125, -0.02899169921875, 1.4330989122390747, 0.0, 1.5565849542617798
8.961987257003784, 1.4240177869796753, 0.0, 123.039794921875, -0.5077785849571228, 1.4330989122390747, 0.0, 1.6171413660049438
8.971975088119507, 1.4240177869796753, 0.0, 123.039794921875, -0.455474853515625, 1.4331848621368408, 0.0, 1.6683683395385742
8.981981992721558, 1.4240177869796753, 0.0, 123.024169921875, -0.5069308876991272, 1.4331848621368408, 0.0, 1.8958871364593506
8.991985082626343, 1.4240177869796753, 0.0, 123.024169921875, -0.5069308876991272, 1.4331437349319458, 0.0, 1.7481849193572998
9.001980304718018, 1.4240177869796753, 0.0, 123.03164672851562, -0.433349609375, 1.4331437349319458, 0.0, 1.9373769760131836
9.011969327926636, 1.4240177869796753, 0.0, 123.03164672851562, -0.433349609375, 1.4330297708511353, 0.0, 1.9116774797439575
9.022006750106812, 1.4240177869796753, 0.0, 123.0523681640625, -0.2839830219745636, 1.4330297708511353, 0.0, 1.9116774797439575
9.031974792480469, 1.4240177869796753, 0.0, 123.0523681640625, -0.25482177734375, 1.4329040050506592, 0.0, 1.670240879058838
9.041985273361206, 1.4240177869796753, 0.0, 123.07523345947266, 0.075531005859375, 1.4329040050506592, 0.0, 1.670240879058838
9.051978349685669, 1.4240177869796753, 0.0, 123.07523345947266, 0.0830756276845932, 1.4328893423080444, 0.0, 1.5574798583984375
9.061984300613403, 1.4240177869796753, 0.0, 123.07789611816406, 0.3814697265625, 1.4328893423080444, 0.0, 1.7349739074707031
9.071969032287598, 1.4240177869796753, 0.0, 123.07789611816406, 0.4247029721736908, 1.432975172996521, 0.0, 1.5567436218261719
9.081977367401123, 1.4240177869796753, 0.0, 123.06229400634766, 0.4230075478553772, 1.432975172996521, 0.0, 1.5567436218261719
9.091992139816284, 1.4240177869796753, 0.0, 123.06229400634766, 0.3814697265625, 1.433016300201416, 0.0, 1.8126899003982544
9.101985216140747, 1.4240177869796753, 0.0, 123.05481719970703, 0.2577039897441864, 1.433016300201416, 0.0, 1.5237154960632324
9.111960649490356, 1.4240177869796753, 0.0, 123.05481719970703, 0.23193359375, 1.4330297708511353, 0.0, 1.895276427268982
9.12199354171753, 1.4240177869796753, 0.0, 123.0523681640625, 0.0, 1.4330297708511353, 0.0, 1.5959529876708984
9.131995677947998, 1.4240177869796753, 0.0, 123.0523681640625, 0.0, 1.4329719543457031, 0.0, 1.500913381576538
9.14200472831726, 1.4240177869796753, 0.0, 123.06288146972656, -0.1251220703125, 1.4329719543457031, 0.0, 1.5476980209350586
9.151993036270142, 1.4240177869796753, 0.0, 123.06288146972656, -0.1364813894033432, 1.4330577850341797, 0.0, 1.8226611614227295
9.161996841430664, 1.4240177869796753, 0.0, 123.04727172851562, -0.3407796323299408, 1.4330577850341797, 0.0, 1.694144368171692
9.171981573104858, 1.4240177869796753, 0.0, 123.04727172851562, -0.305938720703125, 1.4330577850341797, 0.0, 1.5620986223220825
9.181992292404175, 1.4240177869796753, 0.0, 123.04727172851562, -0.1669989675283432, 1.4330577850341797, 0.0, 1.4869141578674316
9.191977500915527, 1.4240177869796753, 0.0, 123.04727172851562, -0.1686943918466568, 1.433016300201416, 0.0, 1.5076898336410522
9.201972007751465, 1.4240177869796753, 0.0, 123.05481719970703, 0.0, 1.433016300201416, 0.0, 1.2701722383499146
9.211960554122925, 1.4240177869796753, 0.0, 123.05481719970703, 0.0, 1.4329882860183716, 0.0, 1.629893183708191
9.221996545791626, 1.4240177869796753, 0.0, 123.05990600585938, 0.0856187641620636, 1.4329882860183716, 0.0, 1.629893183708191
9.231960535049438, 1.4240177869796753, 0.0, 123.05990600585938, 0.075531005859375, 1.4329882860183716, 0.0, 1.6905388832092285
9.241975784301758, 1.4240177869796753, 0.0, 123.05990600585938, -0.0322129987180233, 1.4329882860183716, 0.0, 1.8881560564041138
9.251993656158447, 1.4240177869796753, 0.0, 123.05990600585938, -0.02899169921875, 1.4329882860183716, 0.0, 1.5874887704849243
9.261969089508057, 1.4240177869796753, 0.0, 123.05990600585938, 0.1407199501991272, 1.4329882860183716, 0.0, 1.5874887704849243
9.271980047225952, 1.4240177869796753, 0.0, 123.05990600585938, 0.125885009765625, 1.433016300201416, 0.0, 1.3707348108291626
9.282006978988647, 1.4240177869796753, 0.0, 123.05481719970703, 0.075531005859375, 1.433016300201416, 0.0, 1.67271888256073
9.291977643966675, 1.4240177869796753, 0.0, 123.05481719970703, 0.07476806640625, 1.433016300201416, 0.0, 1.5518263578414917
9.302110433578491, 1.4240177869796753, 0.0, 123.05481719970703, 0.0, 1.433016300201416, 0.0, 1.5293244123458862
9.311985492706299, 1.4240177869796753, 0.0, 123.05481719970703, 0.0, 1.4330577850341797, 0.0, 0.9972653985023499
9.322176456451416, 1.4240177869796753, 0.0, 123.04727172851562, -0.127410888671875, 1.4330577850341797, 0.0, 1.538203477859497
9.331994533538818, 1.4240177869796753, 0.0, 123.04727172851562, -0.1407199501991272, 1.4330577850341797, 0.0, 1.538203477859497
9.342041015625, 1.4240177869796753, 0.0, 123.04727172851562, -0.125885009765625, 1.4330577850341797, 0.0, 1.7497975826263428
9.351953268051147, 1.4240177869796753, 0.0, 123.04727172851562, -0.12664794921875, 1.4330577850341797, 0.0, 1.701712727546692
9.361974000930786, 1.4240177869796753, 0.0, 123.04727172851562, -0.1415676474571228, 1.4330577850341797, 0.0, 1.701712727546692
9.371988773345947, 1.4240177869796753, 0.0, 123.04727172851562, -0.125885009765625, 1.433016300201416, 0.0, 1.4985383749008179
9.382009267807007, 1.4240177869796753, 0.0, 123.05481719970703, 0.0, 1.433016300201416, 0.0, 1.3992341756820679
9.392009973526001, 1.4240177869796753, 0.0, 123.05481719970703, 0.0, 1.433016300201416, 0.0, 1.6734848022460938
9.40201735496521, 1.4240177869796753, 0.0, 123.05481719970703, 0.0, 1.433016300201416, 0.0, 1.8718255758285522
9.411966800689697, 1.4240177869796753, 0.0, 123.05481719970703, 0.0, 1.4329882860183716, 0.0, 1.4716367721557617
9.421977996826172, 1.4240177869796753, 0.0, 123.05990600585938, 0.127410888671875, 1.4329882860183716, 0.0, 1.5421100854873657
9.43199110031128, 1.4240177869796753, 0.0, 123.05990600585938, 0.1407199501991272, 1.4329882860183716, 0.0, 1.5421100854873657
9.441998720169067, 1.4240177869796753, 0.0, 123.05990600585938, 0.127410888671875, 1.4329882860183716, 0.0, 1.8738834857940674
9.451975107192993, 1.4240177869796753, 0.0, 123.05990600585938, 0.1390245258808136, 1.4329882860183716, 0.0, 1.6663271188735962
9.461995840072632, 1.4240177869796753, 0.0, 123.05990600585938, 0.127410888671875, 1.4329882860183716, 0.0, 1.7941310405731201
9.47197937965393, 1.4240177869796753, 0.0, 123.05990600585938, 0.12664794921875, 1.433016300201416, 0.0, 1.6426894664764404
9.48198914527893, 1.4240177869796753, 0.0, 123.05481719970703, 0.0, 1.433016300201416, 0.0, 1.4472873210906982
9.491979598999023, 1.4240177869796753, 0.0, 123.05481719970703, -0.000762939453125, 1.4330577850341797, 0.0, 1.2893263101577759
9.501981973648071, 1.4240177869796753, 0.0, 123.05481719970703, -0.000762939453125, 1.4330577850341797, 0.0, 1.6455025672912598
9.511971950531006, 1.4240177869796753, 0.0, 123.05481719970703, -0.000762939453125, 1.4330577850341797, 0.0, 1.4224536418914795
9.522005558013916, 1.4240177869796753, 0.0, 123.04727172851562, -0.02630825713276863, 1.4330577850341797, 0.0, 1.6242191791534424
9.53199028968811, 1.4240177869796753, 0.0, 123.04727172851562, -0.08392333984375, 1.4329882860183716, 0.0, 1.7222529649734497
9.542007684707642, 1.4240177869796753, 0.0, 123.04727172851562, -0.08392333984375, 1.4329882860183716, 0.0, 1.7407063245773315
9.551996946334839, 1.4240177869796753, 0.0, 123.05990600585938, 0.0, 1.4329882860183716, 0.0, 1.501318097114563
9.56198263168335, 1.4240177869796753, 0.0, 123.05990600585938, 0.0, 1.4329882860183716, 0.0, 1.6841458082199097
9.571973085403442, 1.4240177869796753, 0.0, 123.05990600585938, 0.0019073486328125, 1.433016300201416, 0.0, 1.9401293992996216
9.58196234703064, 1.4240177869796753, 0.0, 123.05481719970703, -0.051116943359375, 1.433016300201416, 0.0, 1.573567509651184
9.591984272003174, 1.4240177869796753, 0.0, 123.05481719970703, -0.0576443150639534, 1.433016300201416, 0.0, 1.6035699844360352
9.601979494094849, 1.4240177869796753, 0.0, 123.05481719970703, -0.051116943359375, 1.433016300201416, 0.0, 1.6035699844360352
9.6119704246521, 1.4240177869796753, 0.0, 123.05481719970703, 0.0, 1.4329882860183716, 0.0, 1.7011431455612183
9.621978998184204, 1.4240177869796753, 0.0, 123.05990600585938, 0.0567966029047966, 1.4329882860183716, 0.0, 1.5710889101028442
9.631975412368774, 1.4240177869796753, 0.0, 123.05990600585938, 0.125885009765625, 1.4329882860183716, 0.0, 1.3194490671157837
9.641993761062622, 1.4240177869796753, 0.0, 123.05990600585938, 0.1415676474571228, 1.4329882860183716, 0.0, 1.7421202659606934
9.651971101760864, 1.4240177869796753, 0.0, 123.05990600585938, 0.0, 1.4329882860183716, 0.0, 1.475865125656128
9.662053108215332, 1.4240177869796753, 0.0, 123.05990600585938, 0.0008477105293422937, 1.4329882860183716, 0.0, 1.6200950145721436
9.671987295150757, 1.4240177869796753, 0.0, 123.05990600585938, 0.0, 1.433016300201416, 0.0, 1.6200950145721436
9.682007074356079, 1.4240177869796753, 0.0, 123.05481719970703, 0.0, 1.433016300201416, 0.0, 1.8351662158966064
9.691970348358154, 1.4240177869796753, 0.0, 123.05481719970703, -0.000762939453125, 1.433016300201416, 0.0, 1.4338606595993042
9.702009677886963, 1.4240177869796753, 0.0, 123.05481719970703, 0.0, 1.433016300201416, 0.0, 1.4338606595993042
9.711988687515259, 1.4240177869796753, 0.0, 123.05481719970703, 0.0, 1.4329882860183716, 0.0, 1.5322275161743164
9.721998453140259, 1.4240177869796753, 0.0, 123.05990600585938, 0.0, 1.4329882860183716, 0.0, 1.6050548553466797
9.731966018676758, 1.4240177869796753, 0.0, 123.05990600585938, 0.0, 1.4329882860183716, 0.0, 1.7377305030822754
9.742002248764038, 1.4240177869796753, 0.0, 123.05990600585938, 0.0, 1.4329882860183716, 0.0, 1.5153225660324097
9.75199818611145, 1.4240177869796753, 0.0, 123.05990600585938, 0.0, 1.4329882860183716, 0.0, 1.7508140802383423
9.762007236480713, 1.4240177869796753, 0.0, 123.05990600585938, 0.00095367431640625, 1.4329882860183716, 0.0, 1.6671268939971924
9.77197551727295, 1.4240177869796753, 0.0, 123.05990600585938, 0.00095367431640625, 1.433016300201416, 0.0, 1.640175223350525
9.781992673873901, 1.4240177869796753, 0.0, 123.05481719970703, -0.0255584716796875, 1.433016300201416, 0.0, 1.522275447845459
9.79197645187378, 1.4240177869796753, 0.0, 123.05481719970703, 0.0, 1.433016300201416, 0.0, 1.2735583782196045
9.801981449127197, 1.4240177869796753, 0.0, 123.05481719970703, -0.0016954210586845875, 1.433016300201416, 0.0, 1.2735583782196045
9.811980247497559, 1.4240177869796753, 0.0, 123.05481719970703, 0.0, 1.4329882860183716, 0.0, 1.8452633619308472
9.821985483169556, 1.4240177869796753, 0.0, 123.05990600585938, 0.0576443150639534, 1.4329882860183716, 0.0, 1.5211117267608643
9.831976413726807, 1.4240177869796753, 0.0, 123.05990600585938, 0.0, 1.4329304695129395, 0.0, 1.6370686292648315
9.841987133026123, 1.4240177869796753, 0.0, 123.07041931152344, 0.1161363422870636, 1.4329304695129395, 0.0, 1.620496153831482
9.851986408233643, 1.4240177869796753, 0.0, 123.07041931152344, 0.10528564453125, 1.433016300201416, 0.0, 1.6424819231033325
9.861969947814941, 1.4240177869796753, 0.0, 123.05481719970703, -0.0559488944709301, 1.433016300201416, 0.0, 1.6424819231033325
9.871959209442139, 1.4240177869796753, 0.0, 123.05481719970703, -0.051116943359375, 1.433016300201416, 0.0, 1.6561732292175293
9.881979942321777, 1.4240177869796753, 0.0, 123.05481719970703, 0.0, 1.433016300201416, 0.0, 1.8538645505905151
9.891983032226562, 1.4240177869796753, 0.0, 123.05481719970703, 0.0, 1.4329304695129395, 0.0, 1.8445641994476318
9.901996850967407, 1.4240177869796753, 0.0, 123.07041931152344, 0.156402587890625, 1.4329304695129395, 0.0, 1.7806727886199951
9.911996841430664, 1.4240177869796753, 0.0, 123.07041931152344, 0.154876708984375, 1.4329304695129395, 0.0, 1.46292245388031
9.92199420928955, 1.4240177869796753, 0.0, 123.07041931152344, 0.1169840469956398, 1.4329304695129395, 0.0, 1.6180554628372192
9.931971788406372, 1.4240177869796753, 0.0, 123.07041931152344, 0.106048583984375, 1.433016300201416, 0.0, 1.793792963027954
9.941983938217163, 1.4240177869796753, 0.0, 123.05481719970703, -0.156402587890625, 1.433016300201416, 0.0, 1.793792963027954
9.952013492584229, 1.4240177869796753, 0.0, 123.05481719970703, -0.1737806499004364, 1.433016300201416, 0.0, 1.7064932584762573
9.961998224258423, 1.4240177869796753, 0.0, 123.05481719970703, 0.0, 1.433016300201416, 0.0, 1.8729082345962524
9.971960306167603, 1.4240177869796753, 0.0, 123.05481719970703, 0.0, 1.4330577850341797, 0.0, 1.5632357597351074
9.98196792602539, 1.4240177869796753, 0.0, 123.04727172851562, -0.08392333984375, 1.4330577850341797, 0.0, 1.5632357597351074
9.991984367370605, 1.4240177869796753, 0.0, 123.04727172851562, -0.075531005859375, 1.4329454898834229, 0.0, 1.3323633670806885
10.00202465057373, 1.4240177869796753, 0.0, 123.06768798828125, -0.02966986782848835, 1.4329454898834229, 0.0, 1.3323633670806885
10.011983156204224, 1.4240177869796753, 0.0, 123.06768798828125, -0.0330607108771801, 1.4329304695129395, 0.0, 1.9042338132858276
10.021974802017212, 1.4240177869796753, 0.0, 123.07041931152344, 0.00152587890625, 1.4329304695129395, 0.0, 1.3484424352645874
10.031991004943848, 1.4240177869796753, 0.0, 123.07041931152344, 0.000762939453125, 1.4328893423080444, 0.0, 1.3484424352645874
10.041977167129517, 1.4240177869796753, 0.0, 123.07789611816406, 0.231170654296875, 1.4328893423080444, 0.0, 1.1340417861938477
10.051953077316284, 1.4240177869796753, 0.0, 123.07789611816406, 0.23040771484375, 1.432975172996521, 0.0, 1.6901094913482666
10.061962366104126, 1.4240177869796753, 0.0, 123.06229400634766, 0.07476806640625, 1.432975172996521, 0.0, 1.6294797658920288
10.071974515914917, 1.4240177869796753, 0.0, 123.06229400634766, 0.0822279155254364, 1.4328348636627197, 0.0, 1.6294797658920288
10.081977128982544, 1.4240177869796753, 0.0, 123.08780670166016, 0.4509819746017456, 1.4328348636627197, 0.0, 1.7151741981506348
10.0919828414917, 1.4240177869796753, 0.0, 123.08780670166016, 0.405120849609375, 1.4323794841766357, 0.0, 1.7151741981506348
10.101995468139648, 1.4240177869796753, 0.0, 123.17060089111328, 1.02996826171875, 1.4323794841766357, 0.0, 1.3900798559188843
10.112026691436768, 1.4240177869796753, 0.0, 123.17060089111328, 1.030731201171875, 1.4322839975357056, 0.0, 1.7511872053146362
10.12195873260498, 1.4240177869796753, 0.0, 123.1879653930664, 1.30462646484375, 1.4322839975357056, 0.0, 1.7511872053146362
10.131982564926147, 1.4240177869796753, 0.0, 123.1879653930664, 1.30462646484375, 1.432666301727295, 0.0, 1.5501903295516968
10.141985416412354, 1.4240177869796753, 0.0, 123.11845397949219, 0.405120849609375, 1.432666301727295, 0.0, 1.6344355344772339
10.15198302268982, 1.4240177869796753, 0.0, 123.11845397949219, 0.406646728515625, 1.4330759048461914, 0.0, 1.6743024587631226
10.161982774734497, 1.4240177869796753, 0.0, 123.04397583007812, -0.2034505158662796, 1.4330759048461914, 0.0, 1.5459446907043457
10.171966314315796, 1.4240177869796753, 0.0, 123.04397583007812, -0.2034505158662796, 1.4331718683242798, 0.0, 1.734827995300293
10.181966304779053, 1.4240177869796753, 0.0, 123.02652740478516, -0.6824069619178772, 1.4331718683242798, 0.0, 1.5370861291885376
10.192001581192017, 1.4240177869796753, 0.0, 123.02652740478516, -0.612640380859375, 1.4330657720565796, 0.0, 1.5370861291885376
10.202012300491333, 1.4240177869796753, 0.0, 123.04582214355469, -1.247406005859375, 1.4330657720565796, 0.0, 1.6154390573501587
10.211990118026733, 1.4240177869796753, 0.0, 123.04582214355469, -1.1340054273605347, 1.4328961372375488, 0.0, 1.494221806526184
10.222005605697632, 1.4240177869796753, 0.0, 123.07666015625, -1.3904571533203125, 1.4328961372375488, 0.0, 1.8123972415924072
10.231977939605713, 1.4240177869796753, 0.0, 123.07666015625, -1.2368096113204956, 1.4328978061676025, 0.0, 1.701572060585022
10.241969585418701, 1.4240177869796753, 0.0, 123.07636260986328, -0.421142578125, 1.4328978061676025, 0.0, 1.701572060585022
10.251990556716919, 1.4240177869796753, 0.0, 123.07636260986328, -0.4670884907245636, 1.4327741861343384, 0.0, 1.7546920776367188
10.261967658996582, 1.4240177869796753, 0.0, 123.09883880615234, 0.548553466796875, 1.4327741861343384, 0.0, 1.7546920776367188
10.271968364715576, 1.4240177869796753, 0.0, 123.09883880615234, 0.6086561679840088, 1.4327607154846191, 0.0, 1.8109511137008667
10.281968355178833, 1.4240177869796753, 0.0, 123.10128784179688, 0.8299086093902588, 1.4327607154846191, 0.0, 1.7370202541351318
10.291966676712036, 1.4240177869796753, 0.0, 123.10128784179688, 0.748443603515625, 1.432818055152893, 0.0, 2.1249096393585205
10.30197024345398, 1.4240177869796753, 0.0, 123.09085845947266, 0.4993014931678772, 1.432818055152893, 0.0, 2.1249096393585205
10.311960697174072, 1.4240177869796753, 0.0, 123.09085845947266, 0.45013427734375, 1.4328181743621826, 0.0, 1.7114466428756714
10.321975231170654, 1.4240177869796753, 0.0, 123.09083557128906, 0.1593695729970932, 1.4328181743621826, 0.0, 1.6205283403396606
10.331982851028442, 1.4240177869796753, 0.0, 123.09083557128906, 0.141143798828125, 1.4328153133392334, 0.0, 1.57601797580719
10.341989994049072, 1.4240177869796753, 0.0, 123.09136199951172, 0.1669989675283432, 1.4328153133392334, 0.0, 1.8105334043502808
10.351969957351685, 1.4240177869796753, 0.0, 123.09136199951172, 0.148773193359375, 1.432856798171997, 0.0, 1.6527544260025024
10.361981630325317, 1.4240177869796753, 0.0, 123.08381652832031, -0.1653035432100296, 1.432856798171997, 0.0, 1.6527544260025024
10.371970653533936, 1.4240177869796753, 0.0, 123.08381652832031, -0.1669989675283432, 1.4329006671905518, 0.0, 1.4947808980941772
10.38196611404419, 1.4240177869796753, 0.0, 123.07583618164062, -0.2831352949142456, 1.4329006671905518, 0.0, 1.7619684934616089
10.391960859298706, 1.4240177869796753, 0.0, 123.07583618164062, -0.255584716796875, 1.4329421520233154, 0.0, 1.5743440389633179
10.401979684829712, 1.4240177869796753, 0.0, 123.06829833984375, -0.2509223222732544, 1.4329421520233154, 0.0, 1.5352137088775635
10.411983013153076, 1.4240177869796753, 0.0, 123.06829833984375, -0.2492268830537796, 1.4329421520233154, 0.0, 1.8637819290161133
10.421966791152954, 1.4240177869796753, 0.0, 123.06829833984375, -0.22735595703125, 1.4329421520233154, 0.0, 1.5019896030426025
10.431972026824951, 1.4240177869796753, 0.0, 123.06829833984375, -0.22430419921875, 1.4329006671905518, 0.0, 1.5019896030426025
10.441992998123169, 1.4240177869796753, 0.0, 123.07583618164062, -0.154876708984375, 1.4329006671905518, 0.0, 1.5973557233810425
10.45203423500061, 1.4240177869796753, 0.0, 123.07583618164062, -0.154876708984375, 1.4328726530075073, 0.0, 1.3999332189559937
10.462007761001587, 1.4240177869796753, 0.0, 123.0809326171875, -0.0330607108771801, 1.4328726530075073, 0.0, 1.470403790473938
10.471961736679077, 1.4240177869796753, 0.0, 123.0809326171875, -0.028228759765625, 1.4329006671905518, 0.0, 1.6401156187057495
10.481984376907349, 1.4240177869796753, 0.0, 123.07583618164062, -0.000762939453125, 1.4329006671905518, 0.0, 1.6401156187057495
10.491955518722534, 1.4240177869796753, 0.0, 123.07583618164062, 0.0, 1.4329006671905518, 0.0, 1.7675092220306396
10.50198245048523, 1.4240177869796753, 0.0, 123.07583618164062, 0.075531005859375, 1.4329006671905518, 0.0, 1.7675092220306396
10.512034893035889, 1.4240177869796753, 0.0, 123.07583618164062, 0.08392333984375, 1.4328726530075073, 0.0, 1.8156578540802002
10.52198600769043, 1.4240177869796753, 0.0, 123.0809326171875, 0.125885009765625, 1.4328726530075073, 0.0, 1.8156578540802002
10.531976699829102, 1.4240177869796753, 0.0, 123.0809326171875, 0.1407199501991272, 1.4329006671905518, 0.0, 1.5686062574386597
10.542008876800537, 1.4240177869796753, 0.0, 123.07583618164062, 0.0, 1.4329006671905518, 0.0, 1.5686062574386597
10.551984786987305, 1.4240177869796753, 0.0, 123.07583618164062, 0.0, 1.4329006671905518, 0.0, 1.8556476831436157
10.561967849731445, 1.4240177869796753, 0.0, 123.07583618164062, -0.0567966029047966, 1.4329006671905518, 0.0, 1.8869885206222534
10.571954250335693, 1.4240177869796753, 0.0, 123.07583618164062, -0.051116943359375, 1.4329006671905518, 0.0, 1.671912670135498
10.581987619400024, 1.4240177869796753, 0.0, 123.07583618164062, 0.0, 1.4329006671905518, 0.0, 1.3626713752746582
10.59198522567749, 1.4240177869796753, 0.0, 123.07583618164062, 0.0, 1.4329006671905518, 0.0, 1.781706690788269
10.601990461349487, 1.4240177869796753, 0.0, 123.07583618164062, 0.0, 1.4329006671905518, 0.0, 1.7071795463562012
10.611964464187622, 1.4240177869796753, 0.0, 123.07583618164062, 0.0, 1.4329006671905518, 0.0, 1.609959602355957
10.621999502182007, 1.4240177869796753, 0.0, 123.07583618164062, -0.051116943359375, 1.4329006671905518, 0.0, 1.687178134918213
10.631983757019043, 1.4240177869796753, 0.0, 123.07583618164062, -0.051116943359375, 1.4329006671905518, 0.0, 1.7267389297485352
10.64199948310852, 1.4240177869796753, 0.0, 123.07583618164062, 0.0, 1.4329006671905518, 0.0, 1.6820496320724487
10.651970863342285, 1.4240177869796753, 0.0, 123.07583618164062, 0.0, 1.4329006671905518, 0.0, 1.7518188953399658
10.66199278831482, 1.4240177869796753, 0.0, 123.07583618164062, 0.0, 1.4329006671905518, 0.0, 1.6572295427322388
10.67198920249939, 1.4240177869796753, 0.0, 123.07583618164062, 0.0, 1.4328726530075073, 0.0, 1.2567222118377686
10.682036876678467, 1.4240177869796753, 0.0, 123.0809326171875, 0.0567966029047966, 1.4328726530075073, 0.0, 1.5586249828338623
10.691997766494751, 1.4240177869796753, 0.0, 123.0809326171875, 0.051116943359375, 1.4329006671905518, 0.0, 1.5563424825668335
10.702040195465088, 1.4240177869796753, 0.0, 123.07583618164062, 0.0, 1.4329006671905518, 0.0, 1.4942970275878906
10.711976051330566, 1.4240177869796753, 0.0, 123.07583618164062, 0.0, 1.4329006671905518, 0.0, 1.3879369497299194
10.721986770629883, 1.4240177869796753, 0.0, 123.07583618164062, 0.0, 1.4329006671905518, 0.0, 1.7499406337738037
10.731973648071289, 1.4240177869796753, 0.0, 123.07583618164062, 0.0, 1.4329006671905518, 0.0, 1.550784945487976
10.741981983184814, 1.4240177869796753, 0.0, 123.0809326171875, 0.0567966029047966, 1.4328726530075073, 0.0, 1.6064448356628418
10.751952409744263, 1.4240177869796753, 0.0, 123.0809326171875, 0.051116943359375, 1.4329006671905518, 0.0, 1.594502568244934
10.761964797973633, 1.4240177869796753, 0.0, 123.07583618164062, 0.0, 1.4329006671905518, 0.0, 1.7047945261001587
10.771973848342896, 1.4240177869796753, 0.0, 123.07583618164062, 0.0, 1.4329006671905518, 0.0, 1.7047945261001587
10.781986474990845, 1.4240177869796753, 0.0, 123.07583618164062, -0.0567966029047966, 1.4329006671905518, 0.0, 2.007134199142456
10.791996002197266, 1.4240177869796753, 0.0, 123.07583618164062, -0.051116943359375, 1.4329421520233154, 0.0, 1.3518975973129272
10.802011251449585, 1.4240177869796753, 0.0, 123.06829833984375, -0.07476806640625, 1.4329421520233154, 0.0, 1.8080309629440308
10.811968564987183, 1.4240177869796753, 0.0, 123.06829833984375, -0.08392333984375, 1.4328726530075073, 0.0, 1.4653360843658447
10.821964263916016, 1.4240177869796753, 0.0, 123.0809326171875, 0.0567966029047966, 1.4328726530075073, 0.0, 1.7692797183990479
10.831981897354126, 1.4240177869796753, 0.0, 123.0809326171875, 0.0518798828125, 1.4328153133392334, 0.0, 1.7692797183990479
10.841981172561646, 1.4240177869796753, 0.0, 123.09136199951172, 0.1152886301279068, 1.4328153133392334, 0.0, 1.82778799533844
10.852031469345093, 1.4240177869796753, 0.0, 123.09136199951172, 0.103759765625, 1.4328433275222778, 0.0, 1.6619360446929932
10.862014770507812, 1.4240177869796753, 0.0, 123.08626556396484, 0.106048583984375, 1.4328433275222778, 0.0, 1.6619360446929932
10.872005701065063, 1.4240177869796753, 0.0, 123.08626556396484, 0.1152886301279068, 1.4329006671905518, 0.0, 1.3818966150283813
10.881975650787354, 1.4240177869796753, 0.0, 123.07583618164062, -0.00152587890625, 1.4329006671905518, 0.0, 1.3818966150283813
10.891976118087769, 1.4240177869796753, 0.0, 123.07583618164062, 0.0, 1.4328726530075073, 0.0, 1.6278008222579956
10.90198540687561, 1.4240177869796753, 0.0, 123.0809326171875, 0.1415676474571228, 1.4328726530075073, 0.0, 1.579795479774475
10.911989688873291, 1.4240177869796753, 0.0, 123.0809326171875, 0.1251220703125, 1.4329006671905518, 0.0, 1.4956722259521484
10.921997785568237, 1.4240177869796753, 0.0, 123.07583618164062, -0.0551011823117733, 1.4329006671905518, 0.0, 1.7845371961593628
10.931995391845703, 1.4240177869796753, 0.0, 123.07583618164062, -0.0567966029047966, 1.4329006671905518, 0.0, 1.5398197174072266
10.941990852355957, 1.4240177869796753, 0.0, 123.07583618164062, -0.1737806499004364, 1.4329006671905518, 0.0, 1.7177598476409912
10.951996088027954, 1.4240177869796753, 0.0, 123.07583618164062, -0.154876708984375, 1.4329421520233154, 0.0, 1.8166868686676025
10.9619779586792, 1.4240177869796753, 0.0, 123.06829833984375, -0.2009073942899704, 1.4329421520233154, 0.0, 1.9288870096206665
10.971961975097656, 1.4240177869796753, 0.0, 123.06829833984375, -0.17852783203125, 1.4328726530075073, 0.0, 1.5426822900772095
10.981972217559814, 1.4240177869796753, 0.0, 123.0809326171875, 0.051116943359375, 1.4328726530075073, 0.0, 1.5025107860565186
10.992005109786987, 1.4240177869796753, 0.0, 123.0809326171875, 0.0518798828125, 1.4328153133392334, 0.0, 1.4130340814590454
11.001976490020752, 1.4240177869796753, 0.0, 123.09136199951172, 0.1152886301279068, 1.4328153133392334, 0.0, 1.4130340814590454
11.011970043182373, 1.4240177869796753, 0.0, 123.09136199951172, 0.1152886301279068, 1.4328596591949463, 0.0, 1.7069772481918335
11.022018194198608, 1.4240177869796753, 0.0, 123.08329772949219, 0.08392333984375, 1.4328596591949463, 0.0, 1.893768548965454
11.031984806060791, 1.4240177869796753, 0.0, 123.08329772949219, 0.0822279155254364, 1.4328596591949463, 0.0, 1.7182024717330933
11.04197883605957, 1.4240177869796753, 0.0, 123.08329772949219, 0.07476806640625, 1.4328596591949463, 0.0, 1.7182024717330933
11.051990509033203, 1.4240177869796753, 0.0, 123.08329772949219, 0.0830756276845932, 1.4328726530075073, 0.0, 1.6004334688186646
11.061986684799194, 1.4240177869796753, 0.0, 123.0809326171875, 0.1407199501991272, 1.4328726530075073, 0.0, 1.5501446723937988
11.071991205215454, 1.4240177869796753, 0.0, 123.0809326171875, 0.12664794921875, 1.4328153133392334, 0.0, 1.7421561479568481
11.082098722457886, 1.4240177869796753, 0.0, 123.09136199951172, 0.103759765625, 1.4328153133392334, 0.0, 1.4488561153411865
11.091982126235962, 1.4240177869796753, 0.0, 123.09136199951172, 0.1152886301279068, 1.4329006671905518, 0.0, 1.3670915365219116
11.101983547210693, 1.4240177869796753, 0.0, 123.07583618164062, -0.1720852255821228, 1.4329006671905518, 0.0, 1.572275161743164
11.111996412277222, 1.4240177869796753, 0.0, 123.07583618164062, -0.154876708984375, 1.4329006671905518, 0.0, 1.572275161743164
11.121962785720825, 1.4240177869796753, 0.0, 123.07583618164062, -0.08392333984375, 1.4329006671905518, 0.0, 1.6048866510391235
11.131978511810303, 1.4240177869796753, 0.0, 123.07583618164062, -0.0830756276845932, 1.4329006671905518, 0.0, 1.6476675271987915
11.141993045806885, 1.4240177869796753, 0.0, 123.07583618164062, -0.074005126953125, 1.4329006671905518, 0.0, 1.6476675271987915
11.15197229385376, 1.4240177869796753, 0.0, 123.07583618164062, -0.0847710520029068, 1.4329006671905518, 0.0, 1.8360143899917603
11.161970376968384, 1.4240177869796753, 0.0, 123.07583618164062, -0.049591064453125, 1.4329006671905518, 0.0, 1.5450090169906616
11.171968460083008, 1.4240177869796753, 0.0, 123.07583618164062, -0.0567966029047966, 1.4329006671905518, 0.0, 1.5450090169906616
11.181986093521118, 1.4240177869796753, 0.0, 123.07583618164062, -0.1729329377412796, 1.4329006671905518, 0.0, 1.511997103691101
11.19200849533081, 1.4240177869796753, 0.0, 123.07583618164062, -0.1729329377412796, 1.4328726530075073, 0.0, 1.4051382541656494
11.201982498168945, 1.4240177869796753, 0.0, 123.0809326171875, 0.051116943359375, 1.4328726530075073, 0.0, 1.4051382541656494
11.211966514587402, 1.4240177869796753, 0.0, 123.0809326171875, 0.051116943359375, 1.4329006671905518, 0.0, 1.4869384765625
11.221965312957764, 1.4240177869796753, 0.0, 123.07583618164062, 0.0, 1.4329006671905518, 0.0, 1.3672587871551514
11.231994867324829, 1.4240177869796753, 0.0, 123.07583618164062, 0.0, 1.4328726530075073, 0.0, 1.3672587871551514
11.241979837417603, 1.4240177869796753, 0.0, 123.0809326171875, 0.051116943359375, 1.4328726530075073, 0.0, 1.8358449935913086
11.25202226638794, 1.4240177869796753, 0.0, 123.0809326171875, 0.0567966029047966, 1.4328153133392334, 0.0, 1.8326005935668945
11.262009143829346, 1.4240177869796753, 0.0, 123.09136199951172, 0.1556396484375, 1.4328153133392334, 0.0, 1.5352975130081177
11.272000312805176, 1.4240177869796753, 0.0, 123.09136199951172, 0.154876708984375, 1.4328022003173828, 0.0, 1.7929153442382812
11.282000303268433, 1.4240177869796753, 0.0, 123.09374237060547, 0.180816650390625, 1.4328022003173828, 0.0, 1.608884334564209
11.291976690292358, 1.4240177869796753, 0.0, 123.09374237060547, 0.177764892578125, 1.4327888488769531, 0.0, 1.3940036296844482
11.302003383636475, 1.4240177869796753, 0.0, 123.0961685180664, 0.1695421040058136, 1.4327888488769531, 0.0, 1.5920099020004272
11.311965227127075, 1.4240177869796753, 0.0, 123.0961685180664, 0.152587890625, 1.4324486255645752, 0.0, 1.7805618047714233
11.321982860565186, 1.4240177869796753, 0.0, 123.15802764892578, 0.823211669921875, 1.4324486255645752, 0.0, 1.602193832397461
11.331971168518066, 1.4240177869796753, 0.0, 123.15802764892578, 0.9138319492340088, 1.432353138923645, 0.0, 1.6378790140151978
11.342010498046875, 1.4240177869796753, 0.0, 123.1753921508789, 0.943756103515625, 1.432353138923645, 0.0, 1.6378790140151978
11.351952075958252, 1.4240177869796753, 0.0, 123.1753921508789, 1.0486178398132324, 1.432608962059021, 0.0, 1.3628379106521606
11.361980199813843, 1.4240177869796753, 0.0, 123.12887573242188, 0.4170735776424408, 1.432608962059021, 0.0, 1.3628379106521606
11.371973037719727, 1.4240177869796753, 0.0, 123.12887573242188, 0.3753662109375, 1.433034896850586, 0.0, 1.7338711023330688
11.382018089294434, 1.4240177869796753, 0.0, 123.05143737792969, -0.4241943359375, 1.433034896850586, 0.0, 1.7752870321273804
11.391956090927124, 1.4240177869796753, 0.0, 123.05143737792969, -0.4704793393611908, 1.4331718683242798, 0.0, 1.901644229888916
11.40201210975647, 1.4240177869796753, 0.0, 123.02652740478516, -0.69580078125, 1.4331718683242798, 0.0, 1.901644229888916
11.41201114654541, 1.4240177869796753, 0.0, 123.02652740478516, -0.7739596962928772, 1.4330244064331055, 0.0, 1.7598519325256348
11.422006607055664, 1.4240177869796753, 0.0, 123.0533447265625, -1.1613633632659912, 1.4330244064331055, 0.0, 1.7481523752212524
11.431978464126587, 1.4240177869796753, 0.0, 123.0533447265625, -1.047515869140625, 1.4329804182052612, 0.0, 1.9361988306045532
11.441991806030273, 1.4240177869796753, 0.0, 123.06134033203125, -1.2681748867034912, 1.4329804182052612, 0.0, 1.8112967014312744
11.451977968215942, 1.4240177869796753, 0.0, 123.06134033203125, -1.13983154296875, 1.4328978061676025, 0.0, 1.694076418876648
11.461983680725098, 1.4240177869796753, 0.0, 123.07636260986328, -0.5832248330116272, 1.4328978061676025, 0.0, 1.7912617921829224
11.471965551376343, 1.4240177869796753, 0.0, 123.07636260986328, -0.52490234375, 1.4328151941299438, 0.0, 1.8658171892166138
11.481985330581665, 1.4240177869796753, 0.0, 123.09137725830078, 0.399017333984375, 1.4328151941299438, 0.0, 1.4895449876785278
11.491970539093018, 1.4240177869796753, 0.0, 123.09137725830078, 0.399017333984375, 1.4327327013015747, 0.0, 1.4895449876785278
11.501983165740967, 1.4240177869796753, 0.0, 123.10637664794922, 0.8858574628829956, 1.4327327013015747, 0.0, 1.6278470754623413
11.51197338104248, 1.4240177869796753, 0.0, 123.10637664794922, 0.8867051601409912, 1.4327195882797241, 0.0, 1.6939992904663086
11.522013425827026, 1.4240177869796753, 0.0, 123.1087646484375, 0.6171332597732544, 1.4327195882797241, 0.0, 1.6939992904663086
11.531970500946045, 1.4240177869796753, 0.0, 123.1087646484375, 0.6162855625152588, 1.4328181743621826, 0.0, 1.7954388856887817
11.541993618011475, 1.4240177869796753, 0.0, 123.09083557128906, 0.32806396484375, 1.4328181743621826, 0.0, 2.0260581970214844
11.551965236663818, 1.4240177869796753, 0.0, 123.09083557128906, 0.3272162675857544, 1.4329006671905518, 0.0, 2.0260581970214844
11.561970472335815, 1.4240177869796753, 0.0, 123.07583618164062, -0.005340576171875, 1.4329006671905518, 0.0, 1.5329370498657227
11.571969509124756, 1.4240177869796753, 0.0, 123.07583618164062, -0.00678168423473835, 1.432914137840271, 0.0, 1.885075330734253
11.582010984420776, 1.4240177869796753, 0.0, 123.0733871459961, -0.1992119699716568, 1.432914137840271, 0.0, 1.736233115196228
11.59195876121521, 1.4240177869796753, 0.0, 123.0733871459961, -0.180816650390625, 1.4329421520233154, 0.0, 1.736233115196228
11.601990938186646, 1.4240177869796753, 0.0, 123.06829833984375, -0.4213121235370636, 1.4329421520233154, 0.0, 1.665161371231079
11.611983299255371, 1.4240177869796753, 0.0, 123.06829833984375, -0.3814697265625, 1.4329421520233154, 0.0, 1.6862289905548096
11.621987104415894, 1.4240177869796753, 0.0, 123.06829833984375, -0.45013427734375, 1.4329421520233154, 0.0, 1.7045044898986816
11.632014036178589, 1.4240177869796753, 0.0, 123.06829833984375, -0.40283203125, 1.4329421520233154, 0.0, 1.829994559288025
11.641969919204712, 1.4240177869796753, 0.0, 123.07583618164062, -0.15106201171875, 1.4329006671905518, 0.0, 1.6610326766967773
11.65197467803955, 1.4240177869796753, 0.0, 123.07583618164062, -0.1669989675283432, 1.4329006671905518, 0.0, 1.6610326766967773
11.661978721618652, 1.4240177869796753, 0.0, 123.07583618164062, 0.0, 1.4329006671905518, 0.0, 1.5400675535202026
11.671969413757324, 1.4240177869796753, 0.0, 123.07583618164062, 0.0, 1.4328315258026123, 0.0, 1.5400675535202026
11.681986570358276, 1.4240177869796753, 0.0, 123.08840942382812, 0.1653035432100296, 1.4328315258026123, 0.0, 1.6615498065948486
11.691999197006226, 1.4240177869796753, 0.0, 123.08840942382812, 0.150299072265625, 1.4328315258026123, 0.0, 1.6210505962371826
11.702005386352539, 1.4240177869796753, 0.0, 123.08840942382812, 0.201416015625, 1.4328726530075073, 0.0, 1.4742401838302612
11.711984157562256, 1.4240177869796753, 0.0, 123.0809326171875, 0.1407199501991272, 1.4328726530075073, 0.0, 1.4046375751495361
11.721986770629883, 1.4240177869796753, 0.0, 123.0809326171875, 0.1415676474571228, 1.4328726530075073, 0.0, 1.5811820030212402
11.73197889328003, 1.4240177869796753, 0.0, 123.0809326171875, 0.125885009765625, 1.4329006671905518, 0.0, 1.422999620437622
11.741994857788086, 1.4240177869796753, 0.0, 123.07583618164062, 0.0, 1.4329006671905518, 0.0, 1.6989831924438477
11.751968622207642, 1.4240177869796753, 0.0, 123.07583618164062, 0.0, 1.4329006671905518, 0.0, 1.1290698051452637
11.761975526809692, 1.4240177869796753, 0.0, 123.07583618164062, 0.0, 1.4329006671905518, 0.0, 1.1290698051452637
11.771975994110107, 1.4240177869796753, 0.0, 123.07583618164062, 0.0, 1.4329006671905518, 0.0, 1.7481091022491455
11.781989812850952, 1.4240177869796753, 0.0, 123.07583618164062, -0.125885009765625, 1.4329006671905518, 0.0, 1.7944025993347168
11.791975736618042, 1.4240177869796753, 0.0, 123.07583618164062, -0.1398722380399704, 1.4329006671905518, 0.0, 1.5557132959365845
11.801981925964355, 1.4240177869796753, 0.0, 123.07583618164062, -0.125885009765625, 1.4329006671905518, 0.0, 1.6936289072036743
11.811976909637451, 1.4240177869796753, 0.0, 123.07583618164062, -0.051116943359375, 1.4329006671905518, 0.0, 1.5191806554794312
11.821963787078857, 1.4240177869796753, 0.0, 123.07583618164062, -0.0567966029047966, 1.4329006671905518, 0.0, 2.1419339179992676
11.831964492797852, 1.4240177869796753, 0.0, 123.07583618164062, -0.051116943359375, 1.4329006671905518, 0.0, 1.6771763563156128
11.841976165771484, 1.4240177869796753, 0.0, 123.07583618164062, 0.0, 1.4329006671905518, 0.0, 1.4272137880325317
11.851991176605225, 1.4240177869796753, 0.0, 123.07583618164062, 0.0, 1.4329006671905518, 0.0, 1.5114250183105469
11.861963748931885, 1.4240177869796753, 0.0, 123.07583618164062, 0.0, 1.4329006671905518, 0.0, 1.5114250183105469
11.871961832046509, 1.4240177869796753, 0.0, 123.07583618164062, 0.0, 1.4329006671905518, 0.0, 1.3556805849075317
11.882042169570923, 1.4240177869796753, 0.0, 123.07583618164062, 0.0, 1.4329006671905518, 0.0, 1.8028136491775513
11.891962766647339, 1.4240177869796753, 0.0, 123.07583618164062, 0.0, 1.4329006671905518, 0.0, 1.4009311199188232
11.901976585388184, 1.4240177869796753, 0.0, 123.07583618164062, 0.0, 1.4329006671905518, 0.0, 1.8882321119308472
11.91196346282959, 1.4240177869796753, 0.0, 123.07583618164062, 0.0, 1.4329006671905518, 0.0, 1.8882321119308472
11.921985626220703, 1.4240177869796753, 0.0, 123.07583618164062, 0.0, 1.4329006671905518, 0.0, 1.5051727294921875
11.931984901428223, 1.4240177869796753, 0.0, 123.07583618164062, 0.0, 1.4329006671905518, 0.0, 1.4865272045135498
11.941967964172363, 1.4240177869796753, 0.0, 123.07583618164062, 0.0, 1.4329006671905518, 0.0, 1.4756462574005127
11.951976537704468, 1.4240177869796753, 0.0, 123.07583618164062, 0.0, 1.4329006671905518, 0.0, 1.7774955034255981
11.9619722366333, 1.4240177869796753, 0.0, 123.07583618164062, 0.0, 1.4329006671905518, 0.0, 1.7774955034255981
11.971987009048462, 1.4240177869796753, 0.0, 123.07583618164062, 0.0, 1.4329006671905518, 0.0, 1.5861278772354126
11.98201060295105, 1.4240177869796753, 0.0, 123.07583618164062, 0.0, 1.4329006671905518, 0.0, 1.5671862363815308
11.992005586624146, 1.4240177869796753, 0.0, 123.07583618164062, 0.0, 1.4328726530075073, 0.0, 1.5373177528381348
12.002010345458984, 1.4240177869796753, 0.0, 123.0809326171875, 0.0567966029047966, 1.4328726530075073, 0.0, 1.617023229598999
12.012067556381226, 1.4240177869796753, 0.0, 123.0809326171875, 0.051116943359375, 1.4328726530075073, 0.0, 1.7571972608566284
12.021996974945068, 1.4240177869796753, 0.0, 123.0809326171875, 0.051116943359375, 1.4328726530075073, 0.0, 1.9697843790054321
12.031997919082642, 1.4240177869796753, 0.0, 123.0809326171875, 0.0567966029047966, 1.4328596591949463, 0.0, 1.5366817712783813
12.041990756988525, 1.4240177869796753, 0.0, 123.08329772949219, 0.07476806640625, 1.4328596591949463, 0.0, 1.804917812347412
12.05197811126709, 1.4240177869796753, 0.0, 123.08329772949219, 0.0830756276845932, 1.4329006671905518, 0.0, 1.6298233270645142
12.061997175216675, 1.4240177869796753, 0.0, 123.07583618164062, 0.0008477105293422937, 1.4329006671905518, 0.0, 1.8043161630630493
12.071960926055908, 1.4240177869796753, 0.0, 123.07583618164062, 0.0, 1.4329006671905518, 0.0, 1.6366493701934814
12.081990242004395, 1.4240177869796753, 0.0, 123.07583618164062, -0.000762939453125, 1.4329006671905518, 0.0, 1.69355309009552
12.0919828414917, 1.4240177869796753, 0.0, 123.07583618164062, 0.0, 1.4329006671905518, 0.0, 1.703525424003601
12.102007627487183, 1.4240177869796753, 0.0, 123.07583618164062, -0.0576443150639534, 1.4329006671905518, 0.0, 2.000535249710083
12.11196255683899, 1.4240177869796753, 0.0, 123.07583618164062, -0.051116943359375, 1.4329006671905518, 0.0, 1.3917899131774902
12.12199854850769, 1.4240177869796753, 0.0, 123.07583618164062, -0.0567966029047966, 1.4329006671905518, 0.0, 1.5396406650543213
12.131971836090088, 1.4240177869796753, 0.0, 123.07583618164062, -0.05035400390625, 1.4329006671905518, 0.0, 1.5396406650543213
12.14198350906372, 1.4240177869796753, 0.0, 123.07583618164062, -0.0822279155254364, 1.4329006671905518, 0.0, 1.3970929384231567
12.151972532272339, 1.4240177869796753, 0.0, 123.07583618164062, -0.075531005859375, 1.4329006671905518, 0.0, 1.4236705303192139
12.161988735198975, 1.4240177869796753, 0.0, 123.07583618164062, 0.0, 1.4329006671905518, 0.0, 1.4236705303192139
12.171978235244751, 1.4240177869796753, 0.0, 123.07583618164062, 0.0, 1.4329006671905518, 0.0, 1.4349290132522583
12.1819748878479, 1.4240177869796753, 0.0, 123.07583618164062, 0.0, 1.4329006671905518, 0.0, 1.3061692714691162
12.19197678565979, 1.4240177869796753, 0.0, 123.07583618164062, 0.0, 1.4329006671905518, 0.0, 1.3528110980987549
12.20199203491211, 1.4240177869796753, 0.0, 123.07583618164062, 0.0, 1.4329006671905518, 0.0, 1.4455937147140503
12.211972951889038, 1.4240177869796753, 0.0, 123.07583618164062, 0.0, 1.4328726530075073, 0.0, 1.4455937147140503
12.2219820022583, 1.4240177869796753, 0.0, 123.0809326171875, 0.051116943359375, 1.4328726530075073, 0.0, 1.6398452520370483
12.231967210769653, 1.4240177869796753, 0.0, 123.0809326171875, 0.0567966029047966, 1.4328153133392334, 0.0, 1.6768498420715332
12.241984128952026, 1.4240177869796753, 0.0, 123.09136199951172, 0.1720852255821228, 1.4328153133392334, 0.0, 1.4789923429489136
12.25197696685791, 1.4240177869796753, 0.0, 123.09136199951172, 0.1720852255821228, 1.4328433275222778, 0.0, 1.4789923429489136
12.261985540390015, 1.4240177869796753, 0.0, 123.08626556396484, 0.1068115234375, 1.4328433275222778, 0.0, 1.3074090480804443
12.271987438201904, 1.4240177869796753, 0.0, 123.08626556396484, 0.104522705078125, 1.4329006671905518, 0.0, 1.8624430894851685
12.281978368759155, 1.4240177869796753, 0.0, 123.07583618164062, -0.0008477105293422937, 1.4329006671905518, 0.0, 1.8288500308990479
12.291975021362305, 1.4240177869796753, 0.0, 123.07583618164062, 0.0, 1.4329006671905518, 0.0, 1.900651216506958
12.302000522613525, 1.4240177869796753, 0.0, 123.07583618164062, -0.00152587890625, 1.4329006671905518, 0.0, 1.5765159130096436
12.311986923217773, 1.4240177869796753, 0.0, 123.07583618164062, 0.0, 1.432674765586853, 0.0, 1.5146458148956299
12.32196855545044, 1.4240177869796753, 0.0, 123.11691284179688, 0.36163330078125, 1.432674765586853, 0.0, 1.8093256950378418
12.33195948600769, 1.4240177869796753, 0.0, 123.11691284179688, 0.4001193642616272, 1.4323499202728271, 0.0, 1.8093256950378418
12.342021226882935, 1.4240177869796753, 0.0, 123.17597198486328, 0.8453369140625, 1.4323499202728271, 0.0, 1.8319822549819946
12.351974248886108, 1.4240177869796753, 0.0, 123.17597198486328, 0.9418063759803772, 1.432466983795166, 0.0, 1.819269061088562
12.361962795257568, 1.4240177869796753, 0.0, 123.15469360351562, 0.7595486044883728, 1.432466983795166, 0.0, 1.6506766080856323
12.372031688690186, 1.4240177869796753, 0.0, 123.15469360351562, 0.68359375, 1.4328629970550537, 0.0, 1.3956913948059082
12.381993293762207, 1.4240177869796753, 0.0, 123.08268737792969, 0.067138671875, 1.4328629970550537, 0.0, 1.3956913948059082
12.391995429992676, 1.4240177869796753, 0.0, 123.08268737792969, 0.067901611328125, 1.433117389678955, 0.0, 1.789388656616211
12.402012586593628, 1.4240177869796753, 0.0, 123.03643798828125, -0.43487548828125, 1.433117389678955, 0.0, 1.54391348361969
12.41198182106018, 1.4240177869796753, 0.0, 123.03643798828125, -0.4399617612361908, 1.4331270456314087, 0.0, 1.802181363105774
12.42199993133545, 1.4240177869796753, 0.0, 123.03468322753906, -0.8209228515625, 1.4331270456314087, 0.0, 1.6807029247283936
12.43200159072876, 1.4240177869796753, 0.0, 123.03468322753906, -0.821685791015625, 1.4330365657806396, 0.0, 1.4667282104492188
12.441961288452148, 1.4240177869796753, 0.0, 123.05113220214844, -1.3877021074295044, 1.4330365657806396, 0.0, 1.5624477863311768
12.452005863189697, 1.4240177869796753, 0.0, 123.05113220214844, -1.3877021074295044, 1.4329952001571655, 0.0, 1.5624477863311768
12.462004661560059, 1.4240177869796753, 0.0, 123.05865478515625, -1.0655721426010132, 1.4329952001571655, 0.0, 1.584053635597229
12.471994638442993, 1.4240177869796753, 0.0, 123.05865478515625, -0.962066650390625, 1.4329129457473755, 0.0, 1.584053635597229
12.481980562210083, 1.4240177869796753, 0.0, 123.0736083984375, -0.09918212890625, 1.4329129457473755, 0.0, 1.5971195697784424
12.491989612579346, 1.4240177869796753, 0.0, 123.0736083984375, -0.091552734375, 1.4328304529190063, 0.0, 1.9097732305526733
12.502015829086304, 1.4240177869796753, 0.0, 123.08860778808594, 0.5806816816329956, 1.4328304529190063, 0.0, 1.8179117441177368
12.511972427368164, 1.4240177869796753, 0.0, 123.08860778808594, 0.5789862871170044, 1.4327889680862427, 0.0, 1.5776951313018799
12.521990537643433, 1.4240177869796753, 0.0, 123.09614562988281, 0.6832546591758728, 1.4327889680862427, 0.0, 1.485498070716858
12.531983137130737, 1.4240177869796753, 0.0, 123.09614562988281, 0.615692138671875, 1.4328333139419556, 0.0, 1.682108759880066
12.542000770568848, 1.4240177869796753, 0.0, 123.08808898925781, 0.4094441831111908, 1.4328333139419556, 0.0, 1.4821549654006958
12.552077293395996, 1.4240177869796753, 0.0, 123.08808898925781, 0.370025634765625, 1.4329158067703247, 0.0, 1.4066106081008911
12.562006711959839, 1.4240177869796753, 0.0, 123.07308959960938, 0.144195556640625, 1.4329158067703247, 0.0, 1.4066106081008911
12.571964502334595, 1.4240177869796753, 0.0, 123.07308959960938, 0.1434326171875, 1.4329129457473755, 0.0, 1.6650038957595825
12.581988096237183, 1.4240177869796753, 0.0, 123.0736083984375, 0.0, 1.4329129457473755, 0.0, 1.6650038957595825
12.591954231262207, 1.4240177869796753, 0.0, 123.0736083984375, 0.0, 1.4329129457473755, 0.0, 1.7464544773101807
12.60196590423584, 1.4240177869796753, 0.0, 123.0736083984375, -0.1495361328125, 1.4329129457473755, 0.0, 1.5782067775726318
12.612056493759155, 1.4240177869796753, 0.0, 123.0736083984375, -0.1669989675283432, 1.4329984188079834, 0.0, 1.8877118825912476
12.621981620788574, 1.4240177869796753, 0.0, 123.05806732177734, -0.4230075478553772, 1.4329984188079834, 0.0, 1.8877118825912476
12.631979942321777, 1.4240177869796753, 0.0, 123.05806732177734, -0.4221598207950592, 1.4329984188079834, 0.0, 1.6620882749557495
12.641972303390503, 1.4240177869796753, 0.0, 123.05806732177734, -0.301361083984375, 1.4329984188079834, 0.0, 1.6620882749557495
12.651989698410034, 1.4240177869796753, 0.0, 123.05806732177734, -0.301361083984375, 1.4329569339752197, 0.0, 1.423352837562561
12.661988973617554, 1.4240177869796753, 0.0, 123.06561279296875, -0.1125335693359375, 1.4329569339752197, 0.0, 1.648173451423645
12.671984195709229, 1.4240177869796753, 0.0, 123.06561279296875, -0.075531005859375, 1.4328714609146118, 0.0, 1.5832010507583618
12.681976795196533, 1.4240177869796753, 0.0, 123.0811538696289, 0.0907050222158432, 1.4328714609146118, 0.0, 1.732958436012268
12.69196605682373, 1.4240177869796753, 0.0, 123.0811538696289, 0.0762939453125, 1.4328304529190063, 0.0, 1.6694855690002441
12.701992511749268, 1.4240177869796753, 0.0, 123.08860778808594, 0.1661512553691864, 1.4328304529190063, 0.0, 1.6694855690002441
12.711977481842041, 1.4240177869796753, 0.0, 123.08860778808594, 0.1669989675283432, 1.4328304529190063, 0.0, 1.7283496856689453
12.721967220306396, 1.4240177869796753, 0.0, 123.08860778808594, 0.150299072265625, 1.4328304529190063, 0.0, 1.7283496856689453
12.731987237930298, 1.4240177869796753, 0.0, 123.08860778808594, 0.30517578125, 1.4329289197921753, 0.0, 1.7387912273406982
12.742006540298462, 1.4240177869796753, 0.0, 123.0707015991211, 0.1398722380399704, 1.4329289197921753, 0.0, 1.9279448986053467
12.751980781555176, 1.4240177869796753, 0.0, 123.0707015991211, 0.12664794921875, 1.4329569339752197, 0.0, 1.4997881650924683
12.761977434158325, 1.4240177869796753, 0.0, 123.0707015991211, 0.12664794921875, 1.4329569339752197, 0.0, 1.2960355281829834
12.771969556808472, 1.4240177869796753, 0.0, 123.06561279296875, -0.0004015470913145691, 1.4329569339752197, 0.0, 1.859796166419983
12.782005071640015, 1.4240177869796753, 0.0, 123.06561279296875, 0.0, 1.4329569339752197, 0.0, 1.859796166419983
12.791999816894531, 1.4240177869796753, 0.0, 123.06561279296875, -0.15411376953125, 1.4329569339752197, 0.0, 1.7387773990631104
12.802027702331543, 1.4240177869796753, 0.0, 123.06561279296875, -0.1737806499004364, 1.4329569339752197, 0.0, 1.615614414215088
12.811975717544556, 1.4240177869796753, 0.0, 123.06561279296875, -0.229644775390625, 1.4329569339752197, 0.0, 1.615614414215088
12.821988344192505, 1.4240177869796753, 0.0, 123.06561279296875, -0.2543131411075592, 1.4329569339752197, 0.0, 1.6573879718780518
12.831971883773804, 1.4240177869796753, 0.0, 123.06561279296875, -0.23193359375, 1.4329569339752197, 0.0, 1.9002798795700073
12.841970205307007, 1.4240177869796753, 0.0, 123.06561279296875, -0.2551608681678772, 1.4329569339752197, 0.0, 1.6170659065246582
12.851974248886108, 1.4240177869796753, 0.0, 123.06561279296875, -0.051116943359375, 1.4329569339752197, 0.0, 1.8321069478988647
12.86196517944336, 1.4240177869796753, 0.0, 123.06561279296875, -0.048828125, 1.4329569339752197, 0.0, 1.5727933645248413
12.87196135520935, 1.4240177869796753, 0.0, 123.06561279296875, 0.0, 1.4328877925872803, 0.0, 1.871170997619629
12.881994247436523, 1.4240177869796753, 0.0, 123.07817840576172, 0.1381768137216568, 1.4328877925872803, 0.0, 1.871170997619629
12.891971826553345, 1.4240177869796753, 0.0, 123.07817840576172, 0.124359130859375, 1.4328877925872803, 0.0, 1.4378412961959839
12.902009010314941, 1.4240177869796753, 0.0, 123.07817840576172, 0.1398722380399704, 1.4328877925872803, 0.0, 1.6430060863494873
12.912002563476562, 1.4240177869796753, 0.0, 123.07817840576172, 0.1398722380399704, 1.4328714609146118, 0.0, 1.4795045852661133
12.921984910964966, 1.4240177869796753, 0.0, 123.0811538696289, 0.1556396484375, 1.4328714609146118, 0.0, 1.6794835329055786
12.93196415901184, 1.4240177869796753, 0.0, 123.0811538696289, 0.1737806499004364, 1.4328995943069458, 0.0, 1.6794835329055786
12.942012786865234, 1.4240177869796753, 0.0, 123.07603454589844, 0.1152886301279068, 1.4328995943069458, 0.0, 1.9475212097167969
12.951992273330688, 1.4240177869796753, 0.0, 123.07603454589844, 0.10528564453125, 1.4328995943069458, 0.0, 1.7924631834030151
12.962002038955688, 1.4240177869796753, 0.0, 123.06561279296875, -0.0016954210586845875, 1.4329569339752197, 0.0, 1.5483652353286743
12.972002744674683, 1.4240177869796753, 0.0, 123.06561279296875, 0.0, 1.4329569339752197, 0.0, 1.5225601196289062
12.98196268081665, 1.4240177869796753, 0.0, 123.06561279296875, -0.1381768137216568, 1.4329569339752197, 0.0, 1.5225601196289062
12.992070198059082, 1.4240177869796753, 0.0, 123.06561279296875, -0.12664794921875, 1.4329289197921753, 0.0, 1.7767795324325562
13.002012491226196, 1.4240177869796753, 0.0, 123.0707015991211, -0.0830756276845932, 1.4329289197921753, 0.0, 1.6094169616699219
13.0119788646698, 1.4240177869796753, 0.0, 123.0707015991211, -0.0830756276845932, 1.4328714609146118, 0.0, 1.5425235033035278
13.021974802017212, 1.4240177869796753, 0.0, 123.0811538696289, 0.0, 1.4328714609146118, 0.0, 1.51451575756073
13.031970500946045, 1.4240177869796753, 0.0, 123.0811538696289, -0.000762939453125, 1.4328304529190063, 0.0, 1.431365728378296
13.041966915130615, 1.4240177869796753, 0.0, 123.08860778808594, 0.1407199501991272, 1.4328304529190063, 0.0, 1.712936520576477
13.05199384689331, 1.4240177869796753, 0.0, 123.08860778808594, 0.125885009765625, 1.4328584671020508, 0.0, 1.712936520576477
13.062029600143433, 1.4240177869796753, 0.0, 123.08351135253906, 0.1992119699716568, 1.4328584671020508, 0.0, 1.9294302463531494
13.071964740753174, 1.4240177869796753, 0.0, 123.08351135253906, 0.1992119699716568, 1.4329159259796143, 0.0, 1.5552436113357544
13.081967830657959, 1.4240177869796753, 0.0, 123.07306671142578, 0.07476806640625, 1.4329159259796143, 0.0, 1.5428320169448853
13.091973543167114, 1.4240177869796753, 0.0, 123.07306671142578, 0.0830756276845932, 1.4329289197921753, 0.0, 1.5428320169448853
13.101983547210693, 1.4240177869796753, 0.0, 123.0707015991211, -0.00152587890625, 1.4329289197921753, 0.0, 1.512636661529541
13.111974000930786, 1.4240177869796753, 0.0, 123.0707015991211, 0.0, 1.4328714609146118, 0.0, 1.4974384307861328
13.121991634368896, 1.4240177869796753, 0.0, 123.0811538696289, 0.0, 1.4328714609146118, 0.0, 1.4974384307861328
13.131950855255127, 1.4240177869796753, 0.0, 123.0811538696289, 0.0, 1.4328433275222778, 0.0, 1.5922315120697021
13.142005681991577, 1.4240177869796753, 0.0, 123.08626556396484, -0.02543131448328495, 1.4328433275222778, 0.0, 1.5922315120697021
13.151994228363037, 1.4240177869796753, 0.0, 123.08626556396484, -0.023651123046875, 1.4326585531234741, 0.0, 1.941279649734497
13.161958456039429, 1.4240177869796753, 0.0, 123.11985778808594, 0.363922119140625, 1.4326585531234741, 0.0, 1.9372797012329102
13.171974897384644, 1.4240177869796753, 0.0, 123.11985778808594, 0.4026624858379364, 1.4326618909835815, 0.0, 1.9372797012329102
13.18199872970581, 1.4240177869796753, 0.0, 123.11925506591797, 0.5128648281097412, 1.4326618909835815, 0.0, 1.773280143737793
13.19198989868164, 1.4240177869796753, 0.0, 123.11925506591797, 0.46234130859375, 1.4328333139419556, 0.0, 1.8918360471725464
13.20199203491211, 1.4240177869796753, 0.0, 123.08808898925781, 0.1941257119178772, 1.4328333139419556, 0.0, 1.5433179140090942
13.211961030960083, 1.4240177869796753, 0.0, 123.08808898925781, 0.1941257119178772, 1.4330018758773804, 0.0, 1.3807032108306885
13.22195839881897, 1.4240177869796753, 0.0, 123.05744171142578, -0.2644856870174408, 1.4330018758773804, 0.0, 1.658746600151062
13.231966733932495, 1.4240177869796753, 0.0, 123.05744171142578, -0.2627902626991272, 1.433084487915039, 0.0, 1.4132002592086792
13.241961240768433, 1.4240177869796753, 0.0, 123.04241943359375, -0.439453125, 1.433084487915039, 0.0, 1.8079346418380737
13.2519690990448, 1.4240177869796753, 0.0, 123.04241943359375, -0.4857381284236908, 1.4330114126205444, 0.0, 1.8079346418380737
13.261969089508057, 1.4240177869796753, 0.0, 123.05570220947266, -0.643157958984375, 1.4330114126205444, 0.0, 1.4325917959213257
13.271950721740723, 1.4240177869796753, 0.0, 123.05570220947266, -0.64239501953125, 1.4329540729522705, 0.0, 2.0725083351135254
13.281967639923096, 1.4240177869796753, 0.0, 123.06613159179688, -0.52947998046875, 1.4329540729522705, 0.0, 2.0725083351135254
13.291975736618042, 1.4240177869796753, 0.0, 123.06613159179688, -0.531005859375, 1.4329129457473755, 0.0, 1.6701916456222534
13.301975727081299, 1.4240177869796753, 0.0, 123.0736083984375, -0.16021728515625, 1.4329129457473755, 0.0, 1.772035002708435
13.311966896057129, 1.4240177869796753, 0.0, 123.0736083984375, -0.145721435546875, 1.4328584671020508, 0.0, 1.582641363143921
13.321991682052612, 1.4240177869796753, 0.0, 123.08351135253906, 0.2890692949295044, 1.4328584671020508, 0.0, 1.582641363143921
13.331996202468872, 1.4240177869796753, 0.0, 123.08351135253906, 0.260162353515625, 1.4329158067703247, 0.0, 1.691175937652588
13.342008113861084, 1.4240177869796753, 0.0, 123.07308959960938, 0.3416273295879364, 1.4329158067703247, 0.0, 1.9589732885360718
13.351989507675171, 1.4240177869796753, 0.0, 123.07308959960938, 0.30670166015625, 1.4329158067703247, 0.0, 1.8411868810653687
13.361985445022583, 1.4240177869796753, 0.0, 123.07308959960938, 0.1941257119178772, 1.4329158067703247, 0.0, 1.3276036977767944
13.37196660041809, 1.4240177869796753, 0.0, 123.07308959960938, 0.173187255859375, 1.4329289197921753, 0.0, 1.6544076204299927
13.38198447227478, 1.4240177869796753, 0.0, 123.0707015991211, 0.0517103411257267, 1.4329289197921753, 0.0, 1.4496253728866577
13.391972541809082, 1.4240177869796753, 0.0, 123.0707015991211, 0.0500149205327034, 1.4329129457473755, 0.0, 1.4134087562561035
13.40197205543518, 1.4240177869796753, 0.0, 123.0736083984375, 0.0, 1.4329129457473755, 0.0, 1.4134087562561035
13.411991834640503, 1.4240177869796753, 0.0, 123.0736083984375, -0.00152587890625, 1.4329984188079834, 0.0, 1.330350399017334
13.421988010406494, 1.4240177869796753, 0.0, 123.05806732177734, -0.28228759765625, 1.4329984188079834, 0.0, 1.7311811447143555
13.431983470916748, 1.4240177869796753, 0.0, 123.05806732177734, -0.2532958984375, 1.4329984188079834, 0.0, 1.7651728391647339
13.442007303237915, 1.4240177869796753, 0.0, 123.05806732177734, -0.1669989675283432, 1.4329984188079834, 0.0, 1.7846022844314575
13.45198392868042, 1.4240177869796753, 0.0, 123.05806732177734, -0.1669989675283432, 1.4329569339752197, 0.0, 1.4569510221481323
13.461981773376465, 1.4240177869796753, 0.0, 123.06561279296875, -0.077056884765625, 1.4329569339752197, 0.0, 1.8233847618103027
13.471987962722778, 1.4240177869796753, 0.0, 123.06561279296875, -0.0813802108168602, 1.4328714609146118, 0.0, 1.49897038936615
13.482012748718262, 1.4240177869796753, 0.0, 123.0811538696289, 0.103759765625, 1.4328714609146118, 0.0, 1.49897038936615
13.491974353790283, 1.4240177869796753, 0.0, 123.0811538696289, 0.1169840469956398, 1.4328304529190063, 0.0, 1.710326075553894
13.501987934112549, 1.4240177869796753, 0.0, 123.08860778808594, 0.1678466796875, 1.4328304529190063, 0.0, 1.73503577709198
13.511979341506958, 1.4240177869796753, 0.0, 123.08860778808594, 0.148773193359375, 1.4328304529190063, 0.0, 1.9162789583206177
13.521978855133057, 1.4240177869796753, 0.0, 123.08860778808594, 0.3407796323299408, 1.4328304529190063, 0.0, 1.5921907424926758
13.531993627548218, 1.4240177869796753, 0.0, 123.08860778808594, 0.30517578125, 1.4329569339752197, 0.0, 1.5921907424926758
13.542010068893433, 1.4240177869796753, 0.0, 123.06561279296875, 0.08392333984375, 1.4329569339752197, 0.0, 1.6076693534851074
13.551980018615723, 1.4240177869796753, 0.0, 123.06561279296875, 0.075531005859375, 1.4329569339752197, 0.0, 1.5411245822906494
13.561960220336914, 1.4240177869796753, 0.0, 123.06561279296875, 0.0, 1.4329569339752197, 0.0, 2.186122417449951
13.571962356567383, 1.4240177869796753, 0.0, 123.06561279296875, 0.0, 1.4329984188079834, 0.0, 1.6410475969314575
13.581992626190186, 1.4240177869796753, 0.0, 123.05806732177734, -0.23193359375, 1.4329984188079834, 0.0, 1.6410475969314575
13.591974973678589, 1.4240177869796753, 0.0, 123.05806732177734, -0.2560085654258728, 1.4329984188079834, 0.0, 1.878645658493042
13.601978540420532, 1.4240177869796753, 0.0, 123.05806732177734, -0.3390842080116272, 1.4329984188079834, 0.0, 1.7786600589752197
13.611987113952637, 1.4240177869796753, 0.0, 123.05806732177734, -0.3407796323299408, 1.4329569339752197, 0.0, 1.6724982261657715
13.622004985809326, 1.4240177869796753, 0.0, 123.06561279296875, -0.2288818359375, 1.4329569339752197, 0.0, 1.2075875997543335
13.631966352462769, 1.4240177869796753, 0.0, 123.06561279296875, -0.2551608681678772, 1.4329569339752197, 0.0, 1.689691185951233
13.641998291015625, 1.4240177869796753, 0.0, 123.06561279296875, 0.0, 1.4329569339752197, 0.0, 1.5775318145751953
13.651987075805664, 1.4240177869796753, 0.0, 123.06561279296875, 0.0, 1.4329569339752197, 0.0, 1.7045700550079346
13.662001132965088, 1.4240177869796753, 0.0, 123.06561279296875, 0.0, 1.4329569339752197, 0.0, 1.4755228757858276
13.672051906585693, 1.4240177869796753, 0.0, 123.06561279296875, 0.0, 1.4328877925872803, 0.0, 1.5967750549316406
13.682006597518921, 1.4240177869796753, 0.0, 123.07817840576172, 0.19989013671875, 1.4328877925872803, 0.0, 1.5967750549316406
13.69200086593628, 1.4240177869796753, 0.0, 123.07817840576172, 0.201416015625, 1.4328877925872803, 0.0, 1.501711368560791
13.70200777053833, 1.4240177869796753, 0.0, 123.08860778808594, 0.3407796323299408, 1.4328304529190063, 0.0, 1.6373329162597656
13.711974382400513, 1.4240177869796753, 0.0, 123.08860778808594, 0.30517578125, 1.4328995943069458, 0.0, 1.6373329162597656
13.72200059890747, 1.4240177869796753, 0.0, 123.07603454589844, 0.103759765625, 1.4328995943069458, 0.0, 1.8656126260757446
13.731975793838501, 1.4240177869796753, 0.0, 123.07603454589844, 0.1161363422870636, 1.4329569339752197, 0.0, 1.6267321109771729
13.742017030715942, 1.4240177869796753, 0.0, 123.06561279296875, -0.000762939453125, 1.4329569339752197, 0.0, 1.6267321109771729
13.751977443695068, 1.4240177869796753, 0.0, 123.06561279296875, 0.0025431315880268812, 1.4329984188079834, 0.0, 1.50664222240448
13.762024879455566, 1.4240177869796753, 0.0, 123.05806732177734, -0.075531005859375, 1.4329984188079834, 0.0, 1.5183125734329224
13.771988153457642, 1.4240177869796753, 0.0, 123.05806732177734, -0.0856187641620636, 1.4329984188079834, 0.0, 1.204835295677185
13.781994342803955, 1.4240177869796753, 0.0, 123.05806732177734, -0.2237955778837204, 1.4329984188079834, 0.0, 1.200425148010254
13.79198956489563, 1.4240177869796753, 0.0, 123.05806732177734, -0.2237955778837204, 1.4329569339752197, 0.0, 1.9523990154266357
13.801980018615723, 1.4240177869796753, 0.0, 123.06561279296875, -0.2560085654258728, 1.4329569339752197, 0.0, 1.4283161163330078
13.811985492706299, 1.4240177869796753, 0.0, 123.06561279296875, -0.229644775390625, 1.4329569339752197, 0.0, 1.4283161163330078
13.821974039077759, 1.4240177869796753, 0.0, 123.06561279296875, -0.11444091796875, 1.4329569339752197, 0.0, 1.4940235614776611
13.8319833278656, 1.4240177869796753, 0.0, 123.06561279296875, -0.104522705078125, 1.4329569339752197, 0.0, 1.4940235614776611
13.841997861862183, 1.4240177869796753, 0.0, 123.06561279296875, 0.0, 1.4329569339752197, 0.0, 1.4227008819580078
13.852000951766968, 1.4240177869796753, 0.0, 123.06561279296875, 0.0, 1.4328304529190063, 0.0, 1.7862014770507812
13.862000226974487, 1.4240177869796753, 0.0, 123.08860778808594, 0.30517578125, 1.4328304529190063, 0.0, 1.7778072357177734
13.871980905532837, 1.4240177869796753, 0.0, 123.08860778808594, 0.3390842080116272, 1.4327443838119507, 0.0, 1.6185463666915894
13.881964206695557, 1.4240177869796753, 0.0, 123.10425567626953, 0.46234130859375, 1.4327443838119507, 0.0, 1.6601734161376953
13.89197850227356, 1.4240177869796753, 0.0, 123.10425567626953, 0.461578369140625, 1.4327030181884766, 0.0, 1.4029773473739624
13.901987552642822, 1.4240177869796753, 0.0, 123.11177825927734, 0.5137125849723816, 1.4327030181884766, 0.0, 1.4029773473739624
13.91197395324707, 1.4240177869796753, 0.0, 123.11177825927734, 0.461578369140625, 1.4327889680862427, 0.0, 1.7131520509719849
13.921982288360596, 1.4240177869796753, 0.0, 123.09614562988281, 0.3390842080116272, 1.4327889680862427, 0.0, 1.7951221466064453
13.931970834732056, 1.4240177869796753, 0.0, 123.09614562988281, 0.3390842080116272, 1.4330018758773804, 0.0, 1.7046127319335938
13.941994428634644, 1.4240177869796753, 0.0, 123.05744171142578, -0.081634521484375, 1.4330018758773804, 0.0, 1.7046127319335938
13.951973915100098, 1.4240177869796753, 0.0, 123.05744171142578, -0.081634521484375, 1.433084487915039, 0.0, 1.7500910758972168
13.961978435516357, 1.4240177869796753, 0.0, 123.04241943359375, -0.5128648281097412, 1.433084487915039, 0.0, 1.651516318321228
13.971977472305298, 1.4240177869796753, 0.0, 123.04241943359375, -0.4638671875, 1.4330395460128784, 0.0, 1.396567463874817
13.982051849365234, 1.4240177869796753, 0.0, 123.05059051513672, -0.537109375, 1.4330395460128784, 0.0, 1.5732370615005493
13.991968393325806, 1.4240177869796753, 0.0, 123.05059051513672, -0.5950927734375, 1.4329540729522705, 0.0, 1.63393235206604
14.00197172164917, 1.4240177869796753, 0.0, 123.06613159179688, -0.5060831904411316, 1.4329540729522705, 0.0, 1.634368896484375
14.011979818344116, 1.4240177869796753, 0.0, 123.06613159179688, -0.457000732421875, 1.4328714609146118, 0.0, 1.7972511053085327
14.021963596343994, 1.4240177869796753, 0.0, 123.0811538696289, -0.148773193359375, 1.4328714609146118, 0.0, 1.708120346069336
14.031974792480469, 1.4240177869796753, 0.0, 123.0811538696289, -0.1669989675283432, 1.4328584671020508, 0.0, 1.708120346069336
14.042104721069336, 1.4240177869796753, 0.0, 123.08351135253906, 0.2890692949295044, 1.4328584671020508, 0.0, 1.301324725151062
14.051971197128296, 1.4240177869796753, 0.0, 123.08351135253906, 0.2907646894454956, 1.432874321937561, 0.0, 1.500319480895996
14.061985731124878, 1.4240177869796753, 0.0, 123.08062744140625, 0.380706787109375, 1.432874321937561, 0.0, 1.500319480895996
14.07196831703186, 1.4240177869796753, 0.0, 123.08062744140625, 0.380706787109375, 1.4328463077545166, 0.0, 1.4231544733047485
14.081984281539917, 1.4240177869796753, 0.0, 123.08572387695312, 0.351715087890625, 1.4328463077545166, 0.0, 1.1560081243515015
14.09227705001831, 1.4240177869796753, 0.0, 123.08572387695312, 0.351715087890625, 1.4328304529190063, 0.0, 1.902298927307129
14.101966381072998, 1.4240177869796753, 0.0, 123.08860778808594, 0.2509223222732544, 1.4328304529190063, 0.0, 1.902298927307129
14.111978530883789, 1.4240177869796753, 0.0, 123.08860778808594, 0.2492268830537796, 1.4328584671020508, 0.0, 1.3779247999191284
14.122070550918579, 1.4240177869796753, 0.0, 123.08351135253906, 0.02543131448328495, 1.4328584671020508, 0.0, 1.6891636848449707
14.13197636604309, 1.4240177869796753, 0.0, 123.08351135253906, 0.0244140625, 1.4329569339752197, 0.0, 1.7090871334075928
14.141984701156616, 1.4240177869796753, 0.0, 123.06561279296875, -0.1975165456533432, 1.4329569339752197, 0.0, 1.7090871334075928
14.151976585388184, 1.4240177869796753, 0.0, 123.06561279296875, -0.180816650390625, 1.4329569339752197, 0.0, 1.552282691001892
14.16198182106018, 1.4240177869796753, 0.0, 123.06561279296875, -0.1653035432100296, 1.4329569339752197, 0.0, 1.4847185611724854
14.171967029571533, 1.4240177869796753, 0.0, 123.06561279296875, -0.151824951171875, 1.4329569339752197, 0.0, 1.5829319953918457
14.182008504867554, 1.4240177869796753, 0.0, 123.06561279296875, -0.19989013671875, 1.4329569339752197, 0.0, 1.5829319953918457
14.191992282867432, 1.4240177869796753, 0.0, 123.06561279296875, -0.2221001535654068, 1.4328714609146118, 0.0, 1.5728517770767212
14.201986312866211, 1.4240177869796753, 0.0, 123.0811538696289, -0.0847710520029068, 1.4328714609146118, 0.0, 1.4335707426071167
14.211970806121826, 1.4240177869796753, 0.0, 123.0811538696289, -0.0822279155254364, 1.4328304529190063, 0.0, 1.7680200338363647
14.2219877243042, 1.4240177869796753, 0.0, 123.08860778808594, 0.051116943359375, 1.4328304529190063, 0.0, 1.7680200338363647
14.2319917678833, 1.4240177869796753, 0.0, 123.08860778808594, 0.0567966029047966, 1.4328584671020508, 0.0, 1.683731198310852
14.241997480392456, 1.4240177869796753, 0.0, 123.08351135253906, 0.1983642578125, 1.4328584671020508, 0.0, 1.5980933904647827
14.251964807510376, 1.4240177869796753, 0.0, 123.08351135253906, 0.1992119699716568, 1.4329158067703247, 0.0, 1.686850905418396
14.261989116668701, 1.4240177869796753, 0.0, 123.07308959960938, 0.0830756276845932, 1.4329158067703247, 0.0, 1.529784917831421
14.271981239318848, 1.4240177869796753, 0.0, 123.07308959960938, 0.074005126953125, 1.4329569339752197, 0.0, 1.5599874258041382
14.281973600387573, 1.4240177869796753, 0.0, 123.06561279296875, 0.0, 1.4329569339752197, 0.0, 1.5133494138717651
14.29195499420166, 1.4240177869796753, 0.0, 123.06561279296875, 0.0, 1.4329569339752197, 0.0, 1.694441795349121
14.301966905593872, 1.4240177869796753, 0.0, 123.06561279296875, -0.156402587890625, 1.4329569339752197, 0.0, 1.694441795349121
14.31196928024292, 1.4240177869796753, 0.0, 123.06561279296875, -0.1703898161649704, 1.4329984188079834, 0.0, 1.6270862817764282
14.321971893310547, 1.4240177869796753, 0.0, 123.05806732177734, -0.3390842080116272, 1.4329984188079834, 0.0, 1.5090645551681519
14.331959247589111, 1.4240177869796753, 0.0, 123.05806732177734, -0.30670166015625, 1.4329569339752197, 0.0, 1.8038499355316162
14.34200406074524, 1.4240177869796753, 0.0, 123.06561279296875, -0.179290771484375, 1.4329569339752197, 0.0, 1.9757899045944214
14.352075338363647, 1.4240177869796753, 0.0, 123.06561279296875, -0.1983642578125, 1.4328995943069458, 0.0, 1.7140100002288818
14.361988067626953, 1.4240177869796753, 0.0, 123.07603454589844, 0.029754638671875, 1.4328995943069458, 0.0, 1.8258154392242432
14.372001647949219, 1.4240177869796753, 0.0, 123.07603454589844, 0.0322129987180233, 1.4328995943069458, 0.0, 1.7561086416244507
14.38199782371521, 1.4240177869796753, 0.0, 123.08351135253906, 0.1992119699716568, 1.4328584671020508, 0.0, 1.8377289772033691
14.391996383666992, 1.4240177869796753, 0.0, 123.08351135253906, 0.1800537109375, 1.4328584671020508, 0.0, 1.404831051826477
14.401973962783813, 1.4240177869796753, 0.0, 123.08351135253906, 0.1975165456533432, 1.4328584671020508, 0.0, 1.404831051826477
14.411955118179321, 1.4240177869796753, 0.0, 123.08351135253906, 0.179290771484375, 1.4328304529190063, 0.0, 1.8102091550827026
14.421995878219604, 1.4240177869796753, 0.0, 123.08860778808594, 0.30517578125, 1.4328304529190063, 0.0, 1.8102091550827026
14.432023525238037, 1.4240177869796753, 0.0, 123.08860778808594, 0.3390842080116272, 1.4328714609146118, 0.0, 1.643884301185608
14.44199013710022, 1.4240177869796753, 0.0, 123.0811538696289, 0.1556396484375, 1.4328714609146118, 0.0, 1.643884301185608
14.451977491378784, 1.4240177869796753, 0.0, 123.0811538696289, 0.1729329377412796, 1.4329569339752197, 0.0, 1.9150323867797852
14.462041139602661, 1.4240177869796753, 0.0, 123.06561279296875, -0.1161363422870636, 1.4329569339752197, 0.0, 1.5481972694396973
14.471988677978516, 1.4240177869796753, 0.0, 123.06561279296875, -0.102996826171875, 1.4329569339752197, 0.0, 1.5481972694396973
14.482000589370728, 1.4240177869796753, 0.0, 123.06561279296875, -0.177764892578125, 1.4329569339752197, 0.0, 1.6362559795379639
14.491982221603394, 1.4240177869796753, 0.0, 123.06561279296875, -0.180816650390625, 1.4329984188079834, 0.0, 1.5640947818756104
14.501964092254639, 1.4240177869796753, 0.0, 123.05806732177734, -0.28228759765625, 1.4329984188079834, 0.0, 1.6398091316223145
14.511979818344116, 1.4240177869796753, 0.0, 123.05806732177734, -0.2831352949142456, 1.4327855110168457, 0.0, 1.3816031217575073
14.52198076248169, 1.4240177869796753, 0.0, 123.0967788696289, 0.081634521484375, 1.4327855110168457, 0.0, 1.6965032815933228
14.531975030899048, 1.4240177869796753, 0.0, 123.0967788696289, 0.0898573100566864, 1.4326452016830444, 0.0, 1.6965032815933228
14.541991949081421, 1.4240177869796753, 0.0, 123.1222915649414, 0.4119873046875, 1.4326452016830444, 0.0, 1.3101255893707275
14.551987648010254, 1.4240177869796753, 0.0, 123.1222915649414, 0.457763671875, 1.4327478408813477, 0.0, 1.2706190347671509
14.5619797706604, 1.4240177869796753, 0.0, 123.10363006591797, 0.4230075478553772, 1.4327478408813477, 0.0, 1.6174088716506958
14.571954727172852, 1.4240177869796753, 0.0, 123.10363006591797, 0.379180908203125, 1.4329603910446167, 0.0, 1.7371948957443237
14.581976413726807, 1.4240177869796753, 0.0, 123.06497955322266, -0.00762939453125, 1.4329603910446167, 0.0, 1.8426213264465332
14.591978311538696, 1.4240177869796753, 0.0, 123.06497955322266, -0.006103515625, 1.4330428838729858, 0.0, 1.464309573173523
14.601973056793213, 1.4240177869796753, 0.0, 123.04998016357422, -0.08087158203125, 1.4330428838729858, 0.0, 1.464309573173523
14.611977100372314, 1.4240177869796753, 0.0, 123.04998016357422, -0.081634521484375, 1.4329984188079834, 0.0, 1.843597650527954
14.622014999389648, 1.4240177869796753, 0.0, 123.05806732177734, -0.4289415180683136, 1.4329984188079834, 0.0, 1.4756391048431396
14.63199257850647, 1.4240177869796753, 0.0, 123.05806732177734, -0.4297892153263092, 1.4329129457473755, 0.0, 1.390172004699707
14.641993761062622, 1.4240177869796753, 0.0, 123.0736083984375, -0.48675537109375, 1.4329129457473755, 0.0, 1.5307809114456177
14.651965141296387, 1.4240177869796753, 0.0, 123.0736083984375, -0.54168701171875, 1.4329410791397095, 0.0, 1.5973789691925049
14.661976337432861, 1.4240177869796753, 0.0, 123.06848907470703, -0.3509521484375, 1.4329410791397095, 0.0, 1.5973789691925049
14.671976804733276, 1.4240177869796753, 0.0, 123.06848907470703, -0.3907945454120636, 1.4329569339752197, 0.0, 1.9474542140960693
14.682003498077393, 1.4240177869796753, 0.0, 123.06561279296875, 0.00678168423473835, 1.4329569339752197, 0.0, 1.8434314727783203
14.692142724990845, 1.4240177869796753, 0.0, 123.06561279296875, 0.006866455078125, 1.4329569339752197, 0.0, 1.3374394178390503
14.701955318450928, 1.4240177869796753, 0.0, 123.06561279296875, 0.1737806499004364, 1.4329569339752197, 0.0, 1.406241774559021
14.711975812911987, 1.4240177869796753, 0.0, 123.06561279296875, 0.156402587890625, 1.4328304529190063, 0.0, 1.774383544921875
14.72196626663208, 1.4240177869796753, 0.0, 123.08860778808594, 0.3390842080116272, 1.4328304529190063, 0.0, 1.278003215789795
14.73296332359314, 1.4240177869796753, 0.0, 123.08860778808594, 0.30517578125, 1.4328304529190063, 0.0, 1.278003215789795
14.741979122161865, 1.4240177869796753, 0.0, 123.08860778808594, 0.1669989675283432, 1.4328304529190063, 0.0, 1.4715512990951538
14.75197958946228, 1.4240177869796753, 0.0, 123.08860778808594, 0.150299072265625, 1.4328304529190063, 0.0, 1.972001314163208
14.762001752853394, 1.4240177869796753, 0.0, 123.08860778808594, 0.201416015625, 1.4328304529190063, 0.0, 1.972001314163208
14.771987199783325, 1.4240177869796753, 0.0, 123.08860778808594, 0.201416015625, 1.4328995943069458, 0.0, 1.8534953594207764
14.781991481781006, 1.4240177869796753, 0.0, 123.07603454589844, 0.1152886301279068, 1.4328995943069458, 0.0, 1.8534953594207764
14.791951894760132, 1.4240177869796753, 0.0, 123.07603454589844, 0.1161363422870636, 1.4329569339752197, 0.0, 1.5693514347076416
14.80195927619934, 1.4240177869796753, 0.0, 123.06561279296875, -0.000762939453125, 1.4329569339752197, 0.0, 1.3757290840148926
14.811967849731445, 1.4240177869796753, 0.0, 123.06561279296875, 0.0, 1.4329569339752197, 0.0, 1.3757290840148926
14.821990966796875, 1.4240177869796753, 0.0, 123.06561279296875, -0.2551608681678772, 1.4329569339752197, 0.0, 1.684667944908142
14.831965923309326, 1.4240177869796753, 0.0, 123.06561279296875, -0.229644775390625, 1.4329569339752197, 0.0, 1.6716883182525635
14.841977834701538, 1.4240177869796753, 0.0, 123.06561279296875, -0.229644775390625, 1.4329569339752197, 0.0, 1.508500576019287
14.851981401443481, 1.4240177869796753, 0.0, 123.06561279296875, -0.2577039897441864, 1.4328714609146118, 0.0, 1.6816822290420532
14.862000942230225, 1.4240177869796753, 0.0, 123.0811538696289, -0.074005126953125, 1.4328714609146118, 0.0, 1.2808387279510498
14.871999263763428, 1.4240177869796753, 0.0, 123.0811538696289, -0.07476806640625, 1.4328995943069458, 0.0, 1.620599627494812
14.882000923156738, 1.4240177869796753, 0.0, 123.07603454589844, 0.0016954210586845875, 1.4328995943069458, 0.0, 1.6999605894088745
14.89197039604187, 1.4240177869796753, 0.0, 123.07603454589844, 0.0, 1.4329159259796143, 0.0, 1.7499620914459229
14.901974201202393, 1.4240177869796753, 0.0, 123.07306671142578, 0.0822279155254364, 1.4329159259796143, 0.0, 1.5112147331237793
14.911984205245972, 1.4240177869796753, 0.0, 123.07306671142578, 0.075531005859375, 1.4328877925872803, 0.0, 1.3914185762405396
14.92196249961853, 1.4240177869796753, 0.0, 123.07817840576172, 0.12359619140625, 1.4328877925872803, 0.0, 1.358993649482727
14.9319589138031, 1.4240177869796753, 0.0, 123.07817840576172, 0.1398722380399704, 1.4328304529190063, 0.0, 1.6435539722442627
14.941957712173462, 1.4240177869796753, 0.0, 123.08860778808594, 0.23040771484375, 1.4328304529190063, 0.0, 1.654215693473816
14.951958417892456, 1.4240177869796753, 0.0, 123.08860778808594, 0.229644775390625, 1.4328714609146118, 0.0, 1.6279408931732178
14.96197247505188, 1.4240177869796753, 0.0, 123.0811538696289, 0.0, 1.4328714609146118, 0.0, 1.4904152154922485
14.971967458724976, 1.4240177869796753, 0.0, 123.0811538696289, 0.0, 1.4328714609146118, 0.0, 1.4904152154922485
14.98196816444397, 1.4240177869796753, 0.0, 123.0811538696289, 0.052642822265625, 1.4328714609146118, 0.0, 1.8189802169799805
14.991997957229614, 1.4240177869796753, 0.0, 123.0811538696289, 0.0567966029047966, 1.4328304529190063, 0.0, 1.6784151792526245
15.001970529556274, 1.4240177869796753, 0.0, 123.08860778808594, 0.1720852255821228, 1.4328304529190063, 0.0, 1.6784151792526245
15.012038469314575, 1.4240177869796753, 0.0, 123.08860778808594, 0.1720852255821228, 1.4328584671020508, 0.0, 1.5365561246871948
15.021992683410645, 1.4240177869796753, 0.0, 123.08351135253906, 0.052642822265625, 1.4328584671020508, 0.0, 1.5365561246871948
15.031984329223633, 1.4240177869796753, 0.0, 123.08351135253906, 0.0601874440908432, 1.4328136444091797, 0.0, 1.1843540668487549
15.042072534561157, 1.4240177869796753, 0.0, 123.09165954589844, 0.030517578125, 1.4328136444091797, 0.0, 1.54151451587677
15.051958560943604, 1.4240177869796753, 0.0, 123.09165954589844, 0.0339084193110466, 1.4322209358215332, 0.0, 1.7207541465759277
15.061995267868042, 1.4240177869796753, 0.0, 123.19942474365234, 1.18255615234375, 1.4322209358215332, 0.0, 1.656739354133606
15.07197880744934, 1.4240177869796753, 0.0, 123.19942474365234, 1.3139512538909912, 1.4306696653366089, 0.0, 1.7225021123886108
15.081976652145386, 1.4240177869796753, 0.0, 123.48147583007812, 4.003143310546875, 1.4306696653366089, 0.0, 1.6349133253097534
15.091956615447998, 1.4240177869796753, 0.0, 123.48147583007812, 4.00238037109375, 1.4282516241073608, 0.0, 1.5862072706222534
15.101992130279541, 1.4240177869796753, 0.0, 123.9211196899414, 9.25021743774414, 1.4282516241073608, 0.0, 1.5862072706222534
15.111975193023682, 1.4240177869796753, 0.0, 123.9211196899414, 9.25021743774414, 1.425820231437683, 0.0, 1.5125287771224976
15.121985912322998, 1.4240177869796753, 0.0, 124.36318969726562, 14.220343589782715, 1.425820231437683, 0.0, 1.4236819744110107
15.132373571395874, 1.4240177869796753, 0.0, 124.36318969726562, 14.21780014038086, 1.4235888719558716, 0.0, 1.4236819744110107
15.141966342926025, 1.4240177869796753, 0.0, 124.76889038085938, 18.63606834411621, 1.4235888719558716, 0.0, 1.6571927070617676
15.15202808380127, 1.4240177869796753, 0.0, 124.76889038085938, 16.7724609375, 1.4216054677963257, 0.0, 1.7305240631103516
15.161970376968384, 1.4240177869796753, 0.0, 125.12950897216797, 21.44538116455078, 1.4216054677963257, 0.0, 1.7305240631103516
15.171967029571533, 1.4240177869796753, 0.0, 125.12950897216797, 19.30084228515625, 1.4197731018066406, 0.0, 1.6113938093185425
15.18205213546753, 1.4240177869796753, 0.0, 125.4626693725586, 22.01334571838379, 1.4197731018066406, 0.0, 1.561648964881897
15.192016839981079, 1.4240177869796753, 0.0, 125.4626693725586, 22.01334571838379, 1.4178670644760132, 0.0, 1.976256012916565
15.201977729797363, 1.4240177869796753, 0.0, 125.80921936035156, 18.880462646484375, 1.4178670644760132, 0.0, 1.5320676565170288
15.21197247505188, 1.4240177869796753, 0.0, 125.80921936035156, 20.97829246520996, 1.4157496690750122, 0.0, 1.748898983001709
15.221968650817871, 1.4240177869796753, 0.0, 126.19420623779297, 20.34505271911621, 1.4157496690750122, 0.0, 1.748898983001709
15.231998920440674, 1.4240177869796753, 0.0, 126.19420623779297, 18.30902099609375, 1.413322925567627, 0.0, 1.7397905588150024
15.242007493972778, 1.4240177869796753, 0.0, 126.63542938232422, 18.66607666015625, 1.413322925567627, 0.0, 1.7397905588150024
15.251959323883057, 1.4240177869796753, 0.0, 126.63542938232422, 18.66607666015625, 1.4108487367630005, 0.0, 1.4510294198989868
15.261987209320068, 1.4240177869796753, 0.0, 127.08528137207031, 21.73105812072754, 1.4108487367630005, 0.0, 1.4510294198989868
15.27198314666748, 1.4240177869796753, 0.0, 127.08528137207031, 19.557952880859375, 1.4086180925369263, 0.0, 1.604884147644043
15.282005786895752, 1.4240177869796753, 0.0, 127.49085235595703, 22.53553581237793, 1.4086180925369263, 0.0, 1.96892511844635
15.291979789733887, 1.4240177869796753, 0.0, 127.49085235595703, 20.28045654296875, 1.4069032669067383, 0.0, 1.3902782201766968
15.301973104476929, 1.4240177869796753, 0.0, 127.80264282226562, 22.14897918701172, 1.4069032669067383, 0.0, 1.4624658823013306
15.312159299850464, 1.4240177869796753, 0.0, 127.80264282226562, 22.14897918701172, 1.4059256315231323, 0.0, 1.4778269529342651
15.322031021118164, 1.4240177869796753, 0.0, 127.98039245605469, 19.84659767150879, 1.4059256315231323, 0.0, 1.776663064956665
15.33198595046997, 1.4240177869796753, 0.0, 127.98039245605469, 17.861175537109375, 1.4055578708648682, 0.0, 1.288932204246521
15.341989040374756, 1.4240177869796753, 0.0, 128.04725646972656, 14.119720458984375, 1.4055578708648682, 0.0, 1.5803158283233643
15.351981401443481, 1.4240177869796753, 0.0, 128.04725646972656, 15.68773078918457, 1.4053131341934204, 0.0, 1.0925132036209106
