15.424811363220215, 1.5499999523162842, 0.0, 124.69092559814453, 0.0, 1.434537410736084, 0.0, 0.0
15.43480896949768, 1.5499999523162842, 0.0, 145.68411254882812, 209.93118286132812, 1.434537410736084, 0.0, 6.915765285491943
15.444804191589355, 1.5499999523162842, 0.0, 145.68411254882812, 233.25686645507812, 1.434537410736084, 0.0, 6.140326499938965
15.454832553863525, 1.5499999523162842, 0.0, 145.68411254882812, 209.93194580078125, 1.434537410736084, 0.0, 6.632547855377197
15.464812755584717, 1.5499999523162842, 0.0, 145.68411254882812, 233.25772094726562, 1.434537410736084, 0.0, 7.244917869567871
15.474844217300415, 1.5499999523162842, 0.0, 145.68411254882812, 209.93194580078125, 1.434537410736084, 0.0, 7.220570087432861
15.484818458557129, 1.5499999523162842, 0.0, 145.68411254882812, 233.25772094726562, 1.434537410736084, 0.0, 7.174071788787842
15.494838953018188, 1.5499999523162842, 0.0, 145.68411254882812, 233.2560272216797, 1.434537410736084, 0.0, 5.975461006164551
15.504823207855225, 1.5499999523162842, 0.0, 145.68411254882812, 233.25772094726562, 1.434537410736084, 0.0, 5.924086570739746
15.5148344039917, 1.5499999523162842, 0.0, 145.68411254882812, 233.25772094726562, 1.434537410736084, 0.0, 6.1477813720703125
15.52481722831726, 1.5499999523162842, 0.0, 145.68411254882812, 233.25772094726562, 1.434537410736084, 0.0, 6.0289740562438965
15.534833908081055, 1.5499999523162842, 0.0, 145.68411254882812, 0.0, 1.434537410736084, 0.0, 6.458560943603516
15.54481554031372, 1.5499999523162842, 0.0, 145.68411254882812, 0.0, 1.434537410736084, 0.0, 5.801564693450928
15.554822444915771, 1.5499999523162842, 0.0, 145.68411254882812, 0.0, 1.434537410736084, 0.0, 6.058747291564941
15.56482481956482, 1.5499999523162842, 0.0, 145.68411254882812, 0.0, 1.434537410736084, 0.0, 5.521148204803467
15.574812889099121, 1.5499999523162842, 0.0, 145.68411254882812, 0.0, 1.434537410736084, 0.0, 6.438640117645264
15.584814310073853, 1.5499999523162842, 0.0, 145.68411254882812, 0.0, 1.434537410736084, 0.0, 7.767514705657959
15.594825029373169, 1.5499999523162842, 0.0, 145.68411254882812, 0.0, 1.434537410736084, 0.0, 7.2066240310668945
15.604816913604736, 1.5499999523162842, 0.0, 145.68411254882812, 0.0, 1.434537410736084, 0.0, 7.088019847869873
15.614813327789307, 1.5499999523162842, 0.0, 145.68411254882812, 0.0, 1.434537410736084, 0.0, 5.071086406707764
15.624812364578247, 1.5499999523162842, 0.0, 145.68411254882812, 0.0, 1.434537410736084, 0.0, 6.185923099517822
15.634815454483032, 1.5499999523162842, 0.0, 145.68411254882812, 0.0, 1.434537410736084, 0.0, 5.085979461669922
15.644818782806396, 1.5499999523162842, 0.0, 145.68411254882812, 0.0, 1.434537410736084, 0.0, 6.233233451843262
15.654901266098022, 1.5499999523162842, 0.0, 145.68411254882812, 0.0, 1.434537410736084, 0.0, 6.995709419250488
15.664806365966797, 1.5499999523162842, 0.0, 145.68411254882812, 0.0, 1.434537410736084, 0.0, 6.482088088989258
15.674815893173218, 1.5499999523162842, 0.0, 145.68411254882812, 0.0, 1.434537410736084, 0.0, 6.386210918426514
15.684844732284546, 1.5499999523162842, 0.0, 145.68411254882812, 0.0, 1.434537410736084, 0.0, 4.718987941741943
15.694821119308472, 1.5499999523162842, 0.0, 145.68411254882812, 0.0, 1.434537410736084, 0.0, 7.38785457611084
15.704834461212158, 1.5499999523162842, 0.0, 145.68411254882812, 0.0, 1.434537410736084, 0.0, 6.517037391662598
15.714809656143188, 1.5499999523162842, 0.0, 145.68411254882812, 0.0, 1.434537410736084, 0.0, 10.0
15.724883556365967, 1.5499999523162842, 0.0, 145.68411254882812, 0.0, 1.434537410736084, 0.0, 7.611510276794434
15.73483395576477, 1.5499999523162842, 0.0, 145.68411254882812, 0.0, 1.434537410736084, 0.0, 8.27995491027832
15.744832277297974, 1.5499999523162842, 0.0, 145.68411254882812, 0.0, 1.434537410736084, 0.0, 8.153217315673828
15.754832983016968, 1.5499999523162842, 0.0, 145.68411254882812, 0.0, 1.434537410736084, 0.0, 7.537661552429199
15.76483941078186, 1.5499999523162842, 0.0, 145.68411254882812, 0.0, 1.434537410736084, 0.0, 7.678436756134033
15.774824380874634, 1.5499999523162842, 0.0, 145.68411254882812, 0.0, 1.434537410736084, 0.0, 8.918587684631348
15.784859418869019, 1.5499999523162842, 0.0, 145.68411254882812, 0.0, 1.434537410736084, 0.0, 6.428186416625977
15.79483699798584, 1.5499999523162842, 0.0, 145.68411254882812, 0.0, 1.434537410736084, 0.0, 6.221983432769775
15.804826498031616, 1.5499999523162842, 0.0, 145.68411254882812, 0.0, 1.434537410736084, 0.0, 5.6020331382751465
15.814802885055542, 1.5499999523162842, 0.0, 145.68411254882812, 0.0, 1.434537410736084, 0.0, 8.789346694946289
15.825505018234253, 1.5499999523162842, 0.0, 145.68411254882812, 0.0, 1.434537410736084, 0.0, 4.99755859375
15.83481502532959, 1.5499999523162842, 0.0, 145.68411254882812, 0.0, 1.434537410736084, 0.0, 7.2529401779174805
15.84485673904419, 1.5499999523162842, 0.0, 145.68411254882812, 0.0, 1.434537410736084, 0.0, 8.077228546142578
15.854836702346802, 1.5499999523162842, 0.0, 145.68411254882812, 0.0, 1.434537410736084, 0.0, 6.57020378112793
15.864851236343384, 1.5499999523162842, 0.0, 145.68411254882812, 0.0, 1.434537410736084, 0.0, 6.572567939758301
15.874810457229614, 1.5499999523162842, 0.0, 145.68411254882812, 0.0, 1.434537410736084, 0.0, 6.355024814605713
15.884814739227295, 1.5499999523162842, 0.0, 145.68411254882812, 0.0, 1.434537410736084, 0.0, 6.986708641052246
15.894817590713501, 1.5499999523162842, 0.0, 145.68411254882812, 0.0, 1.434537410736084, 0.0, 7.723197937011719
15.904798984527588, 1.5499999523162842, 0.0, 145.68411254882812, 0.0, 1.434537410736084, 0.0, 6.693249225616455
15.914839029312134, 1.5499999523162842, 0.0, 145.68411254882812, 0.0, 1.434537410736084, 0.0, 8.070067405700684
15.924789428710938, 1.5499999523162842, 0.0, 145.68411254882812, 0.0, 1.434537410736084, 0.0, 9.220840454101562
15.934804439544678, 1.5499999523162842, 0.0, 145.68411254882812, 0.0, 1.434537410736084, 0.0, 9.317567825317383
15.944860219955444, 1.5499999523162842, 0.0, 145.68411254882812, 0.0, 1.434537410736084, 0.0, 9.055188179016113
15.954832553863525, 1.5499999523162842, 0.0, 145.68411254882812, 0.0, 1.434537410736084, 0.0, 10.0
15.964844465255737, 1.5499999523162842, 0.0, 145.68411254882812, 0.0, 1.434537410736084, 0.0, 7.947793006896973
15.974844455718994, 1.5499999523162842, 0.0, 145.68411254882812, 0.0, 1.434537410736084, 0.0, 9.93432903289795
15.984819889068604, 1.5499999523162842, 0.0, 145.68411254882812, 0.0, 1.434537410736084, 0.0, 5.250338077545166
15.994816780090332, 1.5499999523162842, 0.0, 145.68411254882812, 0.0, 1.434537410736084, 0.0, 7.542302131652832
16.004812002182007, 1.5499999523162842, 0.0, 145.68411254882812, 0.0, 1.434537410736084, 0.0, 6.569331169128418
16.014870166778564, 1.5499999523162842, 0.0, 145.68411254882812, 0.0, 1.434537410736084, 0.0, 9.859342575073242
16.02481698989868, 1.5499999523162842, 0.0, 145.68411254882812, 0.0, 1.434537410736084, 0.0, 6.798123359680176
16.03480887413025, 1.5499999523162842, 0.0, 145.68411254882812, 0.0, 1.434537410736084, 0.0, 10.0
16.044793605804443, 1.5499999523162842, 0.0, 145.68411254882812, 0.0, 1.434537410736084, 0.0, 8.539780616760254
16.055415391921997, 1.5499999523162842, 0.0, 145.68411254882812, 0.0, 1.434537410736084, 0.0, 9.204337120056152
16.06494688987732, 1.5499999523162842, 0.0, 145.68411254882812, 0.0, 1.434537410736084, 0.0, 5.999194622039795
16.075357675552368, 1.5499999523162842, 0.0, 145.68411254882812, 0.0, 1.434537410736084, 0.0, 10.0
16.084814071655273, 1.5499999523162842, 0.0, 145.68411254882812, 0.0, 1.434537410736084, 0.0, 6.945871829986572
16.09482717514038, 1.5499999523162842, 0.0, 145.68411254882812, 0.0, 1.434537410736084, 0.0, 7.466116428375244
16.1048367023468, 1.5499999523162842, 0.0, 145.68411254882812, 0.0, 1.434537410736084, 0.0, 5.179132461547852
16.11486530303955, 1.5499999523162842, 0.0, 145.68411254882812, 0.0, 1.434537410736084, 0.0, 6.405979156494141
16.124826192855835, 1.5499999523162842, 0.0, 145.68411254882812, 0.0, 1.434537410736084, 0.0, 10.0
16.134810209274292, 1.5499999523162842, 0.0, 145.68411254882812, 0.0, 1.434537410736084, 0.0, 8.837821960449219
16.14480233192444, 1.5499999523162842, 0.0, 145.68411254882812, 0.0, 1.434537410736084, 0.0, 8.55495548248291
16.154834508895874, 1.5499999523162842, 0.0, 145.68411254882812, 0.0, 1.434537410736084, 0.0, 6.893200874328613
16.16495394706726, 1.5499999523162842, 0.0, 145.68411254882812, 0.0, 1.434537410736084, 0.0, 9.136072158813477
16.1748366355896, 1.5499999523162842, 0.0, 145.68411254882812, 0.0, 1.434537410736084, 0.0, 8.024508476257324
16.184859037399292, 1.5499999523162842, 0.0, 145.68411254882812, 0.0, 1.434537410736084, 0.0, 9.073508262634277
16.19481325149536, 1.5499999523162842, 0.0, 145.68411254882812, 0.0, 1.434537410736084, 0.0, 9.928047180175781
16.204802751541138, 1.5499999523162842, 0.0, 145.68411254882812, 0.0, 1.434537410736084, 0.0, 7.951323509216309
16.21482539176941, 1.5499999523162842, 0.0, 145.68411254882812, 0.0, 1.434537410736084, 0.0, 10.0
16.224852323532104, 1.5499999523162842, 0.0, 145.68411254882812, 0.0, 1.434537410736084, 0.0, 5.794687747955322
16.234824657440186, 1.5499999523162842, 0.0, 145.68411254882812, 0.0, 1.434537410736084, 0.0, 8.291159629821777
16.244953393936157, 1.5499999523162842, 0.0, 145.68411254882812, 0.0, 1.434537410736084, 0.0, 7.2179036140441895
16.25478434562683, 1.5499999523162842, 0.0, 145.68411254882812, 0.0, 1.434537410736084, 0.0, 8.486642837524414
16.26491665840149, 1.5499999523162842, 0.0, 145.68411254882812, 0.0, 1.434537410736084, 0.0, 6.872410774230957
16.27481985092163, 1.5499999523162842, 0.0, 145.68411254882812, 0.0, 1.434537410736084, 0.0, 9.888837814331055
16.28484058380127, 1.5499999523162842, 0.0, 145.68411254882812, 0.0, 1.434537410736084, 0.0, 8.054404258728027
16.294833183288574, 1.5499999523162842, 0.0, 145.68411254882812, 0.0, 1.434537410736084, 0.0, 9.831648826599121
16.305318593978882, 1.5499999523162842, 0.0, 145.68411254882812, 0.0, 1.434537410736084, 0.0, 7.649796962738037
16.314852714538574, 1.5499999523162842, 0.0, 145.68411254882812, 0.0, 1.434537410736084, 0.0, 6.832211494445801
16.324862718582153, 1.5499999523162842, 0.0, 145.68411254882812, 0.0, 1.434537410736084, 0.0, 8.454546928405762
16.33480215072632, 1.5499999523162842, 0.0, 145.68411254882812, 0.0, 1.434537410736084, 0.0, 8.756488800048828
16.344907522201538, 1.5499999523162842, 0.0, 145.68411254882812, 0.0, 1.434537410736084, 0.0, 5.488887786865234
16.354864358901978, 1.5499999523162842, 0.0, 145.68411254882812, 0.0, 1.434537410736084, 0.0, 7.4420366287231445
16.364856719970703, 1.5499999523162842, 0.0, 145.68411254882812, 0.0, 1.434537410736084, 0.0, 5.036661148071289
16.374812602996826, 1.5499999523162842, 0.0, 145.68411254882812, 0.0, 1.434537410736084, 0.0, 8.733428955078125
16.384821891784668, 1.5499999523162842, 0.0, 145.68411254882812, 0.0, 1.434537410736084, 0.0, 6.0680832862854
16.39483666419983, 1.5499999523162842, 0.0, 145.68411254882812, 0.0, 1.434537410736084, 0.0, 9.388504028320312
16.40482258796692, 1.5499999523162842, 0.0, 145.68411254882812, 0.0, 1.434537410736084, 0.0, 5.937947750091553
16.414838314056396, 1.5499999523162842, 0.0, 145.68411254882812, 0.0, 1.434537410736084, 0.0, 9.236268043518066
16.42484474182129, 1.5499999523162842, 0.0, 145.68411254882812, 0.0, 1.434537410736084, 0.0, 6.373642444610596
16.434856176376343, 1.5499999523162842, 0.0, 145.68411254882812, 0.0, 1.434537410736084, 0.0, 5.188805103302002
16.444822311401367, 1.5499999523162842, 0.0, 145.68411254882812, 0.0, 1.434537410736084, 0.0, 8.661470413208008
16.4548659324646, 1.5499999523162842, 0.0, 145.68411254882812, 0.0, 1.434537410736084, 0.0, 10.0
16.4648220539093, 1.5499999523162842, 0.0, 145.68411254882812, 0.0, 1.434537410736084, 0.0, 7.63770055770874
16.474834203720093, 1.5499999523162842, 0.0, 145.68411254882812, 0.0, 1.434537410736084, 0.0, 9.869073867797852
16.485328674316406, 1.5499999523162842, 0.0, 145.68411254882812, 0.0, 1.434537410736084, 0.0, 8.778098106384277
16.494815587997437, 1.5499999523162842, 0.0, 145.68411254882812, 0.0, 1.434537410736084, 0.0, 10.0
16.504819631576538, 1.5499999523162842, 0.0, 145.68411254882812, 0.0, 1.434537410736084, 0.0, 7.5995073318481445
16.514833450317383, 1.5499999523162842, 0.0, 145.68411254882812, 0.0, 1.434537410736084, 0.0, 10.0
16.524818897247314, 1.5499999523162842, 0.0, 145.68411254882812, 0.0, 1.434537410736084, 0.0, 6.888473033905029
16.534806966781616, 1.5499999523162842, 0.0, 145.68411254882812, 0.0, 1.434537410736084, 0.0, 10.0
16.54492425918579, 1.5499999523162842, 0.0, 145.68411254882812, 0.0, 1.434537410736084, 0.0, 6.550551891326904
16.55488419532776, 1.5499999523162842, 0.0, 145.68411254882812, 0.0, 1.434537410736084, 0.0, 8.343609809875488
16.56482195854187, 1.5499999523162842, 0.0, 145.68411254882812, 0.0, 1.434537410736084, 0.0, 5.1627607345581055
16.574827194213867, 1.5499999523162842, 0.0, 145.68411254882812, 0.0, 1.434537410736084, 0.0, 7.089772701263428
16.584838390350342, 1.5499999523162842, 0.0, 145.68411254882812, 0.0, 1.434537410736084, 0.0, 7.348799705505371
16.594822645187378, 1.5499999523162842, 0.0, 145.68411254882812, 0.0, 1.434537410736084, 0.0, 6.561657905578613
16.604827165603638, 1.5499999523162842, 0.0, 145.68411254882812, 0.0, 1.434537410736084, 0.0, 6.131101131439209
16.614834785461426, 1.5499999523162842, 0.0, 145.68411254882812, 0.0, 1.434537410736084, 0.0, 5.733694553375244
16.624805450439453, 1.5499999523162842, 0.0, 145.68411254882812, 0.0, 1.434537410736084, 0.0, 7.262940406799316
16.634835243225098, 1.5499999523162842, 0.0, 145.68411254882812, 0.0, 1.434537410736084, 0.0, 10.0
16.64479947090149, 1.5499999523162842, 0.0, 145.68411254882812, 0.0, 1.434537410736084, 0.0, 7.519779682159424
16.654824256896973, 1.5499999523162842, 0.0, 145.68411254882812, 0.0, 1.434537410736084, 0.0, 9.004925727844238
16.664841175079346, 1.5499999523162842, 0.0, 145.68411254882812, 0.0, 1.434537410736084, 0.0, 6.143589019775391
16.674839735031128, 1.5499999523162842, 0.0, 145.68411254882812, 0.0, 1.434537410736084, 0.0, 10.0
16.684831619262695, 1.5499999523162842, 0.0, 145.68411254882812, 0.0, 1.434537410736084, 0.0, 8.954209327697754
16.694838047027588, 1.5499999523162842, 0.0, 145.68411254882812, 0.0, 1.434537410736084, 0.0, 7.836018085479736
16.7048180103302, 1.5499999523162842, 0.0, 145.68411254882812, 0.0, 1.434537410736084, 0.0, 6.496122360229492
16.714842081069946, 1.5499999523162842, 0.0, 145.68411254882812, 0.0, 1.434537410736084, 0.0, 9.642355918884277
16.72556209564209, 1.5499999523162842, 0.0, 145.68411254882812, 0.0, 1.434537410736084, 0.0, 6.188767433166504
16.734827041625977, 1.5499999523162842, 0.0, 145.68411254882812, 0.0, 1.434537410736084, 0.0, 9.55706787109375
16.74480938911438, 1.5499999523162842, 0.0, 145.68411254882812, 0.0, 1.434537410736084, 0.0, 8.243041038513184
16.75484585762024, 1.5499999523162842, 0.0, 145.68411254882812, 0.0, 1.434537410736084, 0.0, 10.0
16.764814615249634, 1.5499999523162842, 0.0, 145.68411254882812, 0.0, 1.434537410736084, 0.0, 8.08333683013916
16.77482295036316, 1.5499999523162842, 0.0, 145.68411254882812, 0.0, 1.434537410736084, 0.0, 10.0
16.7848060131073, 1.5499999523162842, 0.0, 145.68411254882812, 0.0, 1.434537410736084, 0.0, 6.738124370574951
16.794854879379272, 1.5499999523162842, 0.0, 145.68411254882812, 0.0, 1.434537410736084, 0.0, 8.84396743774414
16.80480432510376, 1.5499999523162842, 0.0, 145.68411254882812, 0.0, 1.434537410736084, 0.0, 5.2869954109191895
16.81481957435608, 1.5499999523162842, 0.0, 145.68411254882812, 0.0, 1.434537410736084, 0.0, 6.181207180023193
16.824849367141724, 1.5499999523162842, 0.0, 145.68411254882812, 0.0, 1.434537410736084, 0.0, 7.633692264556885
16.834835529327393, 1.5499999523162842, 0.0, 145.68411254882812, 0.0, 1.434537410736084, 0.0, 6.906432628631592
16.844849824905396, 1.5499999523162842, 0.0, 145.68411254882812, 0.0, 1.434537410736084, 0.0, 6.689487934112549
16.85482883453369, 1.5499999523162842, 0.0, 145.68411254882812, 0.0, 1.434537410736084, 0.0, 10.0
16.864814043045044, 1.5499999523162842, 0.0, 145.68411254882812, 0.0, 1.434537410736084, 0.0, 8.34472942352295
16.87482452392578, 1.5499999523162842, 0.0, 145.68411254882812, 0.0, 1.434537410736084, 0.0, 10.0
16.884824752807617, 1.5499999523162842, 0.0, 145.68411254882812, 0.0, 1.434537410736084, 0.0, 6.977673530578613
16.894821643829346, 1.5499999523162842, 0.0, 145.68411254882812, 0.0, 1.434537410736084, 0.0, 10.0
16.904799461364746, 1.5499999523162842, 0.0, 145.68411254882812, 0.0, 1.434537410736084, 0.0, 7.540360450744629
16.914822816848755, 1.5499999523162842, 0.0, 145.68411254882812, 0.0, 1.434537410736084, 0.0, 10.0
16.924811363220215, 1.5499999523162842, 0.0, 145.68411254882812, 0.0, 1.434537410736084, 0.0, 6.228940486907959
16.93484663963318, 1.5499999523162842, 0.0, 145.68411254882812, 0.0, 1.434537410736084, 0.0, 10.0
16.944810152053833, 1.5499999523162842, 0.0, 145.68411254882812, 0.0, 1.434537410736084, 0.0, 6.073267936706543
16.95555329322815, 1.5499999523162842, 0.0, 145.68411254882812, 0.0, 1.434537410736084, 0.0, 6.986814975738525
16.964848518371582, 1.5499999523162842, 0.0, 145.68411254882812, 0.0, 1.434537410736084, 0.0, 6.389289855957031
16.974830389022827, 1.5499999523162842, 0.0, 145.68411254882812, 0.0, 1.434537410736084, 0.0, 9.59639835357666
16.984795331954956, 1.5499999523162842, 0.0, 145.68411254882812, 0.0, 1.434537410736084, 0.0, 7.754478454589844
16.99483036994934, 1.5499999523162842, 0.0, 145.68411254882812, 0.0, 1.434537410736084, 0.0, 7.473773002624512
17.004867553710938, 1.5499999523162842, 0.0, 145.68411254882812, 0.0, 1.434537410736084, 0.0, 7.718056678771973
17.014890432357788, 1.5499999523162842, 0.0, 145.68411254882812, 0.0, 1.434537410736084, 0.0, 10.0
17.02485179901123, 1.5499999523162842, 0.0, 145.68411254882812, 0.0, 1.434537410736084, 0.0, 5.837143898010254
17.03483533859253, 1.5499999523162842, 0.0, 145.68411254882812, 0.0, 1.434537410736084, 0.0, 8.230117797851562
17.044862031936646, 1.5499999523162842, 0.0, 145.68411254882812, 0.0, 1.434537410736084, 0.0, 7.467442035675049
17.054851770401, 1.5499999523162842, 0.0, 145.68411254882812, 0.0, 1.434537410736084, 0.0, 8.520257949829102
17.064802646636963, 1.5499999523162842, 0.0, 145.68411254882812, 0.0, 1.434537410736084, 0.0, 5.826503276824951
17.074805974960327, 1.5499999523162842, 0.0, 145.68411254882812, 0.0, 1.434537410736084, 0.0, 7.8709564208984375
17.08481764793396, 1.5499999523162842, 0.0, 145.68411254882812, 0.0, 1.434537410736084, 0.0, 6.280057430267334
17.094815492630005, 1.5499999523162842, 0.0, 145.68411254882812, 0.0, 1.434537410736084, 0.0, 9.277227401733398
17.104800939559937, 1.5499999523162842, 0.0, 145.68411254882812, 0.0, 1.434537410736084, 0.0, 6.7764506340026855
17.114805459976196, 1.5499999523162842, 0.0, 145.68411254882812, 0.0, 1.434537410736084, 0.0, 9.246002197265625
17.124828100204468, 1.5499999523162842, 0.0, 145.68411254882812, 0.0, 1.434537410736084, 0.0, 7.505849361419678
17.1349093914032, 1.5499999523162842, 0.0, 145.68411254882812, 0.0, 1.434537410736084, 0.0, 8.226442337036133
17.144826650619507, 1.5499999523162842, 0.0, 145.68411254882812, 0.0, 1.434537410736084, 0.0, 7.086070537567139
17.154826402664185, 1.5499999523162842, 0.0, 145.68411254882812, 0.0, 1.434537410736084, 0.0, 7.563282489776611
17.16532588005066, 1.5499999523162842, 0.0, 145.68411254882812, 0.0, 1.434537410736084, 0.0, 6.441985607147217
17.174906253814697, 1.5499999523162842, 0.0, 145.68411254882812, 0.0, 1.434537410736084, 0.0, 8.579174995422363
17.184823274612427, 1.5499999523162842, 0.0, 145.68411254882812, 0.0, 1.434537410736084, 0.0, 7.147421360015869
17.194851875305176, 1.5499999523162842, 0.0, 145.68411254882812, 0.0, 1.434537410736084, 0.0, 9.682594299316406
17.204809188842773, 1.5499999523162842, 0.0, 145.68411254882812, 0.0, 1.434537410736084, 0.0, 6.018520355224609
17.214853763580322, 1.5499999523162842, 0.0, 145.68411254882812, 0.0, 1.434537410736084, 0.0, 10.0
17.22485637664795, 1.5499999523162842, 0.0, 145.68411254882812, 0.0, 1.434537410736084, 0.0, 6.69174861907959
17.234866857528687, 1.5499999523162842, 0.0, 145.68411254882812, 0.0, 1.434537410736084, 0.0, 9.20457935333252
17.245043992996216, 1.5499999523162842, 0.0, 145.68411254882812, 0.0, 1.434537410736084, 0.0, 7.801851749420166
17.254833698272705, 1.5499999523162842, 0.0, 145.68411254882812, 0.0, 1.434537410736084, 0.0, 8.82043170928955
17.264811277389526, 1.5499999523162842, 0.0, 145.68411254882812, 0.0, 1.434537410736084, 0.0, 7.631381988525391
17.27484655380249, 1.5499999523162842, 0.0, 145.68411254882812, 0.0, 1.434537410736084, 0.0, 9.779633522033691
17.28484869003296, 1.5499999523162842, 0.0, 145.68411254882812, 0.0, 1.434537410736084, 0.0, 7.404190540313721
17.294877529144287, 1.5499999523162842, 0.0, 145.68411254882812, 0.0, 1.434537410736084, 0.0, 6.472692489624023
17.30482029914856, 1.5499999523162842, 0.0, 145.68411254882812, 0.0, 1.434537410736084, 0.0, 6.143194675445557
17.31487512588501, 1.5499999523162842, 0.0, 145.68411254882812, 0.0, 1.434537410736084, 0.0, 7.157586574554443
17.324823141098022, 1.5499999523162842, 0.0, 145.68411254882812, 0.0, 1.434537410736084, 0.0, 6.896871089935303
17.334821701049805, 1.5499999523162842, 0.0, 145.68411254882812, 0.0, 1.434537410736084, 0.0, 10.0
17.344791889190674, 1.5499999523162842, 0.0, 145.68411254882812, 0.0, 1.434537410736084, 0.0, 6.534852027893066
17.35481357574463, 1.5499999523162842, 0.0, 145.68411254882812, 0.0, 1.434537410736084, 0.0, 6.410201072692871
17.364813804626465, 1.5499999523162842, 0.0, 145.68411254882812, 0.0, 1.434537410736084, 0.0, 5.785890102386475
17.37488055229187, 1.5499999523162842, 0.0, 145.68411254882812, 0.0, 1.434537410736084, 0.0, 9.545085906982422
17.38481569290161, 1.5499999523162842, 0.0, 145.68411254882812, 0.0, 1.434537410736084, 0.0, 6.086184024810791
17.394810438156128, 1.5499999523162842, 0.0, 145.68411254882812, 0.0, 1.434537410736084, 0.0, 8.20804214477539
17.40481209754944, 1.5499999523162842, 0.0, 145.68411254882812, 0.0, 1.434537410736084, 0.0, 7.323686599731445
17.414807558059692, 1.5499999523162842, 0.0, 145.68411254882812, 0.0, 1.434537410736084, 0.0, 8.764876365661621
17.42479681968689, 1.5499999523162842, 0.0, 145.68411254882812, 0.0, 1.434537410736084, 0.0, 5.783169269561768
17.434801816940308, 1.5499999523162842, 0.0, 145.68411254882812, 0.0, 1.434537410736084, 0.0, 6.697018623352051
17.444847345352173, 1.5499999523162842, 0.0, 145.68411254882812, 0.0, 1.434537410736084, 0.0, 5.7313232421875
17.4548282623291, 1.5499999523162842, 0.0, 145.68411254882812, 0.0, 1.434537410736084, 0.0, 8.169648170471191
17.464816093444824, 1.5499999523162842, 0.0, 145.68411254882812, 0.0, 1.434537410736084, 0.0, 5.957128524780273
17.474894762039185, 1.5499999523162842, 0.0, 145.7631378173828, 0.8782280683517456, 1.4341027736663818, 0.0, 8.734684944152832
17.485073566436768, 1.5499999523162842, 0.0, 145.7631378173828, 0.79193115234375, 1.4327774047851562, 0.0, 5.795383930206299
17.49484133720398, 1.5499999523162842, 0.0, 146.00411987304688, 3.19976806640625, 1.4327774047851562, 0.0, 6.385126113891602
17.504878997802734, 1.5499999523162842, 0.0, 146.00411987304688, 3.5552978515625, 1.4306375980377197, 0.0, 7.1589531898498535
17.514826774597168, 1.5499999523162842, 0.0, 146.39317321777344, 7.878621578216553, 1.4306375980377197, 0.0, 4.819359302520752
17.5248064994812, 1.5499999523162842, 0.0, 146.39317321777344, 7.09075927734375, 1.4281312227249146, 0.0, 6.4863996505737305
17.53484344482422, 1.5499999523162842, 0.0, 146.848876953125, 12.94284439086914, 1.4281312227249146, 0.0, 9.272150039672852
17.54483461380005, 1.5499999523162842, 0.0, 146.848876953125, 11.64703369140625, 1.4281312227249146, 0.0, 7.681530952453613
17.554840803146362, 1.5499999523162842, 0.0, 147.280029296875, 15.95916748046875, 1.4257599115371704, 0.0, 5.810361862182617
17.564831256866455, 1.5499999523162842, 0.0, 147.280029296875, 17.73240852355957, 1.4257599115371704, 0.0, 6.6363205909729
17.5748610496521, 1.5499999523162842, 0.0, 147.6676788330078, 19.0460205078125, 1.4236278533935547, 0.0, 9.952163696289062
17.584831953048706, 1.5499999523162842, 0.0, 147.6676788330078, 21.16224479675293, 1.4214613437652588, 0.0, 5.905422210693359
17.594849109649658, 1.5499999523162842, 0.0, 148.06158447265625, 22.85936164855957, 1.4214613437652588, 0.0, 9.608379364013672
