31.77624773979187, 1.2022510766983032, -1.3439655303955078, 94.23171997070312, 47.93633270263672, 1.432271122932434, 0.0, 0.0
31.78624677658081, 1.1858114004135132, -1.2667417526245117, 91.92855834960938, 40.15960693359375, 1.432271122932434, 0.0, -0.07225974649190903
31.796249389648438, 1.1858114004135132, -1.2105438709259033, 89.96327209472656, 42.66781234741211, 1.4321852922439575, 0.0, -0.0766213983297348
31.806767463684082, 1.1659228801727295, -1.4315048456192017, 87.62081146240234, 32.59362030029297, 1.4321852922439575, 0.0, -0.10845601558685303
31.816258668899536, 1.1484558582305908, -1.4630436897277832, 84.96820831298828, 15.917205810546875, 1.4321441650390625, 0.0, -0.08428461849689484
31.826247692108154, 1.1484558582305908, -1.490619421005249, 82.52901458740234, 6.084018230438232, 1.4321441650390625, 0.0, -0.06947031617164612
31.836254835128784, 1.1265591382980347, -1.389610767364502, 79.98681640625, -4.602813720703125, 1.4322301149368286, 0.0, -0.06947031617164612
31.84626841545105, 1.1265591382980347, -1.360774040222168, 77.76009368896484, -11.110941886901855, 1.4322301149368286, 0.0, -0.08355466276407242
31.856255531311035, 1.1069884300231934, -1.4204025268554688, 75.17754364013672, -20.47271728515625, 1.4322301149368286, 0.0, -0.07869694381952286
31.866368532180786, 1.1069884300231934, -1.0584725141525269, 73.44550323486328, -17.55777931213379, 1.4322301149368286, 0.0, -0.08002627640962601
31.87631845474243, 1.077457070350647, -1.386589527130127, 71.1921615600586, -255.99501037597656, 1.4321441650390625, 0.0, -0.053109534084796906
31.88625741004944, 1.0521308183670044, -1.336812973022461, 68.7615966796875, -231.67037963867188, 1.4321441650390625, 0.0, -0.07149700820446014
31.896250247955322, 1.0521308183670044, -1.336812973022461, 66.33102416992188, -236.32125854492188, 1.4321441650390625, 0.0, -0.07151037454605103
31.906322717666626, 1.0395694971084595, -1.2635231018066406, 64.0337142944336, -235.87188720703125, 1.4321441650390625, 0.0, -0.07868834584951401
31.91626000404358, 1.0395694971084595, -1.2098418474197388, 62.05397033691406, -254.60137939453125, 1.4321441650390625, 0.0, -0.05572602525353432
31.92625403404236, 1.020333170890808, -1.4235973358154297, 59.72444534301758, -253.38490295410156, 1.4321441650390625, 0.0, -0.055626943707466125
31.936418294906616, 0.9956733584403992, -1.3088583946228027, 57.329078674316406, -226.57699584960938, 1.4322301149368286, 0.0, -0.06453360617160797
31.94625425338745, 0.9956733584403992, -1.3088703155517578, 54.94931411743164, -228.10745239257812, 1.4322301149368286, 0.0, -0.0582924410700798
31.95634126663208, 0.9706128239631653, -1.5152825117111206, 52.46976089477539, -252.30874633789062, 1.4322301149368286, 0.0, -0.06291134655475616
31.966289043426514, 0.949378252029419, -1.751224160194397, 49.604122161865234, -264.9048767089844, 1.4322301149368286, 0.0, -0.06961389631032944
31.97624158859253, 0.949378252029419, -1.4230940341949463, 47.26796340942383, -265.8250732421875, 1.432271122932434, 0.0, -0.05020771920681
31.986260414123535, 0.9261723160743713, -1.2595832347869873, 44.977813720703125, -237.83721923828125, 1.432271122932434, 0.0, -0.047455377876758575
31.996267795562744, 0.9261723160743713, -1.2595832347869873, 44.977813720703125, -237.83721923828125, 1.4321441650390625, 0.0, -0.04367708042263985
32.00644278526306, 0.9098075032234192, -1.4417966604232788, 40.05389404296875, -266.44219970703125, 1.4321441650390625, 0.0, -0.03940645605325699
32.016289472579956, 0.8855173587799072, -1.540517807006836, 37.263465881347656, -247.90496826171875, 1.4320863485336304, 0.0, -0.05974752828478813
32.02625131607056, 0.8855173587799072, -1.497957468032837, 34.81226348876953, -276.802490234375, 1.4320863485336304, 0.0, -0.0827019065618515
32.0362594127655, 0.8638778924942017, -1.3179540634155273, 32.40547180175781, -249.23629760742188, 1.4321441650390625, 0.0, -0.022972561419010162
32.04625368118286, 0.8484770059585571, -1.471954584121704, 29.729190826416016, -252.20108032226562, 1.4321441650390625, 0.0, -0.03512502834200859
32.05643129348755, 0.8276505470275879, -1.5884836912155151, 27.114225387573242, -281.7285461425781, 1.4322301149368286, 0.0, -0.04090186953544617
32.06626868247986, 0.8276505470275879, -1.3525419235229492, 24.900976181030273, -274.4793395996094, 1.4322301149368286, 0.0, -0.012629902921617031
32.07624340057373, 0.8276505470275879, -1.3525419235229492, 24.900976181030273, -274.4793395996094, 1.4322301149368286, 0.0, -0.04555809125304222
32.08625650405884, 0.8276505470275879, -1.3525419235229492, 24.900976181030273, -274.4793395996094, 1.4322301149368286, 0.0, -0.036948591470718384
32.098042488098145, 0.783812403678894, -0.5518813729286194, 21.898862838745117, -84.56344604492188, 1.4321852922439575, 0.0, -0.033950913697481155
32.106406927108765, 0.7699822187423706, -1.561903953552246, 19.059038162231445, -259.18768310546875, 1.4321852922439575, 0.0, -0.029149817302823067
32.11626124382019, 0.7583694458007812, -1.5143752098083496, 16.316162109375, -260.9704895019531, 1.4321273565292358, 0.0, -0.019450027495622635
32.12624549865723, 0.7583694458007812, -1.5143752098083496, 13.562752723693848, -264.9114685058594, 1.4321273565292358, 0.0, 0.024900496006011963
32.136239528656006, 0.7462541460990906, -1.5473697185516357, 11.027636528015137, -291.50921630859375, 1.4321441650390625, 0.0, -0.0031973302830010653
32.14624309539795, 0.7315471768379211, -1.5397071838378906, 8.228169441223145, -265.8410949707031, 1.4321441650390625, 0.0, -0.020504117012023926
32.15625524520874, 0.7315471768379211, -1.3233065605163574, 5.850377082824707, -265.5508117675781, 1.4319889545440674, 0.0, -0.022561540827155113
32.16643738746643, 0.7207783460617065, -1.2769818305969238, 3.528592109680176, -262.006103515625, 1.4319889545440674, 0.0, -0.029976125806570053
32.17625713348389, 0.7251648902893066, -1.1387335062026978, 1.722625494003296, -282.1287536621094, 1.4316731691360474, 0.0, -4.731869921670295e-05
32.1862690448761, 0.7251648902893066, -1.1387335062026978, 1.722625494003296, -282.1287536621094, 1.4316731691360474, 0.0, 0.0037682922556996346
32.19624972343445, 0.7601566314697266, -0.3552311360836029, 0.5283868908882141, -128.2767791748047, 1.4314920902252197, 0.0, 0.010457613505423069
32.20754051208496, 0.7654708623886108, -0.20379489660263062, 0.19490429759025574, -241.1551971435547, 1.4314920902252197, 0.0, -0.014371052384376526
32.216291666030884, 0.7654708623886108, -0.045114755630493164, 0.0736250951886177, -189.85418701171875, 1.4317079782485962, 0.0, -0.007825457490980625
32.226272106170654, 0.8013345003128052, 0.47738683223724365, 0.8548035621643066, -171.79283142089844, 1.4317079782485962, 0.0, -0.012616530992090702
32.236252307891846, 0.8085587024688721, 0.5018889904022217, 1.6661094427108765, -118.96638488769531, 1.4322646856307983, 0.0, 0.004713018424808979
32.24624681472778, 0.8085587024688721, 0.6230473518371582, 2.7989227771759033, -82.28714752197266, 1.4322646856307983, 0.0, 0.004869911819696426
32.256258487701416, 0.8211283683776855, 0.9953445792198181, 4.389456748962402, -42.652366638183594, 1.4324748516082764, 0.0, -0.0015127711230888963
32.26634335517883, 0.8328160047531128, 1.0126948356628418, 6.230720043182373, 3.803420066833496, 1.4324748516082764, 0.0, 0.004109316971153021
32.276241064071655, 0.8328160047531128, 1.1203765869140625, 8.292130470275879, 47.6353874206543, 1.4323408603668213, 0.0, 0.0014924947172403336
32.2862446308136, 0.8423680663108826, 1.3022621870040894, 10.423104286193848, 96.67198181152344, 1.4323408603668213, 0.0, 0.0029323238413780928
32.296242475509644, 0.8423680663108826, 1.3022621870040894, 10.423104286193848, 96.67198181152344, 1.4321688413619995, 0.0, 0.014871581457555294
32.30625891685486, 0.8423680663108826, 1.3022621870040894, 10.423104286193848, 96.67198181152344, 1.4321688413619995, 0.0, 0.0017730656545609236
32.3164496421814, 0.8693062663078308, 0.3638327121734619, 12.465084075927734, 39.78898620605469, 1.4320249557495117, 0.0, 0.0006701337988488376
32.32671403884888, 0.8693062663078308, 1.153720736503601, 14.352991104125977, 157.31207275390625, 1.4320249557495117, 0.0, 0.008849389851093292
32.336262941360474, 0.8822517991065979, 1.2975599765777588, 16.475013732910156, 182.2376251220703, 1.4320318698883057, 0.0, 0.009745401330292225
32.346251249313354, 0.9011473655700684, 0.9981334209442139, 18.2898006439209, 174.3499755859375, 1.4320318698883057, 0.0, 0.01613701693713665
32.3562490940094, 0.9011473655700684, 1.028762936592102, 19.957605361938477, 203.23890686035156, 1.4321178197860718, 0.0, 0.00876766350120306
32.36625790596008, 0.9135177731513977, 1.049584150314331, 21.86594009399414, 190.67019653320312, 1.4321178197860718, 0.0, 0.014759938232600689
32.37643647193909, 0.9135177731513977, 1.0265575647354126, 23.538217544555664, 212.7639923095703, 1.4321593046188354, 0.0, 0.010169697925448418
32.38624286651611, 0.931914746761322, 1.1011030673980713, 25.340023040771484, 212.3257293701172, 1.4321593046188354, 0.0, 0.01400674693286419
32.396247148513794, 0.9455834627151489, 1.2529691457748413, 27.372346878051758, 212.00244140625, 1.4322582483291626, 0.0, 0.012828249484300613
32.40624761581421, 0.9547243118286133, 1.2483993768692017, 29.41518211364746, 211.02268981933594, 1.4322582483291626, 0.0, 0.014240610413253307
32.416279792785645, 0.9547243118286133, 0.8541762828826904, 30.96885871887207, 185.03761291503906, 1.4322547912597656, 0.0, 0.011386807076632977
32.42627024650574, 0.9751919507980347, 1.1765096187591553, 32.8940544128418, 206.0120849609375, 1.4322547912597656, 0.0, 0.006314688827842474
32.43623757362366, 0.9851849675178528, 1.0293245315551758, 34.768611907958984, 182.93609619140625, 1.432237982749939, 0.0, 0.013297186233103275
32.44624733924866, 0.9991285800933838, 1.0886855125427246, 36.55009460449219, 202.89208984375, 1.432237982749939, 0.0, 0.01850881613790989
32.45626401901245, 0.9991285800933838, 0.9798169136047363, 38.32341003417969, 183.65802001953125, 1.4322829246520996, 0.0, 0.010352733545005322
32.466251373291016, 1.013149619102478, 1.1070106029510498, 40.134883880615234, 202.98831176757812, 1.4322829246520996, 0.0, 0.010895511135458946
32.476248025894165, 1.013149619102478, 1.107017159461975, 41.93828201293945, 204.4453125, 1.432327389717102, 0.0, 0.02011965960264206
32.486236810684204, 1.029340386390686, 0.974273681640625, 43.709686279296875, 183.6963653564453, 1.432327389717102, 0.0, 0.021564804017543793
32.496257066726685, 1.0379174947738647, 1.0259283781051636, 45.40105056762695, 200.31907653808594, 1.4322582483291626, 0.0, 0.016032064333558083
32.50622820854187, 1.0379174947738647, 0.8319318294525146, 46.91365432739258, 174.98512268066406, 1.4322582483291626, 0.0, 0.013710131868720055
32.516284465789795, 1.0519273281097412, 1.080022931098938, 48.70406723022461, 197.0579376220703, 1.4321311712265015, 0.0, 0.016797488555312157
32.5262668132782, 1.0519273281097412, 1.080022931098938, 48.70406723022461, 197.0579376220703, 1.4321311712265015, 0.0, 0.02233862690627575
32.53626775741577, 1.0688132047653198, 0.4927484691143036, 50.42191696166992, 92.25162506103516, 1.4320452213287354, 0.0, 0.02534892037510872
32.546262979507446, 1.0688132047653198, 0.9292099475860596, 51.94244384765625, 190.8204803466797, 1.4320452213287354, 0.0, 0.03440887853503227
32.55624270439148, 1.0815987586975098, 0.9163353443145752, 53.42932891845703, 187.546630859375, 1.4321143627166748, 0.0, 0.016224751248955727
32.56627130508423, 1.0815987586975098, 0.8246898651123047, 54.92876434326172, 166.0533905029297, 1.4321143627166748, 0.0, 0.026354799047112465
32.57626032829285, 1.0886921882629395, 0.8393658399581909, 56.26863479614258, 179.26449584960938, 1.4322993755340576, 0.0, 0.017869438976049423
32.58625364303589, 1.1025396585464478, 0.8939027786254883, 57.89391326904297, 159.55657958984375, 1.4322993755340576, 0.0, 0.03420261666178703
32.59807085990906, 1.1121670007705688, 0.9202957153320312, 59.38721466064453, 174.19476318359375, 1.4323688745498657, 0.0, 0.028603186830878258
32.60626482963562, 1.1121670007705688, 0.742495059967041, 60.737205505371094, 153.3611297607422, 1.4323688745498657, 0.0, 0.028603186830878258
32.61626672744751, 1.12078857421875, 0.828707218170166, 62.24903869628906, 153.3538818359375, 1.4323408603668213, 0.0, 0.028413165360689163
32.627166748046875, 1.12078857421875, 0.7651249766349792, 63.50106430053711, 164.41090393066406, 1.4323408603668213, 0.0, 0.03478759527206421
32.63626146316528, 1.1274428367614746, 0.6514257788658142, 64.58267974853516, 157.34185791015625, 1.4322547912597656, 0.0, 0.039657872170209885
32.64627981185913, 1.1274428367614746, 0.6514523029327393, 65.64869689941406, 152.29161071777344, 1.4322547912597656, 0.0, 0.043458230793476105
32.65625524520874, 1.1427192687988281, 0.6112098693847656, 66.76752471923828, 133.3820343017578, 1.432213306427002, 0.0, 0.025441661477088928
32.66629600524902, 1.1479679346084595, 0.7374286651611328, 67.97422790527344, 144.94960021972656, 1.432213306427002, 0.0, 0.05343945696949959
32.67631769180298, 1.152511477470398, 0.6381988525390625, 69.13693237304688, 128.6834716796875, 1.4322004318237305, 0.0, 0.04634607210755348
32.68633437156677, 1.15744948387146, 0.6101131439208984, 70.13529968261719, 136.0155792236328, 1.4322004318237305, 0.0, 0.06682214885950089
32.69691753387451, 1.1624579429626465, 0.558786928653717, 71.0571517944336, 129.66580200195312, 1.4321593046188354, 0.0, 0.052217401564121246
32.706247091293335, 1.1624579429626465, 0.5029082298278809, 71.9715347290039, 112.34283447265625, 1.4321593046188354, 0.0, 0.05977103114128113
32.716259717941284, 1.1676846742630005, 0.46895742416381836, 72.82929992675781, 105.80215454101562, 1.4321311712265015, 0.0, 0.05696910247206688
32.72627353668213, 1.1715210676193237, 0.5637009739875793, 73.75171661376953, 113.89669036865234, 1.4321311712265015, 0.0, 0.04480508342385292
32.73627328872681, 1.1747019290924072, 0.5250904560089111, 74.60350036621094, 111.34253692626953, 1.432172179222107, 0.0, 0.06893603503704071
32.74626564979553, 1.1747019290924072, 0.5250904560089111, 75.46273803710938, 109.04524230957031, 1.432172179222107, 0.0, 0.05567791685461998
32.75635480880737, 1.178799033164978, 0.36079883575439453, 76.10612487792969, 93.38531494140625, 1.4322415590286255, 0.0, 0.057492032647132874
32.76627516746521, 1.182550311088562, 0.3458261489868164, 76.73489379882812, 87.6068115234375, 1.4322415590286255, 0.0, 0.06247635558247566
32.77626848220825, 1.1835271120071411, 0.31015872955322266, 77.2912826538086, 81.54296875, 1.4322830438613892, 0.0, 0.07800478488206863
32.78648233413696, 1.1835271120071411, 0.260770320892334, 77.76541137695312, 76.30157470703125, 1.4322830438613892, 0.0, 0.05368194729089737
32.7962589263916, 1.1861299276351929, 0.26302868127822876, 78.19581604003906, 79.31857299804688, 1.4322830438613892, 0.0, 0.06938265264034271
32.80624866485596, 1.1875518560409546, 0.2788172960281372, 78.65206146240234, 74.22891998291016, 1.4322830438613892, 0.0, 0.08026278764009476
32.81624412536621, 1.1875518560409546, 0.19867420196533203, 79.02083587646484, 61.914825439453125, 1.4322415590286255, 0.0, 0.06419418752193451
32.8262722492218, 1.188504695892334, 0.18870830535888672, 79.32962799072266, 61.97696304321289, 1.4322415590286255, 0.0, 0.06197979673743248
32.83625411987305, 1.1888622045516968, 0.1573297679424286, 79.59455871582031, 55.45552444458008, 1.4322004318237305, 0.0, 0.08519168198108673
32.84626650810242, 1.1886565685272217, 0.1395583152770996, 79.84829711914062, 43.856048583984375, 1.4322004318237305, 0.0, 0.0725444108247757
32.856250286102295, 1.1886565685272217, 0.09857416152954102, 80.03266143798828, 39.266204833984375, 1.432172179222107, 0.0, 0.08304610848426819
32.86628699302673, 1.1879687309265137, 0.054192543029785156, 80.13119506835938, 33.96148681640625, 1.432172179222107, 0.0, 0.0777938961982727
32.87624955177307, 1.1862367391586304, 0.03010696917772293, 80.18045806884766, 32.10279846191406, 1.432172179222107, 0.0, 0.06845474988222122
32.88629674911499, 1.1862367391586304, 0.027096271514892578, 80.22972106933594, 24.643707275390625, 1.432172179222107, 0.0, 0.0906207486987114
32.89627766609192, 1.183788776397705, -0.026027360931038857, 80.18199920654297, 22.06844711303711, 1.4322004318237305, 0.0, 0.06512989103794098
32.90624690055847, 1.1811902523040771, -0.06361007690429688, 80.06634521484375, 14.142608642578125, 1.4322004318237305, 0.0, -0.06967074424028397
32.91627287864685, 1.1786092519760132, -0.09936756640672684, 79.8962631225586, 9.726630210876465, 1.4322415590286255, 0.0, -0.07852638512849808
32.926257371902466, 1.1786092519760132, -0.09895563125610352, 79.71634674072266, 3.867340087890625, 1.4322415590286255, 0.0, -0.08235973119735718
32.93625044822693, 1.1786092519760132, -0.09895563125610352, 79.71634674072266, 3.867340087890625, 1.4322415590286255, 0.0, -0.07198744267225266
32.9462468624115, 1.174908995628357, -0.1527600884437561, 79.21267700195312, -7.062276363372803, 1.4322415590286255, 0.0, -0.07392635196447372
32.95623779296875, 1.174908995628357, -0.15273359417915344, 78.9627456665039, -11.88829231262207, 1.4322415590286255, 0.0, -0.0717974528670311
32.96624755859375, 1.174908995628357, -0.15273359417915344, 78.9627456665039, -11.88829231262207, 1.4322415590286255, 0.0, -0.07789988815784454
32.9764130115509, 1.165818452835083, -0.11658668518066406, 78.55998992919922, -8.269460678100586, 1.4322415590286255, 0.0, -0.08323966711759567
32.98625659942627, 1.165818452835083, -0.20418167114257812, 78.18875122070312, -19.916534423828125, 1.4322415590286255, 0.0, -0.12151384353637695
32.9962592124939, 1.162037968635559, -0.26886993646621704, 77.75626373291016, -27.48277473449707, 1.4322004318237305, 0.0, -0.07674645632505417
33.00626254081726, 1.162037968635559, -0.21750926971435547, 77.36078643798828, -28.21197509765625, 1.4322004318237305, 0.0, -0.05887438729405403
33.016260385513306, 1.1556262969970703, -0.2556324005126953, 76.89600372314453, -31.7047119140625, 1.4322004318237305, 0.0, -0.07580017298460007
33.02624750137329, 1.1496466398239136, -0.32181209325790405, 76.36940002441406, -39.18711471557617, 1.4322004318237305, 0.0, -0.06671791523694992
33.03623557090759, 1.1496466398239136, -0.32181209325790405, 75.84793853759766, -42.98231506347656, 1.432172179222107, 0.0, -0.05555923283100128
33.04623818397522, 1.1445549726486206, -0.3035306930541992, 75.29606628417969, -41.6656494140625, 1.432172179222107, 0.0, -0.07009944319725037
33.05626368522644, 1.1445549726486206, -0.3372563123703003, 74.74418640136719, -49.64955520629883, 1.432172179222107, 0.0, -0.09481487423181534
33.06632971763611, 1.118388056755066, -0.6280210018157959, 73.71651458740234, -58.29196548461914, 1.432172179222107, 0.0, -0.06507934629917145
33.076277017593384, 1.118388056755066, -0.47429800033569336, 72.84154510498047, -57.184600830078125, 1.4322415590286255, 0.0, -0.08153383433818817
33.08628726005554, 1.1186827421188354, -0.5237261652946472, 71.98453521728516, -68.93496704101562, 1.4322415590286255, 0.0, -0.06518707424402237
33.096251487731934, 1.1131404638290405, -0.5433161854743958, 71.09547424316406, -74.00851440429688, 1.4322415590286255, 0.0, -0.07074221223592758
33.10634255409241, 1.1038814783096313, -0.5815505981445312, 70.0381088256836, -73.2269287109375, 1.4322415590286255, 0.0, -0.08075650781393051
33.11626219749451, 1.1012903451919556, -0.5433559417724609, 69.05018615722656, -78.45840454101562, 1.4322415590286255, 0.0, -0.08687133342027664
33.12629437446594, 1.1012903451919556, -0.5372895002365112, 68.17098999023438, -91.09412384033203, 1.4322415590286255, 0.0, -0.11317373067140579
33.136242151260376, 1.0938072204589844, -0.6204578876495361, 67.16082763671875, -96.52285766601562, 1.432213306427002, 0.0, -0.08068202435970306
33.146260499954224, 1.081588864326477, -0.699626088142395, 66.0159912109375, -103.11126708984375, 1.432213306427002, 0.0, -0.09200084209442139
33.156235456466675, 1.081588864326477, -0.6296753883361816, 64.87860107421875, -98.65570068359375, 1.432172179222107, 0.0, -0.044494688510894775
33.16625475883484, 1.0698738098144531, -0.4851341247558594, 63.99654006958008, -97.20077514648438, 1.432172179222107, 0.0, -0.05819515511393547
33.17625093460083, 1.062387466430664, -0.6222195029258728, 62.97322463989258, -109.6471176147461, 1.4322004318237305, 0.0, -0.0778975784778595
33.186256408691406, 1.062387466430664, -0.6255043745040894, 61.94967269897461, -111.50021362304688, 1.4322004318237305, 0.0, -0.07257088273763657
33.196842193603516, 1.0514702796936035, -0.6166934967041016, 60.83354949951172, -102.618408203125, 1.432172179222107, 0.0, -0.0812203511595726
33.20623540878296, 1.0378438234329224, -0.6603837013244629, 59.632850646972656, -104.05197143554688, 1.432172179222107, 0.0, -0.07894719392061234
33.216256618499756, 1.0282169580459595, -0.730741024017334, 58.304229736328125, -107.45964050292969, 1.432172179222107, 0.0, -0.08260505646467209
33.22625946998596, 1.0282169580459595, -0.7307171821594238, 56.97565460205078, -111.9537353515625, 1.432172179222107, 0.0, -0.043096452951431274
33.23627734184265, 1.0220592021942139, -0.7972055077552795, 55.663658142089844, -127.74658203125, 1.432213306427002, 0.0, -0.05819512903690338
33.24624848365784, 1.009886384010315, -0.7170200347900391, 54.3599853515625, -116.55998229980469, 1.432213306427002, 0.0, -0.0609174482524395
33.2562301158905, 1.0001662969589233, -0.9047190546989441, 52.8744010925293, -133.38046264648438, 1.4322415590286255, 0.0, -0.046737223863601685
33.26628136634827, 0.9860668182373047, -0.8380651473999023, 51.350643157958984, -126.458740234375, 1.4322415590286255, 0.0, -0.06275855004787445
33.2762451171875, 0.9860668182373047, -0.8480018973350525, 49.96300506591797, -144.55752563476562, 1.4322415590286255, 0.0, -0.06995993107557297
33.28625988960266, 0.9860668182373047, -0.8480018973350525, 49.96300506591797, -144.55752563476562, 1.4322415590286255, 0.0, -0.07050034403800964
33.29627013206482, 0.9860668182373047, -0.8480018973350525, 49.96300506591797, -144.55752563476562, 1.432213306427002, 0.0, -0.0770985335111618
33.30626845359802, 0.9587296843528748, -0.34552812576293945, 48.08344268798828, -46.22065353393555, 1.432213306427002, 0.0, -0.04018578678369522
33.31625461578369, 0.9483252763748169, -1.1460516452789307, 46.2155647277832, -162.42303466796875, 1.432172179222107, 0.0, -0.056375373154878616
33.32624292373657, 0.9333802461624146, -1.1607011556625366, 44.31623458862305, -170.18423461914062, 1.432172179222107, 0.0, -0.08349783718585968
33.33625054359436, 0.9333802461624146, -0.9483635425567627, 42.59193801879883, -157.122802734375, 1.432172179222107, 0.0, -0.04858620464801788
33.34627842903137, 0.924223005771637, -1.1554956436157227, 40.70112609863281, -180.82809448242188, 1.432172179222107, 0.0, -0.0652116909623146
33.3562650680542, 0.9125744700431824, -1.2164976596832275, 38.70535659790039, -188.42527770996094, 1.4322004318237305, 0.0, -0.05204256996512413
33.36626052856445, 0.8989409804344177, -1.109457015991211, 36.68816375732422, -176.7181396484375, 1.4322004318237305, 0.0, -0.0484633669257164
33.37628173828125, 0.8989409804344177, -1.124726414680481, 34.8402214050293, -200.3796844482422, 1.4322415590286255, 0.0, -0.06253240257501602
33.38628673553467, 0.8864350318908691, -1.107017159461975, 33.02873992919922, -203.57725524902344, 1.4322415590286255, 0.0, -0.0756935328245163
33.396249294281006, 0.8739576935768127, -1.2456575632095337, 30.995529174804688, -210.74972534179688, 1.432213306427002, 0.0, -0.06194646656513214
33.40623950958252, 0.8739576935768127, -0.8477091789245605, 29.454238891601562, -186.29188537597656, 1.432213306427002, 0.0, -0.07843676209449768
33.41631817817688, 0.8593240976333618, -0.9889006614685059, 27.83603858947754, -204.21726989746094, 1.432213306427002, 0.0, -0.042281873524188995
33.42712426185608, 0.8443479537963867, -0.8903324604034424, 26.217252731323242, -180.98983764648438, 1.432213306427002, 0.0, -0.04617377370595932
33.43625020980835, 0.8443479537963867, -0.8903264999389648, 24.616466522216797, -179.754638671875, 1.4321143627166748, 0.0, -0.05109740048646927
33.44624733924866, 0.8302752375602722, -1.0438628196716309, 22.908327102661133, -197.69773864746094, 1.4321143627166748, 0.0, -0.04743557050824165
33.45623421669006, 0.8179884552955627, -1.0509490966796875, 21.172943115234375, -194.80429077148438, 1.4322004318237305, 0.0, -0.02540876716375351
33.46625018119812, 0.8179884552955627, -1.0509490966796875, 21.172943115234375, -194.80429077148438, 1.4322004318237305, 0.0, -0.035998497158288956
33.47629117965698, 0.8179884552955627, -0.7359331250190735, 19.70107650756836, -154.42813110351562, 1.4322582483291626, 0.0, -0.009186643175780773
33.48625683784485, 0.8014436364173889, -1.2141550779342651, 16.372591018676758, -237.94500732421875, 1.4322582483291626, 0.0, -0.041921216994524
33.49624276161194, 0.7898190021514893, -0.9348723888397217, 14.85844898223877, -179.3009490966797, 1.432172179222107, 0.0, -0.03337843716144562
33.5062530040741, 0.7898190021514893, -0.8413910865783691, 13.328646659851074, -161.2560272216797, 1.432172179222107, 0.0, -0.037650808691978455
33.516273736953735, 0.7667906284332275, -1.028153657913208, 11.656725883483887, -179.77015686035156, 1.4321143627166748, 0.0, 0.0009394410881213844
33.52626895904541, 0.7555592060089111, -0.8878946304321289, 10.04237174987793, -161.74868774414062, 1.4321143627166748, 0.0, -0.032688919454813004
33.536253690719604, 0.7408243417739868, -1.0352373123168945, 8.16012191772461, -164.56336975097656, 1.4321143627166748, 0.0, -0.011677093803882599
33.54624962806702, 0.7332411408424377, -1.0781487226486206, 6.395878791809082, -183.47178649902344, 1.4321143627166748, 0.0, 0.005049472209066153
33.556238889694214, 0.7257731556892395, -0.9221494197845459, 4.708731651306152, -164.6420440673828, 1.432172179222107, 0.0, 0.010663433000445366
33.56659173965454, 0.7232617735862732, -0.9472668170928955, 2.9864282608032227, -167.14639282226562, 1.432172179222107, 0.0, -0.0031568913254886866
33.576255798339844, 0.7268571853637695, -0.7458627223968506, 1.6747684478759766, -162.43104553222656, 1.4319276809692383, 0.0, 0.010479448363184929
33.58627676963806, 0.7268571853637695, -0.7458627223968506, 0.3186543583869934, -160.53953552246094, 1.4319276809692383, 0.0, -0.005047932732850313
33.59626317024231, 0.7361061573028564, -0.5968080759048462, -0.6039063334465027, -171.80389404296875, 1.4316304922103882, 0.0, -0.02597266249358654
33.60628867149353, 0.7361061573028564, -0.5968213081359863, -1.5805230140686035, -165.6575164794922, 1.4316304922103882, 0.0, -0.03763413056731224
33.61624836921692, 0.7361061573028564, -0.5968213081359863, -1.5805230140686035, -165.6575164794922, 1.4317326545715332, 0.0, -0.003400642890483141
33.62625765800476, 0.7810816168785095, 0.07145702838897705, -1.3392542600631714, -64.97988891601562, 1.4317326545715332, 0.0, -0.0051455250941216946
33.636261224746704, 0.7877902984619141, 0.35812458395957947, -0.8269035220146179, -120.76969909667969, 1.4321378469467163, 0.0, 0.0009023653110489249
33.6462516784668, 0.7954792380332947, 0.6072852611541748, 0.16683591902256012, -88.81428527832031, 1.4321378469467163, 0.0, 0.0045189037919044495
33.65623354911804, 0.7954792380332947, 0.6223797798156738, 1.2320468425750732, -51.63832473754883, 1.4325029850006104, 0.0, 0.0015394698129966855
33.6662483215332, 0.8084174394607544, 0.918269157409668, 2.7346689701080322, -21.934019088745117, 1.4325029850006104, 0.0, 0.0019213508348912
33.676252126693726, 0.8166850209236145, 1.0380347967147827, 4.449548721313477, 16.25688934326172, 1.4324134588241577, 0.0, 0.0045686219818890095
33.686262369155884, 0.8250107169151306, 0.9815335273742676, 6.234155178070068, 45.59386444091797, 1.4324134588241577, 0.0, 0.012222172692418098
33.696258783340454, 0.8292390704154968, 1.137574553489685, 8.119656562805176, 86.67782592773438, 1.4322813749313354, 0.0, 0.003677674103528261
33.706244707107544, 0.8292390704154968, 1.0348161458969116, 9.81299114227295, 115.7433090209961, 1.4322813749313354, 0.0, 0.0066070351749658585
33.71638584136963, 0.8321141600608826, 0.9600698947906494, 11.58748722076416, 131.68011474609375, 1.4321223497390747, 0.0, 0.006169876083731651
33.7262659072876, 0.8423324823379517, 0.6125152111053467, 12.701150894165039, 140.40403747558594, 1.4321223497390747, 0.0, 0.0056663937866687775
33.736250162124634, 0.8423324823379517, 0.6060202717781067, 13.699041366577148, 161.3994140625, 1.4320881366729736, 0.0, 0.002451942302286625
33.74626064300537, 0.8569100499153137, 0.6143093109130859, 14.815966606140137, 146.4912872314453, 1.4320881366729736, 0.0, 0.00011857367644552141
33.7562472820282, 0.8689619302749634, 0.7348358631134033, 16.14691734313965, 149.14865112304688, 1.4321162700653076, 0.0, 0.001825545565225184
33.76625394821167, 0.8764368891716003, 0.7557670474052429, 17.38362693786621, 162.76625061035156, 1.4321162700653076, 0.0, 0.0057424562983214855
33.776296854019165, 0.8764368891716003, 0.5975127220153809, 18.446821212768555, 139.97268676757812, 1.432243824005127, 0.0, 0.0016950757708400488
33.786266803741455, 0.8890542984008789, 0.7115867137908936, 19.611236572265625, 148.63417053222656, 1.432243824005127, 0.0, 0.018414953723549843
33.79627227783203, 0.8978788256645203, 0.7626745700836182, 20.841259002685547, 141.35137939453125, 1.432342767715454, 0.0, 0.008965096436440945
33.80628299713135, 0.9103078842163086, 0.8106827735900879, 22.315227508544922, 125.022216796875, 1.432342767715454, 0.0, 0.004909123294055462
33.816267251968384, 0.9103078842163086, 0.781935453414917, 23.745100021362305, 121.57630920410156, 1.4322978258132935, 0.0, 0.0103975934907794
33.826276540756226, 0.9156507253646851, 0.8146498203277588, 25.078163146972656, 137.5223846435547, 1.4322978258132935, 0.0, 0.01802821457386017
33.83623027801514, 0.9222818613052368, 0.7995069026947021, 26.521928787231445, 128.22894287109375, 1.4323521852493286, 0.0, 0.0061203669756650925
33.84626579284668, 0.9256415367126465, 0.7636679410934448, 27.771568298339844, 143.95077514648438, 1.4323521852493286, 0.0, 0.015685828402638435
33.8562536239624, 0.9323268532752991, 0.6336569786071777, 28.918556213378906, 127.71644592285156, 1.4323803186416626, 0.0, 0.006180287338793278
33.8662486076355, 0.9385000467300415, 0.6206333637237549, 30.046979904174805, 126.63345336914062, 1.4323803186416626, 0.0, 0.01038996409624815
33.8762571811676, 0.9385000467300415, 0.6895925998687744, 31.174755096435547, 141.421630859375, 1.4323838949203491, 0.0, 0.005671148654073477
33.88623833656311, 0.945387601852417, 0.625914990901947, 32.198978424072266, 139.86375427246094, 1.4323838949203491, 0.0, 0.016176912933588028
33.89644718170166, 0.9542583227157593, 0.6264382004737854, 33.24718475341797, 137.84344482421875, 1.4322566986083984, 0.0, 0.007888806983828545
33.90624284744263, 0.9542583227157593, 0.4395008087158203, 34.04627990722656, 117.31090545654297, 1.4322566986083984, 0.0, 0.010917957872152328
33.91628074645996, 0.9612216353416443, 0.5657209157943726, 34.987003326416016, 124.90972137451172, 1.4321742057800293, 0.0, 0.00961929839104414
33.92629432678223, 0.9702852368354797, 0.5463480949401855, 35.98036193847656, 109.02214050292969, 1.4321742057800293, 0.0, 0.01782626286149025
33.93624472618103, 0.9702852368354797, 0.5333688259124756, 36.85828399658203, 114.8482437133789, 1.4321459531784058, 0.0, 0.007623417768627405
33.946240186691284, 0.97659832239151, 0.5661911368370056, 37.7847785949707, 111.25776672363281, 1.4321459531784058, 0.0, 0.0073086293414235115
33.956313610076904, 0.9849942326545715, 0.5266726016998291, 38.73788070678711, 98.193359375, 1.4321706295013428, 0.0, 0.011449407786130905
33.96639108657837, 0.9849942326545715, 0.4649341106414795, 39.583213806152344, 95.36285400390625, 1.4321706295013428, 0.0, 0.013817112892866135
33.97625994682312, 0.9895233511924744, 0.5669329166412354, 40.487796783447266, 103.47747802734375, 1.4322978258132935, 0.0, 0.010522520169615746
33.98625564575195, 0.9940146803855896, 0.4862666130065918, 41.371917724609375, 91.72935485839844, 1.4322978258132935, 0.0, 0.012298534624278545
33.99626421928406, 0.9939059615135193, 0.44053131341934204, 42.06959533691406, 98.0271224975586, 1.4324253797531128, 0.0, 0.014480306766927242
34.006234645843506, 0.9995155334472656, 0.5028512477874756, 42.89244079589844, 98.29076385498047, 1.4324253797531128, 0.0, 0.01525829080492258
34.0162467956543, 0.9995155334472656, 0.38294196128845215, 43.58869934082031, 86.016845703125, 1.4324253797531128, 0.0, 0.019907813519239426
34.02630424499512, 1.001889705657959, 0.31604766845703125, 44.163333892822266, 81.829833984375, 1.4324253797531128, 0.0, 0.021039100363850594
34.03628993034363, 1.001889705657959, 0.31604766845703125, 44.75361251831055, 78.95278930664062, 1.4323393106460571, 0.0, 0.01150759868323803
34.04627776145935, 1.0054857730865479, 0.32096439599990845, 45.27882766723633, 83.26763916015625, 1.4323393106460571, 0.0, 0.013645547442138195
34.05625033378601, 1.0054857730865479, 0.22768312692642212, 45.666419982910156, 76.98397827148438, 1.4322566986083984, 0.0, 0.013429662212729454
34.06625485420227, 1.0090187788009644, 0.24024248123168945, 46.10322570800781, 65.19966125488281, 1.4322566986083984, 0.0, 0.024283146485686302
34.07627892494202, 1.0099681615829468, 0.20444393157958984, 46.482398986816406, 59.94606018066406, 1.432215690612793, 0.0, 0.014532300643622875
34.086270809173584, 1.011975884437561, 0.1796126365661621, 46.80896759033203, 54.370880126953125, 1.432215690612793, 0.0, 0.022385496646165848
34.096287965774536, 1.0139837265014648, 0.22309356927871704, 47.17402648925781, 56.71522521972656, 1.432215690612793, 0.0, 0.013118741102516651
34.106250524520874, 1.0139837265014648, 0.16076034307479858, 47.43709182739258, 50.49684143066406, 1.432215690612793, 0.0, 0.0163754690438509
34.116453647613525, 1.015991449356079, 0.16475915908813477, 47.73665237426758, 41.47911071777344, 1.432215690612793, 0.0, 0.014207039959728718
34.12634801864624, 1.015991449356079, 0.15668074786663055, 47.993038177490234, 42.55252456665039, 1.432215690612793, 0.0, 0.013207036070525646
34.13625454902649, 1.015991449356079, 0.14102458953857422, 48.24199295043945, 34.883880615234375, 1.4322566986083984, 0.0, 0.013917071744799614
34.146238803863525, 1.015991449356079, 0.11671914160251617, 48.432987213134766, 35.04604721069336, 1.4322566986083984, 0.0, 0.02341289445757866
34.156253814697266, 1.015991449356079, 0.10504722595214844, 48.61650466918945, 29.5013427734375, 1.4322978258132935, 0.0, 0.02219432219862938
34.16622996330261, 1.017999291419983, 0.0898122787475586, 48.77980041503906, 26.76544189453125, 1.4322978258132935, 0.0, 0.01935531385242939
34.17626953125, 1.017999291419983, 0.08924802392721176, 48.918296813964844, 27.06570053100586, 1.4323393106460571, 0.0, 0.017009085044264793
34.1862907409668, 1.017999291419983, 0.066929392516613, 49.0278205871582, 24.65396499633789, 1.4323393106460571, 0.0, 0.02681528590619564
34.196840047836304, 1.017999291419983, 0.04461076483130455, 49.1008186340332, 21.408504486083984, 1.4323393106460571, 0.0, 0.018378637731075287
34.20625710487366, 1.015991449356079, 0.022305382415652275, 49.1373176574707, 18.891653060913086, 1.4323393106460571, 0.0, 0.020402299240231514
34.216304779052734, 1.015991449356079, -1.1920928955078125e-05, 49.144840240478516, 14.081573486328125, 1.4322978258132935, 0.0, 0.014653648249804974
34.22628879547119, 1.0044039487838745, -0.12874603271484375, 48.934165954589844, 10.457356452941895, 1.4322978258132935, 0.0, -0.07506413757801056
34.23626756668091, 1.0044039487838745, -0.11587142944335938, 48.73096466064453, 4.8892974853515625, 1.4322566986083984, 0.0, -0.06946944445371628
34.2462739944458, 1.007960319519043, -0.0892215296626091, 48.58496856689453, 1.6886392831802368, 1.4322566986083984, 0.0, -0.09385070949792862
34.25624227523804, 1.007960319519043, -0.08031129837036133, 48.44640350341797, -1.7009735107421875, 1.432215690612793, 0.0, -0.06986603885889053
34.26696753501892, 1.0059525966644287, -0.133858785033226, 48.227359771728516, -6.138271808624268, 1.432215690612793, 0.0, -0.06901966780424118
34.27625012397766, 0.9959136843681335, -0.24538570642471313, 47.81836700439453, -12.221442222595215, 1.4322566986083984, 0.0, -0.07411067187786102
34.2862708568573, 0.9959136843681335, -0.22085905075073242, 47.41680145263672, -16.1102294921875, 1.4322566986083984, 0.0, -0.08690151572227478
34.296250343322754, 0.9918981790542603, -0.29002296924591064, 46.94221878051758, -23.98427391052246, 1.4322566986083984, 0.0, -0.06960324943065643
34.30625057220459, 0.9818592667579651, -0.37924447655677795, 46.32164001464844, -31.285179138183594, 1.4322566986083984, 0.0, -0.0626014843583107
34.31628179550171, 0.9885267019271851, -0.2746462821960449, 45.81480407714844, -33.300018310546875, 1.4322978258132935, 0.0, -0.060102108865976334
34.32626271247864, 0.9837217330932617, -0.22980239987373352, 45.43876266479492, -38.838279724121094, 1.4322978258132935, 0.0, -0.05578850954771042
34.33628821372986, 0.9837217330932617, -0.20682215690612793, 45.06272506713867, -36.68251037597656, 1.4322978258132935, 0.0, -0.040057118982076645
34.34683585166931, 0.9770678281784058, -0.30892491340637207, 44.501041412353516, -40.839385986328125, 1.4322978258132935, 0.0, -0.04660826548933983
34.3562216758728, 0.9691789746284485, -0.4309018552303314, 43.795928955078125, -51.67176818847656, 1.4322978258132935, 0.0, -0.0415792278945446
34.36626124382019, 0.9616009593009949, -0.4927913248538971, 42.98954391479492, -58.19829177856445, 1.4322978258132935, 0.0, -0.043056707829236984
34.37625217437744, 0.9555842876434326, -0.4032909870147705, 42.25628662109375, -55.620574951171875, 1.4322978258132935, 0.0, -0.0392582081258297
34.38630652427673, 0.9477270841598511, -0.5354152917861938, 41.38015365600586, -67.07382202148438, 1.4322978258132935, 0.0, -0.05014868825674057
34.39629936218262, 0.9396959543228149, -0.5800127983093262, 40.43851852416992, -72.26350402832031, 1.4322566986083984, 0.0, -0.06261400133371353
34.40623474121094, 0.9461907744407654, -0.39631789922714233, 39.78999710083008, -72.5733413696289, 1.4322566986083984, 0.0, -0.058939214795827866
34.41625237464905, 0.9461907744407654, -0.47041308879852295, 39.020233154296875, -75.49497985839844, 1.4322566986083984, 0.0, -0.06386151164770126
34.426279067993164, 0.9403508901596069, -0.4337131977081299, 38.23166275024414, -72.07145690917969, 1.4322566986083984, 0.0, -0.06533678621053696
34.43627691268921, 0.9264538288116455, -0.6362994313240051, 37.19044494628906, -87.46973419189453, 1.4322566986083984, 0.0, -0.05308752879500389
34.446253061294556, 0.9264538288116455, -0.5623830556869507, 36.27018356323242, -91.4539794921875, 1.4322566986083984, 0.0, -0.059758510440588
34.4562566280365, 0.9180577993392944, -0.5112111568450928, 35.345821380615234, -84.50088500976562, 1.4322285652160645, 0.0, -0.06159328296780586
34.46639370918274, 0.9112560153007507, -0.5034506320953369, 34.430458068847656, -85.59112548828125, 1.4322285652160645, 0.0, -0.02954224869608879
34.4762749671936, 0.9068815112113953, -0.48702359199523926, 33.53984451293945, -87.164306640625, 1.4322566986083984, 0.0, -0.04259922727942467
34.48627758026123, 0.900710940361023, -0.47016143798828125, 32.68500518798828, -86.95144653320312, 1.4322566986083984, 0.0, -0.0520532988011837
34.49624037742615, 0.900710940361023, -0.47016143798828125, 32.68500518798828, -86.95144653320312, 1.4322978258132935, 0.0, -0.06781056523323059
34.50624418258667, 0.8856602311134338, -0.2844019830226898, 31.695049285888672, -46.0182991027832, 1.4322978258132935, 0.0, -0.0634571760892868
34.51627278327942, 0.8856602311134338, -0.6053030490875244, 30.578847885131836, -92.11158752441406, 1.4323838949203491, 0.0, -0.02472936548292637
34.52626323699951, 0.873900294303894, -0.8032189607620239, 29.264490127563477, -108.39716339111328, 1.4323838949203491, 0.0, -0.03786284849047661
34.536256551742554, 0.8657835125923157, -0.82853102684021, 27.924362182617188, -114.52568817138672, 1.4322978258132935, 0.0, -0.033710770308971405
34.546271324157715, 0.8657835125923157, -0.6741086840629578, 26.821273803710938, -115.2125473022461, 1.4322978258132935, 0.0, -0.03903215751051903
34.55623817443848, 0.8594386577606201, -0.7446209788322449, 25.60280418395996, -118.52645874023438, 1.4322978258132935, 0.0, -0.03324122354388237
34.566468954086304, 0.8499197363853455, -0.6813764572143555, 24.363937377929688, -109.81903076171875, 1.4322978258132935, 0.0, -0.061205845326185226
34.57625341415405, 0.83504718542099, -0.7620811462402344, 22.98581314086914, -114.44644927978516, 1.4322566986083984, 0.0, -0.024580011144280434
34.586385011672974, 0.83504718542099, -0.7981657981872559, 21.679723739624023, -131.77935791015625, 1.4322566986083984, 0.0, -0.05656467005610466
34.596256732940674, 0.8291759490966797, -0.7153511047363281, 20.379085540771484, -123.05908203125, 1.4322566986083984, 0.0, -0.04388173297047615
34.606250286102295, 0.8207540512084961, -0.6490707397460938, 19.198957443237305, -124.96089935302734, 1.4322566986083984, 0.0, -0.011792699806392193
34.61626410484314, 0.8207540512084961, -0.6490528583526611, 18.01885986328125, -125.59986114501953, 1.4322566986083984, 0.0, -0.00969617161899805
34.62627863883972, 0.8131778836250305, -0.607222318649292, 16.914819717407227, -123.4964370727539, 1.4322566986083984, 0.0, -0.024042624980211258
34.63623809814453, 0.7976424694061279, -0.7571180462837219, 15.675899505615234, -136.093994140625, 1.4322566986083984, 0.0, -0.01668974570930004
34.646238565444946, 0.7904095649719238, -0.8374850153923035, 14.305469512939453, -139.0645751953125, 1.4322566986083984, 0.0, -0.026808449998497963
34.65625619888306, 0.7904095649719238, -0.6902992725372314, 13.060892105102539, -125.41923522949219, 1.4321988821029663, 0.0, -0.03761637583374977
34.66624045372009, 0.780636727809906, -0.692826509475708, 11.801207542419434, -125.62732696533203, 1.4321988821029663, 0.0, -0.015614914707839489
34.676289319992065, 0.7698270678520203, -0.7246732711791992, 10.59738826751709, -137.64932250976562, 1.4322978258132935, 0.0, -0.006508836522698402
34.68627691268921, 0.7604804635047913, -0.8285244107246399, 9.241621017456055, -138.20118713378906, 1.4322978258132935, 0.0, -0.056267183274030685
34.69627118110657, 0.7604804635047913, -0.7632838487625122, 7.992611408233643, -137.62728881835938, 1.4322978258132935, 0.0, 0.012335337698459625
34.70625686645508, 0.7545197010040283, -0.6623387336730957, 6.78835916519165, -124.10592651367188, 1.4322978258132935, 0.0, -0.02788476273417473
34.71631050109863, 0.7545197010040283, -0.6623387336730957, 6.78835916519165, -124.10592651367188, 1.4322978258132935, 0.0, 0.009999752976000309
34.72629427909851, 0.735185444355011, -0.4278421401977539, 5.232569694519043, -63.931419372558594, 1.4322978258132935, 0.0, -0.018127990886569023
34.73626470565796, 0.735185444355011, -0.7799267768859863, 3.8219985961914062, -130.92832946777344, 1.4322566986083984, 0.0, 0.003268674248829484
34.74624824523926, 0.7288040518760681, -0.7648600339889526, 2.5704095363616943, -145.6165313720703, 1.4322566986083984, 0.0, -0.02200583554804325
34.75625705718994, 0.726376473903656, -0.7114874124526978, 1.4431772232055664, -142.9143524169922, 1.4320530891418457, 0.0, -0.0023545329459011555
34.766255140304565, 0.7276456952095032, -0.6276369094848633, 0.30201926827430725, -127.5887451171875, 1.4320530891418457, 0.0, -0.02830660715699196
34.77626919746399, 0.7276456952095032, -0.5299091339111328, -0.6023890972137451, -124.03602600097656, 1.4317282438278198, 0.0, -0.03418448567390442
34.78626251220703, 0.738843560218811, -0.3442631959915161, -1.1657288074493408, -130.70130920410156, 1.4317282438278198, 0.0, -0.01950063183903694
34.79624319076538, 0.7577412128448486, -0.030444728210568428, -1.226601481437683, -116.31353759765625, 1.4317890405654907, 0.0, 0.00369577226229012
34.80625033378601, 0.7577412128448486, -0.030431482940912247, -1.2763984203338623, -102.989013671875, 1.4317890405654907, 0.0, -0.03633563220500946
34.81635093688965, 0.7710974812507629, 0.1657724380493164, -1.0405157804489136, -78.28874969482422, 1.4321494102478027, 0.0, -0.015125725418329239
34.826256275177, 0.7817980647087097, 0.5179246068000793, -0.19300273060798645, -60.28413009643555, 1.4321494102478027, 0.0, 0.009180999360978603
34.8363139629364, 0.7880225777626038, 0.5870792865753174, 0.7010019421577454, -34.67774200439453, 1.432516098022461, 0.0, 0.0012698877835646272
34.84648036956787, 0.7918959856033325, 0.7010168433189392, 1.8481204509735107, -8.025437355041504, 1.432516098022461, 0.0, 0.010345237329602242
34.85624074935913, 0.7918959856033325, 0.7279912829399109, 3.037341356277466, 17.71293830871582, 1.4325273036956787, 0.0, 0.002635327633470297
34.86682081222534, 0.7991970777511597, 0.7155179977416992, 4.338283061981201, 40.36263656616211, 1.4325273036956787, 0.0, -0.001608824823051691
34.87628126144409, 0.8053849339485168, 0.7773935794830322, 5.7807698249816895, 63.831600189208984, 1.4323675632476807, 0.0, 0.002944537904113531
34.8862521648407, 0.8076626658439636, 0.7646547555923462, 7.032022953033447, 91.08611297607422, 1.4323675632476807, 0.0, 0.0013156159548088908
34.896270990371704, 0.8091555833816528, 0.571270763874054, 7.9951581954956055, 102.46402740478516, 1.4322117567062378, 0.0, 0.011059957556426525
34.906248569488525, 0.8091555833816528, 0.514143705368042, 8.929965019226074, 102.06362915039062, 1.4322117567062378, 0.0, 0.006451126653701067
34.91625237464905, 0.8126899003982544, 0.4159271717071533, 9.701129913330078, 107.41644287109375, 1.4321296215057373, 0.0, -0.00019518360204529017
34.926252126693726, 0.8186677098274231, 0.4096561074256897, 10.371476173400879, 117.38311004638672, 1.4321296215057373, 0.0, 0.001601486117579043
34.93625235557556, 0.8277596235275269, 0.3973722457885742, 11.10385513305664, 104.02851104736328, 1.4320752620697021, 0.0, 0.0026870835572481155
34.94623279571533, 0.8334770202636719, 0.46200883388519287, 11.859869003295898, 111.24166107177734, 1.4320752620697021, 0.0, 0.0019271043129265308
34.95626950263977, 0.8334770202636719, 0.4158198833465576, 12.603312492370605, 95.65963745117188, 1.4321445226669312, 0.0, 0.0035751177929341793
34.96626400947571, 0.8334770202636719, 0.4158198833465576, 12.603312492370605, 95.65963745117188, 1.4321445226669312, 0.0, 0.0004663466243073344
34.97629976272583, 0.8460312485694885, 0.45163100957870483, 14.067127227783203, 92.07047271728516, 1.432260274887085, 0.0, 0.0030612836126238108
34.98624086380005, 0.8460312485694885, 0.383681058883667, 14.764728546142578, 77.32715606689453, 1.432260274887085, 0.0, 0.001095309155061841
34.99624156951904, 0.8505387306213379, 0.4138350486755371, 15.502157211303711, 75.06990051269531, 1.432342767715454, 0.0, 0.006993151735514402
35.00623106956482, 0.85619056224823, 0.5226069092750549, 16.357332229614258, 82.52642059326172, 1.432342767715454, 0.0, 0.00264719408005476
35.01624274253845, 0.8612385988235474, 0.4854857921600342, 17.233205795288086, 75.32072448730469, 1.4323803186416626, 0.0, 0.00429161824285984
35.026275634765625, 0.8660759329795837, 0.5267593860626221, 18.095176696777344, 85.81903076171875, 1.4323803186416626, 0.0, 0.011929869651794434
35.03627419471741, 0.8660759329795837, 0.42573609948158264, 18.79183578491211, 85.42208862304688, 1.4323803186416626, 0.0, 0.006011115852743387
35.046263456344604, 0.8705704212188721, 0.37093162536621094, 19.466257095336914, 76.06391906738281, 1.4323803186416626, 0.0, 0.004178093280643225
35.05623650550842, 0.8748428821563721, 0.4596180319786072, 20.220699310302734, 84.63753509521484, 1.4323674440383911, 0.0, 0.005501661449670792
35.06687951087952, 0.8780212998390198, 0.3780364990234375, 20.908039093017578, 75.5889892578125, 1.4323674440383911, 0.0, 0.006324951536953449
35.07624936103821, 0.8793975710868835, 0.3707408905029297, 21.529705047607422, 82.91732025146484, 1.432284951210022, 0.0, 0.009573577903211117
35.08623933792114, 0.8793975710868835, 0.3336608409881592, 22.13636016845703, 73.7161636352539, 1.432284951210022, 0.0, 0.011068159714341164
35.096230030059814, 0.881208598613739, 0.34076637029647827, 22.70899772644043, 80.07643127441406, 1.4322023391723633, 0.0, 0.004434446804225445
35.106236696243286, 0.8820815682411194, 0.2876851260662079, 23.17975616455078, 75.80481719970703, 1.4322023391723633, 0.0, 0.014452029019594193
35.116344928741455, 0.8859298229217529, 0.24691224098205566, 23.63380241394043, 64.00585174560547, 1.4321742057800293, 0.0, 0.013085364364087582
35.1262629032135, 0.8859298229217529, 0.2205967903137207, 23.994779586791992, 65.5511245727539, 1.4321742057800293, 0.0, 0.003502329345792532
35.13628673553467, 0.8899524807929993, 0.2387702465057373, 24.437013626098633, 56.45160675048828, 1.4321296215057373, 0.0, 0.007263959385454655
35.146355390548706, 0.8969759941101074, 0.2934071719646454, 24.917133331298828, 60.565311431884766, 1.4321296215057373, 0.0, 0.004616322927176952
35.156320333480835, 0.899681031703949, 0.24837255477905273, 25.338136672973633, 51.174354553222656, 1.4322978258132935, 0.0, 0.009461603127419949
35.16637444496155, 0.899681031703949, 0.216597318649292, 25.731950759887695, 48.23894500732422, 1.4322978258132935, 0.0, 0.00481597613543272
35.17627000808716, 0.9012611508369446, 0.24293528497219086, 26.10628890991211, 50.8511848449707, 1.4324253797531128, 0.0, 0.0032938001677393913
35.18627905845642, 0.9012611508369446, 0.2186298370361328, 26.50379753112793, 43.674468994140625, 1.4324253797531128, 0.0, 0.013504871167242527
35.196234703063965, 0.9048953056335449, 0.26318100094795227, 26.934457778930664, 46.94960021972656, 1.4324253797531128, 0.0, 0.013146251440048218
35.20624256134033, 0.9066012501716614, 0.24520158767700195, 27.380279541015625, 42.005157470703125, 1.4324253797531128, 0.0, 0.007012452930212021
35.216259479522705, 0.9070507287979126, 0.2346833497285843, 27.764307022094727, 45.894622802734375, 1.4324253797531128, 0.0, 0.01232101023197174
35.22629642486572, 0.9069857001304626, 0.21055340766906738, 28.147130966186523, 41.52336120605469, 1.4324253797531128, 0.0, 0.00737107964232564
35.23626947402954, 0.9069857001304626, 0.17032623291015625, 28.474870681762695, 40.378761291503906, 1.432326078414917, 0.0, 0.012358021922409534
35.24623680114746, 0.9068381786346436, 0.1095864474773407, 28.654193878173828, 41.52276611328125, 1.432326078414917, 0.0, 0.0036431821063160896
35.25624680519104, 0.9059604406356812, 0.06279349327087402, 28.788433074951172, 34.502601623535156, 1.432215690612793, 0.0, 0.01218984555453062
35.26639914512634, 0.9059604406356812, 0.06279349327087402, 28.788433074951172, 34.502601623535156, 1.432215690612793, 0.0, 0.02035902626812458
35.2762713432312, 0.9059604406356812, 0.06279349327087402, 28.788433074951172, 34.502601623535156, 1.432215690612793, 0.0, 0.010426877066493034
35.28626465797424, 0.9042856693267822, 0.01587744429707527, 28.872150421142578, 10.828413009643555, 1.432215690612793, 0.0, 0.01023797132074833
35.29624271392822, 0.9030198454856873, 0.017595291137695312, 28.904142379760742, 27.978134155273438, 1.432215690612793, 0.0, 0.001853249385021627
35.30624437332153, 0.9030198454856873, 0.019537078216671944, 28.936111450195312, 27.02606964111328, 1.432215690612793, 0.0, 0.01497685443609953
35.31625556945801, 0.9022771716117859, -0.026178359985351562, 28.881059646606445, 19.46582794189453, 1.4322566986083984, 0.0, 0.0030623935163021088
35.326284408569336, 0.9016575217247009, -0.04944801330566406, 28.791152954101562, 14.109039306640625, 1.4322566986083984, 0.0, -0.059328652918338776
35.336246490478516, 0.9012786149978638, -0.06414122134447098, 28.67871856689453, 10.159810066223145, 1.4322978258132935, 0.0, -0.03693012893199921
35.346237659454346, 0.9012786149978638, -0.0634060949087143, 28.574962615966797, 4.753748416900635, 1.4322978258132935, 0.0, -0.03947418928146362
35.356231451034546, 0.9004867672920227, -0.0649869441986084, 28.444124221801758, -0.30765533447265625, 1.4323675632476807, 0.0, -0.06463245302438736
35.366307735443115, 0.8955248594284058, -0.1131296157836914, 28.238433837890625, -4.157066345214844, 1.4323675632476807, 0.0, -0.10264001786708832
35.37627100944519, 0.8935170769691467, -0.1382562816143036, 28.012218475341797, -8.625030517578125, 1.4323674440383911, 0.0, -0.04819377884268761
35.386282205581665, 0.8935170769691467, -0.10768771171569824, 27.816423416137695, -10.556983947753906, 1.4323674440383911, 0.0, -0.04979521781206131
35.396260261535645, 0.8953152894973755, -0.08560551702976227, 27.683883666992188, -13.558917999267578, 1.4323259592056274, 0.0, -0.019980667158961296
35.406267404556274, 0.8894591331481934, -0.13561248779296875, 27.437314987182617, -14.987754821777344, 1.4323259592056274, 0.0, -0.028179166838526726
35.417131662368774, 0.8894591331481934, -0.1424153596162796, 27.211729049682617, -18.548330307006836, 1.432284951210022, 0.0, -0.015299966558814049
35.42625045776367, 0.8877554535865784, -0.1544753760099411, 26.95895004272461, -20.357555389404297, 1.432284951210022, 0.0, -0.06912121921777725
35.43626642227173, 0.8791611194610596, -0.221174955368042, 26.569406509399414, -21.093177795410156, 1.432215690612793, 0.0, -0.05411142110824585
35.4462616443634, 0.8721728920936584, -0.32339492440223694, 26.04021453857422, -28.16348648071289, 1.432215690612793, 0.0, -0.04867160692811012
35.456252098083496, 0.8677748441696167, -0.3634757399559021, 25.455970764160156, -33.20185470581055, 1.4321577548980713, 0.0, -0.03069218061864376
35.4662549495697, 0.865376889705658, -0.33497148752212524, 24.907835006713867, -37.006591796875, 1.4321577548980713, 0.0, -0.034064438194036484
35.47626566886902, 0.865376889705658, -0.2813994884490967, 24.388721466064453, -36.23504638671875, 1.4321988821029663, 0.0, -0.054643452167510986
35.48632311820984, 0.8573771119117737, -0.36139488220214844, 23.731639862060547, -40.8477783203125, 1.4321988821029663, 0.0, -0.028519950807094574
35.4962375164032, 0.8573771119117737, -0.42153728008270264, 23.031339645385742, -51.69508361816406, 1.4322566986083984, 0.0, -0.025704381987452507
35.506240367889404, 0.8533615469932556, -0.36098361015319824, 22.3750057220459, -50.623130798339844, 1.4322566986083984, 0.0, -0.010507890023291111
35.51625156402588, 0.8473382592201233, -0.4212021827697754, 21.596569061279297, -56.151580810546875, 1.432326078414917, 0.0, -0.05735643580555916
35.52626872062683, 0.8473382592201233, -0.44908127188682556, 20.861709594726562, -67.74711608886719, 1.432326078414917, 0.0, -0.033067118376493454
35.53627586364746, 0.8517578840255737, -0.2740323543548584, 20.363468170166016, -62.05940246582031, 1.432326078414917, 0.0, -0.04740382358431816
35.54625844955444, 0.840916097164154, -0.3472963869571686, 19.795166015625, -69.38934326171875, 1.432326078414917, 0.0, -0.01837845705449581
35.55623483657837, 0.840916097164154, -0.26859045028686523, 19.306819915771484, -61.49158477783203, 1.432326078414917, 0.0, -0.04766269773244858
35.566237449645996, 0.8232449293136597, -0.42131543159484863, 18.540790557861328, -63.67053985595703, 1.432326078414917, 0.0, -0.028692973777651787
35.57627773284912, 0.8192293643951416, -0.5127456188201904, 17.706890106201172, -74.24248504638672, 1.4322978258132935, 0.0, -0.015418101102113724
35.58631992340088, 0.8172215819358826, -0.40155649185180664, 16.976787567138672, -67.5485610961914, 1.4322978258132935, 0.0, -0.015418101102113724
35.59628963470459, 0.8172215819358826, -0.4461672604084015, 16.254173278808594, -75.30191040039062, 1.4322566986083984, 0.0, -0.009178190492093563
35.606242418289185, 0.8091904520988464, -0.44171810150146484, 15.451048851013184, -69.23942565917969, 1.4322566986083984, 0.0, -0.005482860375195742
35.61625003814697, 0.8163219094276428, -0.34462082386016846, 14.887124061584473, -74.54914855957031, 1.4322566986083984, 0.0, -0.024313554167747498
35.62631154060364, 0.795136034488678, -0.5220234394073486, 13.937990188598633, -69.23751831054688, 1.4322566986083984, 0.0, -0.02830636501312256
35.63627314567566, 0.795136034488678, -0.5662262439727783, 12.91594409942627, -74.47509765625, 1.432215690612793, 0.0, 0.02209412306547165
35.64624071121216, 0.7871049046516418, -0.5381107330322266, 11.93756103515625, -78.57608795166016, 1.432215690612793, 0.0, -0.04620050638914108
35.65628671646118, 0.7871049046516418, -0.5979008078575134, 10.951722145080566, -92.83447265625, 1.4322566986083984, 0.0, -0.038395680487155914
35.666282415390015, 0.7850971817970276, -0.3814697265625, 10.258140563964844, -82.82661437988281, 1.4322566986083984, 0.0, -0.009664194658398628
35.67627453804016, 0.7790738344192505, -0.4461804926395416, 9.520549774169922, -90.95912170410156, 1.4322978258132935, 0.0, -0.021940059959888458
35.68631982803345, 0.7741532325744629, -0.4306793212890625, 8.737496376037598, -82.39297485351562, 1.4322978258132935, 0.0, 0.014603891409933567
35.69625544548035, 0.7741532325744629, -0.47854581475257874, 7.954421043395996, -92.21956634521484, 1.4322978258132935, 0.0, 0.003407255979254842
35.70627450942993, 0.7655797600746155, -0.43610334396362305, 7.161506175994873, -82.89537048339844, 1.4322978258132935, 0.0, -0.025708328932523727
35.7162971496582, 0.7655797600746155, -0.5074203014373779, 6.2389235496521, -86.48194885253906, 1.4322978258132935, 0.0, -0.01565696857869625
35.72623920440674, 0.7529727220535278, -0.46848589181900024, 5.472310543060303, -94.06312561035156, 1.4322978258132935, 0.0, -0.026265481486916542
35.73626136779785, 0.7489571571350098, -0.46178698539733887, 4.632697582244873, -82.83252716064453, 1.4322978258132935, 0.0, -0.011750546284019947
35.746445178985596, 0.7429338693618774, -0.4907912611961365, 3.8295845985412598, -90.08863067626953, 1.4322978258132935, 0.0, -0.0021324234548956156
35.75627088546753, 0.7441933751106262, -0.4291117191314697, 3.051722288131714, -78.99994659423828, 1.432284951210022, 0.0, -0.0014465817948803306
35.76625967025757, 0.7340483069419861, -0.5672110319137573, 2.123558759689331, -90.38421630859375, 1.432284951210022, 0.0, -0.005869303829967976
35.77625751495361, 0.7248638272285461, -0.5420982837677002, 1.1430624723434448, -83.77485656738281, 1.4322566986083984, 0.0, 0.0017996225506067276
35.786269664764404, 0.72666335105896, -0.4749000072479248, 0.2796079218387604, -84.57889556884766, 1.4322566986083984, 0.0, -0.006162907928228378
35.796255350112915, 0.72666335105896, -0.527660071849823, -0.528826117515564, -94.25833129882812, 1.4319541454315186, 0.0, -0.0033781330566853285
35.806257486343384, 0.7389183044433594, -0.2962417006492615, -1.0135853290557861, -90.83438110351562, 1.4319541454315186, 0.0, 0.001530030625872314
35.817907094955444, 0.7469493746757507, -0.20700031518936157, -1.3112400770187378, -83.89067840576172, 1.4317282438278198, 0.0, 0.0004497179470490664
35.82627320289612, 0.7549805045127869, 0.020068883895874023, -1.2747511863708496, -67.47061157226562, 1.4317282438278198, 0.0, 0.014007382094860077
35.836283445358276, 0.765019416809082, 0.1606285572052002, -1.0168581008911133, -56.49555969238281, 1.4319161176681519, 0.0, -0.003160846186801791
35.84628224372864, 0.7730504870414734, 0.33462047576904297, -0.4692973494529724, -47.76536178588867, 1.4319161176681519, 0.0, 0.009020715951919556
35.85652232170105, 0.7790738344192505, 0.34880638122558594, 0.08669476956129074, -29.6502742767334, 1.432346224784851, 0.0, -0.0011883265106007457
35.86626839637756, 0.7830893993377686, 0.5449056625366211, 0.9783585667610168, -12.724449157714844, 1.432346224784851, 0.0, -0.0022129914723336697
35.87628197669983, 0.7850971817970276, 0.6692541837692261, 2.0225019454956055, 9.771551132202148, 1.432626724243164, 0.0, 0.005154730752110481
35.886284589767456, 0.7850971817970276, 0.584334135055542, 3.084927558898926, 28.053197860717773, 1.432626724243164, 0.0, 0.0004528191639110446
35.89626479148865, 0.7871049046516418, 0.6715853810310364, 4.204866409301758, 52.596588134765625, 1.432511329650879, 0.0, 0.000936332973651588
35.90627861022949, 0.7871049046516418, 0.5354086756706238, 5.080989837646484, 67.71749114990234, 1.432511329650879, 0.0, 0.018039770424365997
35.91626453399658, 0.7871049046516418, 0.44617387652397156, 5.845424652099609, 79.51851654052734, 1.4323225021362305, 0.0, 0.005918017588555813
35.92628455162048, 0.7891126871109009, 0.37924447655677795, 6.466006278991699, 86.0083999633789, 1.4323225021362305, 0.0, 0.00441755773499608
35.93627619743347, 0.7891126871109009, 0.24092793464660645, 6.935355186462402, 79.52213287353516, 1.4321503639221191, 0.0, 0.004530805628746748
35.94626307487488, 0.7911204695701599, 0.2007749378681183, 7.2638959884643555, 85.92438507080078, 1.4321503639221191, 0.0, 0.008030290715396404
35.956244707107544, 0.795136034488678, 0.1784629225730896, 7.567240238189697, 83.1171646118164, 1.4320881366729736, 0.0, 0.0013591786846518517
35.966246604919434, 0.8031671643257141, 0.22309356927871704, 7.932302474975586, 77.26605987548828, 1.4320881366729736, 0.0, 0.0023516195360571146
35.976271867752075, 0.8031671643257141, 0.18070340156555176, 8.255739212036133, 62.33234405517578, 1.4321162700653076, 0.0, 0.005933498963713646
35.9862642288208, 0.8071827292442322, 0.22085309028625488, 8.6572904586792, 55.72357177734375, 1.4321162700653076, 0.0, 0.010439764708280563
35.99625897407532, 0.8111982345581055, 0.24093985557556152, 9.079713821411133, 48.74849319458008, 1.4322023391723633, 0.0, 0.0042022899724543095
36.00624322891235, 0.8132060170173645, 0.2900097072124481, 9.554274559020996, 49.70322799682617, 1.4322023391723633, 0.0, 0.013148479163646698
36.016284465789795, 0.8172215819358826, 0.3011643886566162, 10.07570743560791, 42.30284881591797, 1.4323461055755615, 0.0, 0.00841616839170456
36.02648949623108, 0.8192293643951416, 0.3346337080001831, 10.623290061950684, 46.19195556640625, 1.4323461055755615, 0.0, 0.0023878111969679594
36.03625559806824, 0.8212371468544006, 0.3212451934814453, 11.215435028076172, 42.80080795288086, 1.4323017597198486, 0.0, -0.0012756588403135538
36.046245098114014, 0.8232449293136597, 0.3569391071796417, 11.799516677856445, 50.39585876464844, 1.4323017597198486, 0.0, 0.014764689840376377
36.05623245239258, 0.8252527117729187, 0.30117034912109375, 12.370941162109375, 48.036956787109375, 1.4321706295013428, 0.0, 0.0013191360048949718
36.06647229194641, 0.8272604942321777, 0.2409219741821289, 12.808980941772461, 48.76680374145508, 1.4321706295013428, 0.0, 0.0037582002114504576
36.076377630233765, 0.829268217086792, 0.2900163233280182, 13.285894393920898, 55.8906135559082, 1.4321577548980713, 0.0, 0.007025484461337328
36.08627438545227, 0.831275999546051, 0.24092793464660645, 13.723944664001465, 50.66661834716797, 1.4321577548980713, 0.0, 0.0014589467318728566
36.09624528884888, 0.8332837820053101, 0.22084712982177734, 14.117379188537598, 50.37660598754883, 1.4322023391723633, 0.0, 0.0047669485211372375
36.10627579689026, 0.8332837820053101, 0.2231001853942871, 14.482452392578125, 54.75754165649414, 1.4322023391723633, 0.0, 0.007167065050452948
36.11667037010193, 0.8352915644645691, 0.20078155398368835, 14.807947158813477, 52.58051681518555, 1.43221914768219, 0.0, 0.0040802420116961
36.12635588645935, 0.8352915644645691, 0.1784629225730896, 15.099977493286133, 49.741004943847656, 1.43221914768219, 0.0, 0.00288432277739048
36.136394023895264, 0.8352915644645691, 0.14054179191589355, 15.355507850646973, 41.40052795410156, 1.43221914768219, 0.0, 0.0064460961148142815
36.14625024795532, 0.8352915644645691, 0.12046694755554199, 15.574539184570312, 37.750244140625, 1.43221914768219, 0.0, 0.0074645453132689
36.15623235702515, 0.8372993469238281, 0.13384553790092468, 15.819720268249512, 38.319801330566406, 1.4320752620697021, 0.0, 0.008157596923410892
36.16624975204468, 0.8372993469238281, 0.10039210319519043, 16.00225067138672, 31.932830810546875, 1.4320752620697021, 0.0, 0.0066927168518304825
36.17645454406738, 0.8372993469238281, 0.08031725883483887, 16.153419494628906, 28.674888610839844, 1.4320470094680786, 0.0, 0.006271169055253267
36.18625354766846, 0.8372993469238281, 0.060236454010009766, 16.262939453125, 25.390052795410156, 1.4320470094680786, 0.0, 0.004632973577827215
36.19625425338745, 0.8372993469238281, 0.04461076483130455, 16.31281280517578, 24.39371681213379, 1.4321742057800293, 0.0, 0.00541151175275445
36.206238985061646, 0.8372993469238281, 0.040155649185180664, 16.38582420349121, 19.0338134765625, 1.4321742057800293, 0.0, 0.00444855447858572
36.216269969940186, 0.8352915644645691, 0.0, 16.370174407958984, 17.35824966430664, 1.432260274887085, 0.0, 0.0028038262389600277
36.226391077041626, 0.8352915644645691, 0.0, 16.370174407958984, 12.701988220214844, 1.432260274887085, 0.0, 0.009021688252687454
36.23633408546448, 0.8352915644645691, 0.0, 16.36263084411621, 10.071182250976562, 1.4323017597198486, 0.0, 0.0008337824838235974
36.246286153793335, 0.831275999546051, -0.044617388397455215, 16.289621353149414, 7.94537878036499, 1.4323017597198486, 0.0, 0.009820098988711834
36.25627779960632, 0.829268217086792, -0.08031725883483887, 16.161666870117188, 3.41949462890625, 1.4322023391723633, 0.0, -0.020502127707004547
36.26625847816467, 0.829268217086792, -0.08923477679491043, 16.01564598083496, 0.1485612690448761, 1.4322023391723633, 0.0, -0.05694662407040596
36.27641677856445, 0.829268217086792, -0.0892215296626091, 15.882240295410156, -3.012974977493286, 1.4321330785751343, 0.0, -0.0033810765016824007
36.28714036941528, 0.8252527117729187, -0.12046694755554199, 15.663208961486816, -5.997276306152344, 1.4321330785751343, 0.0, -0.043276429176330566
36.296247482299805, 0.8232449293136597, -0.15615755319595337, 15.407678604125977, -10.057025909423828, 1.4321330785751343, 0.0, 0.0024507660418748856
36.30624175071716, 0.8192293643951416, -0.18070340156555176, 15.079127311706543, -13.066864013671875, 1.4321330785751343, 0.0, -0.025936804711818695
36.31624984741211, 0.8192293643951416, -0.17847616970539093, 14.781938552856445, -17.647212982177734, 1.4321613311767578, 0.0, -0.045317552983760834
36.32641863822937, 0.8172215819358826, -0.18070340156555176, 14.453386306762695, -19.16799545288086, 1.4321613311767578, 0.0, -0.04065179452300072
36.33638668060303, 0.8132060170173645, -0.22085309028625488, 14.051835060119629, -23.10791015625, 1.4321613311767578, 0.0, -0.00430280901491642
36.34691286087036, 0.8132060170173645, -0.20076830685138702, 13.723305702209473, -28.514543533325195, 1.4321613311767578, 0.0, -0.04738558083772659
36.35623288154602, 0.8111982345581055, -0.18070340156555176, 13.387297630310059, -27.74372100830078, 1.4322023391723633, 0.0, -0.040875934064388275
36.36624503135681, 0.8111982345581055, -0.18069744110107422, 13.058756828308105, -29.568958282470703, 1.4322023391723633, 0.0, -0.015561556443572044
36.37624764442444, 0.8091904520988464, -0.22308693826198578, 12.698821067810059, -35.37125015258789, 1.4321742057800293, 0.0, -0.017338907346129417
36.38632321357727, 0.8071827292442322, -0.18070340156555176, 12.370268821716309, -32.92951583862305, 1.4321742057800293, 0.0, -0.019784094765782356
36.39625549316406, 0.8031671643257141, -0.22308693826198578, 12.005239486694336, -37.80481719970703, 1.4321740865707397, 0.0, -0.029649129137396812
36.406240463256836, 0.799151599407196, -0.20077824592590332, 11.640188217163086, -34.389305114746094, 1.4321740865707397, 0.0, -0.06732792407274246
36.416248083114624, 0.799151599407196, -0.2230803221464157, 11.270010948181152, -39.021385192871094, 1.4322023391723633, 0.0, -0.030867908149957657
36.42624640464783, 0.795136034488678, -0.22086501121520996, 10.868437767028809, -35.8494758605957, 1.4322023391723633, 0.0, -0.03014661930501461
36.43639922142029, 0.7911204695701599, -0.2453923225402832, 10.466887474060059, -39.8327522277832, 1.4322023391723633, 0.0, -0.011367454193532467
36.44624710083008, 0.7981668710708618, -0.16710492968559265, 10.193442344665527, -39.220703125, 1.4322023391723633, 0.0, -0.01656806655228138
36.45623779296875, 0.7850971817970276, -0.26100873947143555, 9.726337432861328, -36.609554290771484, 1.4321613311767578, 0.0, 0.0070542688481509686
36.466285943984985, 0.7790738344192505, -0.35693249106407166, 9.142266273498535, -43.51658248901367, 1.4321613311767578, 0.0, -0.034987371414899826
36.47624063491821, 0.7770660519599915, -0.3212392330169678, 8.563331604003906, -41.354942321777344, 1.4321330785751343, 0.0, -0.01590045355260372
36.48628044128418, 0.7770660519599915, -0.30117034912109375, 8.015748977661133, -43.54524612426758, 1.4321330785751343, 0.0, -0.0047439709305763245
36.49722599983215, 0.7730504870414734, -0.3346337080001831, 7.468166351318359, -50.411964416503906, 1.4321330785751343, 0.0, -0.028056826442480087
36.506261348724365, 0.7690349221229553, -0.3011643886566162, 6.920594692230225, -47.1959114074707, 1.4321330785751343, 0.0, -0.013578327372670174
36.51629447937012, 0.761003851890564, -0.42386186122894287, 6.21952486038208, -56.11652755737305, 1.4321742057800293, 0.0, 0.005128043238073587
36.52629613876343, 0.7589960694313049, -0.3614068031311035, 5.562421798706055, -53.060054779052734, 1.4321742057800293, 0.0, 0.008548595011234283
36.5362594127655, 0.7637360095977783, -0.2738356590270996, 5.064538955688477, -54.02355194091797, 1.4321742057800293, 0.0, 0.0024584440980106592
36.54626774787903, 0.7637360095977783, -0.344318151473999, 4.43850564956665, -57.549381256103516, 1.4321742057800293, 0.0, -0.03165413439273834
36.55624175071716, 0.7489571571350098, -0.40155649185180664, 3.7762980461120605, -66.11156463623047, 1.4322023391723633, 0.0, 0.012428897432982922
36.566272020339966, 0.7525270581245422, -0.2654612064361572, 3.2936413288116455, -58.486270904541016, 1.4322023391723633, 0.0, -0.015299174003303051
36.57628011703491, 0.7525270581245422, -0.2453923225402832, 2.847473621368408, -57.158565521240234, 1.4322023391723633, 0.0, -0.03972317650914192
36.58626317977905, 0.7349027395248413, -0.42162537574768066, 2.0808818340301514, -59.3486328125, 1.4322023391723633, 0.0, -0.023381786420941353
36.596415281295776, 0.7428551316261292, -0.33550792932510376, 1.5318689346313477, -65.95886993408203, 1.4322023391723633, 0.0, -0.019670944660902023
36.60625863075256, 0.7268716096878052, -0.4216313362121582, 0.7652665376663208, -61.553287506103516, 1.4322023391723633, 0.0, nan
36.61626935005188, 0.7248638272285461, -0.4015631079673767, 0.11327844113111496, -67.8471450805664, 1.4321742057800293, 0.0, 0.008374768309295177
36.626256465911865, 0.7248638272285461, -0.37924447655677795, -0.5073034167289734, -67.44141387939453, 1.4321742057800293, 0.0, 0.004221885930746794
36.63630151748657, 0.7315565347671509, -0.3217935562133789, -1.069256067276001, -61.33793640136719, 1.4320470094680786, 0.0, 0.01697998121380806
36.646238803863525, 0.7300114631652832, -0.33724308013916016, -1.6824252605438232, -61.209320068359375, 1.4320470094680786, 0.0, -0.015920232981443405
36.65631461143494, 0.7368391156196594, -0.13464689254760742, -1.8684459924697876, -62.71937942504883, 1.4318583011627197, 0.0, 0.006445922423154116
36.66623401641846, 0.7368391156196594, -0.15687942504882812, -2.1536812782287598, -54.473236083984375, 1.4318583011627197, 0.0, -0.0008412518654949963
36.676236391067505, 0.7476440668106079, -0.054260093718767166, -2.2431423664093018, -56.562400817871094, 1.4318619966506958, 0.0, 0.00632523326203227
36.68626165390015, 0.7580153942108154, 0.25680992007255554, -1.8229080438613892, -43.37545394897461, 1.4318619966506958, 0.0, 0.02319314517080784
36.69627904891968, 0.7569882869720459, 0.14133453369140625, -1.6158523559570312, -31.477201461791992, 1.4321365356445312, 0.0, 0.0009348749881610274
36.70634603500366, 0.7702417969703674, 0.48189032077789307, -0.8273045420646667, -17.695241928100586, 1.4321365356445312, 0.0, 0.006756637245416641
36.71625876426697, 0.7702417969703674, 0.5042023062705994, -0.045486658811569214, -1.764059066772461, 1.432374358177185, 0.0, 0.0022212585899978876
36.72625994682312, 0.7670271396636963, 0.42162537574768066, 0.7211049199104309, 12.284088134765625, 1.432374358177185, 0.0, 0.01187318004667759
36.73628067970276, 0.7690349221229553, 0.37478208541870117, 1.3926433324813843, 24.61898422241211, 1.4324287176132202, 0.0, -0.000195889690076001
36.74626135826111, 0.7710427045822144, 0.4559093117713928, 2.138676881790161, 42.45669174194336, 1.4324287176132202, 0.0, -0.0010415568249300122
36.75627136230469, 0.774131715297699, 0.372922420501709, 2.827836513519287, 46.96284103393555, 1.4323675632476807, 0.0, 0.005666086915880442
36.76622939109802, 0.774131715297699, 0.3729283809661865, 3.5058882236480713, 56.59569549560547, 1.4323675632476807, 0.0, 0.008673576638102531
36.77624011039734, 0.7754056453704834, 0.30846065282821655, 4.0338335037231445, 69.7441635131836, 1.4322400093078613, 0.0, 0.004758310504257679
36.78628396987915, 0.7789391279220581, 0.20923614501953125, 4.414262771606445, 62.37171936035156, 1.4322400093078613, 0.0, 0.002333006588742137
36.79624009132385, 0.7834451198577881, 0.26457905769348145, 4.917813777923584, 65.33665466308594, 1.4321162700653076, 0.0, 0.003334539011120796
36.806280851364136, 0.7810816168785095, 0.12043449282646179, 5.1148881912231445, 66.02435302734375, 1.4321162700653076, 0.0, 0.01611807569861412
