38.80372381210327, -0.05106382817029953, 1.0836734771728516, -2.6864173412323, -108.03284454345703, 0.5857180953025818, 0.25
38.81380891799927, 0.5538032054901123, 2.8684158325195312, 2.084721326828003, 1000.2390747070312, 0.5857180953025818, 0.25
38.82372999191284, 0.5686967968940735, 0.9927746057510376, 0.9658800363540649, -69.4489517211914, 0.5857180953025818, 0.25
38.833768129348755, 0.5878457427024841, 1.54108726978302, -0.4130638539791107, -123.9546127319336, 0.5857180953025818, 0.25
38.843759298324585, 0.5921010971069336, 0.5079574584960938, -0.8638395667076111, -53.80909729003906, 0.5861266255378723, 0.25
38.853689670562744, 0.6095308661460876, 0.5095672607421875, -2.54351806640625, -58.94571304321289, 0.5861266255378723, 0.25
38.86375641822815, 0.6308074593544006, 2.5766735076904297, 2.000957489013672, -181.8659210205078, 0.5861266255378723, 0.25
38.873738527297974, 0.6371904611587524, 1.0479568243026733, 1.5044902563095093, -81.50993347167969, 0.5861266255378723, 0.25
38.88372564315796, 0.6542117595672607, 1.896615743637085, -0.08691827952861786, -180.96548461914062, 0.5931698679924011, 0.25
38.89369177818298, 0.6782762408256531, 0.881300687789917, -1.9915400743484497, -116.16387176513672, 0.5931698679924011, 0.25
38.903852224349976, 0.6825315952301025, 0.9475023746490479, -2.5594048500061035, -126.4425048828125, 0.5931698679924011, 0.25
38.9137237071991, 0.7038081884384155, 1.665245532989502, 1.4302371740341187, -151.455322265625, 0.5931698679924011, 0.25
38.92376136779785, 0.7301029562950134, 4.22781229019165, -0.022414911538362503, -187.42532348632812, 0.6045710444450378, 0.25
38.9337203502655, 0.7407412528991699, 1.3441860675811768, -1.2230559587478638, -125.83570861816406, 0.6045710444450378, 0.25
38.9437153339386, 0.7535071969032288, 1.4004369974136353, -3.036893129348755, -199.170166015625, 0.6045710444450378, 0.25
38.95371437072754, 0.7641454935073853, 1.3052582740783691, 2.0126500129699707, -125.06748962402344, 0.6045710444450378, 0.25
38.963714361190796, 0.7967315912246704, 5.559028625488281, 0.12447454035282135, -219.12570190429688, 0.6180081963539124, 0.25
38.973710775375366, 0.8094975352287292, 1.436890959739685, -1.477341651916504, -215.8614501953125, 0.6180081963539124, 0.25
38.983722448349, 0.8201358318328857, 1.3384737968444824, -3.122939348220825, -209.84548950195312, 0.6180081963539124, 0.25
38.993704080581665, 0.8243911862373352, 0.5566225647926331, 2.506728410720825, 736.39599609375, 0.6180081963539124, 0.25
39.00377416610718, 0.8435401320457458, 1.1785593032836914, 0.504349946975708, -123.7288818359375, 0.6314347386360168, 0.25
39.013705253601074, 0.8676049709320068, 0.88703852891922, -1.1945934295654297, -141.57394409179688, 0.6314347386360168, 0.25
39.023728132247925, 0.8782432675361633, 0.7738510966300964, -2.8908557891845703, -123.68073272705078, 0.6314347386360168, 0.25
39.033729791641235, 0.8952645063400269, 1.479778528213501, 1.6685423851013184, -159.40150451660156, 0.6314347386360168, 0.25
39.04375076293945, 0.9101581573486328, 1.6877638101577759, -0.07721336930990219, -210.7689208984375, 0.6434661149978638, 0.25
39.053778409957886, 0.9349554777145386, 1.4170408248901367, -1.8106127977371216, -236.22677612304688, 0.6434661149978638, 0.25
39.06374526023865, 0.9541044235229492, 1.0687485933303833, 1.9854810237884521, -178.90968322753906, 0.6434661149978638, 0.25
39.073710918426514, 0.9668703675270081, 1.454455018043518, 0.5411007404327393, -164.1342315673828, 0.6434661149978638, 0.25
39.08370089530945, 0.9920281767845154, 3.6438474655151367, -1.299155831336975, -161.09278869628906, 0.6537303328514099, 0.25
39.09369254112244, 1.0005388259887695, 1.0108230113983154, -2.783881187438965, -175.0860595703125, 0.6537303328514099, 0.25
39.1037015914917, 1.0090495347976685, 0.9924433827400208, 1.992563247680664, -174.39682006835938, 0.6537303328514099, 0.25
39.113709449768066, 1.0324537754058838, 1.0452156066894531, -1.0651623010635376, -191.61953735351562, 0.6537303328514099, 0.25
39.12372708320618, 1.0482293367385864, 2.6401376724243164, -2.595736503601074, -174.33045959472656, 0.6631230115890503, 0.25
39.133692264556885, 1.0652506351470947, 1.6799794435501099, 1.3422688245773315, -206.27784729003906, 0.6631230115890503, 0.25
39.14375567436218, 1.075888991355896, 1.0603042840957642, -0.22090663015842438, -195.62356567382812, 0.6631230115890503, 0.25
39.15372109413147, 1.0843995809555054, 1.0548523664474487, -1.815311074256897, -196.1197052001953, 0.6631230115890503, 0.25
39.16369152069092, 1.10625422000885, 3.870044231414795, 2.0631303787231445, -201.79446411132812, 0.6722117066383362, 0.25
39.17369604110718, 1.114764928817749, 1.0343128442764282, 0.4305650591850281, -195.17445373535156, 0.6722117066383362, 0.25
39.18371343612671, 1.1254031658172607, 0.5397720336914062, -2.0582098960876465, -212.3739471435547, 0.6722117066383362, 0.25
39.19371294975281, 1.136041522026062, 1.1368217468261719, 1.7156424522399902, -229.074462890625, 0.6722117066383362, 0.25
39.203741788864136, 1.151444911956787, 2.7429049015045166, 0.03449152037501335, -206.06146240234375, 0.6812320947647095, 0.25
39.21371245384216, 1.1578278541564941, 0.3984662890434265, -1.7628395557403564, -177.0387420654297, 0.6812320947647095, 0.25
39.223721504211426, 1.1535725593566895, -0.5401313900947571, 1.809383511543274, -200.60025024414062, 0.6812320947647095, 0.25
39.23372173309326, 1.1493171453475952, -1.1022790670394897, 0.3257662057876587, -189.2863311767578, 0.6812320947647095, 0.25
39.24370813369751, 1.1412103176116943, 0.6293401122093201, -1.797687292098999, -173.53070068359375, 0.6901465058326721, 0.25
39.25372552871704, 1.124189019203186, -2.2651312351226807, -3.116133213043213, -169.5505828857422, 0.6901465058326721, 0.25
39.26372265815735, 1.111423134803772, -1.4876724481582642, 1.7896502017974854, -166.6356201171875, 0.6901465058326721, 0.25
39.27372169494629, 1.0944018363952637, -1.6702322959899902, -0.20309172570705414, -173.62742614746094, 0.6901465058326721, 0.25
39.28377032279968, 1.0795081853866577, -1.514947533607483, -1.5470445156097412, -159.6006317138672, 0.6997764110565186, 0.25
39.29373621940613, 1.0657339096069336, -1.588286280632019, 2.809512138366699, 1408.068115234375, 0.6997764110565186, 0.25
39.30370259284973, 1.0572232007980347, -0.9652840495109558, 1.381489872932434, -158.72242736816406, 0.6997764110565186, 0.25
39.3137309551239, 1.0402019023895264, -1.6808233261108398, -0.517595112323761, -169.42100524902344, 0.6997764110565186, 0.25
39.32370162010193, 1.0274360179901123, -1.4770842790603638, -1.8813203573226929, -150.869140625, 0.7100359797477722, 0.25
39.33371186256409, 1.0228019952774048, -0.8905794024467468, 2.463115692138672, -140.1143035888672, 0.7100359797477722, 0.25
39.3437225818634, 1.0100359916687012, -1.1034375429153442, 0.8458075523376465, -157.63934326171875, 0.7100359797477722, 0.25
39.35369920730591, 1.0015252828598022, -0.8843574523925781, -0.4606766998767853, -134.56407165527344, 0.7100359797477722, 0.25
39.36371564865112, 0.997289776802063, 1.6656266450881958, -2.3807761669158936, -160.54330444335938, 0.7206940054893494, 0.25
39.37372016906738, 0.9802684783935547, -1.6291701793670654, 2.0046095848083496, -164.47567749023438, 0.7206940054893494, 0.25
39.38372564315796, 0.9717578291893005, -1.0783048868179321, 0.8752878904342651, -136.36338806152344, 0.7206940054893494, 0.25
39.39369773864746, 0.9568642377853394, -1.5779885053634644, -0.9467556476593018, -146.23623657226562, 0.7206940054893494, 0.25
39.40373206138611, 0.9523582458496094, 0.4625886082649231, -2.057891368865967, -138.77220153808594, 0.7310816645622253, 0.25
39.413692474365234, 0.9332093000411987, -1.622456431388855, 2.5778679847717285, -142.77244567871094, 0.7310816645622253, 0.25
39.42377257347107, 0.9204433560371399, -1.6483286619186401, 1.5034643411636353, -132.85035705566406, 0.7310816645622253, 0.25
39.433701276779175, 0.9055497646331787, -1.0612499713897705, -0.07714569568634033, -133.57974243164062, 0.7310816645622253, 0.25
39.443703174591064, 0.9029390811920166, 0.9521059393882751, -1.150924801826477, -132.34136962890625, 0.7412369251251221, 0.25
39.45370006561279, 0.8816624283790588, -1.6476185321807861, -2.675908088684082, -136.8388214111328, 0.7412369251251221, 0.25
39.4637017250061, 0.8710241317749023, -1.684842824935913, 2.5402567386627197, -140.0968017578125, 0.7412369251251221, 0.25
39.473705530166626, 0.8582581877708435, -1.1257081031799316, 1.0610692501068115, -134.03448486328125, 0.7412369251251221, 0.25
39.48370838165283, 0.8497475385665894, -1.0715075731277466, 0.3029017150402069, -127.04524993896484, 0.7509743571281433, -0.30000001192092896
39.493741035461426, 0.8424637317657471, -1.6281793117523193, -1.1504898071289062, -123.3022232055664, 0.7509743571281433, -0.30000001192092896
39.50370478630066, 0.8296977877616882, -1.3939473628997803, -2.0703518390655518, -95.88256072998047, 0.7509743571281433, -0.30000001192092896
39.51370143890381, 0.8126764893531799, -1.678399682044983, 2.7805516719818115, 1526.610107421875, 0.7509743571281433, -0.30000001192092896
39.523757457733154, 0.8105074763298035, 0.9542515873908997, 1.921878457069397, -99.62061309814453, 0.7594436407089233, -0.30000001192092896
39.53370213508606, 0.7934861779212952, -2.198042154312134, 0.34892046451568604, -172.95217895507812, 0.7594436407089233, -0.30000001192092896
39.543708086013794, 0.7871032357215881, -1.084793210029602, -0.3211682438850403, -116.5192642211914, 0.7594436407089233, -0.30000001192092896
39.55372858047485, 0.7722095847129822, -1.0895612239837646, -1.638702630996704, -117.62307739257812, 0.7594436407089233, -0.30000001192092896
39.56372547149658, 0.763698935508728, -1.1455777883529663, -2.513223171234131, -121.69322967529297, 0.7519306540489197, -0.30000001192092896
39.573734283447266, 0.7434200048446655, -1.1317756175994873, 2.466221809387207, -107.52308654785156, 0.7519306540489197, -0.30000001192092896
39.58369421958923, 0.7370370626449585, -0.46554598212242126, 1.6108959913253784, -90.79424285888672, 0.7519306540489197, -0.30000001192092896
39.5936975479126, 0.7306540608406067, -0.5152156949043274, 0.2596825361251831, -106.67403411865234, 0.7519306540489197, -0.30000001192092896
39.603731870651245, 0.7103109359741211, -3.7089715003967285, -0.6087813377380371, -79.69715881347656, 0.7379705309867859, -0.30000001192092896
39.61369013786316, 0.7018003463745117, -0.5463147163391113, -2.1188790798187256, -107.29680633544922, 0.7379705309867859, -0.30000001192092896
39.623719215393066, 0.6954173445701599, -0.5497813820838928, -2.985675811767578, -110.87178039550781, 0.7379705309867859, -0.30000001192092896
39.63370394706726, 0.6890343427658081, -0.5552545189857483, 2.0450356006622314, -110.55305480957031, 0.7379705309867859, -0.30000001192092896
39.64370894432068, 0.6695863008499146, -4.619231224060059, 1.203553557395935, -103.170166015625, 0.7185224890708923, -0.30000001192092896
39.65369153022766, 0.6653310060501099, -0.5582765936851501, -0.003187947440892458, -105.23091125488281, 0.7185224890708923, -0.30000001192092896
39.663769245147705, 0.6610756516456604, -0.5447473526000977, -0.7384055852890015, -88.77552795410156, 0.7185224890708923, -0.30000001192092896
39.6737105846405, 0.6546927094459534, -0.54315584897995, -1.6554348468780518, -93.71996307373047, 0.7185224890708923, -0.30000001192092896
39.6836998462677, 0.6483097076416016, -0.532524824142456, -2.347581386566162, -87.15042114257812, 0.6985470652580261, -0.30000001192092896
39.69371223449707, 0.6198236346244812, -1.1287693977355957, 2.95617938041687, 1581.2589111328125, 0.6985470652580261, -0.30000001192092896
39.70373606681824, 0.6176959872245789, -0.4830600321292877, 2.326936721801758, -71.09353637695312, 0.6985470652580261, -0.30000001192092896
39.71370029449463, 0.6134406924247742, 0.0, 1.387152075767517, -86.18092346191406, 0.6985470652580261, -0.30000001192092896
39.72373628616333, 0.6113130450248718, 0.0, 0.7871865630149841, -67.53621673583984, 0.6809104681015015, -0.30000001192092896
39.73370337486267, 0.5872934460639954, -0.5105584263801575, -0.09654640406370163, -68.56108093261719, 0.6809104681015015, -0.30000001192092896
39.743754625320435, 0.5830381512641907, -0.48069220781326294, -0.627260148525238, -59.465980529785156, 0.6809104681015015, -0.30000001192092896
39.75371503829956, 0.5766551494598389, -0.5598877668380737, -1.4069647789001465, -67.97340393066406, 0.6809104681015015, -0.30000001192092896
39.76373553276062, 0.5583721995353699, -3.4295122623443604, -1.8709067106246948, -49.35051345825195, 0.6668828129768372, -0.30000001192092896
39.7737078666687, 0.5541168451309204, 0.0, -2.6062116622924805, -60.26469802856445, 0.6668828129768372, -0.30000001192092896
39.783705711364746, 0.5498615503311157, -0.48592710494995117, -3.0532917976379395, -51.224082946777344, 0.6668828129768372, -0.30000001192092896
39.793707609176636, 0.5456061959266663, -0.5418696403503418, 2.605661630630493, -50.451637268066406, 0.6668828129768372, -0.30000001192092896
39.80371332168579, 0.533374547958374, -2.878649950027466, 2.211256742477417, -45.82991027832031, 0.6567788124084473, -0.30000001192092896
39.813700914382935, 0.5291192531585693, -0.5442489981651306, 1.6371971368789673, -48.59225082397461, 0.6567788124084473, -0.30000001192092896
39.82369565963745, 0.526991605758667, -0.554633378982544, 1.270734429359436, -46.083213806152344, 0.6567788124084473, -0.30000001192092896
39.83370018005371, 0.5227362513542175, -0.5822818279266357, 0.7547701597213745, -48.80329513549805, 0.6567788124084473, -0.30000001192092896
39.84376907348633, 0.5206086039543152, -0.4899824857711792, 0.4484573304653168, -34.765682220458984, 0.6475226283073425, -0.30000001192092896
39.853697299957275, 0.5092247724533081, 0.0, 0.018059229478240013, -33.91240310668945, 0.6475226283073425, -0.30000001192092896
39.86372637748718, 0.5070971250534058, -0.439089298248291, -0.25553756952285767, -27.597126007080078, 0.6475226283073425, -0.30000001192092896
39.87373375892639, 0.5049694180488586, 0.0, -0.6157912015914917, -28.616046905517578, 0.6475226283073425, -0.30000001192092896
39.88372254371643, 0.5028417706489563, -0.5355287194252014, -0.8443022966384888, -24.52120018005371, 0.6392222046852112, -0.30000001192092896
39.89370632171631, 0.49454134702682495, 0.0, -1.1522271633148193, -24.581985473632812, 0.6392222046852112, -0.30000001192092896
39.903735876083374, 0.4924136996269226, -0.482381135225296, -1.346113920211792, -19.853593826293945, 0.6392222046852112, -0.30000001192092896
39.91372513771057, 0.4924136996269226, 0.0, -1.6135908365249634, -12.300422668457031, 0.6392222046852112, -0.30000001192092896
39.92370676994324, 0.4924136996269226, 0.0, -1.8033883571624756, -22.995986938476562, 0.6290971636772156, -0.30000001192092896
39.93372964859009, 0.482288658618927, 0.0, -2.0286850929260254, -15.239389419555664, 0.6290971636772156, -0.30000001192092896
39.94376802444458, 0.48441630601882935, 0.0, -2.1738789081573486, -15.549310684204102, 0.6290971636772156, -0.30000001192092896
39.953696727752686, 0.48441630601882935, 0.0, -2.3994054794311523, -31.349933624267578, 0.6290971636772156, -0.30000001192092896
39.96371078491211, 0.475262850522995, -2.908205270767212, -2.4202451705932617, 6.676023006439209, 0.6178160309791565, -0.30000001192092896
39.97370171546936, 0.47739049792289734, 0.5864141583442688, -2.581841230392456, -14.752325057983398, 0.6178160309791565, -0.30000001192092896
39.98372530937195, 0.47739049792289734, 0.0, -2.5566585063934326, 10.005560874938965, 0.6178160309791565, -0.30000001192092896
39.99370002746582, 0.4816458225250244, 0.568483293056488, -2.6686642169952393, -3.5165903568267822, 0.6178160309791565, -0.30000001192092896
40.00369620323181, 0.48377346992492676, 0.5367204546928406, -2.6138381958007812, 17.31316566467285, 0.6051235198974609, -0.30000001192092896
40.013705015182495, 0.4753362834453583, 0.5968865752220154, -2.66526198387146, -14.05741024017334, 0.6051235198974609, -0.30000001192092896
40.02372360229492, 0.4774639308452606, 0.0, -2.5767717361450195, 21.6583309173584, 0.6051235198974609, -0.30000001192092896
40.03373956680298, 0.4817192554473877, 0.5724214911460876, -2.579171895980835, -6.220032215118408, 0.6051235198974609, -0.30000001192092896
40.043707609176636, 0.4730726182460785, -2.856013298034668, -2.4675867557525635, -2.198511838912964, 0.5922215580940247, 0.25
40.05379295349121, 0.47732794284820557, 0.461405873298645, -2.346911907196045, 8.754117012023926, 0.5922215580940247, 0.25
40.06378197669983, 0.483710914850235, 1.0782396793365479, -2.2181715965270996, 14.085354804992676, 0.5922215580940247, 0.25
40.07371759414673, 0.48796623945236206, 0.29272621870040894, -2.0759594440460205, 10.043519020080566, 0.5922215580940247, 0.25
40.08374094963074, 0.48198655247688293, -2.2047505378723145, -1.8544108867645264, 14.30069637298584, 0.5798588991165161, 0.25
40.09369516372681, 0.4904972016811371, 1.1692173480987549, -1.4932982921600342, 40.896018981933594, 0.5798588991165161, 0.25
40.10370993614197, 0.49475252628326416, 0.5414751172065735, -1.3210927248001099, 29.387788772583008, 0.5798588991165161, 0.25
40.11372494697571, 0.5011354684829712, 0.5292089581489563, -1.0737656354904175, 22.617277145385742, 0.5798588991165161, 0.25
40.123749017715454, 0.49988657236099243, -0.8934171795845032, -0.7144807577133179, 36.54536819458008, 0.5743546485900879, 0.25
40.13369941711426, 0.5062695145606995, 0.5466158986091614, -0.2285991758108139, 42.02654266357422, 0.5743546485900879, 0.25
40.1437406539917, 0.5105248689651489, 0.5360112190246582, 0.06818123161792755, 37.39404296875, 0.5743546485900879, 0.25
40.15370035171509, 0.5147801637649536, 0.0, 0.6366974115371704, 57.14391326904297, 0.5743546485900879, 0.25
40.163695335388184, 0.5190355181694031, 0.5395435690879822, 1.0170676708221436, 50.76349639892578, 0.577846348285675, 0.25
40.17374515533447, 0.5246548652648926, 0.47212204337120056, 1.4980236291885376, 52.0140266418457, 0.577846348285675, 0.25
40.18371915817261, 0.5267825126647949, 0.533320426940918, 2.3088974952697754, 98.30773162841797, 0.577846348285675, 0.25
40.19370126724243, 0.5310378670692444, 0.37579697370529175, 2.7898809909820557, 43.98963165283203, 0.577846348285675, 0.25
40.20372819900513, 0.5481228232383728, 2.7917208671569824, -2.8249802589416504, 47.19924545288086, 0.5906760096549988, 0.25
40.21374797821045, 0.5523781180381775, 0.457878440618515, -2.1287617683410645, 90.86080169677734, 0.5906760096549988, 0.25
40.2237286567688, 0.5587611198425293, 0.0, -1.2571755647659302, 82.3006820678711, 0.5906760096549988, 0.25
40.23374843597412, 0.5651441216468811, 0.884445071220398, -0.7149882912635803, 58.775306701660156, 0.5906760096549988, 0.25
40.24371266365051, 0.580726683139801, 3.4367001056671143, 0.14191482961177826, 73.29659271240234, 0.602003276348114, 0.25
40.25375485420227, 0.5849819779396057, 0.5074808597564697, 0.732014000415802, 69.52676391601562, 0.602003276348114, 0.25
40.26370143890381, 0.5934926271438599, 1.1284838914871216, 1.5836610794067383, 73.75772857666016, 0.602003276348114, 0.25
40.27372980117798, 0.5998756289482117, 1.0510011911392212, 2.1773476600646973, 69.8289794921875, 0.602003276348114, 0.25
40.28370809555054, 0.6192859411239624, 3.077303647994995, 3.104445695877075, 71.75950622558594, 0.6107752919197083, 0.25
40.29371976852417, 0.6256688833236694, 0.9597817659378052, -2.511061429977417, 79.08404541015625, 0.6107752919197083, 0.25
40.303696393966675, 0.6341795325279236, 0.5200495719909668, -1.4530786275863647, 82.89952087402344, 0.6107752919197083, 0.25
40.31370782852173, 0.6405625343322754, 1.112239122390747, -0.7275644540786743, 102.03115844726562, 0.6107752919197083, 0.25
40.32373237609863, 0.6448178291320801, 0.515900731086731, 0.01911153644323349, 99.8584976196289, 0.6217280030250549, 0.25
40.33371329307556, 0.6642811894416809, 0.5456466674804688, 1.1954883337020874, 98.57196044921875, 0.6217280030250549, 0.25
40.3437020778656, 0.6706641912460327, 0.4795556366443634, 1.9372222423553467, 81.1077880859375, 0.6217280030250549, 0.25
40.353718280792236, 0.6791748404502869, 0.549409031867981, 3.104846954345703, 112.98797607421875, 0.6217280030250549, 0.25
40.36371612548828, 0.6876854300498962, 0.8691975474357605, -2.4106290340423584, 77.71183776855469, 0.630803644657135, 0.25
40.373698711395264, 0.7116547226905823, 1.084793210029602, -1.033107876777649, 96.64544677734375, 0.630803644657135, 0.25
40.383718490600586, 0.7201653718948364, 0.9576703310012817, -0.18941128253936768, 96.99762725830078, 0.630803644657135, 0.25
40.39369440078735, 0.7308036684989929, 0.562534749507904, 1.149776577949524, 116.49242401123047, 0.630803644657135, 0.25
40.40369749069214, 0.7371866106987, 1.1198457479476929, 1.9921730756759644, 110.80206298828125, 0.6415729522705078, 0.25
40.41372466087341, 0.7564665675163269, 0.5776458978652954, -2.917299747467041, -1575.389404296875, 0.6415729522705078, 0.25
40.42369079589844, 0.764977216720581, 1.0302529335021973, -1.9684767723083496, 114.55984497070312, 0.6415729522705078, 0.25
40.43370223045349, 0.7798708081245422, 1.1201269626617432, -0.6050481200218201, 125.86106872558594, 0.6415729522705078, 0.25
40.44372224807739, 0.786253809928894, 0.9147712588310242, 0.14770464599132538, 109.17426300048828, 0.651260256767273, 0.25
40.453699350357056, 0.8065794110298157, 1.0591716766357422, 1.8124260902404785, 113.97095489501953, 0.651260256767273, 0.25
40.46374702453613, 0.8150900602340698, 0.9964883327484131, 2.7825698852539062, 119.38359832763672, 0.651260256767273, 0.25
40.47370362281799, 0.829983651638031, 1.6902679204940796, -1.9448429346084595, 132.51290893554688, 0.651260256767273, 0.25
40.48373293876648, 0.8481131792068481, 2.950793743133545, -0.9465565085411072, 107.63487243652344, 0.6608791351318359, 0.25
40.493712425231934, 0.8587514758110046, 1.0910931825637817, 0.6929764151573181, 142.45623779296875, 0.6608791351318359, 0.25
40.50371980667114, 0.8651344776153564, 1.049086093902588, 1.7391012907028198, 131.4038543701172, 0.6608791351318359, 0.25
40.513705253601074, 0.8757727742195129, 1.101394772529602, -2.8691885471343994, -1472.823974609375, 0.6608791351318359, 0.25
40.52373743057251, 0.8964872360229492, 3.220153331756592, -1.7628093957901, 117.35140991210938, 0.6709553003311157, 0.25
40.53370380401611, 0.9049978256225586, 1.1102328300476074, -0.6752523183822632, 147.0475311279297, 0.6709553003311157, 0.25
40.54371619224548, 0.9177638292312622, 1.0770034790039062, 1.0626825094223022, 143.99217224121094, 0.6709553003311157, 0.25
40.553714990615845, 0.9241467714309692, 0.4841344952583313, 2.1797096729278564, 126.09346008300781, 0.6709553003311157, 0.25
40.56371450424194, 0.9467108845710754, 3.0762791633605957, -2.276379346847534, 78.26639556884766, 0.6807534098625183, 0.25
40.573742389678955, 0.9552214741706848, 0.8788704872131348, -1.1224665641784668, 123.16204833984375, 0.6807534098625183, 0.25
40.58372664451599, 0.9701151251792908, 0.550391674041748, 1.0543824434280396, 158.3459930419922, 0.6807534098625183, 0.25
40.593714475631714, 0.9743704199790955, 0.42164191603660583, 1.946959137916565, 56.841678619384766, 0.6807534098625183, 0.25
40.60374045372009, 0.9828810691833496, 0.9484086632728577, -2.7413830757141113, -1256.8621826171875, 0.6904920339584351, 0.25
40.6137433052063, 1.0075132846832275, 1.1227339506149292, -0.8456571102142334, 171.87722778320312, 0.6904920339584351, 0.25
40.62369179725647, 1.0138963460922241, 0.4719972014427185, 0.47627905011177063, 147.23753356933594, 0.6904920339584351, 0.25
40.633689641952515, 1.0224069356918335, 0.5345343351364136, 2.407270669937134, 165.4600372314453, 0.6904920339584351, 0.25
40.643696308135986, 1.0309175252914429, 0.9608668684959412, -2.516991138458252, -1266.61328125, 0.7003558874130249, 0.25
40.65371036529541, 1.057802677154541, 1.0731182098388672, -0.2120581418275833, 167.80160522460938, 0.7003558874130249, 0.25
40.66370916366577, 1.064185619354248, 0.517726480960846, 1.1179465055465698, 160.21377563476562, 0.7003558874130249, 0.25
40.67370843887329, 1.0748239755630493, 1.0914934873580933, -3.112792491912842, -1435.4814453125, 0.7003558874130249, 0.25
40.68372297286987, 1.0950732231140137, 3.5951876640319824, -1.732812762260437, 178.52792358398438, 0.7099668383598328, 0.25
40.69369888305664, 1.1057114601135254, 0.5529837012290955, 0.35003724694252014, 183.9577178955078, 0.7099668383598328, 0.25
40.70370316505432, 1.112094521522522, 0.5847235918045044, 1.7751281261444092, 193.27243041992188, 0.7099668383598328, 0.25
40.713738441467285, 1.118477463722229, 0.5595366954803467, -2.720594644546509, -1464.591064453125, 0.7099668383598328, 0.25
40.72369623184204, 1.126988172531128, 1.0453993082046509, -1.2475894689559937, 180.7340545654297, 0.7196405529975891, 0.25
40.7336950302124, 1.1451724767684937, 1.1344373226165771, 0.9737480878829956, 203.43856811523438, 0.7196405529975891, 0.25
40.74368762969971, 1.147300124168396, 0.4840294420719147, 2.4754037857055664, 171.17662048339844, 0.7196405529975891, 0.25
40.75371170043945, 1.153683066368103, 0.5389896035194397, -1.6222538948059082, 181.7239532470703, 0.7196405529975891, 0.25
40.76372051239014, 1.1632895469665527, 1.8786892890930176, -0.2135196328163147, 135.5320281982422, 0.729246973991394, 0.25
40.77369928359985, 1.144140601158142, -1.6578210592269897, 1.9981675148010254, 154.9924774169922, 0.729246973991394, 0.25
40.7837450504303, 1.1313745975494385, -1.4093574285507202, 3.1202499866485596, 120.00601959228516, 0.729246973991394, 0.25
40.79369759559631, 1.1122256517410278, -1.6320502758026123, -1.3951359987258911, 158.0961456298828, 0.729246973991394, 0.25
40.80376410484314, 1.108502984046936, 0.6544191837310791, -0.26904556155204773, 137.88320922851562, 0.7382901906967163, 0.25
40.81369733810425, 1.09360933303833, -1.4261747598648071, 0.8593952655792236, 124.84009552001953, 0.7382901906967163, 0.25
40.82374382019043, 1.072332739830017, -1.5838699340820312, 2.5325639247894287, 136.751708984375, 0.7382901906967163, 0.25
40.83368945121765, 1.0574390888214111, -1.0924956798553467, -2.049943447113037, 145.74612426757812, 0.7382901906967163, 0.25
40.843733072280884, 1.0570346117019653, 1.5356512069702148, -0.9195290207862854, 141.04864501953125, 0.748524010181427, 0.25
40.853694915771484, 1.040013313293457, -1.0923619270324707, 0.7687974572181702, 146.35728454589844, 0.748524010181427, 0.25
40.86374640464783, 1.0293750762939453, -1.1616077423095703, 1.9046595096588135, 155.88104248046875, 0.748524010181427, 0.25
40.87370300292969, 1.0144814252853394, -1.0888965129852295, -2.712080955505371, -1469.3350830078125, 0.748524010181427, 0.25
40.88374924659729, 1.0181275606155396, 1.9615832567214966, -1.5720484256744385, 139.8378143310547, 0.7585530877113342, -0.30000001192092896
40.893697023391724, 1.0074892044067383, -0.5665344595909119, 0.08539658784866333, 146.8009033203125, 0.7585530877113342, -0.30000001192092896
40.90374159812927, 1.0011062622070312, -0.9253954291343689, 0.9635955095291138, 128.223388671875, 0.7585530877113342, -0.30000001192092896
40.91373062133789, 0.9862126708030701, -1.0083104372024536, 2.848094940185547, 129.27735900878906, 0.7585530877113342, -0.30000001192092896
40.92373251914978, 0.9888823628425598, 1.6803991794586182, -2.3523106575012207, 126.34418487548828, 0.7676057815551758, -0.30000001192092896
40.93374037742615, 0.9803717136383057, -0.5795590877532959, -0.7904761433601379, 139.038818359375, 0.7676057815551758, -0.30000001192092896
40.94375562667847, 0.9739887714385986, -0.5511395335197449, 0.28095024824142456, 139.6260528564453, 0.7676057815551758, -0.30000001192092896
40.95370841026306, 0.9590951204299927, -1.1623642444610596, 1.7831398248672485, 138.03900146484375, 0.7676057815551758, -0.30000001192092896
40.96371412277222, 0.9527121782302856, -0.5645632147789001, 2.516866445541382, 66.26597595214844, 0.7601062655448914, -0.30000001192092896
40.973737716674805, 0.9367020130157471, -0.5614376068115234, -2.2584242820739746, 133.99549865722656, 0.7601062655448914, -0.30000001192092896
40.98370051383972, 0.9324467182159424, -0.47615253925323486, -1.2745555639266968, 105.67813873291016, 0.7601062655448914, -0.30000001192092896
40.993693590164185, 0.9239360690116882, -1.0412521362304688, 0.17786014080047607, 122.47122955322266, 0.7601062655448914, -0.30000001192092896
41.003687381744385, 0.9015586376190186, -4.578891754150391, 1.3657556772232056, 179.9814910888672, 0.7462394833564758, -0.30000001192092896
41.0136992931366, 0.8930479884147644, -0.5709930658340454, 2.7535135746002197, 129.9379425048828, 0.7462394833564758, -0.30000001192092896
41.02370285987854, 0.8887926936149597, -0.4647459089756012, -2.8023793697357178, 56.14302444458008, 0.7462394833564758, -0.30000001192092896
41.03369927406311, 0.8845373392105103, -0.5535324811935425, -1.2212188243865967, 114.68740844726562, 0.7462394833564758, -0.30000001192092896
41.04374361038208, 0.8611198663711548, -5.084907054901123, -0.5528944730758667, 105.50128936767578, 0.727077305316925, -0.30000001192092896
41.053701877593994, 0.8526092171669006, -0.5331292748451233, 0.9931737780570984, 106.82892608642578, 0.727077305316925, -0.30000001192092896
41.06373405456543, 0.848353922367096, -0.5243581533432007, 1.8263667821884155, 97.77734375, 0.727077305316925, -0.30000001192092896
41.073691844940186, 0.8419709205627441, -0.5332567095756531, 2.83634090423584, 94.18743133544922, 0.727077305316925, -0.30000001192092896
41.083696126937866, 0.8180995583534241, -4.474087715148926, -2.598524570465088, 84.24987030029297, 0.7074612379074097, -0.30000001192092896
41.09371328353882, 0.8138442039489746, -0.5351755023002625, -1.4270349740982056, 90.87004852294922, 0.7074612379074097, -0.30000001192092896
41.10370635986328, 0.8095889091491699, -0.4538268446922302, -0.6484243273735046, 82.51641845703125, 0.7074612379074097, -0.30000001192092896
41.113698959350586, 0.8053335547447205, -0.5516164302825928, 0.49539458751678467, 101.17523193359375, 0.7074612379074097, -0.30000001192092896
41.123687505722046, 0.8010782599449158, -0.5449802279472351, 1.2220755815505981, 91.3587646484375, 0.6899040937423706, -0.30000001192092896
41.133697509765625, 0.7771381139755249, -0.47470882534980774, 2.2198452949523926, 69.693359375, 0.6899040937423706, -0.30000001192092896
41.143759965896606, 0.7707551717758179, -0.5351755023002625, 3.0452136993408203, 77.29644012451172, 0.6899040937423706, -0.30000001192092896
41.1537139415741, 0.7664998173713684, -0.4865364134311676, -2.5804965496063232, 72.74815368652344, 0.6899040937423706, -0.30000001192092896
41.16374659538269, 0.7481368184089661, -3.3112478256225586, -1.6734760999679565, 71.38102722167969, 0.675796389579773, -0.30000001192092896
41.173691749572754, 0.7438815236091614, -0.498160719871521, -1.109311580657959, 66.85414123535156, 0.675796389579773, -0.30000001192092896
41.18372344970703, 0.7396261692047119, -0.5658878087997437, -0.264874666929245, 73.79371643066406, 0.675796389579773, -0.30000001192092896
41.193711042404175, 0.7353708744049072, -0.5007323026657104, 0.2626279294490814, 56.65765380859375, 0.675796389579773, -0.30000001192092896
41.20372128486633, 0.7183602452278137, -3.281174659729004, 1.0769535303115845, 66.2158203125, 0.6651687622070312, -0.30000001192092896
41.21369481086731, 0.714104950428009, -0.5065590739250183, 1.5700476169586182, 66.31693267822266, 0.6651687622070312, -0.30000001192092896
41.22374248504639, 0.7077219486236572, -0.5215388536453247, 2.2455646991729736, 64.2977294921875, 0.6651687622070312, -0.30000001192092896
41.23372507095337, 0.7034666538238525, -0.4956154227256775, 2.6447954177856445, 50.3788948059082, 0.6651687622070312, -0.30000001192092896
41.243706941604614, 0.6894436478614807, -2.966616153717041, -2.9452412128448486, -1508.35498046875, 0.6554011106491089, -0.30000001192092896
41.25369191169739, 0.6894436478614807, 0.0, -2.4930617809295654, 55.494728088378906, 0.6554011106491089, -0.30000001192092896
41.26372003555298, 0.685188353061676, -0.5526412725448608, -1.8781801462173462, 51.569313049316406, 0.6554011106491089, -0.30000001192092896
41.27375411987305, 0.685188353061676, 0.0, -1.5169103145599365, 47.56607437133789, 0.6554011106491089, -0.30000001192092896
41.28370547294617, 0.6722021102905273, -2.692842960357666, -1.0588679313659668, 41.5543098449707, 0.6466702222824097, -0.30000001192092896
41.293708086013794, 0.670074462890625, 0.0, -0.736844539642334, 41.52016067504883, 0.6466702222824097, -0.30000001192092896
41.30374193191528, 0.6679468154907227, 0.0, -0.28742319345474243, 57.18394470214844, 0.6466702222824097, -0.30000001192092896
41.31371021270752, 0.6658191680908203, 0.0, 0.1015668511390686, 24.45205307006836, 0.6466702222824097, -0.30000001192092896
41.32372736930847, 0.6539707779884338, -2.975618362426758, 0.4141108989715576, 56.54994201660156, 0.6369494795799255, -0.30000001192092896
41.33370757102966, 0.6539707779884338, 0.0, 0.6965928673744202, 51.52505111694336, 0.6369494795799255, -0.30000001192092896
41.343695878982544, 0.6518430709838867, 0.0, 1.0832412242889404, 28.65321159362793, 0.6369494795799255, -0.30000001192092896
41.353699922561646, 0.6518430709838867, 0.0, 1.3449469804763794, 24.810802459716797, 0.6369494795799255, -0.30000001192092896
41.36371183395386, 0.6408777236938477, -2.684880256652832, 1.5509636402130127, 24.8704776763916, 0.6259841322898865, -0.30000001192092896
41.37369656562805, 0.6408777236938477, 0.0, 1.771945834159851, 20.441072463989258, 0.6259841322898865, -0.30000001192092896
41.38371825218201, 0.6430054306983948, 0.5584862232208252, 1.8849197626113892, 15.82187271118164, 0.6259841322898865, -0.30000001192092896
41.393697023391724, 0.6430054306983948, 0.0, 2.0409624576568604, 13.036731719970703, 0.6259841322898865, -0.30000001192092896
41.40370535850525, 0.6329585313796997, -2.882514715194702, 2.1289408206939697, 9.425297737121582, 0.6138095855712891, -0.30000001192092896
41.41370964050293, 0.6372138261795044, 0.5891240239143372, 2.2149078845977783, 10.31623649597168, 0.6138095855712891, -0.30000001192092896
41.423705101013184, 0.6393414735794067, 0.5123465061187744, 2.357225179672241, 6.789473056793213, 0.6138095855712891, -0.30000001192092896
41.43374061584473, 0.6435968279838562, 0.5633870363235474, 2.2376198768615723, -1.0949212312698364, 0.6138095855712891, -0.30000001192092896
41.44370651245117, 0.6457244753837585, 0.49498313665390015, 2.2005698680877686, -7.785539150238037, 0.600793719291687, -0.30000001192092896
41.453737020492554, 0.6161991357803345, 0.4840289056301117, 2.333332061767578, -4.470439434051514, 0.600793719291687, -0.30000001192092896
41.46374726295471, 0.6189018487930298, 0.46227699518203735, 2.165510416030884, -28.97905921936035, 0.600793719291687, -0.30000001192092896
41.473724603652954, 0.6243072152137756, 0.5138925909996033, 2.2026824951171875, -11.857955932617188, 0.600793719291687, -0.30000001192092896
41.483694314956665, 0.6243072152137756, 0.0, 2.175328016281128, -5.279937744140625, 0.5883364677429199, 0.25
41.493754386901855, 0.6172553896903992, 0.4842149615287781, 2.094792127609253, -12.867036819458008, 0.5883364677429199, 0.25
41.50371241569519, 0.6199581027030945, 0.0, 2.034944534301758, -3.630000591278076, 0.5883364677429199, 0.25
41.51372408866882, 0.6226608157157898, 0.4703911542892456, 1.8277775049209595, -36.056331634521484, 0.5883364677429199, 0.25
41.523765563964844, 0.6253634691238403, 0.0, 1.7335542440414429, -19.448543548583984, 0.5760868191719055, 0.25
41.53373670578003, 0.6484272480010986, 7.7836527824401855, 0.061737388372421265, -339.14459228515625, 0.5760868191719055, 0.25
41.54371976852417, 0.6548102498054504, 9.759014129638672, 0.25594374537467957, -274.3710021972656, 0.5760868191719055, 0.25
41.55371356010437, 0.6590655446052551, 10.199320793151855, 0.5151934623718262, -134.57183837890625, 0.5760868191719055, 0.25
41.56369996070862, 0.6239246726036072, 0.4463326632976532, 0.6714113354682922, -24.235061645507812, 0.5707574486732483, 0.25
41.57374596595764, 0.6240006685256958, 0.4798288643360138, 0.27798548340797424, -33.96501159667969, 0.5707574486732483, 0.25
41.5836865901947, 0.6294060945510864, 0.4637141823768616, -0.0321628600358963, -22.183420181274414, 0.5707574486732483, 0.25
41.59370040893555, 0.6402168869972229, 0.9988507032394409, -0.4406245946884155, 1.8488715887069702, 0.5707574486732483, 0.25
41.60375237464905, 0.6429196000099182, 0.48880845308303833, -0.5836196541786194, -25.861963272094727, 0.5742071270942688, 0.25
41.613688945770264, 0.6544774174690247, 0.9824037551879883, -1.0535309314727783, -44.87167739868164, 0.5742071270942688, 0.25
41.623748540878296, 0.6571800708770752, 0.0, -1.5363155603408813, -40.49443817138672, 0.5742071270942688, 0.25
41.63374948501587, 0.676334798336029, 3.6861443519592285, -2.361643075942993, -126.87953186035156, 0.5742071270942688, 0.25
41.64370632171631, 0.6939520239830017, 3.493579387664795, -1.8185617923736572, 41.861995697021484, 0.5875690579414368, 0.25
41.65374970436096, 0.6982073783874512, 0.358266144990921, -1.504997968673706, 28.407047271728516, 0.5875690579414368, 0.25
41.66371250152588, 0.7003350257873535, 0.5451467037200928, -0.797593891620636, 104.32994079589844, 0.5875690579414368, 0.25
41.6737003326416, 0.6705420017242432, -5.219750881195068, 1.5143135786056519, 405.0477294921875, 0.5875690579414368, 0.25
41.683709144592285, 0.6759474277496338, 0.5074059963226318, 0.9870255589485168, -65.34144592285156, 0.6048538088798523, 0.25
41.6937255859375, 0.7013403177261353, 0.9673143625259399, 0.21998915076255798, -126.63591766357422, 0.6048538088798523, 0.25
41.703776359558105, 0.7218750715255737, 4.575906753540039, 1.9049724340438843, 568.3392944335938, 0.6048538088798523, 0.25
41.71371054649353, 0.7303857207298279, 1.051124930381775, 2.766388416290283, 88.33797454833984, 0.6048538088798523, 0.25
41.72372245788574, 0.74579918384552, 2.8929810523986816, -2.8087291717529297, -1289.7716064453125, 0.6138842701911926, 0.25
41.7337110042572, 0.7543097734451294, 1.0151349306106567, -2.2779417037963867, 60.46034240722656, 0.6138842701911926, 0.25
41.74371886253357, 0.7292896509170532, -4.637373447418213, -3.067922830581665, -180.76971435546875, 0.6138842701911926, 0.25
41.75372052192688, 0.7428032159805298, 1.4028491973876953, 2.2677371501922607, -77.89346313476562, 0.6138842701911926, 0.25
41.76369500160217, 0.7604042291641235, 2.256580352783203, 1.6086671352386475, -45.47906494140625, 0.6206744909286499, 0.25
41.7737295627594, 0.7658096551895142, 0.8991438746452332, 1.4153553247451782, -32.155799865722656, 0.6206744909286499, 0.25
41.78370904922485, 0.7908872365951538, 0.9737629890441895, 1.4277127981185913, 75.79710388183594, 0.6206744909286499, 0.25
41.79372024536133, 0.8015255331993103, 1.1905083656311035, 2.228015661239624, 87.9140853881836, 0.6206744909286499, 0.25
41.80369162559509, 0.8162696957588196, 2.011197566986084, -2.616511344909668, 120.47809600830078, 0.6290356516838074, 0.25
41.81371331214905, 0.7957924008369446, -4.515957832336426, -2.534844398498535, -56.200618743896484, 0.6290356516838074, 0.25
41.823700189590454, 0.8247803449630737, 5.850026607513428, -1.0512412786483765, -923.4822998046875, 0.6290356516838074, 0.25
41.83371710777283, 0.8290356397628784, 0.4607864320278168, -0.13121670484542847, 111.1268310546875, 0.6290356516838074, 0.25
41.843692779541016, 0.8479134440422058, 3.3659024238586426, 1.1013762950897217, 85.76768493652344, 0.6372751593589783, 0.25
41.85371923446655, 0.8542964458465576, 0.4348740875720978, 1.4952346086502075, 25.503257751464844, 0.6372751593589783, 0.25
41.863759994506836, 0.8606793880462646, 0.4950105845928192, 2.366365671157837, 97.5079574584961, 0.6372751593589783, 0.25
41.873701333999634, 0.8713176846504211, 0.5522992610931396, -2.0768914222717285, 106.20626831054688, 0.6372751593589783, 0.25
41.88372325897217, 0.8894116878509521, 3.27522873878479, -1.4929651021957397, 53.4393424987793, 0.6468585133552551, 0.25
41.8937087059021, 0.9000499844551086, 1.1177418231964111, -0.28195369243621826, 127.99755859375, 0.6468585133552551, 0.25
41.903700828552246, 0.9064329862594604, 0.5369788408279419, 0.7624203562736511, 119.79383087158203, 0.6468585133552551, 0.25
41.913697242736816, 0.9128159880638123, 0.5156622529029846, 1.7007708549499512, 51.860286712646484, 0.6468585133552551, 0.25
41.923696994781494, 0.9269208908081055, 2.8780465126037598, 2.8147382736206055, 136.05593872070312, 0.6567081212997437, 0.25
41.93371295928955, 0.9396868348121643, 1.6183372735977173, -1.940444827079773, 97.47715759277344, 0.6567081212997437, 0.25
41.94372820854187, 0.9460698366165161, 1.0886307954788208, -1.2306628227233887, 90.1323013305664, 0.6567081212997437, 0.25
41.953697681427, 0.9261676073074341, -4.078214645385742, 1.5101341009140015, 415.4565124511719, 0.6567081212997437, 0.25
41.96373271942139, 0.9651268124580383, 3.285245180130005, 1.4345839023590088, 100.7090835571289, 0.6672544479370117, 0.25
41.973694801330566, 0.9778927564620972, 1.6326475143432617, 2.8673744201660156, 167.10198974609375, 0.6672544479370117, 0.25
41.98373103141785, 0.9864034056663513, 1.0280572175979614, -2.3412575721740723, 126.77655029296875, 0.6672544479370117, 0.25
41.99370217323303, 0.9949139952659607, 0.5490710139274597, -1.1180739402770996, 112.4403076171875, 0.6672544479370117, 0.25
42.003689765930176, 1.0094655752182007, 7.614452362060547, 0.5408074855804443, -277.2818603515625, 0.6775506734848022, 0.25
42.01373314857483, 1.0158485174179077, 1.0720868110656738, 1.4406280517578125, 97.80323028564453, 0.6775506734848022, 0.25
42.02372407913208, 1.026486873626709, 1.017797827720642, 3.044917106628418, 161.6678009033203, 0.6775506734848022, 0.25
42.033732414245605, 1.032869815826416, 0.5442157983779907, -2.0488970279693604, 132.8001708984375, 0.6775506734848022, 0.25
42.043752670288086, 1.039252758026123, 1.041677474975586, -1.1928038597106934, 110.68803405761719, 0.6879835724830627, 0.25
42.053757190704346, 1.0581963062286377, 0.5323977470397949, 0.6712889671325684, 160.93283081054688, 0.6879835724830627, 0.25
42.063716888427734, 1.0645793676376343, 0.505497395992279, 1.5665255784988403, 97.52607727050781, 0.6879835724830627, 0.25
42.07369661331177, 1.075217604637146, 1.1039152145385742, -2.811316728591919, -1422.8682861328125, 0.6879835724830627, 0.25
42.08369994163513, 1.0934288501739502, 2.7476351261138916, -1.2916584014892578, 101.378662109375, 0.6976841688156128, 0.25
42.09373068809509, 1.0998117923736572, 0.4943798780441284, -0.0076480829156935215, 155.3677215576172, 0.6976841688156128, 0.25
42.10372519493103, 1.1040672063827515, 0.5069043636322021, 1.1946662664413452, 126.65985107421875, 0.6976841688156128, 0.25
42.113749742507935, 1.1104501485824585, 1.066640853881836, 2.9310851097106934, 205.50674438476562, 0.6976841688156128, 0.25
42.123695611953735, 1.1168330907821655, 0.939621090888977, -2.034125566482544, 121.21280670166016, 0.7074302434921265, 0.25
42.13370752334595, 1.1350898742675781, 0.542957603931427, -0.34847214818000793, 183.28277587890625, 0.7074302434921265, 0.25
42.14369249343872, 1.1350898742675781, 0.0, 1.1104145050048828, 138.65846252441406, 0.7074302434921265, 0.25
42.153703451156616, 1.1436004638671875, 0.5679767727851868, -2.712346315383911, -1378.80078125, 0.7074302434921265, 0.25
42.16374588012695, 1.1499834060668945, 0.5269901156425476, -1.8591902256011963, 131.1309356689453, 0.7170193195343018, 0.25
42.17370867729187, 1.1574448347091675, -0.5250368118286133, -0.022585604339838028, 186.28233337402344, 0.7170193195343018, 0.25
42.18371891975403, 1.1510618925094604, -0.4881865978240967, 1.1387747526168823, 113.5737075805664, 0.7170193195343018, 0.25
42.193700313568115, 1.1382958889007568, -1.081441044807434, 2.4341907501220703, 125.7553482055664, 0.7170193195343018, 0.25
42.203717947006226, 1.136612892150879, 1.12068772315979, -2.656935691833496, -1354.87890625, 0.7259745597839355, 0.25
42.21369481086731, 1.115336298942566, -2.095585584640503, -1.4311221837997437, 90.7780532836914, 0.7259745597839355, 0.25
42.22370529174805, 1.1025702953338623, -1.5980513095855713, -0.5004420876502991, 128.20130920410156, 0.7259745597839355, 0.25
42.233705043792725, 1.0876766443252563, -1.064350962638855, 1.0080751180648804, 104.65423583984375, 0.7259745597839355, 0.25
42.243781089782715, 1.0869771242141724, 1.4380971193313599, 1.7286533117294312, 101.129638671875, 0.7359132766723633, 0.25
42.25370764732361, 1.069955825805664, -1.592632532119751, -2.917090654373169, -1408.4317626953125, 0.7359132766723633, 0.25
42.263731241226196, 1.0614452362060547, -1.0800013542175293, -1.9615936279296875, 106.56291961669922, 0.7359132766723633, 0.25
42.27370548248291, 1.0508068799972534, -0.5659955143928528, -0.8009297251701355, 114.88545989990234, 0.7359132766723633, 0.25
42.283703327178955, 1.0521585941314697, 1.2739652395248413, 0.3254814147949219, 130.2425079345703, 0.745775580406189, 0.25
42.293705463409424, 1.0393925905227661, -1.1888431310653687, 1.5761895179748535, 104.9933090209961, 0.745775580406189, 0.25
42.30369520187378, 1.033009648323059, -0.4928508996963501, 2.4194459915161133, 108.3145751953125, 0.745775580406189, 0.25
42.313711643218994, 1.0266265869140625, -0.569426417350769, -2.2606120109558105, 200.43846130371094, 0.745775580406189, 0.25
42.32368993759155, 1.0223712921142578, -0.5274885296821594, -1.719550609588623, 83.34246063232422, 0.7562757730484009, -0.30000001192092896
42.33374619483948, 1.0264885425567627, -0.5661032199859619, -0.4211362898349762, 140.9086456298828, 0.7562757730484009, -0.30000001192092896
42.34372520446777, 1.0158501863479614, -1.5511096715927124, 0.8881281614303589, 175.66539001464844, 0.7562757730484009, -0.30000001192092896
42.35374855995178, 1.0094672441482544, -0.5139694213867188, 1.5722252130508423, 74.26982879638672, 0.7562757730484009, -0.30000001192092896
42.363757848739624, 1.0097101926803589, 1.6413270235061646, 2.7113819122314453, 105.40291595458984, 0.7650293111801147, -0.30000001192092896
42.37371110916138, 1.0033271312713623, -0.9622656106948853, -2.6735048294067383, 100.67948913574219, 0.7650293111801147, -0.30000001192092896
42.383748054504395, 0.9926888942718506, -0.964866578578949, -1.6949094533920288, 66.36927032470703, 0.7650293111801147, -0.30000001192092896
42.39375829696655, 0.9820505976676941, -1.5201948881149292, -0.8671465516090393, 126.94759368896484, 0.7650293111801147, -0.30000001192092896
42.403722524642944, 0.9661068916320801, -1.898927092552185, 0.08982759714126587, 82.58174133300781, 0.7575962543487549, -0.30000001192092896
42.4137282371521, 0.9575962424278259, -0.9727016091346741, 1.0614169836044312, 77.43596649169922, 0.7575962543487549, -0.30000001192092896
42.423707723617554, 0.9512133002281189, -0.5402622222900391, 1.9244483709335327, 76.48774719238281, 0.7575962543487549, -0.30000001192092896
42.43371343612671, 0.9490855932235718, -0.45832526683807373, 2.6763062477111816, 88.70694732666016, 0.7575962543487549, -0.30000001192092896
42.443702936172485, 0.9307872653007507, -3.771606683731079, -2.303528308868408, 87.54059600830078, 0.7435532212257385, -0.30000001192092896
42.45370149612427, 0.926531970500946, -0.5452799201011658, -1.6910455226898193, 37.751564025878906, 0.7435532212257385, -0.30000001192092896
42.46370792388916, 0.9222766160964966, -0.5480257272720337, -0.7090935707092285, 96.48217010498047, 0.7435532212257385, -0.30000001192092896
42.47370147705078, 0.9201489686965942, -0.4955328404903412, 0.16525501012802124, 106.59022521972656, 0.7435532212257385, -0.30000001192092896
42.483750104904175, 0.9011826515197754, -4.663257122039795, 1.1900016069412231, 72.10802459716797, 0.7245869040489197, -0.30000001192092896
42.493757009506226, 0.9011826515197754, 0.0, 1.7588683366775513, 48.323734283447266, 0.7245869040489197, -0.30000001192092896
42.50372886657715, 0.9011826515197754, 0.0, 2.675776720046997, 83.23635864257812, 0.7245869040489197, -0.30000001192092896
42.51370024681091, 0.9011826515197754, 0.0, -2.511969804763794, 87.33650970458984, 0.7245869040489197, -0.30000001192092896
42.52369546890259, 0.8814278841018677, -4.872251033782959, -1.5224456787109375, 93.39614868164062, 0.704832136631012, -0.30000001192092896
42.533714056015015, 0.8814278841018677, 0.0, -1.0224958658218384, 66.38850402832031, 0.704832136631012, -0.30000001192092896
42.54370999336243, 0.8814278841018677, 0.0, -0.08083533495664597, 87.95913696289062, 0.704832136631012, -0.30000001192092896
42.55374574661255, 0.8793002367019653, -0.5604855418205261, 0.3959677517414093, 78.35365295410156, 0.704832136631012, -0.30000001192092896
42.563735008239746, 0.857381284236908, -4.968014240264893, 1.1077479124069214, 53.023223876953125, 0.687168538570404, -0.30000001192092896
42.57369685173035, 0.8531259894371033, -0.5591160655021667, 1.587002158164978, 74.98057556152344, 0.687168538570404, -0.30000001192092896
42.58370113372803, 0.8488706946372986, -0.5676155090332031, 2.07832670211792, 56.17591094970703, 0.687168538570404, -0.30000001192092896
42.59371495246887, 0.8467429876327515, -0.45219412446022034, 2.4479150772094727, 30.385969161987305, 0.687168538570404, -0.30000001192092896
42.60374712944031, 0.8467429876327515, 0.0, -3.1189651489257812, -1511.730224609375, 0.6731386184692383, -0.30000001192092896
42.61375093460083, 0.8327130675315857, 0.5283629894256592, -2.445188045501709, 49.14854049682617, 0.6731386184692383, -0.30000001192092896
42.62369966506958, 0.8305854201316833, -0.522301971912384, -2.065847158432007, 48.95569610595703, 0.6731386184692383, -0.30000001192092896
42.633689165115356, 0.8305854201316833, 0.0, -1.699574589729309, 36.623008728027344, 0.6731386184692383, -0.30000001192092896
42.643688678741455, 0.8305854201316833, 0.0, -1.436663269996643, 30.03621482849121, 0.6624587178230286, -0.30000001192092896
42.65373086929321, 0.8177778720855713, 0.0, -1.0170382261276245, 38.3015251159668, 0.6624587178230286, -0.30000001192092896
42.66370153427124, 0.815650224685669, 0.0, -0.5914117097854614, 59.19459915161133, 0.6624587178230286, -0.30000001192092896
42.6737015247345, 0.8135225772857666, 0.0, -0.15334537625312805, 43.2396354675293, 0.6624587178230286, -0.30000001192092896
42.68369770050049, 0.8017553091049194, -2.3626043796539307, 0.28005579113960266, 38.384681701660156, 0.6528191566467285, -0.30000001192092896
42.69371962547302, 0.7996276617050171, 0.0, 0.5378758907318115, 34.682228088378906, 0.6528191566467285, -0.30000001192092896
42.70370125770569, 0.7975000143051147, -0.5657443404197693, 0.8685486912727356, 23.148181915283203, 0.6528191566467285, -0.30000001192092896
42.713728189468384, 0.7975000143051147, 0.0, 1.1308646202087402, 38.017208099365234, 0.6528191566467285, -0.30000001192092896
42.72370004653931, 0.7888140678405762, -2.2040958404541016, 1.2715884447097778, 16.97873878479004, 0.6441332101821899, -0.30000001192092896
42.73369789123535, 0.7888140678405762, 0.0, 1.3975058794021606, 14.84892749786377, 0.6441332101821899, -0.30000001192092896
42.74369788169861, 0.7888140678405762, 0.0, 1.5570372343063354, 10.723779678344727, 0.6441332101821899, -0.30000001192092896
42.753692865371704, 0.7888140678405762, 0.0, 1.6644712686538696, 19.50117301940918, 0.6441332101821899, -0.30000001192092896
42.76370072364807, 0.7831861972808838, -1.8858455419540405, 1.796587347984314, 9.984212875366211, 0.6342500448226929, -0.30000001192092896
42.77370476722717, 0.7831861972808838, 0.0, 1.8814308643341064, 7.779744625091553, 0.6342500448226929, -0.30000001192092896
42.783698081970215, 0.7874415516853333, 0.5646703839302063, 1.9918975830078125, 9.633380889892578, 0.6342500448226929, -0.30000001192092896
42.79369759559631, 0.7895691990852356, 0.0, 2.03617000579834, 5.319607257843018, 0.6342500448226929, -0.30000001192092896
42.80375099182129, 0.7827727198600769, -2.240673303604126, 2.092930793762207, 1.039620280265808, 0.6231982707977295, -0.30000001192092896
42.81370186805725, 0.784900426864624, 0.4661296010017395, 2.120299816131592, 1.136094570159912, 0.6231982707977295, -0.30000001192092896
42.823689460754395, 0.7891557216644287, 0.569462776184082, 2.119102954864502, -2.983246088027954, 0.6231982707977295, -0.30000001192092896
42.83372616767883, 0.791283369064331, 0.4710007309913635, 2.1156766414642334, 14.655783653259277, 0.6231982707977295, -0.30000001192092896
42.84369492530823, 0.7831799387931824, -2.9292778968811035, 2.0786890983581543, -1.7709101438522339, 0.6108394861221313, -0.30000001192092896
42.853747606277466, 0.7874352335929871, 0.504440188407898, 2.0424304008483887, -5.269955635070801, 0.6108394861221313, -0.30000001192092896
42.86370658874512, 0.7916905283927917, 0.538436770439148, 1.957794427871704, -8.67605972290039, 0.6108394861221313, -0.30000001192092896
42.87371110916138, 0.7959458827972412, 0.5062429904937744, 1.8834818601608276, -9.860471725463867, 0.6108394861221313, -0.30000001192092896
42.88369560241699, 0.787207841873169, -2.6572182178497314, 1.7436096668243408, -6.638317584991455, 0.5978461503982544, 0.25
42.8937132358551, 0.7893354892730713, 0.5260272026062012, 1.6334229707717896, -15.593952178955078, 0.5978461503982544, 0.25
42.90373873710632, 0.7935908436775208, 0.6152820587158203, 1.4325231313705444, -18.743000030517578, 0.5978461503982544, 0.25
42.91369986534119, 0.7957184910774231, 0.5068755745887756, 1.2777985334396362, -19.026012420654297, 0.5978461503982544, 0.25
42.923736572265625, 0.7862789034843445, -3.0894358158111572, 1.0582854747772217, -13.016298294067383, 0.5862789154052734, 0.25
42.933773040771484, 0.790534257888794, 0.5224242806434631, 0.8791155219078064, -25.51070785522461, 0.5862789154052734, 0.25
42.94369983673096, 0.796917200088501, 1.1933740377426147, 0.4147644639015198, -49.66419219970703, 0.5862789154052734, 0.25
42.95370531082153, 0.7990448474884033, 0.4590089023113251, 0.13414868712425232, -46.26298522949219, 0.5862789154052734, 0.25
42.96371126174927, 0.8047897219657898, 0.8072980046272278, -0.17418670654296875, -33.182403564453125, 0.5877684354782104, 0.25
42.97372508049011, 0.8069173693656921, 0.44473493099212646, -0.507404088973999, -34.5687141418457, 0.5877684354782104, 0.25
42.98373007774353, 0.8111726641654968, 0.0, -1.1302274465560913, -45.10249710083008, 0.5877684354782104, 0.25
42.99369931221008, 0.813300371170044, 0.0, -1.6546119451522827, -64.76649475097656, 0.5877684354782104, 0.25
43.00381278991699, 0.820417046546936, 1.2493581771850586, -1.9691929817199707, -48.75094985961914, 0.5927574634552002, 0.25
43.01376414299011, 0.8225446939468384, 0.5056119561195374, -2.328664779663086, -42.481414794921875, 0.5927574634552002, 0.25
43.02373552322388, 0.8225446939468384, 0.0, -2.926983594894409, -54.33172607421875, 0.5927574634552002, 0.25
43.03371572494507, 0.8246723413467407, 0.0, 2.7236926555633545, -54.54732131958008, 0.5927574634552002, 0.25
43.04375410079956, 0.8350706696510315, 1.849517583847046, 2.304023504257202, -46.57789611816406, 0.5989004373550415, 0.25
43.053701877593994, 0.8414536118507385, 0.5571960210800171, 1.6728150844573975, -53.801307678222656, 0.5989004373550415, 0.25
43.06372785568237, 0.845708966255188, 0.5482277274131775, 1.2287249565124512, -63.22514343261719, 0.5989004373550415, 0.25
43.07370209693909, 0.8542196154594421, 0.5750032663345337, 0.4786151349544525, -71.63641357421875, 0.5989004373550415, 0.25
43.08374094963074, 0.8563472628593445, 0.0, -0.08455759286880493, -72.28507995605469, 0.6135917901992798, 0.25
43.0937180519104, 0.8731662631034851, 0.0, -0.992954671382904, -82.35324096679688, 0.6135917901992798, 0.25
43.10374045372009, 0.8710386157035828, 0.0, -1.583033561706543, -62.17804718017578, 0.6135917901992798, 0.25
43.113696813583374, 0.8689109683036804, 0.0, -2.4914705753326416, -75.00357055664062, 0.6135917901992798, 0.25
43.123730182647705, 0.8831743001937866, 3.486697196960449, -3.120948553085327, -80.49104309082031, 0.627855122089386, 0.25
43.13371729850769, 0.891684889793396, 1.112169861793518, 2.210805892944336, -82.0394287109375, 0.627855122089386, 0.25
43.14372444152832, 0.8959402441978455, 0.5585561394691467, 1.5514241456985474, -98.14594268798828, 0.627855122089386, 0.25
43.15370225906372, 0.9023231863975525, 0.0, 0.6303454637527466, -86.41555786132812, 0.627855122089386, 0.25
43.16369557380676, 0.9210309386253357, 3.8484671115875244, 0.02460882067680359, -64.20624542236328, 0.6423075199127197, 0.25
43.17369484901428, 0.923158586025238, 0.4561465382575989, -0.6669849157333374, -69.69680786132812, 0.6423075199127197, 0.25
43.183730363845825, 0.9274138808250427, 0.5611904859542847, -1.6542303562164307, -77.20640563964844, 0.6423075199127197, 0.25
43.19369578361511, 0.9316692352294922, 0.5364623665809631, -2.3291547298431396, -84.3672103881836, 0.6423075199127197, 0.25
43.20370316505432, 0.9518731236457825, 3.560096502304077, 2.907853126525879, 1530.33935546875, 0.6540007591247559, 0.25
43.21368980407715, 0.9561284184455872, 0.5038989782333374, 2.164959192276001, -91.4855728149414, 0.6540007591247559, 0.25
43.22370958328247, 0.9603837132453918, 0.0, 1.082231879234314, -95.66455841064453, 0.6540007591247559, 0.25
43.2337007522583, 0.9646390676498413, 0.5053256750106812, -0.07484123110771179, -99.18155670166016, 0.6540007591247559, 0.25
43.24372887611389, 0.9811198711395264, 3.0383095741271973, -0.8839295506477356, -105.43122100830078, 0.6640986204147339, 0.25
43.25370907783508, 0.9917581677436829, 0.5399353504180908, -1.9942471981048584, -96.55873107910156, 0.6640986204147339, 0.25
43.26372146606445, 0.9960135221481323, 0.0, -2.786435842514038, -95.74639892578125, 0.6640986204147339, 0.25
43.27369427680969, 1.000268816947937, 0.5778703093528748, 2.2261202335357666, -116.93482208251953, 0.6640986204147339, 0.25
43.283695697784424, 1.011073350906372, 2.5346803665161133, 1.409266710281372, -89.59294128417969, 0.6727755069732666, 0.25
43.29370403289795, 1.019584059715271, 1.0960514545440674, 0.1751081943511963, -109.57717895507812, 0.6727755069732666, 0.25
43.30369305610657, 1.0280946493148804, 1.0483466386795044, -0.6762897372245789, -103.28038787841797, 0.6727755069732666, 0.25
43.313695430755615, 1.0344775915145874, 0.0, -1.9807640314102173, -106.0955810546875, 0.6727755069732666, 0.25
43.32374691963196, 1.0449272394180298, 1.8720836639404297, -2.8415536880493164, -93.92250061035156, 0.6810975074768066, 0.25
43.333739280700684, 1.049182653427124, 0.5690996050834656, 2.015749454498291, -131.854736328125, 0.6810975074768066, 0.25
43.34372329711914, 1.0576932430267334, 0.8479713797569275, 1.1602160930633545, -91.4093246459961, 0.6810975074768066, 0.25
43.35370349884033, 1.0683315992355347, 1.1368217468261719, -0.21965432167053223, -124.65473175048828, 0.6810975074768066, 0.25
43.36372995376587, 1.0809863805770874, 2.620122194290161, -1.1649770736694336, -120.1400146484375, 0.6894970536231995, 0.25
43.37371802330017, 1.085241675376892, 0.5616496205329895, -2.5759825706481934, -122.70616149902344, 0.6894970536231995, 0.25
43.38373255729675, 1.0894970893859863, 0.4560067057609558, 2.9952688217163086, 1286.54052734375, 0.6894970536231995, 0.25
43.393691539764404, 1.100135326385498, 0.52801913022995, 1.308158278465271, -122.1048812866211, 0.6894970536231995, 0.25
43.40372657775879, 1.1135339736938477, 2.792654275894165, 0.3058711588382721, -111.61792755126953, 0.6986404061317444, 0.25
43.413689374923706, 1.117789387702942, 0.5514119267463684, -1.2370539903640747, -132.60044860839844, 0.6986404061317444, 0.25
43.42372131347656, 1.1220446825027466, 0.5309723019599915, -2.2470345497131348, -126.60760498046875, 0.6986404061317444, 0.25
43.433703660964966, 1.1284276247024536, 0.529334545135498, 2.4807403087615967, -131.1801300048828, 0.6986404061317444, 0.25
43.4436981678009, 1.1401561498641968, 1.9221360683441162, 1.3648706674575806, -115.2527847290039, 0.7082412242889404, 0.25
43.45368933677673, 1.1444114446640015, 0.5736357569694519, -0.19609087705612183, -143.1599578857422, 0.7082412242889404, 0.25
43.463762283325195, 1.1486667394638062, 0.5641706585884094, -1.2648073434829712, -141.26507568359375, 0.7082412242889404, 0.25
43.47370147705078, 1.1550496816635132, 0.0, -2.858691930770874, -133.42626953125, 0.7082412242889404, 0.25
43.483696699142456, 1.161074161529541, 2.0071732997894287, 2.3714234828948975, -128.54579162597656, 0.7185209393501282, 0.25
43.49372315406799, 1.152563452720642, -0.9983276724815369, 1.4055043458938599, -110.76697540283203, 0.7185209393501282, 0.25
43.50371956825256, 1.139797568321228, -1.0452768802642822, 0.22678521275520325, -96.32614135742188, 0.7185209393501282, 0.25
43.513694763183594, 1.131286859512329, -1.011395812034607, -0.5570672154426575, -92.193359375, 0.7185209393501282, 0.25
43.523714542388916, 1.1240813732147217, 0.8260526061058044, -1.722346544265747, -95.10611724853516, 0.7283366918563843, 0.25
43.53371548652649, 1.1091877222061157, -1.849640130996704, -2.4764177799224854, -81.4352035522461, 0.7283366918563843, 0.25
43.54373788833618, 1.0879111289978027, -1.6100645065307617, 2.4002482891082764, -106.86354064941406, 0.7283366918563843, 0.25
43.55372190475464, 1.0794005393981934, -1.1265608072280884, 1.5999863147735596, -104.98400115966797, 0.7283366918563843, 0.25
43.563719511032104, 1.0730175971984863, -0.5288953185081482, 0.8750662207603455, -88.94229125976562, 0.7388749718666077, 0.25
43.573750734329224, 1.0729175806045532, -1.0700300931930542, -0.25743457674980164, -101.30628967285156, 0.7388749718666077, 0.25
43.583704710006714, 1.0580239295959473, -1.7392420768737793, -1.4496452808380127, -103.47701263427734, 0.7388749718666077, 0.25
43.59372520446777, 1.0495132207870483, -0.9177345633506775, -2.1825318336486816, -75.84535217285156, 0.7388749718666077, 0.25
43.60372495651245, 1.0431302785873413, -0.5181172490119934, -2.9413371086120605, -98.05767822265625, 0.7488986253738403, 0.25
43.613725900650024, 1.0467709302902222, -0.5448803901672363, 2.1979622840881348, -95.79558563232422, 0.7488986253738403, 0.25
43.62371253967285, 1.0425156354904175, -0.5053828954696655, 1.4216779470443726, -93.8680648803711, 0.7488986253738403, 0.25
43.633739709854126, 1.0361326932907104, -0.57470703125, 0.28341710567474365, -115.0417709350586, 0.7488986253738403, 0.25
43.64370155334473, 1.039931297302246, 1.9816360473632812, -0.832311749458313, -87.4664306640625, 0.7590802907943726, -0.30000001192092896
43.65373134613037, 1.0356760025024414, -0.5640636682510376, -1.5562714338302612, -81.8537826538086, 0.7590802907943726, -0.30000001192092896
43.66369676589966, 1.0314207077026367, -0.5630671381950378, -2.6179864406585693, -92.2798080444336, 0.7590802907943726, -0.30000001192092896
43.67375469207764, 1.0292930603027344, -0.4924972951412201, 2.990755081176758, 1372.1807861328125, 0.7590802907943726, -0.30000001192092896
43.68372917175293, 1.0269217491149902, 0.985498309135437, 2.0046277046203613, -77.62201690673828, 0.7673473358154297, -0.30000001192092896
43.69370937347412, 1.0226664543151855, -0.4993034899234772, 1.5609130859375, -33.80602264404297, 0.7673473358154297, -0.30000001192092896
43.703697204589844, 1.0099005699157715, -1.0871057510375977, 0.7096718549728394, -75.70337677001953, 0.7673473358154297, -0.30000001192092896
43.71371245384216, 1.0056451559066772, -0.45447397232055664, 0.09526893496513367, -68.83200073242188, 0.7673473358154297, -0.30000001192092896
43.72369956970215, 0.9908730983734131, -2.616284132003784, -0.7766773104667664, -72.1273422241211, 0.7589582204818726, -0.30000001192092896
43.733741760253906, 0.9887454509735107, -0.5569177865982056, -1.3345364332199097, -73.54061126708984, 0.7589582204818726, -0.30000001192092896
43.74374079704285, 0.9866178035736084, -0.5770482420921326, -2.165818929672241, -71.93926239013672, 0.7589582204818726, -0.30000001192092896
43.75373983383179, 0.984490156173706, 0.0, -2.7461254596710205, -60.405094146728516, 0.7589582204818726, -0.30000001192092896
43.76372027397156, 0.9617209434509277, -4.19512939453125, 2.457362413406372, -81.51287841796875, 0.7446996569633484, -0.30000001192092896
43.77369546890259, 0.9595932960510254, -0.47755396366119385, 2.0091326236724854, -72.2696533203125, 0.7446996569633484, -0.30000001192092896
43.783705949783325, 0.9574655890464783, 0.0, 1.0597589015960693, -69.18769836425781, 0.7446996569633484, -0.30000001192092896
43.79375720024109, 0.9595932960510254, 0.0, 0.5320320725440979, -69.41268157958984, 0.7446996569633484, -0.30000001192092896
43.80372643470764, 0.9445921182632446, -4.206783294677734, -0.1908169984817505, -70.22158813476562, 0.7254431843757629, -0.30000001192092896
43.81369996070862, 0.9488474130630493, 0.46486696600914, -0.7219219207763672, -56.68574142456055, 0.7254431843757629, -0.30000001192092896
43.823729038238525, 0.9509751200675964, 0.0, -1.671515941619873, -64.637451171875, 0.7254431843757629, -0.30000001192092896
43.83370566368103, 0.9531027674674988, 0.0, -2.2070512771606445, -72.59774017333984, 0.7254431843757629, -0.30000001192092896
43.84369730949402, 0.9315319657325745, -5.605610370635986, -2.9244935512542725, -99.94436645507812, 0.706000030040741, -0.30000001192092896
43.853703022003174, 0.9315319657325745, 0.0, 2.988046884536743, 1312.697998046875, 0.706000030040741, -0.30000001192092896
43.86370277404785, 0.9315319657325745, 0.0, 2.2264957427978516, -56.50936508178711, 0.706000030040741, -0.30000001192092896
43.87370944023132, 0.9315319657325745, 0.0, 1.9425668716430664, -20.747112274169922, 0.706000030040741, -0.30000001192092896
