7.073313236236572, 0.023404255509376526, 0.5742265418891963, -1.8939082622528076, -86.3913227996866, 0.0, 0.0
7.083295106887817, 0.027659574523568153, 0.0, -2.487413167953491, -74.01451215216626, 0.0, 0.0
7.093334197998047, 0.03617021441459656, 0.6237113852390271, -2.8846776485443115, -54.06668546454251, 0.0, 0.0
7.103321313858032, 0.042553190141916275, 0.6004606967433723, 2.8537299633026123, -46.66976806007842, 0.0, 0.0
7.113307237625122, 0.04893616959452629, 0.5862213016488209, 2.3871724605560303, -29.523039868162517, 0.0, 0.0
7.1232969760894775, 0.05531914904713631, 1.1529786417958656, 1.9468307495117188, -61.9844006030019, 0.0, 0.0
7.133310794830322, 0.0659574493765831, 1.1747587293490422, 1.234344482421875, -64.6938420084122, 0.0, 0.0
7.143307685852051, 0.07446808367967606, 1.2412611273384797, 0.6096020340919495, -73.18068150590821, 0.0, 0.0
7.1532886028289795, 0.08510638028383255, 1.0973313095604058, -0.02281946875154972, -65.6249136820258, 0.0, 0.0
7.163314342498779, 0.0936170220375061, 0.602936456996149, -0.664455235004425, -35.3012785262579, 0.0, 0.0
7.173297882080078, 0.10212765634059906, 0.6131669128761852, -1.3579915761947632, -42.75928126966371, 0.0, 0.0
7.183317422866821, 0.10851063579320908, 1.1575389940981906, -1.92189621925354, -80.07799194666315, 0.0, 0.0
7.193325996398926, 0.11702127754688263, 0.6146471864453474, -2.6593854427337646, -41.2375846122914, 0.0, 0.0
7.203305721282959, 0.12765957415103912, 0.5453805842449428, 2.7274487018585205, -51.76946126093072, 0.0, 0.0
7.213306188583374, 0.14042553305625916, 0.625854723332632, 1.966174602508545, -44.69082091650267, 0.0, 0.0
7.223289489746094, 0.15106382966041565, 1.8874876621545402, 1.3105000257492065, -91.1710064759849, 0.0, 0.0
7.233305931091309, 0.16382978856563568, 1.0980758582502768, 0.2709803283214569, -89.99613457518751, 0.0, 0.0
7.243305683135986, 0.17446808516979218, 1.175069128974916, -0.6028141379356384, -96.04578450520833, 0.0, 0.0
7.253293752670288, 0.18510638177394867, 1.2150673973721833, -1.5199122428894043, -112.19643992371265, 0.0, 0.0
7.263282060623169, 0.19574467837810516, 0.570191201840138, -2.461057424545288, -52.14746167378738, 0.0, 0.0
7.273294448852539, 0.20425531268119812, 1.2248190021959924, 3.0582187175750732, 1724.8796205886456, 0.0, 0.0
7.283324956893921, 0.2191489338874817, 1.22557594589027, 2.1158862113952637, -64.91556584502247, 0.0, 0.0
7.293328285217285, 0.2361702173948288, 1.8196280500237885, 0.9447594881057739, -113.32401281426283, 0.0, 0.0
7.30327844619751, 0.24893617630004883, 1.2118498777838131, -0.07117197662591934, -110.74952837244864, 0.0, 0.0
7.313287258148193, 0.26170212030410767, 0.5856027298379158, -1.119806170463562, -61.236980719538856, 0.0, 0.0
7.323318243026733, 0.27234041690826416, 1.190113022604521, -1.985456109046936, -115.31433331155681, 0.5830802917480469, 0.0
7.33336329460144, 0.28723403811454773, 1.1819167604794385, 2.9567689895629883, 1571.719930609098, 0.5830522179603577, 0.0
7.3433287143707275, 0.30000001192092896, 1.8275820875145061, 2.064234495162964, -124.96134531518436, 0.5830522179603577, 0.0
7.353278398513794, 0.31702128052711487, 1.1530541378642032, 0.6658119559288025, -120.37347071181414, 0.5830522179603577, 0.0
7.363297700881958, 0.3297872245311737, 1.743998762295616, -0.29375001788139343, -129.01366527450105, 0.5830801129341125, 0.0
7.373334646224976, 0.3446808457374573, 1.7583163667411008, -1.4941409826278687, -129.59480576996077, 0.5830801129341125, 0.0
7.38330864906311, 0.35957446694374084, 1.1785608161648178, -3.0194811820983887, -137.7679895901106, 0.5830801129341125, 0.0
7.393300771713257, 0.3744680881500244, 1.73103097116255, 1.9878696203231812, -139.20341334365725, 0.5830801129341125, 0.0
7.403346300125122, 0.38723403215408325, 1.744794382168926, 0.9587152004241943, -148.63857975622682, 0.5831378102302551, 0.0
7.413318395614624, 0.40851062536239624, 1.7957022603796364, -0.6249337792396545, -140.4280010303967, 0.5831378102302551, 0.0
7.423277378082275, 0.42127659916877747, 1.1631989702815433, -1.9717644453048706, -144.765352004111, 0.5831378102302551, 0.0
7.433308124542236, 0.43191489577293396, 1.2781527499283873, -3.09501314163208, -176.81781672143117, 0.5831378102302551, 0.0
7.44328761100769, 0.4489361643791199, 1.9442356572258532, 1.8054243326187134, -162.55716947281257, 0.5831378102302551, 0.0
7.453308582305908, 0.47021275758743286, 1.9321683747113163, 0.09406444430351257, -166.4402052693943, 0.5831378102302551, 0.0
7.463308334350586, 0.48510637879371643, 1.8306978254923414, -1.3783702850341797, -154.90126356178882, 0.5831378102302551, 0.0
7.473287343978882, 0.49787235260009766, 1.2532035528717878, -2.8666961193084717, -170.4545085296507, 0.5831378102302551, 0.0
7.48328971862793, 0.5127659440040588, 2.1763352030240215, 2.2069666385650635, -155.50810876722352, 0.5831378102302551, 0.0
7.493305206298828, 0.5297872424125671, 1.739135377419774, 0.706549346446991, -164.94605707970354, 0.5831378102302551, 0.0
7.503302812576294, 0.5510638356208801, 1.684530925564714, -1.1409584283828735, -159.08387556547066, 0.5831378102302551, 0.0
7.51331901550293, 0.5617021322250366, 1.6486390787610075, -2.4115748405456543, -167.11447385082943, 0.5831378102302551, 0.0
7.52331280708313, 0.5765957236289978, 1.9007454739084133, 2.2482848167419434, -194.946120536665, 0.5830801129341125, 0.0
7.5332934856414795, 0.5978723168373108, 1.6512675013877753, 0.2955929934978485, -166.85928974172427, 0.5830801129341125, 0.0
7.543318271636963, 0.6106383204460144, 1.8703541986866006, -1.0452467203140259, -194.10910929786067, 0.5830801129341125, 0.0
7.553312540054321, 0.6255319118499756, 1.8932359804822856, -2.729595184326172, -194.73955991552558, 0.5830801129341125, 0.0
7.563317775726318, 0.6404255032539368, 1.722890790913186, 1.8367191553115845, -184.52861493560053, 0.5830520391464233, 0.0
7.573323011398315, 0.6574468016624451, 0.6086897210285792, 0.10231208056211472, -99.92354838434794, 0.5830520391464233, 0.0
7.583288192749023, 0.6744681000709534, 1.1320003805416377, -2.0374746322631836, -193.31504681950275, 0.5830520391464233, 0.0
7.593300104141235, 0.6851063966751099, 1.6469149852362204, 2.806831121444702, 1433.6477426497725, 0.5830520391464233, 0.0
7.603318691253662, 0.7021276354789734, 2.239819288448265, 0.9933313727378845, -192.12341672937046, 0.5830520391464233, 0.0
7.613299608230591, 0.7170212864875793, 1.1693035901467506, -1.2304601669311523, -213.26117337294085, 0.5830520391464233, 0.0
7.623286247253418, 0.7297872304916382, 1.6749405655655656, -3.1018593311309814, -199.3059502388782, 0.5830520391464233, 0.0
7.633299112319946, 0.7404255270957947, 1.6914486985089714, 1.6675384044647217, -206.2183922829582, 0.5830520391464233, 0.0
7.643326044082642, 0.7595744729042053, 1.766678764682592, -0.5884240865707397, -199.82002045311518, 0.5830801129341125, 0.0
7.653287172317505, 0.7723404169082642, 1.7352864920922997, -2.5002262592315674, -208.84900631745197, 0.5830801129341125, 0.0
7.663297653198242, 0.7872340679168701, 1.228203275529865, 1.8632171154022217, -112.23721451590303, 0.5830801129341125, 0.0
7.673297166824341, 0.800000011920929, 1.8229776658041672, 0.33490416407585144, -221.8504241429868, 0.5830801129341125, 0.0
7.683328151702881, 0.8148936033248901, 1.1607700312174818, -1.6163333654403687, -220.30299900033322, 0.583179235458374, 0.0
7.6932971477508545, 0.8319149017333984, 1.8539055467072918, 2.3045403957366943, -224.18606632586184, 0.583179235458374, 0.0
7.7032928466796875, 0.8468084931373596, 1.704788588894549, 0.32641884684562683, -200.04774894553458, 0.583179235458374, 0.0
7.713324308395386, 0.8574467897415161, 1.058286391935962, -1.3221935033798218, -201.1650336758985, 0.583179235458374, 0.0
7.723310947418213, 0.8638297915458679, 0.0, 2.904019832611084, 1674.2068543451653, 0.5829662680625916, 0.0
7.733293533325195, 0.8787233829498291, 1.1815954981794108, 0.3761667013168335, -227.2947997648135, 0.5829662680625916, 0.0
7.743295669555664, 0.8851063847541809, 0.6014692997236638, -1.7667189836502075, -234.35048168294122, 0.5829662680625916, 0.0
7.7533228397369385, 0.8914893865585327, 0.6009191300249141, 2.8564627170562744, 1582.3944751381216, 0.5829662680625916, 0.0
7.763293981552124, 0.8914893865585327, -0.49092309384970845, 0.4755038022994995, -178.50695919508104, 0.582814633846283, 0.0
7.773327112197876, 0.8872340321540833, -0.5569493852586906, -1.0069830417633057, -195.380249364676, 0.582814633846283, 0.0
7.783302545547485, 0.8680850863456726, -1.8908291546013136, -3.0128231048583984, -159.8308213495575, 0.582814633846283, 0.0
7.793286085128784, 0.8553191423416138, -1.2636823845935996, 1.3953871726989746, -223.5407871821665, 0.582814633846283, 0.0
7.803318023681641, 0.8468084931373596, -0.503867652871097, 0.49812397360801697, -78.66889246563424, 0.5821660161018372, 0.0
7.8133015632629395, 0.8297872543334961, -1.698730964467005, -1.5060358047485352, -185.99903125807285, 0.5821660161018372, 0.0
7.823320388793945, 0.8127659559249878, -1.202857527968729, 3.135043144226074, 1638.9262999147597, 0.5821660161018372, 0.0
7.833316802978516, 0.7978723645210266, -1.134791454730417, 1.0889900922775269, -191.74910645902477, 0.5821660161018372, 0.0
7.843291282653809, 0.7872340679168701, -1.15610830418448, -0.501384437084198, -182.92196505160166, 0.5829777121543884, 0.0
7.853291988372803, 0.7765957713127136, -1.727337247564359, -1.833659052848816, -190.53321020589644, 0.5829777121543884, 0.0
7.863283157348633, 0.76382976770401, -1.1325031725888326, 2.8593204021453857, 1455.7960046571482, 0.5829777121543884, 0.0
7.8732945919036865, 0.7553191781044006, 0.0, 1.1717020273208618, -65.32410089307265, 0.5829777121543884, 0.0
7.883333921432495, 0.7489361763000488, -0.5921305819122819, -0.1143946424126625, -173.43138872106334, 0.5830374360084534, 0.0
7.893298625946045, 0.73617023229599, -1.189628740918483, -2.0720551013946533, -171.799456337071, 0.5830374360084534, 0.0
7.903327226638794, 0.7255319356918335, -0.5925630810092961, 2.631695508956909, 1593.8455141640186, 0.5830374360084534, 0.0
7.91332221031189, 0.7170212864875793, -0.6268174474959612, 1.052461862564087, -71.7771364118896, 0.5830374360084534, 0.0
7.923280715942383, 0.7063829898834229, -1.1155, -0.7747769951820374, -155.64848160555866, 0.5829828381538391, 0.0
7.93330717086792, 0.6957446932792664, -1.8678573920323729, -1.9629813432693481, -165.8305544259184, 0.5829828381538391, 0.0
7.943324565887451, 0.6829787492752075, -1.829438294382944, 2.9040045738220215, 1639.7819662037355, 0.5829828381538391, 0.0
7.953331232070923, 0.6702127456665039, -1.2871024734982333, 1.4725861549377441, -95.82328776581055, 0.5829828381538391, 0.0
7.9632978439331055, 0.6574468016624451, -1.2625203367051, -0.08760552853345871, -165.13335367374572, 0.5826020240783691, 0.0
7.973290681838989, 0.651063859462738, -1.1634941329856585, -0.9055981636047363, -144.645560821485, 0.5826020240783691, 0.0
7.983315467834473, 0.6340425610542297, -1.2592958442108233, -2.4707300662994385, -150.28783309957925, 0.5826020240783691, 0.0
7.9933435916900635, 0.6212766170501709, -0.5657052297939779, 2.49287748336792, -69.85037225349555, 0.5826020240783691, 0.0
8.00331997871399, 0.6127659678459167, -1.1087091564169462, 1.455739140510559, -136.53594339622643, 0.5829004049301147, 0.0
8.013350248336792, 0.6021276712417603, -1.1065096094234346, -0.029895082116127014, -127.20668184047575, 0.5829004049301147, 0.0
8.023284435272217, 0.5872340202331543, -1.6623564110524682, -1.5060648918151855, -128.56527777777777, 0.5829004049301147, 0.0
8.033300876617432, 0.5765957236289978, -1.8259616696221526, -2.467677116394043, -130.84579376755383, 0.5829004049301147, 0.0
8.043290853500366, 0.563829779624939, -1.7122185981069327, 2.627377510070801, -128.7492879256966, 0.5830405354499817, 0.0
8.053280115127563, 0.5553191304206848, 0.0, 1.4860539436340332, -66.7763850923395, 0.5830405354499817, 0.0
8.063288688659668, 0.542553186416626, -1.1549860868439785, 0.15188094973564148, -122.94247607577631, 0.5830405354499817, 0.0
8.07328200340271, 0.5319148898124695, -1.192251169004676, -0.9551005363464355, -123.72741349131547, 0.5830405354499817, 0.0
8.08328628540039, 0.521276593208313, -1.796674719817462, -1.7975049018859863, -117.70984798413747, 0.582728922367096, 0.0
8.09330153465271, 0.5085106492042542, -2.006294964028777, -2.819838285446167, -129.3613313334762, 0.582728922367096, 0.0
8.103275537490845, 0.49787235260009766, -1.1694404403092649, 2.436591386795044, -107.55331374469475, 0.582728922367096, 0.0
8.113280773162842, 0.48723405599594116, -1.2557517765426018, 1.3166555166244507, -108.5336521176386, 0.582728922367096, 0.0
8.12328052520752, 0.48085105419158936, -1.1332142857142857, 0.7189669609069824, -104.76746072958588, 0.5827769637107849, 0.0
8.133306503295898, 0.47021275758743286, -1.17576581027668, -0.40511181950569153, -91.52487110608782, 0.5827769637107849, 0.0
8.143290281295776, 0.45957446098327637, -1.2122614276981594, -1.3257750272750854, -106.85589859793231, 0.5827769637107849, 0.0
8.153300762176514, 0.44680851697921753, -1.1620629598281138, -2.3952603340148926, -96.37551339722276, 0.5827769637107849, 0.0
8.163280963897705, 0.4382978677749634, -0.5866117793991981, 2.97092866897583, 1635.6480273990646, 0.582814633846283, 0.0
8.173280954360962, 0.43191489577293396, -0.6205409915861205, 2.501096248626709, -44.62346895677882, 0.582814633846283, 0.0
8.183325290679932, 0.4234042465686798, -0.5864190432382704, 1.4975605010986328, -90.01939492844589, 0.582814633846283, 0.0
8.193297624588013, 0.4127659499645233, -1.2407455683003128, 0.5507016777992249, -92.99730853093486, 0.582814633846283, 0.0
8.203321695327759, 0.40851062536239624, -1.1552184466019417, 0.09446488320827484, -77.1435996563574, 0.5829418301582336, 0.0
8.213303565979004, 0.39787232875823975, -1.2983287262675494, -0.7743295431137085, -81.1413019370102, 0.5829418301582336, 0.0
8.223321199417114, 0.389361709356308, -1.3004098360655738, -1.4823029041290283, -82.58358323453518, 0.5829418301582336, 0.0
8.23332142829895, 0.38085106015205383, -0.571473168545082, -2.1514170169830322, -73.31032686547728, 0.5829418301582336, 0.0
8.243295669555664, 0.37021276354789734, -1.1309165505005703, -2.939005136489868, -64.66545643153528, 0.582814633846283, 0.0
8.2532799243927, 0.36595743894577026, -0.609321657790523, 2.9480369091033936, -29.471785763082387, 0.582814633846283, 0.0
8.263320446014404, 0.3574468195438385, -0.5991674499798577, 2.217444658279419, -70.12688442211055, 0.582814633846283, 0.0
8.273319721221924, 0.3510638177394867, -0.5846901002424163, 1.6208720207214355, -66.09098911129948, 0.582814633846283, 0.0
8.283286809921265, 0.3446808457374573, -0.5930833388715359, 0.9483634829521179, -60.84302757874814, 0.5828313231468201, 0.0
8.293293237686157, 0.3404255211353302, -0.6283710040839319, 0.6158903241157532, -60.606498756218905, 0.5828313231468201, 0.0
8.303321599960327, 0.3340425491333008, -0.5907669138090825, -0.034532301127910614, -64.76755606242898, 0.5828313231468201, 0.0
8.313337802886963, 0.3297872245311737, -0.6531599941447706, -0.5115714073181152, -63.697626492325185, 0.5828313231468201, 0.0
8.323287963867188, 0.3234042525291443, -0.6205065359477124, -0.9469829797744751, -28.799843532684285, 0.5828723311424255, 0.0
8.33329153060913, 0.31702128052711487, -0.5831155253528489, -1.4525928497314453, -45.556128106450984, 0.5828723311424255, 0.0
8.343323707580566, 0.3127659559249878, 0.0, -1.8390229940414429, -45.58945405222109, 0.5828723311424255, 0.0
8.353289604187012, 0.3063829839229584, -0.5907195339908652, -2.063103437423706, -20.322212670281708, 0.5828723311424255, 0.0
8.363318681716919, 0.3021276593208313, -0.5419981779532341, -2.539705514907837, -35.94098581213307, 0.5829004049301147, 0.0
8.373304605484009, 0.2978723347187042, 0.0, -2.826730966567993, 2.6941246526399363, 0.5829004049301147, 0.0
8.383289813995361, 0.29361701011657715, -0.5845369096744613, -3.0857441425323486, -16.411255978510123, 0.5829004049301147, 0.0
8.39331579208374, 0.28936171531677246, -0.5593230962080853, 2.8526928424835205, -21.43690512741787, 0.5829004049301147, 0.0
8.403287410736084, 0.28723403811454773, 0.0, 2.6019957065582275, -23.462756523942236, 0.5828723311424255, 0.0
8.413288354873657, 0.2851063907146454, 0.0, 2.4086110591888428, -26.233791620512154, 0.5828723311424255, 0.0
8.423288345336914, 0.28297871351242065, 0.0, 2.212674617767334, -8.551520685537684, 0.5828723311424255, 0.0
8.433313608169556, 0.2808510661125183, 0.0, 1.9851340055465698, -21.141054324267635, 0.5828723311424255, 0.0
8.443295240402222, 0.27872341871261597, 0.0, 1.8306466341018677, -17.983846985671804, 0.582814633846283, 0.0
8.453306913375854, 0.27659574151039124, 0.0, 1.6882585287094116, -10.092972134221245, 0.582814633846283, 0.0
8.463289499282837, 0.27659574151039124, 0.0, 1.5998737812042236, -8.930462926637897, 0.582814633846283, 0.0
8.473320007324219, 0.2744680941104889, 0.0, 1.5863978862762451, -11.670467502850627, 0.582814633846283, 0.0
8.483283519744873, 0.2744680941104889, 0.0, 1.4626215696334839, -2.293673901535204, 0.5829004049301147, 0.0
8.49329400062561, 0.2744680941104889, 0.0, 1.4418253898620605, -2.772849915682968, 0.5829004049301147, 0.0
8.503327369689941, 0.2744680941104889, 0.0, 1.4224576950073242, -0.1314819868995633, 0.5829004049301147, 0.0
8.513333559036255, 0.2744680941104889, 0.0, 1.4380238056182861, 3.1603835496572845, 0.5829004049301147, 0.0
8.523293733596802, 0.2744680941104889, 0.0, 1.5584871768951416, 26.181934575251265, 0.5829004049301147, 0.0
8.533302307128906, 0.27659574151039124, 0.0, 1.652793526649475, 28.615747771541763, 0.5829004049301147, 0.0
8.543303728103638, 0.27659574151039124, 0.0, 1.6449341773986816, 5.2612029874633235, 0.5829004049301147, 0.0
8.553314447402954, 0.27872341871261597, 0.0, 1.7506723403930664, 3.702574794810696, 0.5829004049301147, 0.0
8.56330394744873, 0.2808510661125183, 0.0, 1.9406969547271729, 17.21035832580548, 0.5828723311424255, 0.0
8.57330322265625, 0.2851063907146454, 0.6119120268787712, 2.151224136352539, 19.645816186556928, 0.5828723311424255, 0.0
8.583480596542358, 0.2851063907146454, 0.0, 2.2777092456817627, 16.512969440960994, 0.5828723311424255, 0.0
8.593315124511719, 0.28936171531677246, 0.6295679012345679, 2.512014150619507, 33.09606899318091, 0.5828723311424255, 0.0
8.603337287902832, 0.29361701011657715, 0.6299590568967951, 2.78831148147583, 50.783855070451864, 0.5828723311424255, 0.0
8.61329460144043, 0.2957446873188019, 0.0, 2.9890828132629395, 17.876341974338832, 0.5828723311424255, 0.0
8.623286485671997, 0.30000001192092896, 0.575082162649826, -3.0665218830108643, 15.302274060076888, 0.5828723311424255, 0.0
8.63332200050354, 0.30425530672073364, 0.6037072114734137, -2.732785940170288, 6.56512984307735, 0.5828723311424255, 0.0
8.643290042877197, 0.3085106313228607, 0.5938643774539163, -2.30718731880188, 42.38038862437267, 0.5828723311424255, 0.0
8.653297662734985, 0.3127659559249878, 0.0, -1.934002161026001, 16.854550006258606, 0.5828723311424255, 0.0
8.663290023803711, 0.31702128052711487, 0.0, -1.5257056951522827, 28.38940708368665, 0.5828723311424255, 0.0
8.67330288887024, 0.32127660512924194, 0.5989345637583893, -1.2522448301315308, 39.74253974459213, 0.5828723311424255, 0.0
8.683313846588135, 0.32765957713127136, 0.5377847414728215, -0.7451862096786499, 53.151870737850956, 0.5828723311424255, 0.0
8.693300247192383, 0.33191490173339844, 0.5948623516864419, -0.31660139560699463, 49.988556107768765, 0.5828723311424255, 0.0
8.703269958496094, 0.3404255211353302, 0.5813302065012051, 0.23903439939022064, 59.68007573352221, 0.5828723311424255, 0.0
8.713300943374634, 0.34255319833755493, 0.5986533172335144, 0.5666375160217285, 52.53318717365109, 0.5828723311424255, 0.0
8.723320245742798, 0.34893617033958435, 0.0, 1.1350287199020386, 31.778559575174246, 0.5828723311424255, 0.0
8.733301401138306, 0.3574468195438385, 1.1338622069754145, 1.791801929473877, 62.790247776365945, 0.5828723311424255, 0.0
8.743293762207031, 0.3617021143436432, 0.5427893680433064, 2.3308446407318115, 58.17974635861376, 0.5828723311424255, 0.0
8.753314971923828, 0.368085116147995, 1.2167240439021065, 2.7683939933776855, 59.01806987016464, 0.5828723311424255, 0.0
8.763310194015503, 0.3744680881500244, 0.5643893878067291, -2.8678219318389893, 35.22119638391998, 0.582814633846283, 0.0
8.773316860198975, 0.38297873735427856, 1.1645651180999608, -2.0679538249969482, 66.68054581393866, 0.582814633846283, 0.0
8.783303022384644, 0.3914893567562103, 0.5398995704519329, -1.4277230501174927, 31.39460294384881, 0.582814633846283, 0.0
8.793291807174683, 0.39787232875823975, 0.5935089119446662, -0.9105625748634338, 61.94766413314113, 0.582814633846283, 0.0
8.80332326889038, 0.41063830256462097, 1.208976833976834, -0.033531952649354935, 89.58277657117944, 0.5828723311424255, 0.0
8.813287019729614, 0.4170212745666504, 0.0, 0.7456889748573303, 41.983417705088264, 0.5828723311424255, 0.0
8.823292016983032, 0.4234042465686798, 0.6305376951882993, 1.3706955909729004, 88.98864665320053, 0.5828723311424255, 0.0
8.833296298980713, 0.43191489577293396, 1.1759207405455263, 2.0863170623779297, 77.02676455096129, 0.5828723311424255, 0.0
8.843318700790405, 0.4404255449771881, 1.1666203673442708, 3.0297060012817383, 78.5134427945313, 0.5828723311424255, 0.0
8.853284358978271, 0.4489361643791199, 1.0493958725305739, -2.308434247970581, 94.2515272556391, 0.5828723311424255, 0.0
8.863281965255737, 0.457446813583374, 1.3106274783374945, -1.6341203451156616, 99.84032756923942, 0.5828723311424255, 0.0
8.873308897018433, 0.4680851101875305, 1.2924994568759505, -0.7637951374053955, 113.83565058633523, 0.5828723311424255, 0.0
8.883342981338501, 0.478723406791687, 0.5526038764010155, 0.3210473358631134, 86.99342682275778, 0.5827736258506775, 0.0
8.893290281295776, 0.48723405599594116, 1.2711434370771313, 1.2636148929595947, 103.48011603375528, 0.5827736258506775, 0.0
8.903325319290161, 0.4936170279979706, 1.1904305342493164, 1.9527990818023682, 98.87441130298274, 0.5827736258506775, 0.0
8.913304328918457, 0.5042552947998047, 1.8821709786276715, 2.906902551651001, 124.78038194444444, 0.5827736258506775, 0.0
8.923325300216675, 0.5148935914039612, 0.5794805194805195, -2.314140796661377, 52.71344840912018, 0.5829004049301147, 0.0
8.933293342590332, 0.5297872424125671, 1.7256832538352456, -1.1305009126663208, 102.18046236630572, 0.5829004049301147, 0.0
8.94330644607544, 0.5404255390167236, 0.5626024460975917, -0.10655942559242249, 54.253271304576536, 0.5829004049301147, 0.0
8.953305721282959, 0.5468084812164307, 1.1356579282260117, 0.7914398908615112, 120.69757909568337, 0.5829004049301147, 0.0
8.963307857513428, 0.5595744848251343, 1.129707576428888, 1.9928666353225708, 110.60775528623002, 0.5828723311424255, 0.0
8.973284006118774, 0.5723404288291931, 1.8247171483097055, 3.128247022628784, 143.15427636066022, 0.5828723311424255, 0.0
8.983312606811523, 0.5808510780334473, 1.2610930544760828, -2.193046808242798, 143.1493908806126, 0.5828723311424255, 0.0
8.993330001831055, 0.5914893746376038, 1.1987541137752704, -1.117415189743042, 114.59342997739061, 0.5828723311424255, 0.0
9.003321886062622, 0.6042553186416626, 1.0579100231165905, 0.38566794991493225, 129.14309571878155, 0.5827736258506775, 0.0
9.013303995132446, 0.6148936152458191, 1.2586741889985895, 1.5666909217834473, 127.18052100608071, 0.5827736258506775, 0.0
9.023284673690796, 0.6212766170501709, 0.5669430150562226, 2.5088064670562744, 130.5586912598579, 0.5827736258506775, 0.0
9.033321142196655, 0.6340425610542297, 1.7290267372771893, -2.475785732269287, 140.09214905697317, 0.5827736258506775, 0.0
9.04330825805664, 0.6489361524581909, 1.201804592283348, -1.0338435173034668, 123.27807792537978, 0.5828593969345093, 0.0
9.053285837173462, 0.6617021560668945, 1.1589020193493929, 0.3374292552471161, 152.10769563545472, 0.5828593969345093, 0.0
9.063285112380981, 0.6680850982666016, 0.5400302571860817, 1.3797099590301514, 127.5963194011229, 0.5828593969345093, 0.0
9.07329773902893, 0.6765957474708557, 0.6187768686728609, 2.65496563911438, 158.13924586922752, 0.5828593969345093, 0.0
9.083290338516235, 0.6914893388748169, 1.145277207392197, -1.916601538658142, 140.24511440940012, 0.582814633846283, 0.0
9.093286752700806, 0.7021276354789734, 1.2244785949506036, -0.8675444722175598, 148.3933950742927, 0.582814633846283, 0.0
9.10330867767334, 0.7127659320831299, 1.263575221238938, 0.6111162304878235, 167.79182294141606, 0.582814633846283, 0.0
9.113306999206543, 0.721276581287384, 0.5759277186189093, 1.9376193284988403, 70.87542384375423, 0.582814633846283, 0.0
9.12329387664795, 0.7340425252914429, 1.1045921524941205, -2.5420644283294678, -1520.7784522972713, 0.5828593969345093, 0.0
9.133289098739624, 0.7468085289001465, 1.876515735613654, -1.405159592628479, 164.68331053351574, 0.5828593969345093, 0.0
9.143314838409424, 0.757446825504303, 1.225420528664607, 0.08806132525205612, 180.32735213683924, 0.5828593969345093, 0.0
9.153339862823486, 0.7659574747085571, 0.6260434935110487, 1.5287293195724487, 78.45773909395973, 0.5828593969345093, 0.0
9.163290023803711, 0.778723418712616, 1.8283309431127501, -2.8784713745117188, -1585.6419131951432, 0.5827736258506775, 0.0
9.173292875289917, 0.7914893627166748, 1.646509840098401, -1.3537651300430298, 158.1482655843744, 0.5827736258506775, 0.0
9.183293581008911, 0.800000011920929, 1.2329545454545454, -0.1361020803451538, 180.3624965697036, 0.5827736258506775, 0.0
9.193334817886353, 0.8106383085250854, 1.1371209225280325, 1.4574851989746094, 193.672040946897, 0.5827736258506775, 0.0
9.20332384109497, 0.8212766051292419, 1.1844349326431747, -2.9484474658966064, -1520.1231076467177, 0.5828313231468201, 0.0
9.213287591934204, 0.8340425491333008, 1.271677947987175, -1.3858000040054321, 173.56515756157975, 0.5828313231468201, 0.0
9.223283767700195, 0.8446808457374573, 0.571611580835255, -0.09620153158903122, 178.9730964137214, 0.5828313231468201, 0.0
9.233320236206055, 0.8510638475418091, 0.5706771965724518, 1.5529552698135376, 159.42109100550144, 0.5828313231468201, 0.0
9.243342161178589, 0.8574467897415161, 0.6066621346023113, -2.9905648231506348, -1668.0590714476853, 0.5827736258506775, 0.0
9.25328540802002, 0.8702127933502197, 1.1635104302477184, -0.9399610757827759, 180.91528462572836, 0.5827736258506775, 0.0
9.263303279876709, 0.8787233829498291, 1.1281921618204804, 0.7951534986495972, 187.95053168968212, 0.5827736258506775, 0.0
9.273323774337769, 0.8829787373542786, 0.6240995873837332, 2.158921480178833, 180.04068836712915, 0.5827736258506775, 0.0
9.283318758010864, 0.8872340321540833, 0.593706340230191, -2.3655202388763428, 189.53514049586778, 0.5827322602272034, 0.0
9.293326616287231, 0.8893616795539856, 0.0, -0.7904278635978699, 84.49866532621508, 0.5827322602272034, 0.0
9.303279876708984, 0.8787233829498291, -1.1663235966803895, 0.8823227286338806, 150.99031216361678, 0.5827322602272034, 0.0
9.31328535079956, 0.8659574389457703, -1.229387656702025, 2.325606346130371, 153.52174669450244, 0.5827322602272034, 0.0
9.323362112045288, 0.8574467897415161, -1.2008511067752137, 3.073716402053833, 58.16024395147778, 0.5820803046226501, 0.0
9.33329463005066, 0.8446808457374573, -1.1670699012620154, -1.5458705425262451, 142.89252616841122, 0.5820803046226501, 0.0
9.343306541442871, 0.8319149017333984, -0.6237942122186495, -0.27864280343055725, 69.2297141974885, 0.5820803046226501, 0.0
9.35329294204712, 0.8170212507247925, -1.229472342770545, 1.3342809677124023, 168.58937763219467, 0.5820803046226501, 0.0
9.363281488418579, 0.806382954120636, -1.1989151608786188, 2.608107089996338, 148.3902881321781, 0.5826117396354675, 0.0
9.373280763626099, 0.7978723645210266, -1.2152243480629128, -2.602111339569092, -1622.2644934872105, 0.5826117396354675, 0.0
9.38330864906311, 0.7893617153167725, -0.6378386105353442, -1.330376148223877, 144.25159456461452, 0.5826117396354675, 0.0
9.393315553665161, 0.7808510661125183, -0.6295146726862303, -0.01739891618490219, 88.48698524866053, 0.5826117396354675, 0.0
9.403287649154663, 0.7723404169082642, -0.5817091454272864, 1.5445305109024048, 159.10689438112908, 0.5829945206642151, 0.0
9.413291931152344, 0.76382976770401, -0.6082504089422028, 2.8029375076293945, 144.9536225837853, 0.5829945206642151, 0.0
9.423312664031982, 0.757446825504303, -0.64713560551124, -2.3967788219451904, 175.1314492753623, 0.5829945206642151, 0.0
9.433341979980469, 0.7553191781044006, 0.0, -1.1661784648895264, 140.38853921704248, 0.5829945206642151, 0.0
9.443339109420776, 0.7510638236999512, -0.5559431846498879, 0.12386535108089447, 152.188049937619, 0.5830076932907104, 0.0
9.453296661376953, 0.742553174495697, -0.5778295778295778, 1.3566139936447144, 59.89858233369684, 0.5830076932907104, 0.0
9.46328091621399, 0.7340425252914429, -0.6118786424408639, 2.7375893592834473, 133.72720568517028, 0.5830076932907104, 0.0
9.473315477371216, 0.7297872304916382, -0.6091467576791809, -2.8048996925354004, 90.83615701038835, 0.5830076932907104, 0.0
9.483330726623535, 0.721276581287384, -1.2359428017450316, -1.5174700021743774, 107.75297598802803, 0.5827287435531616, 0.0
9.493295669555664, 0.714893639087677, -0.5874144286466562, -0.46610885858535767, 111.85264965652601, 0.5827287435531616, 0.0
9.50330376625061, 0.7021276354789734, -1.249352512949741, 0.7577280402183533, 99.11513541309564, 0.5827287435531616, 0.0
9.513291835784912, 0.6957446932792664, -1.0949693251533743, 1.393137812614441, 110.32238700564972, 0.5827287435531616, 0.0
9.523314237594604, 0.6829787492752075, -1.058286391935962, 2.511209726333618, 97.53818936066374, 0.5826134085655212, 0.0
9.533303499221802, 0.6765957474708557, 0.0, -2.731074094772339, 56.56058767167039, 0.5826134085655212, 0.0
9.54331088066101, 0.6702127456665039, -0.5749049797075307, -1.954002022743225, 99.66045971236576, 0.5826134085655212, 0.0
9.55330204963684, 0.6617021560668945, -0.6227494766224704, -0.9089406132698059, 103.43427657818732, 0.5826134085655212, 0.0
9.563289165496826, 0.6531915068626404, -1.1884405380210414, 0.011028069071471691, 101.18980727774337, 0.5830801129341125, 0.0
9.573288202285767, 0.6446808576583862, -0.5272673559822747, 1.1506502628326416, 112.67621308342068, 0.5830801129341125, 0.0
9.583294868469238, 0.6361702084541321, -1.1525248611649233, 1.955129861831665, 86.06264951186397, 0.5830801129341125, 0.0
9.59329342842102, 0.6319149136543274, -0.6015909397330457, 2.458530902862549, 47.73492074384135, 0.5830801129341125, 0.0
9.603293895721436, 0.6234042644500732, -1.3135119222843685, -2.8112597465515137, 96.20276530539519, 0.583031952381134, 0.0
9.61329960823059, 0.6170212626457214, -0.6247549705964716, -1.9396086931228638, 105.29584441489362, 0.583031952381134, 0.0
9.623299598693848, 0.6106383204460144, -0.5353329334133173, -1.2210707664489746, 38.166409099338566, 0.583031952381134, 0.0
9.63329029083252, 0.6042553186416626, -0.5723447922011288, -0.66416996717453, 88.34239130434783, 0.583031952381134, 0.0
9.643312215805054, 0.5978723168373108, -1.1710681713798308, 0.29201844334602356, 82.7576699729577, 0.5828264355659485, 0.0
9.653337955474854, 0.5914893746376038, -0.5706977041632026, 0.9622626304626465, 56.88912509448224, 0.5828264355659485, 0.0
9.663283824920654, 0.5829787254333496, -0.6117776102008637, 1.7993950843811035, 71.94718431807162, 0.5828264355659485, 0.0
9.6732816696167, 0.5744680762290955, -1.2332953289110005, 2.3657853603363037, 64.96530010718114, 0.5828264355659485, 0.0
9.683293581008911, 0.5702127814292908, -0.6001344989912576, 2.7524049282073975, 39.114401076716014, 0.5826992392539978, 0.0
9.693320989608765, 0.563829779624939, -0.6021592442645074, -2.7219645977020264, 74.87899271040425, 0.5826992392539978, 0.0
9.703316926956177, 0.5595744848251343, -0.6071161303490034, -2.0867249965667725, 66.53243978243978, 0.5826992392539978, 0.0
9.713296175003052, 0.5553191304206848, 0.0, -1.554565191268921, 27.66140784594366, 0.5826992392539978, 0.0
9.723273992538452, 0.5510638356208801, 0.0, -0.9440670609474182, 60.777122326203205, 0.582966148853302, 0.0
9.73328709602356, 0.5468084812164307, -0.5995868046224133, -0.637443482875824, 33.20396629675298, 0.582966148853302, 0.0
9.743322849273682, 0.542553186416626, -0.5758533909788991, -0.019448382779955864, 69.6510640456901, 0.582966148853302, 0.0
9.753321886062622, 0.5361701846122742, -0.5770611057225994, 0.4648400545120239, 29.582481643183172, 0.582966148853302, 0.0
9.763282537460327, 0.5297872424125671, -0.574555755858872, 1.0216729640960693, 48.63885139478082, 0.5830075144767761, 0.0
9.77332615852356, 0.5255318880081177, -0.6091638225255973, 1.3256841897964478, 41.721410866215585, 0.5830075144767761, 0.0
9.783326387405396, 0.521276593208313, -0.6037480549353901, 1.6807059049606323, 44.59259136212624, 0.5830075144767761, 0.0
9.793300867080688, 0.5170212984085083, 0.0, 1.9819755554199219, 17.74323284605162, 0.5830075144767761, 0.0
9.803281307220459, 0.5127659440040588, 0.0, 2.3474974632263184, 18.77707048604204, 0.5827983617782593, 0.0
9.813287496566772, 0.5106382966041565, 0.0, 2.532305955886841, -3.513167338375752, 0.5827983617782593, 0.0
9.823296785354614, 0.5085106492042542, 0.0, 2.9695913791656494, 33.263053009166995, 0.5827983617782593, 0.0
9.833334684371948, 0.5063830018043518, 0.0, -3.1394572257995605, -1506.4600901004967, 0.5827983617782593, 0.0
9.843319416046143, 0.5021276473999023, -0.6139662882696938, -2.7609827518463135, 34.24225649136681, 0.5827569365501404, 0.0
9.853314638137817, 0.5021276473999023, 0.0, -2.472409725189209, 17.637513676148796, 0.5827569365501404, 0.0
9.863292932510376, 0.5, 0.0, -2.311616897583008, 20.607923137667807, 0.5827569365501404, 0.0
9.87329649925232, 0.49787235260009766, 0.0, -2.039801836013794, 16.735211771013283, 0.5827569365501404, 0.0
9.883283138275146, 0.49787235260009766, 0.0, -1.857384204864502, 13.195036399735274, 0.582867443561554, 0.0
9.893291234970093, 0.4957446753978729, -0.6186568457538995, -1.7708858251571655, 17.816066634542576, 0.582867443561554, 0.0
9.903286218643188, 0.4957446753978729, 0.0, -1.657938003540039, 9.534589483708592, 0.582867443561554, 0.0
9.913285255432129, 0.4957446753978729, 0.0, -1.591304063796997, 6.058159897622415, 0.582867443561554, 0.0
9.923291683197021, 0.4957446753978729, 0.0, -1.5643558502197266, 1.4965413437520014, 0.582966148853302, 0.0
9.933287858963013, 0.4936170279979706, 0.0, -1.5368742942810059, 4.729004870343557, 0.582966148853302, 0.0
9.943285465240479, 0.4957446753978729, 0.5804605177572525, -1.5556422472000122, -4.358371960124452, 0.582966148853302, 0.0
9.953285932540894, 0.4936170279979706, 3.0618073714356866, -1.563276767730713, 85.69676776483776, 0.582966148853302, 0.0
9.963294267654419, 0.4818919003009796, 0.0, -1.9516963958740234, -5.166956317519962, 0.5828393697738647, 0.0
9.97329592704773, 0.4818919003009796, 0.0, -2.021127939224243, -33.8755548210407, 0.5828393697738647, 0.0
9.983296155929565, 0.4791891872882843, -0.527353926311872, -1.9507859945297241, 21.37226667907323, 0.5828393697738647, 0.0
9.993293285369873, 0.4791891872882843, 0.0, -2.243698835372925, -51.166567578279825, 0.5828393697738647, 0.0
10.003297567367554, 0.4791891872882843, 0.0, -2.3661949634552, -10.161726323639074, 0.5827983617782593, 0.0
10.01330852508545, 0.4791891872882843, 0.0, -2.572206497192383, -20.916051009364264, 0.5827983617782593, 0.0
10.023290634155273, 0.4791891872882843, 0.0, -2.7589263916015625, -34.03889051951864, 0.5827983617782593, 0.0
10.03328275680542, 0.4791891872882843, 0.0, -2.8684966564178467, -20.83277425203989, 0.5827983617782593, 0.0
10.043289422988892, 0.4818919003009796, 0.5072943703571109, 3.079685926437378, 1134.8478337910872, 0.582867443561554, 0.0
10.0532865524292, 0.4818919003009796, 0.0, 2.88740873336792, -29.944433899591914, 0.582867443561554, 0.0
10.063323020935059, 0.48459458351135254, 0.0, 2.5547702312469482, -46.643346983077606, 0.582867443561554, 0.0
10.073323488235474, 0.49000000953674316, 0.5225889728932325, 2.3381593227386475, -33.18730657098004, 0.582867443561554, 0.0
10.083287239074707, 0.4954054057598114, 0.526178982547345, 2.0956485271453857, -15.259684100323183, 0.582966148853302, 0.0
10.093320846557617, 0.503513514995575, 0.5609937150492403, 1.7727261781692505, -23.791057220448806, 0.582966148853302, 0.0
10.103285551071167, 0.5089189410209656, 0.5631955484896661, 1.5541404485702515, -5.747123354461238, 0.582966148853302, 0.0
10.11329960823059, 0.5143243074417114, 0.0, 1.0863897800445557, -53.65801609548784, 0.582966148853302, 0.0
10.12331509590149, 0.5224324464797974, 0.461413220449365, 0.8062680959701538, -32.77994148649209, 0.5828393697738647, 0.0
10.133427619934082, 0.5251351594924927, 0.0, 0.1738167703151703, -48.75944619896233, 0.5828393697738647, 0.0
10.143314599990845, 0.5305405259132385, 0.5658380752720376, -0.3859187364578247, -66.77247826305474, 0.5828393697738647, 0.0
10.153326034545898, 0.5332432389259338, 0.5440844732421406, -0.6956557631492615, -52.36931979551264, 0.5828393697738647, 0.0
10.163337469100952, 0.5332432389259338, 0.0, -1.1602668762207031, -54.85845920015199, 0.5827983617782593, 0.0
10.173320055007935, 0.5386486649513245, 0.5485338236717313, -1.6606227159500122, -52.30251266262787, 0.5827983617782593, 0.0
10.183310985565186, 0.5413513779640198, 0.5585061831797803, -2.254570484161377, -68.93312919794548, 0.5827983617782593, 0.0
10.193299055099487, 0.5494594573974609, 1.091311672683514, -2.7347397804260254, -56.84570041608877, 0.5827983617782593, 0.0
10.203307151794434, 0.5548648834228516, 0.5519524783328464, 2.809507369995117, 1212.4791408917702, 0.5828393697738647, 0.0
10.213292598724365, 0.5629729628562927, 1.1441133427533305, 2.358194351196289, -73.96250186743688, 0.5828393697738647, 0.0
10.223327398300171, 0.5710811018943787, 1.138152610441767, 1.7817411422729492, -58.5745017077025, 0.5828393697738647, 0.0
10.233314275741577, 0.5764864683151245, 0.5658380752720376, 1.278661847114563, -60.196914611378595, 0.5828393697738647, 0.0
10.243286848068237, 0.5818918943405151, 0.530115974560419, 0.5350490212440491, -98.11144578313252, 0.5829084515571594, 0.0
10.253328800201416, 0.5845946073532104, 0.5509599027946537, -0.1605626940727234, -93.66971026571233, 0.5829084515571594, 0.0
10.263445138931274, 0.5927026867866516, 1.1131063432835822, -0.9418594837188721, -103.67198616358372, 0.5829084515571594, 0.0
10.273338079452515, 0.6008108258247375, 1.162428219852338, -1.5371371507644653, -73.72789492224851, 0.5829084515571594, 0.0
10.283437967300415, 0.6089189052581787, 1.0675087108013936, -2.270568370819092, -84.61227081697686, 0.5828393697738647, 0.0
10.293316125869751, 0.6170270442962646, 1.084680891780691, -2.991821765899658, -92.02699640376373, 0.5828393697738647, 0.0
10.30328917503357, 0.61972975730896, 0.5637557191167695, 2.3585808277130127, -109.65594950441343, 0.5828393697738647, 0.0
10.313323736190796, 0.6251351237297058, 0.5624410816174646, 1.733263373374939, -70.35843373493977, 0.5828393697738647, 0.0
10.323313236236572, 0.6332432627677917, 1.0397615225865626, 0.9098026156425476, -103.35524093276405, 0.5827983617782593, 0.0
10.333325147628784, 0.6413513422012329, 1.0996216897856241, 0.0754866823554039, -127.43406484111051, 0.5827983617782593, 0.0
10.343304634094238, 0.6521621346473694, 1.6302852348993289, -0.7852866649627686, -106.51717566698015, 0.5827983617782593, 0.0
10.353298902511597, 0.65756756067276, 0.5139644541167936, -1.6333805322647095, -87.15600185744137, 0.5827983617782593, 0.0
10.36331844329834, 0.6629729866981506, 0.0, -2.3596627712249756, -42.6604492783086, 0.582867443561554, 0.0
10.373316764831543, 0.6683783531188965, 0.5903728972449351, 2.760404586791992, 1168.3705003509476, 0.582867443561554, 0.0
10.383314847946167, 0.6764864921569824, 1.0696862467563104, 1.9598196744918823, -51.471676827804714, 0.582867443561554, 0.0
10.393386840820312, 0.6872972846031189, 1.0642515138712858, 1.0234378576278687, -83.40760258572232, 0.582867443561554, 0.0
10.403335094451904, 0.6981081366539001, 1.0549532362384253, 0.1007249653339386, -70.12909585954371, 0.582867443561554, 0.0
10.413339614868164, 0.7062162160873413, 0.5555228854258552, -0.9090396165847778, -78.2327557401308, 0.582867443561554, 0.0
10.423294305801392, 0.7116216421127319, 0.5472891420846812, -1.8126975297927856, -65.3472772395361, 0.582867443561554, 0.0
10.433307409286499, 0.7170270085334778, 0.5485603677715944, -2.822443962097168, -67.119083089048, 0.582867443561554, 0.0
10.443300247192383, 0.7251351475715637, 1.0224587354559393, 2.1916656494140625, -150.1396071265418, 0.5828393697738647, 0.0
10.453283071517944, 0.7359459400177002, 0.49301961466533295, 1.3780591487884521, -57.85836489486744, 0.5828393697738647, 0.0
10.463284254074097, 0.7440540790557861, 0.7547270306258322, 0.27038952708244324, -103.55525867064907, 0.5828393697738647, 0.0
10.473289728164673, 0.7467567324638367, 0.5469601930036189, -0.5761942267417908, -170.13222294092282, 0.5828393697738647, 0.0
10.48329758644104, 0.7521621584892273, 0.45073558648111334, -1.5636996030807495, -53.90805098163395, 0.5827406644821167, 0.0
10.493311405181885, 0.7629729509353638, 1.1898058252427184, -2.8987059593200684, -163.4279858877244, 0.5827406644821167, 0.0
10.503327369689941, 0.773783802986145, 1.1095776440072431, 2.1673383712768555, -158.57289416846652, 0.5827406644821167, 0.0
10.51328182220459, 0.7818918824195862, 0.5221556886227545, 1.216435432434082, -70.7398662766402, 0.5827406644821167, 0.0
10.523292064666748, 0.7900000214576721, 0.5559042761867399, -0.05392973870038986, -94.66793608304732, 0.582867443561554, 0.0
10.533311128616333, 0.8008108139038086, 1.0917320749265662, -1.200421690940857, -66.95574015262834, 0.582867443561554, 0.0
10.543300151824951, 0.8116216063499451, 1.0322701816691708, -2.50581431388855, -124.22733685264403, 0.582867443561554, 0.0
10.5533127784729, 0.8170270323753357, 0.5260080738712821, 2.4170784950256348, 1110.672949270798, 0.582867443561554, 0.0
10.563310861587524, 0.8251351118087769, 1.0105527078225987, 1.2403353452682495, -129.26529794246014, 0.5828803777694702, 0.0
10.573328018188477, 0.8359459638595581, 1.0558375634517767, -0.0803096741437912, -175.18441867124858, 0.5828803777694702, 0.0
10.583465337753296, 0.8440540432929993, 1.0628545309643243, -1.3927074670791626, -163.33245243128965, 0.5828803777694702, 0.0
10.593286752700806, 0.8467567563056946, 0.0, -2.4921305179595947, -85.81575094554475, 0.5828803777694702, 0.0
10.603288412094116, 0.8521621823310852, 0.5231195200738348, 2.2304141521453857, -117.45862717442407, 0.5827406644821167, 0.0
10.613281965255737, 0.8629729747772217, 1.1527354077689649, 0.8610103130340576, -145.2597750954297, 0.5827406644821167, 0.0
10.623286485671997, 0.8737837672233582, 1.1355747558226896, -0.34526315331459045, -119.28140401910473, 0.5827406644821167, 0.0
10.633294105529785, 0.8764864802360535, 0.5370221232649581, -1.663940668106079, -55.39051590380139, 0.5827406644821167, 0.0
10.643283128738403, 0.8791891932487488, 0.5047644491940512, -2.378600597381592, -136.66002553113887, 0.5827983617782593, 0.0
10.653319835662842, 0.8845946192741394, 1.02909536562117, 2.3137104511260986, 1027.4829114502422, 0.5827983617782593, 0.0
10.663286209106445, 0.8872972726821899, 0.4797185780787135, 1.5272611379623413, -140.5516852017555, 0.5827983617782593, 0.0
10.673282861709595, 0.8845946192741394, -0.280296473962712, 0.6230998635292053, -93.85322468879154, 0.5827983617782593, 0.0
10.683312892913818, 0.8737837672233582, -1.102080497763951, -0.803005576133728, -145.4331432808967, 0.5823715925216675, 0.0
10.693286418914795, 0.8548648357391357, -1.018737362390474, -1.9707727432250977, -57.58062415806017, 0.5823715925216675, 0.0
10.703294277191162, 0.8440540432929993, -1.075828034544937, -2.9517781734466553, -92.47010388242616, 0.5823715925216675, 0.0
10.713314533233643, 0.8332432508468628, -1.103099304237824, 2.2654621601104736, -63.06796630565584, 0.5823715925216675, 0.0
10.723321437835693, 0.819729745388031, -1.5649417882287975, 1.2172303199768066, -84.20180598318092, 0.5825639367103577, 0.0
10.733289241790771, 0.8116216063499451, -1.0553952145982683, 0.20938806235790253, -129.110416571741, 0.5825639367103577, 0.0
10.74330759048462, 0.8035135269165039, -0.4922275293095962, -0.9797059297561646, -127.63458112453289, 0.5825639367103577, 0.0
10.753333330154419, 0.795405387878418, -0.5329572167371885, -1.7584850788116455, -59.17224914145928, 0.5825639367103577, 0.0
10.76331114768982, 0.7872973084449768, -0.5368695240350462, -2.92073917388916, -146.71551183760064, 0.5830391049385071, 0.0
10.773324489593506, 0.7791891694068909, -1.0935224038971687, 2.3186450004577637, -97.48692296698584, 0.5830391049385071, 0.0
10.783327102661133, 0.773783802986145, -0.5687336945615091, 1.3765370845794678, -85.13075425790754, 0.5830391049385071, 0.0
10.793312549591064, 0.7710810899734497, -0.5656968910624283, 0.7085506916046143, -69.4037377564221, 0.5830391049385071, 0.0
10.803317546844482, 0.7710810899734497, 0.0, -0.6739414930343628, -138.19238955776964, 0.5829499959945679, 0.0
10.813297510147095, 0.7683783769607544, -0.4869206649198918, -1.4987033605575562, -77.2162276615567, 0.5829499959945679, 0.0
10.823297500610352, 0.7629729509353638, -0.5464976136527986, -2.2713451385498047, -100.59946688439557, 0.5829499959945679, 0.0
10.833292722702026, 0.7602702975273132, -0.45128189816473585, -2.941452741622925, -114.22559538323986, 0.5829499959945679, 0.0
10.843305826187134, 0.7575675845146179, 0.0, 2.2271153926849365, -70.95415173915015, 0.5828558802604675, 0.0
10.853283882141113, 0.7548648715019226, 0.0, 1.50327467918396, -53.13640234670704, 0.5828558802604675, 0.0
10.86328911781311, 0.7521621584892273, -0.5469986489094769, 0.7659249305725098, -80.87727294420847, 0.5828558802604675, 0.0
10.873306274414062, 0.7467567324638367, -0.5862639635912288, -0.17643460631370544, -128.5868116892949, 0.5828558802604675, 0.0
10.883281230926514, 0.7386486530303955, -0.5149684277472403, -0.6980331540107727, -24.020403124438857, 0.5824837684631348, 0.0
10.893284320831299, 0.727837860584259, -1.0285704564014155, -1.5076748132705688, -48.91930744541386, 0.5824837684631348, 0.0
10.903281450271606, 0.7170270085334778, -1.06177117969372, -2.0617611408233643, -58.511978849843246, 0.5824837684631348, 0.0
10.913311243057251, 0.7116216421127319, -0.5415770866179351, -2.660817861557007, -55.15133194785566, 0.5824837684631348, 0.0
10.923324584960938, 0.7062162160873413, -0.5213631973508716, 2.846924304962158, 1147.8694295286612, 0.5829698443412781, 0.0
10.93332028388977, 0.703513503074646, 0.0, 2.0732040405273438, -67.82854810831573, 0.5829698443412781, 0.0
10.943330526351929, 0.7008107900619507, 0.0, 1.601346492767334, -58.077389796929175, 0.5829698443412781, 0.0
10.953327655792236, 0.6954054236412048, -0.5174837943942299, 1.2138912677764893, -51.90011073175233, 0.5829698443412781, 0.0
10.963289499282837, 0.6927027106285095, -0.5497841796401377, 0.671718955039978, -67.16431573353944, 0.583031952381134, 0.0
10.973334789276123, 0.6872972846031189, -0.5661206552137436, -0.1483585238456726, -106.44808257779955, 0.583031952381134, 0.0
10.983341217041016, 0.681891918182373, -0.5321698511806957, -0.8289598822593689, -73.58637873754152, 0.583031952381134, 0.0
10.993290424346924, 0.6791892051696777, -0.5138712601994561, -1.2747000455856323, -90.21876678603402, 0.583031952381134, 0.0
11.003326892852783, 0.6737837791442871, -0.5437712860363602, -1.4866482019424438, -13.4009539177068, 0.5828803777694702, 0.0
11.013314008712769, 0.6710810661315918, -0.5420033468802296, -1.8469868898391724, -27.564597668866732, 0.5828803777694702, 0.0
11.02332878112793, 0.665675699710846, -0.5663627279540345, -2.242161750793457, -60.13803469347526, 0.5828803777694702, 0.0
11.033288955688477, 0.6629729866981506, -0.5395525940028558, -2.4233014583587646, -9.886856496322837, 0.5828803777694702, 0.0
11.043324947357178, 0.6602702736854553, 0.0, -2.834836483001709, -54.74806555486134, 0.5826582312583923, 0.0
11.053298473358154, 0.65756756067276, 0.0, 2.8539438247680664, 1174.5911931818182, 0.5826582312583923, 0.0
11.063286066055298, 0.6548648476600647, 0.0, 2.3528025150299072, -56.07187961843343, 0.5826582312583923, 0.0
11.073327779769897, 0.6702127456665039, 0.0, -1.2405142784118652, 32.30761127205689, 0.5826582312583923, 0.0
11.083293437957764, 0.6494594812393188, -0.5442030724915986, 2.081230401992798, 38.44807945772924, 0.582867443561554, 0.0
11.093325853347778, 0.6494594812393188, 0.0, 1.544018268585205, -13.494748567791216, 0.582867443561554, 0.0
11.103285074234009, 0.6467567682266235, 0.0, 1.5191917419433594, 21.307731238251314, 0.582867443561554, 0.0
11.113280534744263, 0.6659574508666992, 6.4056268302886625, 0.06886543333530426, -353.62980538819664, 0.582867443561554, 0.0
11.123288869857788, 0.6638298034667969, 0.0, 0.17608091235160828, 13.001702776336273, 0.5830075144767761, 0.0
11.133298635482788, 0.6617021560668945, 0.0, 0.3068113625049591, 14.68775056795403, 0.5830075144767761, 0.0
11.143285274505615, 0.6617021560668945, 0.0, 0.3646204471588135, -26.989281595549826, 0.5830075144767761, 0.0
11.153294563293457, 0.6595744490623474, 0.0, 0.4101998209953308, 5.6603802672148, 0.5830075144767761, 0.0
11.163338661193848, 0.6595744490623474, 0.0, 0.4569910168647766, 3.203014598053593, 0.5828264355659485, 0.0
11.17328429222107, 0.6595744490623474, 0.0, 0.49361851811408997, 3.053045735313445, 0.5828264355659485, 0.0
11.183284044265747, 0.6595744490623474, 0.0, 0.5145689249038696, 2.680917605449306, 0.5828264355659485, 0.0
11.193289041519165, 0.6595744490623474, 0.0, 0.5071730613708496, -0.3767274922849859, 0.5828264355659485, 0.0
11.203282833099365, 0.6595744490623474, 0.0, 0.496302992105484, -1.33083000665336, 0.5827440023422241, 0.0
11.21332859992981, 0.6595744490623474, 0.0, 0.4733563959598541, 10.238489723227842, 0.5827440023422241, 0.0
11.223485469818115, 0.6574468016624451, 0.0, 0.41140568256378174, -4.431150550795594, 0.5827440023422241, 0.0
11.233290195465088, 0.6553191542625427, -0.608731241473397, 0.31825628876686096, -9.86985780870035, 0.5827440023422241, 0.0
11.24329423904419, 0.6553191542625427, 0.0, 0.2663951814174652, -7.256910026687, 0.5827159285545349, 0.0
11.253304481506348, 0.6531915068626404, -0.6130384007693893, 0.059265755116939545, -32.35501259381973, 0.5827159285545349, 0.0
11.263281106948853, 0.6531915068626404, 0.0, -0.10449247807264328, -41.01040658377837, 0.5827159285545349, 0.0
11.273279428482056, 0.651063859462738, 0.0, -0.31084495782852173, -34.56508404173107, 0.5827159285545349, 0.0
11.283315420150757, 0.651063859462738, 0.0, -0.5029971599578857, -49.43512413375496, 0.5827850103378296, 0.0
11.293322086334229, 0.651063859462738, 0.0, -0.801799476146698, -33.12463783112583, 0.5827850103378296, 0.0
11.303282737731934, 0.651063859462738, 0.0, -1.1474698781967163, -64.53437582042531, 0.5827850103378296, 0.0
11.313289642333984, 0.6531915068626404, 0.5901726076317704, -1.303918480873108, -27.56156982670744, 0.5827850103378296, 0.0
11.32332468032837, 0.6553191542625427, 0.5765230312035661, -1.5609294176101685, -22.251384773927604, 0.5827850103378296, 0.0
11.333306550979614, 0.6574468016624451, 0.0, -1.7212598323822021, -12.945497630331754, 0.5827850103378296, 0.0
11.343289136886597, 0.6617021560668945, 0.5974593291825668, -1.8146920204162598, -12.955657194758013, 0.5827850103378296, 0.0
11.353322505950928, 0.6659574508666992, 0.5526038764010155, -1.937891960144043, -16.59686061905062, 0.5827850103378296, 0.0
11.363279104232788, 0.6702127456665039, 0.6144735936101356, -2.0262272357940674, -11.158456652476518, 0.5827850103378296, 0.0
11.37327790260315, 0.6744681000709534, 0.0, -2.132244348526001, -6.624983326663999, 0.5827850103378296, 0.0
11.383276224136353, 0.6787233948707581, 0.5514087988136431, -2.344440460205078, -21.15972050457581, 0.5827850103378296, 0.0
11.393280506134033, 0.6764864921569824, 0.0, -2.7247426509857178, -36.3476199417895, 0.5827850103378296, 0.0
11.403285026550293, 0.6764864921569824, 0.0, -3.0535264015197754, -67.99561165622997, 0.5827159285545349, 0.0
11.413290977478027, 0.6791892051696777, 0.0, 2.595043182373047, -34.76275685773277, 0.5827159285545349, 0.0
11.423292636871338, 0.6791892051696777, 0.0, 2.237840414047241, -45.39137773062642, 0.5827159285545349, 0.0
11.433323621749878, 0.681891918182373, 0.5053044486047963, 2.1997127532958984, -7.2178642354215565, 0.5827159285545349, 0.0
11.443310737609863, 0.681891918182373, 0.0, 1.7376596927642822, -47.10119553917399, 0.5827440023422241, 0.0
11.45333456993103, 0.6845945715904236, 0.5085804657005698, 1.3102556467056274, -51.04535656959413, 0.5827440023422241, 0.0
11.463287353515625, 0.6872972846031189, 0.0, 0.8683912754058838, -74.10811178658923, 0.5827440023422241, 0.0
11.473283290863037, 0.6927027106285095, 0.5573528688726093, 0.5834680199623108, 0.4748419195137493, 0.5827440023422241, 0.0
11.483282804489136, 0.7008107900619507, 0.49296586214394433, -0.06795331835746765, -38.96497454310997, 0.5827850103378296, 0.0
11.493297338485718, 0.7089189291000366, 0.48675340289407015, -0.6193572282791138, -30.450555681560445, 0.5827850103378296, 0.0
11.503298044204712, 0.7170270085334778, 1.1285653840410175, -1.0961424112319946, -20.268996578099838, 0.5827850103378296, 0.0
11.513300895690918, 0.7224324345588684, 0.5248877158864658, -1.6559346914291382, -71.8109479746955, 0.5827850103378296, 0.0
11.52330732345581, 0.7251351475715637, 0.5415114168338588, -2.065948247909546, -50.41685707624155, 0.5827850103378296, 0.0
11.53331208229065, 0.7251351475715637, 0.0, -2.6335978507995605, -56.18937562940584, 0.5827850103378296, 0.0
11.543330907821655, 0.727837860584259, 0.5653583362425815, 2.938950300216675, 1212.387130954101, 0.5827850103378296, 0.0
11.553351879119873, 0.7305405139923096, 0.5644169488149771, 2.2780723571777344, -45.127356865061785, 0.5827850103378296, 0.0
11.563332319259644, 0.7359459400177002, 0.5212193664076509, 1.7254343032836914, -35.656991720331185, 0.5826582908630371, 0.0
11.573315620422363, 0.7440540790557861, 0.5738584590462691, 1.1858370304107666, -44.824422561352854, 0.5826582908630371, 0.0
11.583317279815674, 0.7521621584892273, 1.0387135199523525, 0.5774047374725342, -73.6118868437755, 0.5826582908630371, 0.0
11.593326330184937, 0.7575675845146179, 0.5355759236511386, -0.2322007566690445, -98.80591303412676, 0.5826582908630371, 0.0
11.603290319442749, 0.7629729509353638, 0.5483890474577912, -0.8771843314170837, -63.08120858542207, 0.5827440023422241, 0.0
11.613313674926758, 0.7656756639480591, 0.5154132945348732, -1.6129170656204224, -68.51662286162217, 0.5827440023422241, 0.0
11.62332034111023, 0.7683783769607544, 0.0, -2.1636033058166504, -40.81072230110384, 0.5827440023422241, 0.0
11.633290529251099, 0.773783802986145, 0.5315327987996437, -3.026792287826538, -81.17098718193992, 0.5827440023422241, 0.0
11.643282890319824, 0.7791891694068909, 0.49825282405169, 2.3695521354675293, -63.702690838856945, 0.5826992988586426, 0.0
11.65329647064209, 0.7845945954322815, 0.5511474134577985, 1.7380517721176147, -31.135053507728895, 0.5826992988586426, 0.0
11.66329050064087, 0.7900000214576721, 0.5361838993472708, 0.884031355381012, -77.49152721136268, 0.5826992988586426, 0.0
11.673293113708496, 0.795405387878418, 0.5476063958262886, 0.18608775734901428, -63.261032075745135, 0.5826992988586426, 0.0
11.683291673660278, 0.8008108139038086, 0.5501310297971465, -0.7633455395698547, -89.40912674945791, 0.5828016996383667, 0.0
11.69329285621643, 0.8089188933372498, 1.059526591270212, -1.5410445928573608, -91.42253356411096, 0.5828016996383667, 0.0
11.703304052352905, 0.8143243193626404, 0.5370475649043017, -2.1929218769073486, -64.94554597701149, 0.5828016996383667, 0.0
11.713292121887207, 0.8224324584007263, 0.5495443087066124, -2.9374303817749023, -52.73615384615385, 0.5828016996383667, 0.0
11.723283767700195, 0.8278378248214722, 0.0, 2.284184455871582, -78.17254545454546, 0.5827569365501404, 0.0
11.733284950256348, 0.8332432508468628, 0.518572735590119, 1.510791540145874, -77.09283434179808, 0.5827569365501404, 0.0
11.743285417556763, 0.8359459638595581, 0.5319817917311934, 0.7739856839179993, -57.415232318608375, 0.5827569365501404, 0.0
11.75332260131836, 0.8440540432929993, 0.5722940226171244, -0.2523939311504364, -94.30561521939245, 0.5827569365501404, 0.0
11.76328444480896, 0.8521621823310852, 0.9784644598852014, -1.1700443029403687, -70.14241926169429, 0.5827159285545349, 0.0
11.77333378791809, 0.857567548751831, 0.5719763862959786, -2.1177403926849365, -80.14039958356055, 0.5827159285545349, 0.0
11.783295392990112, 0.8602702617645264, 0.0, -3.0202322006225586, -61.53611468480059, 0.5827159285545349, 0.0
11.793306112289429, 0.8629729747772217, 0.0, 2.09377384185791, -86.9859973328253, 0.5827159285545349, 0.0
11.803284645080566, 0.8683784008026123, 0.5763970102201658, 1.2626413106918335, -80.57022067939499, 0.5827159285545349, 0.0
